1:ItNr	2:Metric	3a:Time	3b:StepSize	4:||Gradient||	Time[ms]
0	-0.024607	0.000000	20.808843	0.004264	541.7
1	-0.026963	0.000000	20.808843	0.005107	11.0
2	-0.023287	0.000000	20.808843	0.003895	9.7
3	-0.030548	0.000000	20.808843	0.004551	9.6
4	-0.025424	0.952300	19.906147	0.004129	9.6
5	-0.024971	0.161476	20.650057	0.003401	10.1
6	-0.024936	1.099303	19.773732	0.004700	10.0
7	-0.028998	2.083597	18.930572	0.003137	9.2
8	-0.031114	1.375670	19.529502	0.004187	9.2
9	-0.027809	0.733139	20.106883	0.004310	9.1
10	-0.030309	0.017110	20.791902	0.005528	9.2
11	-0.029925	0.000000	20.808843	0.003415	10.0
12	-0.033194	0.000000	20.808843	0.004705	9.4
13	-0.027409	0.803734	20.041782	0.004142	9.2
14	-0.029586	0.121965	20.688686	0.005414	9.3
15	-0.030477	0.000000	20.808843	0.004478	9.6
16	-0.024609	0.999986	19.862999	0.004657	9.1
17	-0.025185	0.202205	20.610389	0.005602	10.0
18	-0.032182	0.968615	19.891363	0.005859	9.3
19	-0.023884	1.968609	19.025345	0.005914	9.4
20	-0.031095	1.170795	19.709970	0.007686	9.3
21	-0.024287	2.170795	18.859331	0.003008	9.3
22	-0.020877	2.603943	18.513250	0.002711	9.4
23	-0.027907	2.171467	18.858785	0.005393	9.9
24	-0.026063	1.375106	19.529995	0.004426	9.1
25	-0.022388	0.580616	20.248991	0.005742	9.2
26	-0.022449	0.000000	20.808843	0.003246	9.3
27	-0.029389	0.000000	20.808843	0.005002	9.2
28	-0.027256	0.000000	20.808843	0.003917	10.0
29	-0.027037	0.000000	20.808843	0.006543	9.5
30	-0.026135	0.000000	20.808843	0.002933	9.1
31	-0.031112	0.108063	20.702312	0.004700	10.1
32	-0.030351	0.019725	20.789316	0.003001	9.3
33	-0.030676	0.953139	19.905386	0.003193	8.9
34	-0.029432	0.170945	20.640822	0.006442	9.6
35	-0.027862	1.170795	19.709970	0.007147	11.4
36	-0.031704	0.372981	20.445707	0.004566	9.1
37	-0.029107	1.312856	19.584480	0.003055	9.3
38	-0.030447	2.177484	18.853888	0.006788	9.1
39	-0.028931	3.029619	18.185294	0.002840	9.3
40	-0.024681	2.313092	18.744219	0.003507	10.0
41	-0.027610	3.002581	18.205779	0.006167	9.2
42	-0.033403	4.002580	17.477624	0.005454	9.1
43	-0.029476	5.002017	16.805838	0.004692	9.2
44	-0.032017	4.308981	17.266033	0.003233	9.2
45	-0.023989	5.113433	16.734134	0.003079	9.3
46	-0.032288	6.100676	16.124531	0.002766	9.8
47	-0.029483	5.658310	16.392100	0.004564	9.1
48	-0.030137	5.063509	16.766188	0.004358	9.2
49	-0.025690	6.063151	16.146889	0.003686	9.1
50	-0.030259	5.298744	16.616219	0.004001	9.2
51	-0.027181	4.502018	17.135338	0.004235	10.2
52	-0.028260	3.704317	17.688637	0.006159	9.5
53	-0.030555	3.740941	17.662453	0.005603	9.3
54	-0.032235	3.029427	18.185440	0.004595	9.8
55	-0.034598	2.254164	18.791718	0.005460	9.4
56	-0.024536	3.253620	18.017339	0.003715	9.1
57	-0.029059	3.996729	17.481715	0.002829	10.8
58	-0.031128	4.889017	16.879193	0.008780	9.3
59	-0.025154	5.888915	16.251518	0.003532	9.2
60	-0.033040	6.888915	15.668795	0.002810	9.8
61	-0.025730	6.943870	15.637981	0.009109	9.1
62	-0.029736	7.943868	15.097695	0.003474	10.1
63	-0.026255	8.943868	14.593495	0.004200	9.6
64	-0.027567	9.940897	14.123240	0.004549	9.2
65	-0.024588	9.728782	14.220730	0.003977	9.2
66	-0.025656	8.931053	14.599744	0.005408	9.5
67	-0.032951	8.163983	14.983745	0.004809	9.2
68	-0.024803	7.716489	15.217240	0.005468	11.8
69	-0.029145	8.715495	14.705651	0.006640	9.2
70	-0.030167	9.489253	14.332450	0.006275	9.1
71	-0.029272	8.723346	14.701767	0.005839	9.2
72	-0.033592	9.723287	14.223273	0.005755	9.4
73	-0.023417	10.717399	13.777476	0.006124	9.7
74	-0.025635	11.710674	13.359116	0.003608	10.5
75	-0.029736	10.988237	13.660825	0.003461	9.1
76	-0.032952	10.242909	13.986716	0.007034	9.3
77	-0.032862	9.445096	14.353237	0.007136	9.7
78	-0.027377	8.647283	14.739486	0.005077	9.6
79	-0.033068	9.645431	14.259408	0.009023	9.8
80	-0.027695	10.540743	13.854642	0.003792	9.5
81	-0.028300	11.446734	13.467787	0.008754	9.4
82	-0.029685	10.648921	13.807286	0.003697	9.3
83	-0.030988	9.876708	14.152600	0.003499	9.1
84	-0.032834	9.953033	14.117702	0.004784	9.3
85	-0.026560	9.184397	14.477205	0.004431	9.9
86	-0.028962	10.184133	14.013078	0.004977	9.2
87	-0.032670	9.598018	14.281503	0.003494	9.1
88	-0.020468	9.058719	14.537735	0.002181	9.3
89	-0.028155	9.505655	14.324744	0.002754	9.3
90	-0.030173	10.274162	13.972739	0.005541	9.4
91	-0.037087	9.621741	14.270439	0.004921	9.9
92	-0.034583	8.823939	14.652179	0.003491	9.1
93	-0.028156	9.823202	14.177167	0.003605	9.2
94	-0.026432	10.808943	13.737825	0.006076	9.2
95	-0.032113	10.011254	14.091197	0.003097	9.2
96	-0.029352	9.220840	14.459747	0.006240	10.0
97	-0.029827	8.466661	14.829834	0.005909	9.4
98	-0.028427	9.430234	14.360248	0.005103	9.2
99	-0.028311	10.430234	13.903355	0.003371	9.1
100	-0.027530	9.828014	14.174955	0.008036	9.3
101	-0.028006	9.030289	14.551498	0.004299	9.1
102	-0.029655	10.010959	14.091331	0.005379	10.0
103	-0.029320	9.361771	14.392629	0.002782	9.7
104	-0.025953	10.027841	14.083665	0.007087	9.3
105	-0.026839	10.986465	13.661582	0.006985	9.1
106	-0.030449	10.188651	14.011048	0.004221	9.5
107	-0.033828	9.390838	14.378863	0.005499	9.2
108	-0.030018	8.593051	14.766497	0.005072	11.1
109	-0.034017	9.593051	14.283822	0.003117	10.1
110	-0.028279	8.800345	14.663780	0.003522	9.3
111	-0.030394	9.736367	14.217220	0.004350	9.2
112	-0.021159	9.068519	14.532997	0.003791	9.6
113	-0.027628	10.009000	14.092222	0.003903	10.3
114	-0.031900	10.926012	13.687450	0.003110	9.7
115	-0.028245	11.869686	13.294490	0.004788	9.2
116	-0.037180	11.079008	13.622170	0.007580	9.2
117	-0.029330	12.079008	13.210363	0.002918	9.5
118	-0.026803	13.063652	12.828504	0.002748	9.1
119	-0.026737	12.769908	12.940091	0.002358	10.2
120	-0.026997	12.087471	13.206984	0.002810	9.3
121	-0.028121	12.807860	12.925565	0.003503	9.6
122	-0.026746	12.104633	13.200137	0.002839	9.3
123	-0.033324	11.482728	13.452863	0.004651	9.1
124	-0.034509	10.685477	13.791356	0.007450	9.9
125	-0.023640	11.685477	13.369415	0.003325	9.3
126	-0.026389	10.937953	13.682333	0.004296	9.1
127	-0.027420	11.550087	13.425024	0.002858	9.2
128	-0.022202	10.764718	13.756952	0.005483	9.1
129	-0.023183	9.967277	14.111208	0.003468	10.0
130	-0.026084	10.850944	13.719709	0.006352	12.1
131	-0.023535	11.821052	13.314189	0.002756	9.4
132	-0.026383	12.762932	12.942765	0.002349	9.2
133	-0.030807	11.985855	13.247669	0.005147	9.2
134	-0.025131	11.208212	13.567524	0.003816	9.3
135	-0.024692	11.909793	13.278288	0.005329	10.5
136	-0.028845	12.625636	12.995611	0.004781	9.7
137	-0.035768	13.561165	12.643836	0.005926	9.2
138	-0.029703	14.561165	12.288284	0.004135	9.3
139	-0.032860	13.763650	12.570191	0.006177	9.1
140	-0.026451	12.978084	12.860810	0.002274	9.1
141	-0.031876	13.915512	12.515517	0.005955	11.8
142	-0.021908	13.381175	12.710028	0.001867	9.2
143	-0.027911	12.784907	12.934347	0.004102	9.2
144	-0.027152	13.268791	12.751711	0.002582	9.2
145	-0.028284	14.174507	12.423364	0.004376	9.2
146	-0.028165	13.596113	12.631064	0.002089	9.3
147	-0.029722	14.482792	12.315426	0.004417	10.0
148	-0.029455	13.720672	12.585750	0.004854	9.2
149	-0.030840	12.923054	12.881673	0.004120	9.2
150	-0.030590	12.125335	13.191888	0.005570	9.5
151	-0.026632	11.493502	13.448402	0.003172	9.2
152	-0.031483	10.718848	13.776846	0.011011	10.2
153	-0.027315	9.946188	14.120825	0.003806	10.2
154	-0.024838	9.173963	14.482211	0.003879	9.9
155	-0.030992	8.376965	14.875114	0.003342	9.4
156	-0.027173	9.312069	14.416228	0.003815	9.1
157	-0.027527	10.295853	13.963054	0.004084	9.2
158	-0.026947	9.510906	14.322279	0.004102	10.8
159	-0.028315	8.724031	14.701428	0.005080	9.1
160	-0.041377	9.723642	14.223109	0.006265	9.3
161	-0.029193	8.925828	14.602293	0.007097	9.1
162	-0.034426	9.920074	14.132751	0.005745	9.2
163	-0.028105	10.918742	13.690568	0.003371	9.2
164	-0.028111	10.122344	14.040899	0.004940	9.9
165	-0.033129	9.623032	14.269838	0.005309	9.2
166	-0.033072	8.825218	14.651551	0.003953	9.1
167	-0.031921	9.635347	14.264101	0.006609	9.3
168	-0.029568	10.627177	13.816778	0.004497	9.1
169	-0.032368	11.627173	13.393305	0.003788	9.9
170	-0.028740	12.533279	13.031404	0.004985	9.6
171	-0.022722	12.033468	13.228575	0.003413	9.7
172	-0.025408	11.434525	13.472856	0.002355	9.3
173	-0.032549	11.156338	13.589411	0.004097	9.3
174	-0.023236	10.482050	13.880471	0.004098	9.1
175	-0.027748	9.689633	14.238870	0.006714	10.9
176	-0.033771	10.687068	13.790664	0.005071	9.3
177	-0.031929	9.889287	14.146837	0.005138	9.6
178	-0.029397	9.091629	14.521836	0.004354	9.5
179	-0.025875	8.957854	14.586682	0.004772	9.2
180	-0.038545	8.184552	14.973185	0.005061	9.3
181	-0.026648	7.611674	15.272986	0.005595	9.9
182	-0.024479	8.611674	14.757210	0.004766	9.3
183	-0.029607	9.607026	14.277300	0.003861	9.1
184	-0.034732	8.818020	14.655088	0.005509	9.7
185	-0.033590	9.809267	14.183580	0.004009	9.7
186	-0.033228	10.809159	13.737732	0.008440	11.3
187	-0.025876	10.011347	14.091155	0.002123	9.3
188	-0.024781	9.496343	14.329118	0.005075	9.1
189	-0.033184	8.859048	14.634951	0.004734	9.6
190	-0.028343	8.061241	15.036719	0.003702	9.2
191	-0.030571	9.035031	14.549201	0.003916	9.5
192	-0.029335	9.847702	14.165908	0.006754	10.0
193	-0.030156	10.847699	13.721107	0.004183	9.3
194	-0.025688	10.049885	14.073665	0.004658	9.6
195	-0.033458	10.177625	14.016003	0.003268	9.1
196	-0.023519	11.076918	13.623058	0.001990	9.2
197	-0.032401	11.831127	13.310104	0.005923	10.0
198	-0.030794	11.242798	13.552971	0.003665	9.3
199	-0.029638	10.472545	13.884664	0.004719	9.2
200	-0.028318	9.757896	14.207269	0.004487	9.1
201	-0.031092	10.731062	13.771543	0.002794	9.2
202	-0.028799	11.597215	13.405615	0.005046	9.1
203	-0.029524	11.300155	13.528904	0.005416	9.5
204	-0.030347	12.300151	13.122634	0.004312	9.9
205	-0.033990	13.299180	12.740413	0.005049	9.4
206	-0.034839	13.833270	12.545067	0.006714	9.6
207	-0.022389	14.771431	12.216053	0.005344	9.7
208	-0.028111	15.771416	11.883842	0.004630	9.7
209	-0.022977	14.974081	12.147237	0.006202	10.8
210	-0.029740	14.176323	12.422722	0.003446	9.5
211	-0.028060	13.385446	12.708449	0.004563	9.2
212	-0.028162	13.318810	12.733125	0.004585	9.5
213	-0.030424	12.679923	12.974664	0.003673	9.3
214	-0.035300	13.678470	12.601066	0.012488	10.2
215	-0.028943	12.880656	12.897793	0.007689	9.6
216	-0.027491	12.082843	13.208832	0.004349	9.2
217	-0.027085	13.082803	12.821296	0.004121	9.2
218	-0.029753	14.008386	12.482315	0.003631	9.2
219	-0.024780	13.948976	12.503534	0.003267	9.0
220	-0.030930	14.943549	12.157556	0.005144	9.8
221	-0.029937	14.780854	12.212836	0.002610	10.3
222	-0.028902	15.695543	11.908413	0.003813	9.1
223	-0.031445	16.406670	11.682026	0.008363	9.2
224	-0.024104	15.608858	11.936611	0.002511	9.3
225	-0.029665	15.113953	12.100190	0.003561	9.2
226	-0.029837	15.908015	11.839859	0.007493	11.2
227	-0.030268	16.907817	11.527588	0.007650	9.3
228	-0.035253	17.899532	11.233701	0.003303	9.1
229	-0.033518	18.899174	10.952249	0.004077	9.3
230	-0.025362	19.896497	10.685162	0.004278	9.1
231	-0.028878	20.892678	10.431076	0.003747	9.5
232	-0.030106	20.414230	10.551583	0.004212	10.4
233	-0.030978	19.879892	10.689502	0.004448	9.1
234	-0.032800	20.867535	10.437340	0.005180	9.3
235	-0.029989	20.367452	10.563515	0.004312	9.3
236	-0.030173	20.631350	10.496554	0.005848	9.2
237	-0.032113	20.026087	10.651411	0.008210	10.2
238	-0.029487	21.026066	10.397968	0.004084	9.6
239	-0.028606	20.228257	10.599180	0.007163	9.3
240	-0.028754	19.430444	10.808333	0.003881	9.7
241	-0.029017	18.632655	11.025900	0.005181	9.8
242	-0.032636	17.882854	11.238519	0.004940	9.2
243	-0.034589	17.085042	11.473946	0.004304	11.3
244	-0.032268	17.644099	11.307954	0.005641	9.4
245	-0.025383	18.186034	11.151567	0.004311	9.3
246	-0.029290	17.409036	11.377159	0.003272	9.9
247	-0.035266	16.855133	11.543631	0.003609	9.2
248	-0.032606	16.111823	11.774838	0.006189	11.0
249	-0.026985	17.049999	11.484513	0.003288	9.4
250	-0.034480	18.033655	11.195101	0.004609	9.2
251	-0.026356	17.269301	11.418701	0.002054	9.2
252	-0.027594	17.608919	11.318258	0.004142	9.6
253	-0.025991	17.386629	11.383800	0.003586	11.7
254	-0.032385	16.945199	11.516232	0.003017	9.2
255	-0.027557	17.325469	11.401966	0.004677	9.3
256	-0.029779	18.318895	11.113886	0.003664	9.3
257	-0.030717	17.808962	11.259917	0.003708	9.2
258	-0.036823	17.261552	11.421014	0.008923	10.1
259	-0.031925	16.504356	11.651599	0.004052	9.7
260	-0.022868	17.428660	11.371349	0.003305	9.1
261	-0.032228	16.723503	11.583911	0.007134	9.2
262	-0.031650	15.925723	11.834181	0.007087	9.2
263	-0.019421	15.127917	12.095513	0.003614	9.6
264	-0.029398	16.124160	11.770925	0.004581	11.3
265	-0.031299	15.328826	12.028622	0.004748	9.7
266	-0.031777	14.808449	12.203424	0.004518	9.1
267	-0.030679	14.105185	12.447896	0.004575	9.1
268	-0.026427	13.307373	12.737370	0.002727	9.3
269	-0.033725	14.285164	12.384403	0.006039	11.9
270	-0.031080	13.506345	12.663923	0.003392	9.8
271	-0.027792	14.460417	12.323197	0.008270	9.8
272	-0.028654	15.460357	11.985228	0.003498	9.8
273	-0.032918	14.662543	12.253352	0.003567	9.1
274	-0.028546	14.976517	12.146415	0.003820	12.7
275	-0.021701	14.380079	12.351179	0.001979	9.2
276	-0.025883	13.890310	12.524558	0.002385	9.1
277	-0.026364	13.257121	12.756054	0.003541	9.2
278	-0.023954	14.142206	12.434783	0.004262	9.2
279	-0.031622	15.140921	12.091161	0.005367	10.9
280	-0.035164	16.132710	11.768214	0.004775	9.4
281	-0.031052	17.132705	11.459604	0.005107	9.0
282	-0.034684	17.814793	11.258226	0.006156	9.3
283	-0.023211	18.720313	11.001567	0.003620	9.1
284	-0.033216	17.992507	11.206915	0.004539	9.2
285	-0.029958	18.991853	10.926868	0.005116	10.3
286	-0.033150	19.232843	10.861417	0.007369	9.3
287	-0.031743	18.777715	10.985691	0.004120	9.3
288	-0.027658	17.979901	11.210539	0.005497	9.7
289	-0.022524	18.088572	11.179372	0.003969	9.3
290	-0.025050	18.844632	10.967241	0.003943	12.3
291	-0.031259	18.094864	11.177573	0.004449	9.4
292	-0.035508	18.490734	11.065525	0.005107	9.2
293	-0.026738	18.750620	10.993179	0.003356	9.3
294	-0.030654	17.953716	11.218075	0.002680	9.4
295	-0.026866	17.251233	11.424095	0.003355	10.6
296	-0.027367	18.179167	11.153522	0.003711	10.4
297	-0.025737	17.382999	11.384876	0.004918	9.2
298	-0.027898	18.330704	11.110549	0.005911	10.0
299	-0.025105	19.325880	10.836359	0.002618	9.4
300	-0.038854	18.528546	11.054940	0.003889	9.2
301	-0.029724	17.777864	11.268947	0.002800	10.3
302	-0.024478	18.620486	11.029287	0.004077	9.4
303	-0.032445	19.458261	10.800902	0.002950	9.4
304	-0.027949	19.396842	10.817323	0.005336	9.4
305	-0.030396	20.389305	10.557937	0.002610	9.3
306	-0.026868	19.755497	10.722129	0.005037	12.3
307	-0.028848	19.821379	10.704825	0.007878	9.7
308	-0.026103	20.818727	10.449522	0.004095	9.2
309	-0.034174	21.801841	10.209507	0.004504	9.5
310	-0.027658	22.799371	9.976986	0.004883	9.3
311	-0.031443	22.015674	10.158755	0.003928	10.0
312	-0.028716	21.218337	10.350614	0.004313	9.8
313	-0.030846	20.431220	10.547256	0.005029	9.1
314	-0.030284	19.633580	10.754300	0.005503	9.3
315	-0.027079	20.086016	10.635874	0.004048	10.1
316	-0.023376	19.759226	10.721148	0.003772	9.3
317	-0.028179	19.182944	10.874905	0.005284	11.0
318	-0.031699	20.166239	10.615147	0.005503	9.1
319	-0.032527	19.368703	10.824863	0.003275	9.3
320	-0.027041	18.669981	11.015526	0.005633	9.1
321	-0.031182	17.944369	11.220767	0.002587	9.3
322	-0.029199	18.789095	10.982549	0.005869	10.3
323	-0.029649	19.040977	10.913462	0.004865	9.5
324	-0.029598	20.040977	10.647546	0.004584	9.2
325	-0.027235	21.040243	10.394462	0.004154	9.1
326	-0.026092	20.262550	10.590371	0.005157	9.5
327	-0.031939	19.465324	10.799016	0.007486	9.3
328	-0.027255	18.667511	11.016212	0.003897	11.2
329	-0.026234	17.902552	11.232829	0.002958	9.4
330	-0.024486	18.427168	11.083365	0.005105	9.5
331	-0.028932	19.167153	10.879180	0.003429	10.9
332	-0.028025	18.844341	10.967322	0.005388	9.2
333	-0.035721	19.843336	10.699070	0.004449	9.5
334	-0.031101	20.819026	10.449447	0.005587	9.8
335	-0.022608	20.023426	10.652101	0.002991	9.2
336	-0.025902	19.495025	10.791096	0.003816	9.1
337	-0.028412	20.475676	10.535951	0.005081	9.4
338	-0.024473	21.475161	10.288029	0.003483	9.5
339	-0.031361	22.475102	10.051401	0.002972	9.5
340	-0.033240	22.891676	9.956004	0.007008	10.2
341	-0.033244	23.856106	9.741945	0.004857	9.3
342	-0.025656	24.856106	9.529499	0.003576	9.1
343	-0.022008	24.058521	9.698181	0.003774	9.3
344	-0.029127	24.798098	9.541569	0.003480	9.0
345	-0.025522	25.788930	9.339510	0.002990	10.2
346	-0.032696	26.767165	9.148244	0.004204	9.6
347	-0.028961	27.457238	9.017966	0.002484	9.3
348	-0.026973	27.942362	8.928578	0.003836	10.2
349	-0.030027	28.568343	8.815822	0.003465	9.5
350	-0.034008	29.545522	8.645389	0.003159	9.3
351	-0.032683	28.803324	8.774228	0.003757	10.3
352	-0.033953	29.518820	8.649959	0.003740	9.2
353	-0.024444	28.722002	8.788578	0.002854	9.1
354	-0.028032	29.174146	8.709380	0.006050	9.1
355	-0.027606	28.460547	8.835036	0.005800	9.3
356	-0.026618	27.662734	8.979884	0.004830	10.2
357	-0.026585	26.865456	9.129459	0.004882	9.9
358	-0.026345	27.863243	8.943035	0.003121	9.3
359	-0.027020	28.525416	8.823464	0.003849	9.1
360	-0.025683	29.131081	8.716862	0.004519	9.3
361	-0.025386	30.098178	8.551884	0.004336	9.3
362	-0.022703	31.037305	8.397547	0.002048	10.8
363	-0.032121	30.275813	8.522258	0.006106	9.2
364	-0.026257	31.260278	8.361718	0.006095	9.1
365	-0.029416	32.259563	8.204831	0.004654	9.2
366	-0.027500	32.121727	8.226120	0.003597	9.2
367	-0.029625	31.333229	8.350062	0.003566	10.3
368	-0.026602	30.660703	8.458764	0.005367	9.6
369	-0.029596	31.658035	8.298557	0.004654	9.1
370	-0.031439	32.651754	8.144854	0.003451	9.3
371	-0.025373	31.854717	8.267676	0.004795	9.4
372	-0.031732	32.798980	8.122565	0.004086	9.1
373	-0.031262	32.004731	8.244277	0.004010	11.6
374	-0.027325	31.260492	8.361684	0.003312	9.3
375	-0.031881	30.463159	8.491233	0.004594	9.5
376	-0.032352	29.665780	8.624869	0.009564	9.1
377	-0.029677	28.867966	8.762854	0.005148	9.9
378	-0.031045	28.070152	8.905326	0.004724	9.3
379	-0.025701	27.301941	9.046959	0.004076	9.8
380	-0.032567	26.828485	9.136516	0.003865	9.3
381	-0.028300	27.827281	8.949622	0.003546	9.4
382	-0.026932	27.329433	9.041813	0.005190	9.1
383	-0.030300	26.536064	9.192719	0.006947	9.1
384	-0.034602	27.528088	9.004799	0.004147	9.6
385	-0.033021	28.064392	8.906371	0.005261	10.5
386	-0.035028	27.686678	8.975468	0.003100	9.3
387	-0.025370	28.317115	8.860731	0.004781	9.1
388	-0.028713	29.316561	8.684729	0.004633	9.3
389	-0.025908	28.579608	8.813819	0.002971	9.2
390	-0.024524	28.742392	8.784976	0.004079	11.4
391	-0.026988	27.958958	8.925551	0.005277	9.3
392	-0.024083	27.179523	9.069946	0.003203	10.2
393	-0.022297	28.179329	8.885556	0.003377	9.2
394	-0.031632	29.155233	8.712664	0.003212	9.9
395	-0.027938	30.118963	8.548407	0.004271	11.4
396	-0.034141	29.327120	8.682907	0.003044	9.1
397	-0.028769	30.322562	8.514495	0.003636	9.3
398	-0.024859	29.661166	8.625654	0.004416	9.7
399	-0.033400	28.916687	8.754301	0.006336	9.7
400	-0.029810	28.119095	8.896453	0.004236	9.8
401	-0.027198	28.544947	8.819985	0.006358	9.4
402	-0.029928	27.747134	8.964336	0.006231	9.6
403	-0.028288	26.973693	9.108861	0.004471	9.3
404	-0.025552	26.175882	9.262905	0.005270	9.7
405	-0.028127	25.378070	9.422249	0.003788	9.4
406	-0.027849	24.580289	9.587164	0.007482	10.7
407	-0.031689	23.865193	9.739971	0.004766	9.7
408	-0.030073	23.067379	9.916308	0.003917	10.0
409	-0.031406	24.066511	9.696462	0.005952	9.2
410	-0.025727	23.269007	9.871143	0.002123	9.1
411	-0.025393	23.381453	9.846133	0.005130	11.3
412	-0.026556	23.548644	9.809181	0.004950	9.1
413	-0.028755	24.548612	9.593831	0.005416	9.8
414	-0.029112	24.320127	9.642199	0.004323	9.7
415	-0.031207	25.305847	9.436944	0.003429	9.4
416	-0.027137	26.247234	9.248916	0.006609	10.1
417	-0.023923	27.247232	9.057218	0.003427	9.5
418	-0.030388	26.451812	9.209041	0.004677	9.3
419	-0.034217	25.685930	9.360115	0.004780	9.8
420	-0.027203	24.888212	9.522831	0.002615	10.0
421	-0.032981	25.846669	9.327999	0.002616	9.2
422	-0.027388	25.405538	9.416671	0.002977	10.3
423	-0.028064	25.209403	9.456640	0.007585	9.2
424	-0.037530	26.106287	9.276590	0.004507	9.2
425	-0.030846	27.106273	9.083757	0.003458	9.2
426	-0.030241	26.392809	9.220506	0.005446	9.3
427	-0.035180	25.596300	9.378120	0.003247	11.8
428	-0.024688	25.978824	9.301759	0.003159	9.2
429	-0.035195	26.859687	9.130559	0.003593	10.1
430	-0.027106	27.768699	8.960372	0.005313	9.7
431	-0.031694	28.716450	8.789560	0.003953	9.2
432	-0.030157	27.942727	8.928512	0.005577	10.3
433	-0.028597	28.925657	8.752728	0.002983	9.6
434	-0.029120	29.925272	8.580920	0.002859	9.3
435	-0.025736	29.194255	8.705891	0.003217	9.4
436	-0.030971	29.355794	8.677963	0.005052	9.2
437	-0.031687	30.328837	8.513454	0.004655	9.2
438	-0.024435	31.275131	8.359342	0.003263	11.3
439	-0.027927	31.843273	8.269467	0.005907	9.3
440	-0.039131	32.843271	8.115883	0.006037	9.1
441	-0.034914	32.045685	8.237912	0.006097	9.7
442	-0.029376	33.045630	8.085495	0.003743	9.4
443	-0.027016	32.248032	8.206607	0.003884	12.0
444	-0.029234	33.247474	8.055411	0.003802	9.1
445	-0.036139	32.563398	8.158289	0.006110	9.2
446	-0.029139	31.765613	8.281638	0.004245	9.2
447	-0.028971	32.765354	8.127645	0.004608	9.2
448	-0.024176	33.765248	7.979252	0.004470	10.4
449	-0.026650	32.974008	8.096225	0.003855	10.1
450	-0.023464	32.313846	8.196477	0.003695	9.2
451	-0.023942	31.586947	8.309775	0.002647	9.1
452	-0.034012	32.347365	8.191327	0.005510	9.1
453	-0.025304	31.799736	8.276286	0.002650	9.7
454	-0.027262	31.625675	8.303660	0.005390	10.4
455	-0.033704	30.978440	8.407057	0.004869	9.3
456	-0.031295	30.180745	8.538088	0.003067	9.1
457	-0.032022	31.139516	8.381085	0.005579	9.0
458	-0.030669	30.736894	8.446307	0.002807	9.2
459	-0.025808	30.516705	8.482408	0.004064	12.4
460	-0.026390	31.117515	8.384623	0.003480	9.4
461	-0.030167	30.319944	8.514929	0.003629	9.3
462	-0.032833	29.529292	8.648166	0.003709	10.0
463	-0.031154	30.429843	8.496734	0.004054	9.3
464	-0.026847	29.848301	8.593909	0.004386	11.9
465	-0.030838	30.827336	8.431568	0.003808	9.7
466	-0.031789	30.029530	8.563389	0.004912	9.7
467	-0.028408	29.311242	8.685647	0.002973	9.7
468	-0.030062	30.210422	8.533140	0.005767	9.3
469	-0.030943	31.205952	8.370419	0.006807	12.0
470	-0.034155	30.408146	8.500320	0.004972	9.2
471	-0.033291	31.389309	8.341123	0.004741	9.1
472	-0.030097	30.611452	8.466836	0.006544	9.1
473	-0.032255	30.184824	8.537407	0.005010	9.3
474	-0.030282	30.803570	8.435436	0.003770	11.0
475	-0.033935	30.064753	8.557482	0.005965	9.2
476	-0.025699	31.060214	8.393851	0.005933	9.3
477	-0.030824	30.262440	8.524481	0.003832	9.1
478	-0.031776	30.906789	8.418662	0.004187	9.1
479	-0.025315	30.544433	8.477845	0.006117	10.1
480	-0.030821	31.541597	8.316947	0.006669	11.0
481	-0.027390	32.539778	8.161889	0.003793	9.2
482	-0.026561	33.539773	8.012239	0.005528	9.2
483	-0.029618	34.521726	7.870535	0.005263	9.2
484	-0.030555	35.115778	7.787216	0.005731	9.9
485	-0.029100	34.317965	7.899526	0.003651	11.2
486	-0.027104	33.545365	8.011418	0.006638	9.3
487	-0.031885	32.997737	8.092667	0.004429	9.7
488	-0.031016	33.997735	7.945522	0.005263	9.3
489	-0.031813	33.201169	8.062293	0.003503	9.3
490	-0.026985	33.496242	8.018639	0.004387	12.1
491	-0.033191	33.041979	8.086042	0.003762	9.7
492	-0.025765	32.254119	8.205669	0.004866	9.8
493	-0.031397	31.526164	8.319391	0.003664	9.3
494	-0.029269	30.729192	8.447565	0.004513	9.2
495	-0.032145	30.874060	8.423973	0.006823	12.0
496	-0.027974	30.092120	8.552898	0.004169	9.4
497	-0.025835	30.072899	8.556117	0.003019	9.1
498	-0.028361	30.970922	8.408273	0.004231	9.7
499	-0.028175	30.173595	8.539281	0.003319	9.2
500	-0.025354	29.649143	8.627702	0.001689	9.4
501	-0.023848	29.665301	8.624950	0.003969	10.0
502	-0.028542	30.463211	8.491225	0.001715	9.3
503	-0.036006	30.329467	8.513350	0.005029	9.2
504	-0.029275	29.873760	8.589609	0.004194	9.6
505	-0.028993	30.808939	8.434562	0.006460	9.3
506	-0.031308	31.720863	8.288667	0.002769	11.3
507	-0.032423	32.713562	8.135482	0.003858	9.3
508	-0.024205	32.257371	8.205168	0.002861	10.0
509	-0.023372	31.517808	8.320715	0.001425	9.7
510	-0.020825	31.219788	8.368201	0.005204	9.4
511	-0.029744	30.993812	8.404571	0.004354	11.7
512	-0.029740	31.977644	8.248492	0.002753	9.2
513	-0.024349	32.682086	8.140252	0.004516	9.3
514	-0.030788	33.593164	8.004403	0.004249	9.3
515	-0.029604	34.574455	7.863068	0.003399	9.6
516	-0.032273	35.559602	7.726110	0.005008	9.5
517	-0.026920	36.554970	7.592493	0.004455	10.2
518	-0.031833	37.554134	7.462935	0.007382	9.8
519	-0.030496	36.765602	7.564808	0.002799	10.1
520	-0.025455	35.967804	7.670749	0.003577	9.7
521	-0.027184	36.909363	7.546028	0.005323	9.0
522	-0.030361	36.112336	7.651336	0.002967	11.4
523	-0.030036	37.111732	7.519750	0.005202	9.3
524	-0.020741	36.506809	7.598851	0.004458	9.3
525	-0.025609	35.713452	7.705151	0.003132	9.1
526	-0.032000	35.698130	7.707233	0.004209	9.1
527	-0.028625	36.630932	7.582485	0.003129	12.2
528	-0.029358	37.539613	7.464786	0.004721	9.2
529	-0.032422	36.860386	7.552416	0.006644	9.1
530	-0.030687	36.062656	7.657998	0.002754	9.3
531	-0.021326	35.265235	7.766531	0.002482	9.6
532	-0.032069	35.912363	7.678221	0.004860	9.6
533	-0.028951	35.115984	7.787188	0.003697	10.3
534	-0.026324	36.115876	7.650862	0.003631	9.1
535	-0.028346	35.319798	7.759007	0.004584	9.1
536	-0.025037	36.126085	7.649495	0.001996	9.1
537	-0.028867	35.731563	7.702691	0.002543	11.3
538	-0.024614	35.466830	7.738803	0.003756	10.4
539	-0.027430	34.820835	7.828362	0.002689	9.8
540	-0.034029	34.029252	7.940971	0.003418	9.3
541	-0.028587	33.332742	8.042769	0.006836	9.2
542	-0.029867	32.538829	8.162033	0.005426	9.2
543	-0.022100	31.741015	8.285500	0.002286	11.4
544	-0.029893	32.634212	8.147518	0.004612	9.4
545	-0.029424	33.425308	8.029090	0.005299	9.6
546	-0.026221	34.392269	7.888929	0.003001	9.4
547	-0.028164	35.216294	7.773293	0.003517	9.8
548	-0.029004	36.027153	7.662765	0.004948	11.7
549	-0.031078	35.237078	7.770420	0.003731	9.4
550	-0.026669	36.236620	7.634722	0.002917	9.3
551	-0.026443	36.296863	7.626695	0.004490	9.7
552	-0.034324	36.762620	7.565199	0.003977	9.3
553	-0.035220	35.976441	7.669586	0.004782	11.7
554	-0.028750	36.938826	7.542191	0.005069	9.2
555	-0.025083	37.934577	7.414759	0.003547	9.2
556	-0.028711	38.934145	7.291098	0.004038	9.2
557	-0.028388	38.845026	7.301955	0.004173	9.3
558	-0.029822	39.844940	7.181956	0.003596	9.4
559	-0.027031	39.047198	7.277370	0.003825	10.1
560	-0.029717	38.252891	7.374926	0.003579	9.3
561	-0.027748	37.577142	7.460004	0.003894	9.1
562	-0.025542	36.784554	7.562327	0.002486	9.8
563	-0.030499	36.386049	7.614842	0.003034	9.6
564	-0.025249	37.133400	7.516947	0.004557	10.1
565	-0.031756	38.126532	7.390687	0.005720	10.1
566	-0.031424	39.125901	7.267844	0.004727	9.3
567	-0.037508	38.328105	7.365576	0.005624	9.3
568	-0.032444	37.547857	7.463735	0.006308	9.2
569	-0.033755	38.542166	7.339096	0.011260	9.1
570	-0.024393	37.744352	7.438770	0.004036	10.0
571	-0.033428	36.946956	7.541133	0.005340	9.8
572	-0.025142	37.438804	7.477663	0.004842	9.3
573	-0.037172	36.664975	7.578009	0.007966	9.1
574	-0.030836	35.867162	7.684324	0.003268	9.1
575	-0.026023	35.069352	7.793664	0.004810	10.3
576	-0.031726	35.841347	7.687814	0.003396	9.5
577	-0.031114	36.824404	7.557115	0.005651	9.2
578	-0.033527	36.107453	7.651991	0.003022	9.1
579	-0.026442	35.312078	7.760071	0.003226	9.5
580	-0.029737	34.539659	7.867994	0.005098	9.8
581	-0.034260	33.742018	7.982638	0.005814	10.7
582	-0.036524	34.512960	7.871778	0.003852	9.4
583	-0.035222	35.479255	7.737101	0.005520	9.2
584	-0.025824	36.479205	7.602501	0.003334	9.2
585	-0.031093	37.056899	7.526852	0.005722	9.2
586	-0.026360	36.383841	7.615135	0.003980	9.4
587	-0.026719	35.586573	7.722427	0.002753	9.8
588	-0.030072	34.849950	7.824281	0.004693	9.1
589	-0.030728	34.078184	7.933916	0.010105	9.2
590	-0.032444	33.281053	8.050428	0.005151	9.2
591	-0.028573	34.281053	7.904801	0.005376	9.1
592	-0.028550	35.280941	7.764364	0.005054	10.1
593	-0.032529	34.483127	7.876011	0.006360	9.7
594	-0.028168	35.483127	7.736571	0.004151	9.5
595	-0.033083	36.433409	7.608563	0.004704	9.2
596	-0.032558	37.433364	7.478359	0.004859	9.3
597	-0.029980	36.656248	7.579156	0.002762	9.3
598	-0.029445	35.868247	7.684177	0.002292	11.0
599	-0.034970	36.368571	7.617162	0.003922	9.3
600	-0.033707	37.201379	7.508167	0.006166	9.1
601	-0.026276	36.404371	7.612412	0.001974	9.2
602	-0.026079	35.626867	7.716932	0.005324	9.3
603	-0.022473	34.863311	7.822410	0.003158	9.5
604	-0.036454	34.756332	7.837418	0.005089	10.7
605	-0.032966	35.733174	7.702472	0.003953	9.3
606	-0.025823	36.716870	7.571195	0.004757	9.1
607	-0.030578	35.919740	7.677226	0.005121	9.2
608	-0.032319	35.371811	7.751848	0.003540	9.1
609	-0.035042	34.574129	7.863114	0.005050	12.4
610	-0.031040	35.539330	7.728880	0.003945	9.7
611	-0.026951	34.743376	7.839240	0.005719	9.2
612	-0.029726	35.743372	7.701088	0.005110	9.3
613	-0.029262	34.946268	7.810810	0.004551	9.7
614	-0.023836	34.156070	7.922713	0.004204	13.1
615	-0.031717	35.155812	7.781665	0.006516	9.2
616	-0.032019	34.857338	7.823246	0.005714	9.2
617	-0.029860	34.059980	7.936539	0.003037	9.2
618	-0.026999	33.262205	8.053224	0.005206	9.4
619	-0.031680	32.536191	8.162435	0.004720	11.9
620	-0.032516	33.525449	8.014344	0.005478	9.2
621	-0.033048	34.525448	7.870008	0.003820	9.5
622	-0.035349	33.730055	7.984383	0.004026	9.3
623	-0.025730	33.765351	7.979237	0.003361	9.3
624	-0.026634	33.137310	8.071803	0.003832	9.3
625	-0.027425	33.692484	7.989867	0.005520	10.0
626	-0.032306	34.673727	7.849047	0.004044	9.6
627	-0.032607	33.876042	7.963142	0.004087	9.2
628	-0.027246	33.079268	8.080466	0.003384	9.2
629	-0.026114	33.983314	7.947606	0.006489	9.3
630	-0.032717	34.051159	7.937811	0.003905	11.2
631	-0.027847	35.050568	7.796276	0.006168	9.7
632	-0.025218	35.871299	7.683765	0.006271	9.2
633	-0.030074	35.073486	7.793090	0.005718	9.2
634	-0.029046	34.275672	7.905570	0.003166	9.2
635	-0.036044	35.170082	7.779688	0.004419	11.7
636	-0.024986	36.009946	7.665078	0.002745	9.4
637	-0.035217	36.898270	7.547474	0.003528	9.7
638	-0.028386	37.559236	7.462285	0.003466	9.8
639	-0.031224	36.767877	7.564510	0.004163	9.3
640	-0.032771	35.974280	7.669877	0.004262	9.3
641	-0.020542	36.284279	7.628370	0.004869	10.1
642	-0.028883	35.628142	7.716759	0.002914	10.2
643	-0.031851	36.626978	7.583006	0.005351	9.3
644	-0.028690	35.829184	7.689459	0.005128	9.2
645	-0.037241	35.116207	7.787157	0.003682	9.7
646	-0.032185	36.095881	7.653542	0.004485	11.2
647	-0.031400	37.020544	7.531568	0.003380	9.3
648	-0.027136	37.686895	7.446052	0.007092	9.3
649	-0.029464	36.894303	7.547991	0.003790	9.2
650	-0.034443	37.893552	7.419924	0.003392	9.3
651	-0.024243	38.882021	7.297444	0.005026	11.8
652	-0.031901	39.879917	7.177830	0.005744	9.4
653	-0.033493	39.082142	7.273138	0.004442	9.6
654	-0.030157	40.082141	7.154067	0.004129	9.2
655	-0.027659	39.367672	7.238737	0.004089	9.2
656	-0.037376	39.142597	7.265827	0.005304	9.9
657	-0.024481	38.345056	7.363473	0.004087	9.7
658	-0.028980	39.345048	7.241451	0.005221	9.3
659	-0.029160	39.596523	7.211399	0.003632	9.2
660	-0.028774	38.948848	7.289309	0.003668	9.2
661	-0.029898	39.795415	7.187807	0.005788	9.1
662	-0.033092	40.270111	7.132119	0.007983	12.0
663	-0.031937	39.472297	7.226213	0.008235	9.4
664	-0.027739	38.674483	7.322823	0.004320	9.8
665	-0.028345	39.674276	7.202158	0.003272	9.4
666	-0.034822	40.477476	7.108062	0.003838	9.2
667	-0.029117	39.704942	7.198519	0.005593	10.4
668	-0.030972	40.263899	7.132842	0.005226	9.3
669	-0.028051	41.263882	7.018286	0.005606	9.2
670	-0.032877	42.263873	6.907350	0.005988	9.3
671	-0.031717	43.263873	6.799866	0.003414	9.3
672	-0.026345	42.732461	6.856564	0.002789	9.3
673	-0.027246	43.140773	6.812916	0.005237	11.6
674	-0.029226	43.479465	6.777130	0.004637	9.3
675	-0.027726	42.681840	6.862014	0.002886	9.6
676	-0.029423	43.498742	6.775104	0.003246	9.9
677	-0.033243	44.216936	6.700494	0.003846	9.4
678	-0.026171	45.165003	6.604484	0.003983	12.0
679	-0.026199	44.437034	6.677957	0.004480	9.2
680	-0.026670	43.640019	6.760297	0.005723	9.3
681	-0.031976	42.898600	6.838737	0.003635	9.1
682	-0.028659	43.891777	6.734069	0.003194	9.1
683	-0.033568	43.109844	6.816203	0.004204	9.3
684	-0.024750	42.320442	6.901179	0.003612	10.3
685	-0.030721	41.545133	6.986726	0.009699	9.5
686	-0.033080	42.545019	6.876789	0.003054	9.2
687	-0.028983	41.758937	6.962924	0.002951	9.2
688	-0.033245	42.048626	6.930931	0.004483	9.1
689	-0.026403	42.814937	6.847702	0.004822	10.5
690	-0.029068	43.757886	6.747992	0.003830	9.7
691	-0.031247	43.240920	6.802295	0.003803	9.1
692	-0.030815	43.254843	6.800821	0.007177	9.5
693	-0.034871	44.254843	6.696602	0.005325	9.3
694	-0.031876	45.194822	6.601509	0.005218	9.0
695	-0.032962	45.529954	6.568255	0.005170	11.3
696	-0.030747	44.757648	6.645397	0.004469	9.2
697	-0.029948	43.961634	6.726827	0.003011	9.2
698	-0.022527	43.174023	6.809386	0.003156	9.2
699	-0.027704	43.312190	6.794757	0.006262	9.1
700	-0.026403	42.514410	6.880103	0.004662	9.3
701	-0.032685	41.716596	6.967625	0.004294	10.0
702	-0.031305	41.028390	7.044930	0.004447	9.6
703	-0.026931	40.256361	7.133720	0.005308	9.3
704	-0.030173	39.663814	7.203400	0.002697	9.3
705	-0.023681	40.557218	7.098854	0.003753	9.3
706	-0.029208	40.799851	7.070983	0.003944	10.2
707	-0.027048	40.062330	7.156388	0.003239	9.4
708	-0.029233	41.057243	7.041655	0.002500	9.2
709	-0.029107	40.319747	7.126345	0.003234	9.6
710	-0.026971	39.622998	7.208250	0.003542	9.3
711	-0.027583	40.318373	7.126505	0.003320	9.2
712	-0.030568	40.085468	7.153677	0.002349	10.0
713	-0.024911	39.312599	7.245347	0.005340	9.9
714	-0.032411	40.306712	7.127861	0.006880	9.1
715	-0.025928	41.201708	7.025301	0.002847	9.3
716	-0.027018	40.404123	7.116553	0.005285	9.2
717	-0.035495	40.519623	7.103192	0.004296	9.3
718	-0.030226	40.551693	7.099491	0.005868	10.1
719	-0.029297	41.550405	6.986137	0.005782	9.5
720	-0.034330	42.550208	6.876228	0.003362	9.5
721	-0.033194	43.537646	6.771020	0.005505	9.3
722	-0.029398	42.745388	6.855174	0.003623	9.7
723	-0.023021	42.107877	6.924424	0.003512	11.1
724	-0.032736	43.100936	6.817150	0.005092	10.2
725	-0.030644	42.313454	6.901941	0.003712	9.2
726	-0.028715	43.067290	6.820730	0.003722	9.2
727	-0.024865	43.716431	6.752315	0.003830	9.3
728	-0.026196	43.543507	6.770405	0.004961	10.0
729	-0.033353	44.543379	6.667122	0.005162	9.3
730	-0.033487	45.499168	6.571296	0.002844	9.1
731	-0.025318	46.481947	6.475594	0.003513	9.2
732	-0.026503	47.405727	6.388145	0.003796	9.2
733	-0.032098	46.624001	6.461991	0.003672	9.5
734	-0.032471	46.439755	6.479645	0.004833	11.3
735	-0.028660	45.644278	6.556988	0.003408	9.3
736	-0.029849	45.193320	6.601659	0.004614	9.3
737	-0.033204	44.888422	6.632208	0.005310	9.3
738	-0.032809	44.090623	6.713497	0.006216	9.5
739	-0.036544	43.312915	6.794680	0.004404	9.3
740	-0.027002	44.258628	6.696213	0.003461	9.9
741	-0.024771	45.253317	6.595680	0.004668	9.1
742	-0.033870	44.981048	6.622897	0.005648	9.7
743	-0.030304	44.184101	6.703869	0.003257	9.5
744	-0.030295	44.548179	6.666634	0.004927	9.1
745	-0.023892	43.880638	6.735225	0.008334	10.1
746	-0.035614	44.880638	6.632991	0.003398	9.5
747	-0.031357	45.860971	6.535737	0.004566	9.7
748	-0.032427	46.742624	6.450676	0.003245	9.1
749	-0.036143	47.706617	6.360169	0.003178	9.4
750	-0.034826	47.147171	6.412382	0.004167	9.1
751	-0.028906	48.117667	6.322344	0.003749	11.1
752	-0.028757	47.713954	6.359490	0.003842	9.5
753	-0.028252	48.627913	6.276013	0.004167	9.1
754	-0.032525	47.836983	6.348124	0.005701	9.2
755	-0.028892	47.058975	6.420692	0.004250	9.5
756	-0.028427	46.262319	6.496738	0.003541	9.5
757	-0.033603	45.548119	6.566462	0.005520	10.7
758	-0.025830	46.544982	6.469551	0.004359	9.2
759	-0.033993	47.202611	6.407170	0.004005	9.2
760	-0.029331	47.804883	6.351086	0.003550	9.3
761	-0.026160	48.003451	6.332809	0.003455	9.1
762	-0.024318	47.992738	6.333793	0.002805	10.4
763	-0.030421	48.478614	6.289499	0.006029	9.4
764	-0.028554	49.473224	6.200734	0.005733	9.1
765	-0.030500	50.473224	6.113978	0.003557	9.1
766	-0.027571	51.360115	6.039041	0.003625	9.2
767	-0.028235	52.352382	5.957348	0.004604	9.2
768	-0.031639	51.554696	6.022845	0.007223	10.1
769	-0.033381	52.554696	5.940963	0.005500	9.6
770	-0.027209	52.011685	5.985147	0.004686	9.7
771	-0.028148	51.713014	6.009732	0.002673	9.2
772	-0.028780	51.186851	6.053536	0.002030	9.2
773	-0.025346	50.949088	6.073540	0.003917	9.3
774	-0.027134	51.558379	6.022539	0.003044	11.2
775	-0.027060	51.173959	6.054617	0.003359	9.3
776	-0.027635	51.536908	6.024322	0.006689	9.7
777	-0.036752	50.763767	6.089225	0.004411	9.6
778	-0.031214	50.421582	6.118398	0.002444	9.3
779	-0.033030	50.048772	6.150503	0.010498	12.1
780	-0.031138	49.251254	6.220326	0.004726	9.2
781	-0.032824	48.453459	6.291777	0.003217	9.1
782	-0.032550	47.661492	6.364349	0.005181	9.3
783	-0.034636	46.876334	6.437968	0.005599	9.4
784	-0.033386	47.468561	6.382283	0.008569	9.6
785	-0.025837	48.468561	6.290410	0.003655	9.7
786	-0.030587	47.711957	6.359675	0.003628	9.7
787	-0.030339	48.498047	6.287741	0.004111	9.7
788	-0.035102	48.112158	6.322848	0.004267	9.7
789	-0.027976	49.111798	6.232698	0.003217	9.9
790	-0.028913	50.110916	6.145128	0.005518	10.4
791	-0.036580	49.313511	6.214818	0.007906	9.9
792	-0.029808	49.036964	6.239358	0.006246	9.2
793	-0.028033	50.036964	6.151526	0.004695	10.1
794	-0.030200	51.036963	6.066132	0.003917	9.8
795	-0.033855	52.004002	5.985777	0.004542	11.2
796	-0.028077	52.902458	5.913006	0.004713	9.2
797	-0.028620	52.104658	5.977536	0.005006	9.2
798	-0.030401	51.307074	6.043471	0.006042	9.8
799	-0.026180	50.509636	6.110865	0.003638	9.8
800	-0.031983	51.509565	6.026594	0.006773	11.6
801	-0.034769	52.490726	5.946134	0.003558	9.1
802	-0.027266	51.724930	6.008747	0.003241	9.2
803	-0.026745	51.264139	6.047062	0.005833	9.3
804	-0.030216	51.041802	6.065724	0.004066	9.2
805	-0.030949	50.264492	6.131885	0.002027	9.0
806	-0.031313	50.863906	6.080740	0.003311	10.0
807	-0.026142	50.793927	6.086667	0.003811	9.2
808	-0.031119	50.845389	6.082307	0.004595	9.4
809	-0.032525	50.047806	6.150587	0.005097	9.2
810	-0.040936	50.446308	6.116281	0.005650	9.3
811	-0.036842	51.445083	6.031958	0.003723	11.8
812	-0.034385	50.647284	6.099124	0.004411	9.1
813	-0.031159	51.630927	6.016524	0.003719	9.1
814	-0.028710	51.781573	6.004071	0.005416	9.9
815	-0.028573	52.781555	5.922696	0.004244	9.8
816	-0.033780	52.565313	5.940105	0.006153	10.1
817	-0.030674	53.519132	5.864074	0.007084	9.6
818	-0.029707	52.721318	5.927535	0.003841	9.8
819	-0.034920	51.926669	5.992125	0.004691	9.3
820	-0.029775	52.048026	5.982170	0.004177	9.9
821	-0.030786	51.331236	6.041452	0.005864	9.7
822	-0.024736	50.533427	6.108832	0.005961	10.7
823	-0.029832	49.735631	6.177731	0.004587	9.6
824	-0.034109	50.735564	6.091619	0.008012	9.3
825	-0.026623	49.937750	6.160129	0.004649	9.8
826	-0.029242	49.145334	6.229719	0.006279	10.1
827	-0.031147	50.145333	6.142155	0.003504	11.6
828	-0.032338	49.627352	6.187202	0.004363	9.8
829	-0.031446	48.964507	6.245820	0.003030	9.3
830	-0.028152	49.411792	6.206144	0.003529	9.2
831	-0.028691	48.614563	6.277217	0.003400	9.1
832	-0.027855	49.566558	6.192532	0.005458	11.7
833	-0.027851	50.558798	6.106666	0.004262	9.3
834	-0.027087	49.764927	6.175173	0.003268	9.2
835	-0.035265	50.503308	6.111405	0.003059	9.2
836	-0.028595	49.742852	6.177100	0.003314	9.8
837	-0.027923	49.172419	6.227314	0.006557	10.2
838	-0.025967	50.172350	6.139824	0.005042	10.6
839	-0.031799	51.172339	6.054753	0.004155	9.3
840	-0.025776	50.374697	6.122418	0.002718	9.3
841	-0.028973	50.570885	6.105635	0.003724	9.1
842	-0.032554	51.313192	6.042960	0.006967	9.2
843	-0.024561	51.094497	6.061291	0.002918	11.4
844	-0.029350	52.093416	5.978455	0.004816	10.3
845	-0.028992	53.046679	5.901489	0.004592	9.3
846	-0.032224	52.248866	5.965767	0.004170	9.9
847	-0.038120	51.451472	6.031426	0.004716	9.5
848	-0.029007	50.680664	6.096284	0.002693	11.6
849	-0.026762	49.968705	6.157442	0.003459	10.8
850	-0.029351	50.411068	6.119299	0.003397	9.3
851	-0.025581	49.701733	6.180693	0.003685	9.7
852	-0.029524	50.629850	6.100609	0.003268	9.2
853	-0.033131	49.834414	6.169116	0.005605	11.5
854	-0.029487	49.042832	6.238835	0.002907	9.4
855	-0.033885	49.444153	6.203293	0.003137	10.0
856	-0.030823	48.873583	6.253947	0.004234	9.4
857	-0.036352	48.245971	6.310630	0.004895	9.2
858	-0.026618	47.451846	6.383841	0.004904	11.4
859	-0.031336	46.654123	6.459114	0.004825	9.6
860	-0.028265	47.654120	6.365032	0.003924	10.2
861	-0.027988	46.876706	6.437933	0.002474	9.3
862	-0.030963	47.134098	6.413612	0.003636	9.3
863	-0.030287	47.453171	6.383717	0.004686	12.0
864	-0.029921	48.288668	6.306741	0.005567	9.2
865	-0.032664	47.538582	6.375762	0.003212	9.8
866	-0.031533	47.303621	6.397694	0.002744	9.1
867	-0.031561	47.363541	6.392087	0.003358	9.3
868	-0.031326	46.586958	6.465533	0.003490	9.4
869	-0.029914	46.673288	6.457285	0.004329	10.1
870	-0.030872	45.879061	6.533969	0.004197	9.3
871	-0.029692	46.664031	6.458168	0.003562	9.3
872	-0.027118	46.961380	6.429912	0.005736	10.4
873	-0.029782	46.349431	6.488335	0.005380	9.3
874	-0.027974	45.551618	6.566117	0.005723	10.9
875	-0.029333	44.755496	6.645615	0.005977	9.1
876	-0.026723	45.755495	6.546063	0.005110	9.2
877	-0.034878	44.957682	6.625243	0.004470	9.1
878	-0.029111	45.957606	6.526304	0.004759	9.7
879	-0.028453	46.929551	6.432925	0.003728	9.5
880	-0.030447	46.262356	6.496735	0.004052	9.9
881	-0.024520	46.415039	6.482021	0.004399	9.4
882	-0.033115	46.063032	6.516044	0.004204	9.3
883	-0.028971	46.937959	6.432129	0.004537	9.4
884	-0.031395	46.141885	6.508392	0.003573	9.2
885	-0.034971	46.720897	6.452745	0.004000	9.5
886	-0.032623	46.379838	6.485407	0.006951	9.8
887	-0.030887	47.344850	6.393835	0.003089	9.3
888	-0.025736	46.562965	6.467829	0.003899	9.4
889	-0.026535	46.923845	6.433465	0.001340	9.8
890	-0.025943	47.058759	6.420712	0.003335	9.3
891	-0.026960	47.323197	6.395861	0.003654	11.1
892	-0.029087	48.193707	6.315397	0.004572	9.4
893	-0.034341	47.414033	6.387369	0.004845	9.6
894	-0.033349	46.616260	6.462731	0.002504	9.1
895	-0.030676	46.693996	6.455310	0.003495	9.2
896	-0.029976	45.951411	6.526908	0.002897	9.3
897	-0.028323	45.365262	6.584555	0.007245	10.0
898	-0.030245	46.365262	6.486811	0.004757	9.4
899	-0.028628	47.337916	6.394484	0.003023	9.3
900	-0.035798	47.312913	6.396824	0.005231	9.2
901	-0.036865	47.857832	6.346202	0.004795	9.2
902	-0.033049	48.513782	6.286317	0.005197	10.2
903	-0.036133	47.715972	6.359303	0.004461	9.5
904	-0.025680	47.085567	6.418184	0.002150	9.2
905	-0.025198	47.747583	6.356379	0.004048	9.3
906	-0.035911	48.339580	6.302111	0.005946	9.1
907	-0.035196	47.640568	6.366289	0.004417	9.5
908	-0.027079	48.466952	6.290555	0.003621	9.4
909	-0.028488	47.669334	6.363622	0.005295	10.4
910	-0.027387	48.658322	6.273273	0.007455	9.3
911	-0.036867	48.086988	6.325152	0.005506	9.1
912	-0.031430	47.299711	6.398061	0.005274	9.3
913	-0.036536	46.875433	6.438054	0.004761	9.2
914	-0.030378	46.585388	6.465683	0.005676	9.9
915	-0.027874	45.787655	6.542911	0.003833	9.3
916	-0.031761	46.783853	6.446752	0.003447	9.2
917	-0.032675	47.719815	6.358948	0.004320	9.2
918	-0.031508	47.061366	6.420466	0.004892	9.2
919	-0.030744	46.729759	6.451901	0.003450	9.5
920	-0.025030	45.954685	6.526589	0.004031	10.8
921	-0.027931	45.513202	6.569909	0.003260	9.1
922	-0.029627	44.736238	6.647562	0.005753	9.3
923	-0.030551	45.499250	6.571288	0.004037	9.6
924	-0.027244	46.494512	6.474389	0.005536	9.2
925	-0.033577	47.494509	6.379865	0.006533	11.1
926	-0.035587	46.696696	6.455052	0.002324	9.7
927	-0.032211	47.644084	6.365963	0.004484	9.8
928	-0.028347	46.889840	6.436688	0.001768	9.2
929	-0.028208	47.737310	6.357329	0.006301	10.0
930	-0.032683	48.350231	6.301143	0.005072	10.2
931	-0.027383	49.350231	6.211575	0.003924	9.8
932	-0.029739	48.552443	6.282823	0.004174	9.2
933	-0.035198	47.777022	6.353658	0.005245	9.2
934	-0.031612	47.163280	6.410867	0.003553	9.2
935	-0.030630	48.163188	6.318183	0.007310	9.3
936	-0.030866	49.163187	6.228134	0.007089	11.1
937	-0.036546	48.365373	6.299767	0.006414	9.2
938	-0.036941	49.327936	6.213544	0.007399	9.7
939	-0.028710	50.326959	6.126515	0.004247	9.2
940	-0.028168	51.326957	6.041810	0.003574	9.1
941	-0.032206	51.992583	5.986714	0.004754	9.4
942	-0.027159	52.992454	5.905814	0.004179	9.9
943	-0.029634	52.197640	5.969942	0.004607	9.3
944	-0.033716	53.194547	5.889728	0.004657	9.1
945	-0.028680	52.584128	5.938586	0.003935	9.1
946	-0.028975	51.802271	6.002364	0.005097	9.2
947	-0.030394	51.010216	6.068385	0.003794	10.1
948	-0.031459	50.227540	6.135067	0.003888	9.5
949	-0.029387	49.589430	6.190526	0.004386	9.1
950	-0.025567	50.589077	6.104083	0.006646	9.3
951	-0.028079	51.589074	6.019993	0.005320	9.6
952	-0.027582	50.791260	6.086893	0.004691	9.1
953	-0.030151	49.996534	6.155029	0.003898	11.1
954	-0.025431	49.200091	6.224859	0.004099	9.4
955	-0.031441	49.125547	6.231476	0.006566	9.3
956	-0.030658	50.122007	6.144170	0.004792	9.2
957	-0.037906	51.122007	6.058979	0.004524	9.3
958	-0.029836	50.324207	6.126752	0.004220	9.3
959	-0.030004	51.324102	6.042048	0.005731	9.8
960	-0.029240	50.532867	6.108880	0.005261	9.2
961	-0.034816	50.168526	6.140154	0.005938	9.2
962	-0.027755	51.168526	6.055073	0.004214	9.3
963	-0.029725	50.394367	6.120731	0.005716	9.2
964	-0.025557	51.394336	6.036186	0.004987	10.3
965	-0.034200	50.603344	6.102867	0.005216	9.7
966	-0.029224	51.603279	6.018815	0.003699	9.1
967	-0.031224	51.268603	6.046688	0.002928	9.2
968	-0.030146	50.531334	6.109011	0.005188	9.7
969	-0.034172	51.236919	6.049340	0.003907	9.3
970	-0.027344	50.493819	6.112216	0.005109	9.8
971	-0.026723	51.476313	6.029359	0.005551	9.4
972	-0.027143	50.678500	6.096468	0.002717	9.2
973	-0.028942	49.993685	6.155276	0.005393	9.2
974	-0.027723	49.518305	6.196770	0.003151	9.3
975	-0.030078	50.372491	6.122607	0.004162	10.0
976	-0.030295	50.353975	6.124196	0.002430	9.3
977	-0.026810	49.602836	6.189351	0.005426	9.5
978	-0.026014	50.344493	6.125009	0.002803	9.3
979	-0.037209	51.134140	6.057960	0.007454	9.2
980	-0.025911	50.340759	6.125330	0.003207	9.3
981	-0.028509	51.337968	6.040890	0.002914	10.3
982	-0.027169	52.238125	5.966642	0.003187	9.8
983	-0.028322	51.472053	6.029713	0.003398	9.1
984	-0.027287	52.215217	5.968509	0.007008	9.3
985	-0.030936	51.500782	6.027324	0.003929	9.2
986	-0.023940	52.500782	5.945320	0.004759	9.1
987	-0.025576	53.447201	5.869740	0.005773	10.9
988	-0.029371	54.263933	5.806044	0.003302	9.3
989	-0.029661	53.466207	5.868242	0.005211	9.2
990	-0.030263	53.755726	5.845515	0.007843	9.3
991	-0.029443	54.755625	5.768360	0.004270	9.3
992	-0.031662	53.957812	5.829755	0.005692	9.7
993	-0.025417	53.244617	5.885756	0.004062	9.9
994	-0.026189	52.484984	5.946599	0.003617	9.3
995	-0.031431	52.323988	5.959655	0.005196	9.4
996	-0.029715	53.317150	5.880012	0.003965	9.2
997	-0.026806	52.575828	5.939256	0.004504	9.2
998	-0.022904	51.817774	6.001086	0.005087	11.5
999	-0.025808	51.019963	6.067563	0.004101	9.2
1000	-0.026192	52.019934	5.984471	0.003897	9.7
1001	-0.027339	51.289999	6.044898	0.004555	9.1
1002	-0.027987	50.552082	6.107239	0.004000	9.3
1003	-0.023517	49.847854	6.167945	0.005216	9.3
1004	-0.032455	49.070068	6.236410	0.005347	9.9
1005	-0.030424	50.064144	6.149173	0.005348	9.9
1006	-0.027848	50.471197	6.114151	0.004649	9.3
1007	-0.035454	49.681136	6.182494	0.004714	9.2
1008	-0.035889	50.677913	6.096518	0.005306	9.2
1009	-0.035293	49.882040	6.164971	0.003586	10.2
1010	-0.028134	49.119004	6.232058	0.005049	9.6
1011	-0.034889	50.032609	6.151903	0.006514	9.3
1012	-0.033469	49.235172	6.221750	0.003800	9.2
1013	-0.028830	48.578120	6.280505	0.004478	9.1
1014	-0.026851	49.577066	6.191610	0.004843	9.2
1015	-0.031836	48.780703	6.262271	0.003322	11.2
1016	-0.029663	49.776703	6.174146	0.005672	9.3
1017	-0.032393	48.979265	6.244503	0.004433	9.1
1018	-0.025539	49.433321	6.204247	0.005416	9.2
1019	-0.029254	50.282601	6.130328	0.004877	9.7
1020	-0.027298	51.282599	6.045517	0.007302	9.3
1021	-0.033461	50.484787	6.112989	0.006973	9.9
1022	-0.027723	51.484673	6.028663	0.001959	9.2
1023	-0.031824	51.990783	5.986861	0.004447	9.1
1024	-0.029792	52.176171	5.971694	0.003611	9.1
1025	-0.023478	51.383594	6.037082	0.005365	9.1
1026	-0.029432	51.889758	5.995159	0.003906	9.4
1027	-0.028807	51.096736	6.061102	0.003333	11.2
1028	-0.035466	52.067046	5.980613	0.005684	12.9
1029	-0.030060	52.174458	5.971834	0.003085	11.1
1030	-0.024812	53.174132	5.891349	0.005057	13.8
1031	-0.027696	52.376390	5.955399	0.002973	13.7
1032	-0.028194	52.276364	5.963529	0.005309	12.4
1033	-0.026486	51.499215	6.027454	0.004291	13.3
1034	-0.029712	51.952247	5.990024	0.003713	19.2
1035	-0.028806	52.951811	5.909060	0.003419	9.8
1036	-0.033615	53.944998	5.830752	0.004052	14.9
1037	-0.033519	54.284902	5.804427	0.004877	12.6
1038	-0.024021	53.488821	5.866460	0.003554	9.4
1039	-0.032041	53.482514	5.866957	0.004109	12.7
1040	-0.025935	54.450095	5.791718	0.001752	9.4
1041	-0.026666	54.909936	5.756634	0.002992	12.8
1042	-0.030386	54.371165	5.797784	0.005342	13.3
1043	-0.032801	53.684340	5.851102	0.003505	11.5
1044	-0.032808	52.892127	5.913833	0.005258	10.4
1045	-0.034649	52.152312	5.973642	0.006147	9.9
1046	-0.025334	51.366046	6.038546	0.003595	9.6
1047	-0.027601	50.568279	6.105857	0.004227	9.6
1048	-0.029138	50.463932	6.114773	0.003655	11.8
1049	-0.027808	51.234756	6.049521	0.003760	21.6
1050	-0.026512	52.174612	5.971821	0.002357	22.7
1051	-0.042386	52.798935	5.921301	0.004741	16.9
1052	-0.025836	53.396477	5.873742	0.003907	15.6
1053	-0.029388	54.396406	5.795843	0.004658	14.8
1054	-0.031282	53.598793	5.857812	0.002906	13.2
1055	-0.027831	52.870745	5.915545	0.002982	13.5
1056	-0.031305	52.076602	5.979831	0.004261	12.8
1057	-0.029942	52.442915	5.950005	0.003075	12.5
1058	-0.037447	51.692119	6.011459	0.004152	13.4
1059	-0.028207	50.903812	6.077365	0.004094	12.5
1060	-0.032124	51.903454	5.994033	0.004895	12.5
1061	-0.027536	52.898885	5.913292	0.002024	12.8
1062	-0.027299	53.217895	5.887875	0.003850	11.9
1063	-0.029106	54.096918	5.818956	0.004876	12.4
1064	-0.031428	54.286385	5.804312	0.005931	12.5
1065	-0.027406	53.488704	5.866469	0.005714	12.4
1066	-0.029215	54.488704	5.788756	0.002943	13.9
1067	-0.030116	54.043557	5.823094	0.004053	12.6
1068	-0.030686	53.884638	5.835452	0.003464	12.9
1069	-0.028640	54.882110	5.758745	0.003953	12.8
1070	-0.025101	54.908479	5.756744	0.004967	13.8
1071	-0.032568	55.883621	5.683729	0.002953	12.9
1072	-0.031502	56.450882	5.642101	0.005564	12.6
1073	-0.025039	57.450596	5.570202	0.004092	12.4
1074	-0.031633	58.450539	5.500097	0.004582	13.2
1075	-0.039062	59.449351	5.431811	0.003278	12.6
1076	-0.037701	60.259035	5.377687	0.004046	12.5
1077	-0.034720	61.240188	5.313530	0.005245	12.7
1078	-0.033507	62.206527	5.251820	0.005698	13.9
1079	-0.030174	61.408714	5.302664	0.003602	12.9
1080	-0.026239	60.693222	5.349106	0.003639	12.8
1081	-0.032485	59.925090	5.399879	0.005056	13.2
1082	-0.027085	59.148249	5.452218	0.004537	13.2
1083	-0.031370	60.142456	5.385414	0.002807	12.6
1084	-0.025948	60.910581	5.334911	0.003514	12.7
1085	-0.031997	60.169118	5.383645	0.003300	12.7
1086	-0.032913	60.481331	5.363016	0.005673	13.0
1087	-0.029457	61.478430	5.298182	0.006435	12.7
1088	-0.025264	60.710068	5.348003	0.007712	12.6
1089	-0.027617	59.912254	5.400736	0.003624	12.6
1090	-0.033991	59.114572	5.454510	0.003896	13.2
1091	-0.026436	59.123945	5.453871	0.003248	11.5
1092	-0.029585	58.581093	5.491074	0.004001	12.6
1093	-0.037161	58.067582	5.526737	0.006577	12.5
1094	-0.032688	58.575795	5.491440	0.004829	13.2
1095	-0.024479	59.575795	5.423287	0.003869	11.5
1096	-0.024753	59.761238	5.410835	0.002999	12.7
1097	-0.030268	60.444474	5.365443	0.004432	12.9
1098	-0.031892	61.074375	5.324265	0.004771	13.6
1099	-0.030470	62.052962	5.261531	0.004168	12.8
1100	-0.027629	63.051633	5.199015	0.004918	12.8
1101	-0.030340	62.255400	5.248737	0.004309	12.5
1102	-0.041755	62.699179	5.220908	0.004866	13.3
1103	-0.025732	61.901538	5.271141	0.003773	12.7
1104	-0.031998	61.121607	5.321202	0.004521	13.0
1105	-0.027823	60.324756	5.373342	0.005608	14.2
1106	-0.021757	59.565032	5.424012	0.004013	13.8
1107	-0.032609	58.767296	5.478256	0.004952	12.9
1108	-0.025398	59.757012	5.411118	0.003638	12.6
1109	-0.018872	60.494992	5.362117	0.002904	12.8
1110	-0.030232	59.699308	5.414987	0.004703	13.3
1111	-0.026987	59.117048	5.454341	0.004506	12.6
1112	-0.027870	58.319248	5.509201	0.004509	13.0
1113	-0.029404	59.128059	5.453591	0.003583	13.3
1114	-0.030375	58.330803	5.508399	0.003454	11.9
1115	-0.031775	59.038916	5.459665	0.002869	12.0
1116	-0.035056	58.392686	5.504105	0.005161	9.6
1117	-0.029747	58.140192	5.521666	0.005180	11.3
1118	-0.029410	57.342482	5.577889	0.004156	10.3
1119	-0.024666	58.328471	5.508561	0.002037	9.2
1120	-0.028098	58.133439	5.522137	0.005111	10.5
1121	-0.030002	57.339430	5.578107	0.004968	10.6
1122	-0.028886	58.338523	5.507863	0.006742	10.6
1123	-0.036409	57.542138	5.563710	0.003846	10.6
1124	-0.031749	56.903637	5.609311	0.003225	11.9
1125	-0.027434	57.782236	5.546754	0.004336	11.4
1126	-0.025820	57.426172	5.571937	0.006888	10.3
1127	-0.030814	56.631473	5.628976	0.005367	9.3
1128	-0.036089	57.616220	5.558467	0.004136	9.3
1129	-0.028791	58.616014	5.488666	0.004241	9.7
1130	-0.037324	58.481833	5.497932	0.006045	9.4
1131	-0.033088	58.184633	5.518567	0.005478	9.4
1132	-0.029454	58.765185	5.478401	0.004994	9.3
1133	-0.029570	57.969566	5.533596	0.004675	9.4
1134	-0.026646	58.963979	5.464782	0.004017	9.5
1135	-0.028992	58.626217	5.487963	0.003532	9.7
1136	-0.028408	57.896659	5.538710	0.002384	9.3
1137	-0.030115	57.372770	5.575734	0.005713	9.3
1138	-0.029438	58.195056	5.517841	0.005432	9.5
1139	-0.032920	59.195055	5.449035	0.004720	12.5
1140	-0.035165	60.195052	5.381925	0.003635	13.7
1141	-0.028964	59.458696	5.431180	0.005128	12.5
1142	-0.027095	60.458676	5.364508	0.004654	14.4
1143	-0.031923	61.458676	5.299451	0.006752	13.8
1144	-0.030661	60.739209	5.346097	0.002245	13.2
1145	-0.030099	61.679567	5.285293	0.004525	11.9
1146	-0.026472	61.116628	5.321525	0.005089	15.2
1147	-0.032126	62.111469	5.257827	0.008735	117.5
1148	-0.030547	61.313700	5.308785	0.004448	24.8
1149	-0.030129	62.311886	5.245178	0.003897	18.2
1150	-0.033028	61.530647	5.294829	0.003127	21.7
1151	-0.028361	62.401985	5.239512	0.004318	17.4
1152	-0.025375	61.604442	5.290099	0.005157	10.6
1153	-0.029050	62.604442	5.226824	0.003853	10.8
1154	-0.029171	63.604423	5.165046	0.003393	9.5
1155	-0.029045	64.491670	5.111442	0.003448	12.6
1156	-0.029684	64.060623	5.137344	0.003623	9.5
1157	-0.027262	64.209525	5.128367	0.005494	9.5
1158	-0.033853	65.203719	5.069221	0.003534	17.4
1159	-0.027265	66.107292	5.016637	0.003747	11.6
1160	-0.026695	65.340020	5.061218	0.005011	14.6
1161	-0.028534	64.543030	5.108373	0.005005	13.4
1162	-0.029007	65.539119	5.049574	0.005264	13.2
1163	-0.028678	64.769107	5.094908	0.006601	14.2
1164	-0.028429	65.767891	5.036260	0.003787	9.5
1165	-0.029114	66.767588	4.978896	0.004101	9.8
1166	-0.028957	66.016978	5.021844	0.003700	10.3
1167	-0.030494	66.775809	4.978430	0.003901	9.4
1168	-0.028140	65.981105	5.023915	0.003740	9.5
1169	-0.025006	65.242835	5.066922	0.003301	9.3
1170	-0.026604	65.527124	5.050274	0.005542	10.2
1171	-0.024083	66.367390	5.001703	0.004805	10.5
1172	-0.034932	65.569709	5.047790	0.006160	9.4
1173	-0.033210	66.569699	4.990147	0.006084	9.5
1174	-0.031666	67.569699	4.933806	0.004764	9.3
1175	-0.032320	68.289380	4.894039	0.005197	10.0
1176	-0.025481	69.278973	4.840393	0.003435	11.9
1177	-0.035097	70.278950	4.787366	0.005382	9.6
1178	-0.030415	71.275557	4.735660	0.003318	10.4
1179	-0.027904	71.258897	4.736516	0.007001	9.8
1180	-0.027551	72.071208	4.695176	0.007128	10.0
1181	-0.021788	71.273394	4.735771	0.003453	11.8
1182	-0.031300	72.273337	4.685001	0.005324	9.3
1183	-0.029469	71.475542	4.725419	0.004791	9.7
1184	-0.028513	71.196585	4.739717	0.007127	9.6
1185	-0.031583	72.195438	4.688917	0.008108	9.3
1186	-0.026497	71.451171	4.726665	0.003509	12.1
1187	-0.031770	70.655428	4.767701	0.005374	9.3
1188	-0.036927	69.898647	4.807395	0.004256	9.5
1189	-0.029489	70.894570	4.755294	0.004496	9.6
1190	-0.030961	70.317565	4.785341	0.002995	9.3
1191	-0.035325	69.959226	4.804193	0.003676	11.3
1192	-0.032217	70.329694	4.784706	0.003378	9.9
1193	-0.039833	69.620344	4.822159	0.006698	9.5
1194	-0.032020	70.620279	4.769530	0.005422	9.4
1195	-0.033644	71.620278	4.718035	0.006564	9.4
1196	-0.030492	72.620278	4.667639	0.007011	9.8
1197	-0.027322	71.823486	4.707706	0.004351	10.0
1198	-0.031435	71.713837	4.713274	0.005482	9.5
1199	-0.028840	70.917363	4.754115	0.003870	9.3
1200	-0.030018	70.121256	4.795651	0.005126	9.2
1201	-0.033580	71.121201	4.743595	0.004833	9.3
1202	-0.033002	72.107083	4.693367	0.004367	11.3
1203	-0.023650	73.065177	4.645563	0.004283	9.4
1204	-0.031049	72.292816	4.684023	0.005351	9.8
1205	-0.030429	73.292805	4.634348	0.005931	9.3
1206	-0.028829	72.501914	4.673548	0.004731	9.5
1207	-0.023510	71.707922	4.713575	0.003777	12.1
1208	-0.030701	72.686895	4.664320	0.008480	9.8
1209	-0.031712	73.685783	4.615114	0.005098	9.4
1210	-0.035903	74.685783	4.566882	0.004925	9.2
1211	-0.028347	73.887978	4.605280	0.004603	9.6
1212	-0.032127	73.090183	4.644328	0.005445	11.1
1213	-0.036572	74.089743	4.595508	0.005867	9.6
1214	-0.033383	74.551469	4.573302	0.005652	9.4
1215	-0.024539	75.547203	4.526135	0.007499	9.3
1216	-0.026092	76.546919	4.479749	0.006795	9.5
1217	-0.027012	75.749105	4.516690	0.005940	9.2
1218	-0.024895	76.748956	4.470490	0.003867	11.2
1219	-0.029291	75.951147	4.507277	0.005456	9.3
1220	-0.039984	76.658919	4.474611	0.007785	9.4
1221	-0.027667	75.888277	4.510202	0.003382	9.4
1222	-0.031057	76.875564	4.464707	0.003875	9.2
1223	-0.024902	76.079361	4.501324	0.004379	12.7
1224	-0.026540	77.079340	4.455431	0.006278	9.5
1225	-0.031575	76.281567	4.491968	0.004620	9.3
1226	-0.023071	75.485016	4.529052	0.004683	9.5
1227	-0.030499	74.701047	4.566154	0.003849	9.2
1228	-0.028427	75.369468	4.534483	0.003571	11.6
1229	-0.028325	76.311636	4.490580	0.004292	9.9
1230	-0.028397	75.516537	4.527573	0.005772	9.3
1231	-0.026165	76.159897	4.497593	0.002718	9.4
1232	-0.035132	75.369684	4.534473	0.004227	9.3
1233	-0.029301	76.361790	4.488267	0.004943	12.4
1234	-0.029401	77.261501	4.447171	0.006099	9.4
1235	-0.032391	76.861186	4.465363	0.003768	9.2
1236	-0.034400	77.686534	4.428017	0.005663	9.5
1237	-0.023433	76.892222	4.463947	0.003215	9.5
1238	-0.028599	77.635699	4.430300	0.004836	10.7
1239	-0.029485	78.627407	4.386200	0.005300	9.5
1240	-0.029769	77.831169	4.421537	0.004860	9.4
1241	-0.031043	77.034536	4.457467	0.004475	9.3
1242	-0.029901	76.401941	4.486417	0.006879	9.4
1243	-0.024250	75.606076	4.523377	0.002522	10.9
1244	-0.031930	76.600085	4.477309	0.004005	23.4
1245	-0.030833	76.532139	4.480428	0.005403	13.2
1246	-0.026095	75.740016	4.517114	0.005587	18.0
1247	-0.028483	74.942832	4.554647	0.003047	14.8
1248	-0.033607	74.149124	4.592640	0.003100	14.8
1249	-0.029326	73.571946	4.620669	0.003650	10.1
1250	-0.032415	72.889136	4.654273	0.003652	10.8
1251	-0.028823	73.698923	4.614474	0.003388	10.4
1252	-0.027532	73.946330	4.602450	0.005059	9.9
1253	-0.036012	74.946297	4.554482	0.004296	10.3
1254	-0.028018	75.934452	4.508054	0.007775	9.4
1255	-0.024721	75.136639	4.545465	0.005232	10.1
1256	-0.028090	74.338825	4.583502	0.004939	11.0
1257	-0.035315	73.841868	4.607519	0.006339	9.6
1258	-0.028838	74.830815	4.559971	0.005372	9.4
1259	-0.031455	75.804889	4.514087	0.004293	9.4
1260	-0.029939	76.804889	4.467933	0.004964	9.2
1261	-0.026312	76.007138	4.504676	0.005308	11.5
1262	-0.029641	75.272567	4.539047	0.003825	10.0
1263	-0.032351	74.474878	4.576970	0.005571	10.0
1264	-0.034471	74.370625	4.581974	0.003927	9.9
1265	-0.029052	75.368843	4.534512	0.002820	9.4
1266	-0.025475	75.452996	4.530556	0.004186	10.8
1267	-0.026646	75.995526	4.505215	0.007244	9.5
1268	-0.031112	76.995329	4.459250	0.004398	9.5
1269	-0.029647	76.197528	4.495852	0.004944	9.3
1270	-0.030271	77.197285	4.450079	0.003264	9.3
1271	-0.025998	76.602130	4.477215	0.003960	10.5
1272	-0.035784	75.944645	4.507580	0.004755	11.2
1273	-0.032892	76.943503	4.461610	0.004184	9.6
1274	-0.026431	76.145695	4.498251	0.005269	9.2
1275	-0.026199	77.145690	4.452419	0.004410	9.2
1276	-0.034042	76.677566	4.473757	0.004963	15.0
1277	-0.031007	77.561327	4.433643	0.002909	9.9
1278	-0.029548	78.123182	4.408512	0.005063	9.9
1279	-0.031820	77.838383	4.421215	0.002801	9.4
1280	-0.025272	78.785428	4.379254	0.005326	9.5
1281	-0.030598	78.542544	4.389939	0.006625	10.1
1282	-0.030341	77.744731	4.425408	0.004091	10.9
1283	-0.030237	78.662254	4.384666	0.004137	12.8
1284	-0.028204	77.870362	4.419785	0.005517	19.6
1285	-0.023040	77.073641	4.455690	0.003723	17.8
1286	-0.030587	77.980098	4.414884	0.006020	14.4
1287	-0.031682	78.980087	4.370727	0.004580	12.0
1288	-0.038299	78.523231	4.390791	0.005566	10.4
1289	-0.030413	78.814384	4.377983	0.004985	13.4
1290	-0.034481	79.814370	4.334558	0.002105	9.9
1291	-0.034722	79.196080	4.361305	0.005434	9.4
1292	-0.031369	79.691556	4.339845	0.007181	9.8
1293	-0.030878	78.893809	4.374502	0.004784	9.8
1294	-0.032298	79.893739	4.331148	0.004044	12.4
1295	-0.029887	80.247599	4.316010	0.002486	9.5
1296	-0.029168	81.202119	4.275701	0.003372	9.2
1297	-0.029671	81.114451	4.279372	0.004297	9.3
1298	-0.027056	80.530644	4.303978	0.008992	9.5
1299	-0.030073	80.873105	4.289510	0.005084	12.5
1300	-0.026573	81.873105	4.247813	0.009398	9.4
1301	-0.031889	82.873105	4.206919	0.006506	9.5
1302	-0.027129	82.085928	4.239043	0.004372	9.5
1303	-0.029953	81.295118	4.271814	0.005326	9.6
1304	-0.024578	82.281732	4.231007	0.005152	12.3
1305	-0.033195	81.483921	4.263944	0.005807	9.4
1306	-0.031937	80.686108	4.297398	0.006161	10.3
1307	-0.028836	79.888871	4.331357	0.004987	12.3
1308	-0.030944	80.881081	4.289174	0.005575	9.7
1309	-0.027509	80.086437	4.322891	0.004828	11.2
1310	-0.025676	81.086406	4.280547	0.005052	9.5
1311	-0.026770	80.289437	4.314228	0.003839	9.2
1312	-0.024546	79.491658	4.348477	0.003524	9.6
1313	-0.030085	78.731133	4.381638	0.004852	9.6
1314	-0.030762	77.933933	4.416945	0.003787	11.1
1315	-0.028417	78.920136	4.373350	0.004833	9.3
1316	-0.031267	78.126975	4.408343	0.006892	9.3
1317	-0.035366	78.694032	4.383268	0.006557	9.4
1318	-0.030607	79.694032	4.339738	0.005914	9.5
1319	-0.029976	78.896355	4.374391	0.006711	11.9
1320	-0.029934	78.098541	4.409608	0.004507	9.2
1321	-0.032352	79.038411	4.368179	0.004987	10.0
1322	-0.030750	79.981123	4.327400	0.002342	9.6
1323	-0.024212	80.977110	4.285135	0.006810	9.7
1324	-0.032070	81.959824	4.244235	0.004608	11.6
1325	-0.024290	81.162011	4.277380	0.005393	9.3
1326	-0.032058	80.370615	4.310773	0.004581	9.6
1327	-0.033555	79.996470	4.326742	0.004401	9.6
1328	-0.034661	79.208168	4.360779	0.006830	9.6
1329	-0.024880	78.412535	4.395680	0.006385	12.0
1330	-0.030063	79.412535	4.351904	0.005727	9.4
1331	-0.030325	78.614722	4.386758	0.003984	9.4
1332	-0.027752	79.614650	4.343162	0.003476	9.6
1333	-0.028629	78.855298	4.376189	0.005134	9.4
1334	-0.032144	78.178268	4.406063	0.003868	12.1
1335	-0.024876	77.496801	4.436547	0.002692	9.8
1336	-0.032354	77.646394	4.429819	0.002935	9.4
1337	-0.029123	77.056970	4.456447	0.005282	9.5
1338	-0.031254	76.815691	4.467440	0.004397	9.6
1339	-0.035041	76.627826	4.476036	0.005732	9.6
1340	-0.027831	75.833004	4.512776	0.004220	10.0
1341	-0.038669	75.035271	4.550263	0.007070	9.6
1342	-0.027634	75.947419	4.507451	0.003156	9.7
1343	-0.034615	76.947257	4.461439	0.004619	9.6
1344	-0.033282	77.671672	4.428684	0.003959	9.6
1345	-0.029943	78.671281	4.384269	0.003009	11.2
1346	-0.032931	78.503482	4.391662	0.003925	9.8
1347	-0.032247	77.933503	4.416964	0.003232	9.5
1348	-0.029350	78.710123	4.382561	0.004249	9.7
1349	-0.034600	78.781463	4.379428	0.003670	9.7
1350	-0.034724	77.984250	4.414699	0.008436	11.3
1351	-0.026920	77.186439	4.450571	0.006539	9.7
1352	-0.031283	76.388625	4.487030	0.003759	9.6
1353	-0.031355	75.590845	4.524090	0.003479	9.5
1354	-0.030465	75.707298	4.518642	0.003061	9.4
1355	-0.032186	75.050871	4.549524	0.005577	11.9
1356	-0.028790	74.261557	4.587220	0.004576	9.4
1357	-0.031688	73.466980	4.625804	0.004163	10.8
1358	-0.031948	74.466853	4.577355	0.005827	9.5
1359	-0.030239	73.672867	4.615744	0.005720	9.5
1360	-0.033589	74.494841	4.576014	0.007466	12.4
1361	-0.035150	73.697027	4.614566	0.005128	9.6
1362	-0.030243	74.697027	4.566346	0.002595	9.7
1363	-0.029456	73.905740	4.604418	0.005067	9.5
1364	-0.029413	73.845990	4.607319	0.002796	10.0
1365	-0.029826	73.399902	4.629091	0.004505	11.9
1366	-0.026055	74.398468	4.580636	0.004146	9.6
1367	-0.032603	75.398442	4.533120	0.005798	10.6
1368	-0.035912	76.398442	4.486578	0.003463	9.5
1369	-0.030963	77.396347	4.441076	0.004900	9.5
1370	-0.032755	78.320226	4.399765	0.004037	12.0
1371	-0.027283	77.536250	4.434771	0.004712	9.8
1372	-0.024114	76.782752	4.468945	0.005030	9.6
1373	-0.032968	77.782739	4.423705	0.003376	9.5
1374	-0.030778	77.607407	4.431571	0.004784	9.2
1375	-0.028147	78.605690	4.387156	0.003365	10.7
1376	-0.034958	77.918528	4.417632	0.006079	10.2
1377	-0.032693	78.509271	4.391407	0.004926	9.6
1378	-0.028804	79.404341	4.352259	0.005787	9.4
1379	-0.033473	78.971396	4.371107	0.003922	9.4
1380	-0.029075	79.971390	4.327817	0.004057	9.4
1381	-0.036783	80.094268	4.322557	0.003525	11.1
1382	-0.035102	81.093211	4.280262	0.007137	9.7
1383	-0.026409	82.092920	4.238756	0.003620	9.5
1384	-0.025054	81.980562	4.243380	0.004809	9.6
1385	-0.027222	81.210959	4.275331	0.005530	9.3
1386	-0.032484	80.413180	4.308964	0.003647	11.8
1387	-0.028301	81.345004	4.269732	0.002904	9.5
1388	-0.025967	80.594357	4.301279	0.004327	9.4
1389	-0.030109	79.993552	4.326867	0.003865	9.7
1390	-0.029794	79.199653	4.361150	0.004022	9.3
1391	-0.033082	78.553884	4.389439	0.006207	12.2
1392	-0.028307	77.756071	4.424900	0.001899	9.6
1393	-0.027202	77.067451	4.455971	0.005254	9.3
1394	-0.031377	78.039385	4.412242	0.004983	9.6
1395	-0.028284	77.984490	4.414689	0.006442	9.2
1396	-0.028011	78.966600	4.371317	0.004148	9.5
1397	-0.031526	79.960030	4.328304	0.002276	10.6
1398	-0.033336	79.164999	4.362659	0.003144	9.9
1399	-0.027320	78.535237	4.390261	0.004394	9.9
1400	-0.031527	78.593207	4.387706	0.003159	9.2
1401	-0.027619	78.060945	4.411281	0.005277	9.6
1402	-0.030854	78.110661	4.409069	0.003911	11.5
1403	-0.026899	77.312850	4.444848	0.005374	9.6
1404	-0.027417	77.963437	4.415628	0.005285	9.3
1405	-0.026435	78.963434	4.371455	0.005602	9.9
1406	-0.025782	79.963430	4.328158	0.003973	9.6
1407	-0.026503	79.165620	4.362632	0.004707	12.1
1408	-0.028172	80.154491	4.319983	0.006914	9.4
1409	-0.029257	79.356679	4.354326	0.004685	9.3
1410	-0.029255	80.356670	4.311366	0.003980	10.1
1411	-0.031536	81.356049	4.269271	0.003149	9.6
1412	-0.029127	82.341227	4.228571	0.007770	11.8
1413	-0.036042	83.267877	4.190991	0.003049	9.5
1414	-0.029891	84.267865	4.151178	0.003342	9.4
1415	-0.027484	85.027392	4.121442	0.004135	9.3
1416	-0.026792	85.393928	4.107243	0.005479	9.6
1417	-0.031492	86.393866	4.069001	0.005958	12.5
1418	-0.030851	87.393862	4.031462	0.003954	9.6
1419	-0.027504	88.393857	3.994609	0.005675	9.4
1420	-0.026316	89.378824	3.958963	0.003986	9.5
1421	-0.031469	90.344010	3.924645	0.003584	9.9
1422	-0.030091	91.288969	3.891617	0.004539	12.5
1423	-0.037178	91.553625	3.882467	0.004528	9.8
1424	-0.029747	90.755836	3.910182	0.007045	9.4
1425	-0.030734	91.750432	3.875690	0.004480	9.5
1426	-0.030907	90.953943	3.903263	0.005933	9.4
1427	-0.030562	90.156474	3.931266	0.004091	12.8
1428	-0.035227	89.358871	3.959679	0.002975	9.2
1429	-0.030929	89.389573	3.958578	0.004900	9.2
1430	-0.027050	88.792507	3.980105	0.002403	9.2
1431	-0.031152	89.783144	3.944514	0.006428	9.5
1432	-0.026237	88.989778	3.972966	0.002902	11.0
1433	-0.036115	89.989350	3.937186	0.004247	9.3
1434	-0.027593	90.806686	3.908404	0.007431	9.7
1435	-0.027808	90.153035	3.931388	0.003541	9.1
1436	-0.025775	91.152540	3.896351	0.003196	9.3
1437	-0.032526	92.064159	3.864936	0.005374	9.3
1438	-0.033098	91.284527	3.891771	0.005481	11.2
1439	-0.031006	92.279704	3.857582	0.004124	9.4
1440	-0.032350	93.237173	3.825250	0.004405	9.4
1441	-0.030745	92.439524	3.852147	0.008921	9.3
1442	-0.032407	93.336746	3.821918	0.003072	9.2
1443	-0.027951	94.336743	3.788781	0.001790	11.8
1444	-0.025856	94.625733	3.779312	0.002856	9.4
1445	-0.030508	94.461428	3.784690	0.003177	9.7
1446	-0.027205	94.198689	3.793322	0.003769	9.7
1447	-0.030895	93.423379	3.819025	0.004440	9.3
1448	-0.031826	94.398790	3.786744	0.003889	12.0
1449	-0.028104	95.395419	3.754320	0.003175	9.3
1450	-0.034851	94.633411	3.779061	0.005402	9.7
1451	-0.025011	93.875331	3.803999	0.003063	9.3
1452	-0.025601	93.087390	3.830272	0.003913	9.7
1453	-0.023756	93.779982	3.807159	0.003814	11.9
1454	-0.033034	94.770162	3.774597	0.004472	9.3
1455	-0.030146	94.012102	3.799476	0.005631	9.2
1456	-0.033780	93.214290	3.826016	0.005592	9.8
1457	-0.032342	92.416623	3.852925	0.006915	9.3
1458	-0.036503	91.618842	3.880218	0.005918	9.4
1459	-0.034349	92.618842	3.846067	0.004639	10.0
1460	-0.028116	91.821029	3.873265	0.003924	9.6
1461	-0.033942	92.818760	3.839312	0.005501	9.3
1462	-0.031012	92.897282	3.836665	0.005816	9.2
1463	-0.029390	92.118359	3.863084	0.004127	9.3
1464	-0.032631	93.118359	3.829232	0.003893	11.1
1465	-0.035202	93.103594	3.829728	0.004023	9.2
1466	-0.030908	94.103513	3.796458	0.004249	9.3
1467	-0.034641	93.882761	3.803753	0.002986	9.2
1468	-0.032172	94.749571	3.775268	0.008486	9.5
1469	-0.034737	95.117936	3.763292	0.004032	11.3
1470	-0.033271	94.320123	3.789327	0.004526	9.4
1471	-0.027123	93.522906	3.815706	0.002372	10.6
1472	-0.030216	92.738856	3.842009	0.003524	9.5
1473	-0.027516	92.245284	3.858754	0.002580	9.3
1474	-0.033865	91.851211	3.872229	0.004652	9.5
1475	-0.030041	91.072989	3.899117	0.004933	10.9
1476	-0.028103	90.276224	3.927036	0.003502	9.2
1477	-0.032917	89.893597	3.940585	0.005297	9.4
1478	-0.032008	89.426676	3.957248	0.003608	9.6
1479	-0.026522	90.425246	3.921784	0.006978	9.3
1480	-0.028811	91.424887	3.886912	0.004005	11.4
1481	-0.027847	90.763975	3.909898	0.003929	9.3
1482	-0.026604	89.972237	3.937793	0.004332	10.1
1483	-0.034071	90.257840	3.927685	0.005656	9.2
1484	-0.036400	91.132635	3.897043	0.004564	9.2
1485	-0.033322	90.334860	3.924967	0.005224	11.3
1486	-0.034398	89.618669	3.950379	0.003120	9.2
1487	-0.025423	90.133834	3.932067	0.006233	9.2
1488	-0.037474	91.121740	3.897422	0.005633	9.8
1489	-0.024223	90.323927	3.925353	0.004055	9.1
1490	-0.032034	91.322732	3.890448	0.003413	9.2
1491	-0.033420	92.322124	3.856138	0.002152	10.0
1492	-0.026790	93.174203	3.827359	0.002780	9.7
1493	-0.033398	93.627059	3.812239	0.004608	9.8
1494	-0.028679	94.582015	3.780741	0.005280	9.3
1495	-0.027420	95.484527	3.751448	0.004687	9.2
1496	-0.026617	95.831244	3.740315	0.003726	11.2
1497	-0.030697	95.331803	3.756373	0.006037	9.1
1498	-0.030388	96.330028	3.724415	0.002751	9.2
1499	-0.033816	97.123353	3.699401	0.002856	9.2
1500	-0.027229	97.719947	3.680811	0.004753	9.8
1501	-0.029978	98.264716	3.663998	0.005211	11.9
1502	-0.027430	97.467534	3.688654	0.003119	9.3
1503	-0.025501	96.676812	3.713439	0.003164	9.1
1504	-0.034175	96.282151	3.725935	0.003987	9.0
1505	-0.034638	95.537110	3.749756	0.002258	9.4
1506	-0.032812	95.657355	3.745891	0.006133	10.9
1507	-0.028580	96.597874	3.715932	0.004369	9.5
1508	-0.032302	95.800163	3.741311	0.005319	9.4
1509	-0.028781	96.799988	3.709556	0.003881	9.3
1510	-0.027659	96.371986	3.723083	0.005652	9.7
1511	-0.022298	95.574265	3.748561	0.004238	9.3
1512	-0.035611	95.587215	3.748144	0.003850	11.0
1513	-0.029463	94.912257	3.769970	0.004650	9.2
1514	-0.028713	94.345233	3.788502	0.005614	9.3
1515	-0.025645	93.778134	3.807221	0.002182	9.2
1516	-0.040046	92.982263	3.833804	0.003571	9.2
1517	-0.030824	93.418139	3.819199	0.007527	10.0
1518	-0.032488	92.646392	3.845135	0.002660	9.8
1519	-0.028770	93.644441	3.811661	0.005747	9.3
1520	-0.032822	94.481547	3.784031	0.004186	9.6
1521	-0.031227	95.481545	3.751544	0.004460	9.3
1522	-0.030150	94.683772	3.777416	0.003910	9.2
1523	-0.030897	95.677746	3.745236	0.003072	11.8
1524	-0.034457	95.887732	3.738508	0.005381	9.3
1525	-0.033414	96.087992	3.732114	0.005027	9.2
1526	-0.030006	97.087992	3.700509	0.002901	9.3
1527	-0.026058	96.320147	3.724729	0.001388	9.2
1528	-0.031511	96.738808	3.711484	0.002304	9.6
1529	-0.036850	96.428864	3.721280	0.005312	9.8
1530	-0.025886	96.009103	3.734630	0.003061	9.2
1531	-0.026927	95.228503	3.759712	0.003704	9.6
1532	-0.028940	95.957354	3.736282	0.004694	9.1
1533	-0.033239	95.187523	3.761038	0.003788	9.2
1534	-0.031511	94.487229	3.783844	0.003502	9.5
1535	-0.022173	93.773100	3.807388	0.004516	9.9
1536	-0.035456	94.754086	3.775121	0.005757	9.7
1537	-0.028902	95.754085	3.742787	0.004306	9.1
1538	-0.026581	96.752767	3.711044	0.005428	9.1
1539	-0.035531	97.748987	3.679911	0.004111	9.4
1540	-0.033764	96.951328	3.704797	0.006113	9.3
1541	-0.027232	96.500685	3.719006	0.003625	9.8
1542	-0.027987	95.703236	3.744418	0.004914	9.4
1543	-0.032461	96.689470	3.713040	0.004064	9.7
1544	-0.029496	97.689468	3.681756	0.004064	9.3
1545	-0.029774	96.892458	3.706647	0.002487	9.3
1546	-0.026902	97.575607	3.685292	0.003489	10.1
1547	-0.034621	97.857814	3.676542	0.005573	10.0
1548	-0.033130	97.170360	3.697930	0.002915	9.0
1549	-0.027378	96.485819	3.719476	0.003207	9.2
1550	-0.026162	95.896936	3.738213	0.003874	9.1
1551	-0.037794	96.789792	3.709877	0.005598	9.3
1552	-0.030892	97.789791	3.678647	0.005677	9.5
1553	-0.035720	96.991977	3.703520	0.004955	9.8
1554	-0.028291	97.221807	3.696321	0.003105	9.2
1555	-0.031354	98.005073	3.671992	0.006257	9.6
1556	-0.026336	98.754056	3.649026	0.004764	9.3
1557	-0.034706	99.754056	3.618808	0.003577	9.2
1558	-0.027831	100.269127	3.603437	0.003341	10.0
1559	-0.024846	99.870531	3.615320	0.002208	9.2
1560	-0.026324	99.912493	3.614066	0.002027	9.3
1561	-0.032435	99.818342	3.616882	0.008117	9.2
1562	-0.032831	99.035149	3.640481	0.004660	9.2
1563	-0.027909	98.237672	3.664829	0.004810	9.4
1564	-0.028826	97.526894	3.686806	0.005273	9.9
1565	-0.026584	96.802222	3.709486	0.004301	9.2
1566	-0.023122	97.801311	3.678290	0.002192	9.1
1567	-0.033546	98.666386	3.651700	0.005285	9.3
1568	-0.026675	99.662231	3.621562	0.003836	9.6
1569	-0.029009	100.614046	3.593217	0.004541	10.1
1570	-0.035836	101.581378	3.564862	0.005816	9.5
1571	-0.029478	102.581369	3.536016	0.005690	9.2
1572	-0.032583	103.515212	3.509496	0.004507	9.1
1573	-0.026101	102.732971	3.531684	0.004184	9.2
1574	-0.031501	102.126749	3.549072	0.004952	9.1
1575	-0.032187	101.339221	3.571918	0.004778	9.3
1576	-0.027855	102.339190	3.542959	0.005296	9.8
1577	-0.028797	101.541622	3.566019	0.005204	9.1
1578	-0.034004	100.966573	3.582832	0.003530	9.3
1579	-0.023841	101.869978	3.556489	0.003486	9.9
1580	-0.029838	101.461772	3.568344	0.006256	9.2
1581	-0.027919	100.663979	3.591743	0.004549	9.4
1582	-0.031490	99.887711	3.614807	0.004116	10.0
1583	-0.027283	100.886171	3.585195	0.006332	9.6
1584	-0.029064	101.273328	3.573843	0.005255	9.4
1585	-0.024085	102.201276	3.546925	0.003001	9.3
1586	-0.032979	102.904630	3.526791	0.005437	9.2
1587	-0.026832	102.267487	3.545020	0.004156	11.5
1588	-0.035353	103.267079	3.516504	0.004461	9.3
1589	-0.026741	103.893290	3.498873	0.003700	9.2
1590	-0.026957	103.113259	3.520862	0.005648	9.3
1591	-0.030775	102.338088	3.542991	0.003388	9.3
1592	-0.026312	101.654262	3.562744	0.005903	9.3
1593	-0.026396	101.084153	3.579381	0.004821	12.8
1594	-0.024164	100.863812	3.585853	0.005326	9.3
1595	-0.029376	100.282303	3.603046	0.004106	9.3
1596	-0.033346	101.279678	3.573658	0.007525	9.2
1597	-0.033021	100.486636	3.596986	0.006794	9.3
1598	-0.035615	99.688824	3.620764	0.003120	11.0
1599	-0.028752	99.081295	3.639082	0.003533	9.2
1600	-0.025458	98.291658	3.663171	0.005557	9.1
1601	-0.025169	99.290858	3.632742	0.004802	9.8
1602	-0.030517	99.749827	3.618934	0.004024	9.6
1603	-0.028604	100.575187	3.594366	0.005134	11.0
1604	-0.025541	101.149056	3.577479	0.004314	9.3
1605	-0.032596	102.106766	3.549648	0.006583	9.6
1606	-0.028566	101.309210	3.572795	0.002683	9.4
1607	-0.033004	100.523287	3.595901	0.006805	9.2
1608	-0.025559	99.744234	3.619102	0.004176	9.6
1609	-0.031127	98.946702	3.643166	0.005773	9.7
1610	-0.022205	99.946702	3.613044	0.002322	9.4
1611	-0.027704	99.159189	3.636723	0.002250	9.3
1612	-0.026540	99.743629	3.619120	0.004555	9.3
1613	-0.032617	99.187772	3.635858	0.005045	9.5
1614	-0.027698	99.114986	3.638061	0.003835	9.5
1615	-0.025206	100.069167	3.609389	0.003989	10.0
1616	-0.032738	101.038262	3.580727	0.003363	10.0
1617	-0.024639	100.499273	3.596612	0.003754	10.2
1618	-0.030416	100.066889	3.609457	0.005876	9.9
1619	-0.032781	99.283649	3.632960	0.005460	9.4
1620	-0.033128	98.493089	3.656996	0.007747	9.9
1621	-0.027135	97.695276	3.681576	0.002624	9.3
1622	-0.030715	98.695237	3.650819	0.005090	9.2
1623	-0.033603	99.686329	3.620838	0.003007	9.9
1624	-0.035742	98.890976	3.644859	0.003872	10.0
1625	-0.029417	99.199532	3.635502	0.002940	10.3
1626	-0.029195	98.597326	3.653808	0.003052	9.6
1627	-0.021854	98.579382	3.654357	0.003232	9.3
1628	-0.028626	97.837370	3.677174	0.003972	9.9
1629	-0.031532	98.501509	3.656738	0.007831	9.2
1630	-0.032436	97.703695	3.681315	0.004390	9.9
1631	-0.027878	98.703695	3.650561	0.004480	10.0
1632	-0.035195	99.703103	3.620335	0.004501	9.4
1633	-0.027858	100.699811	3.590685	0.003901	9.9
1634	-0.030525	101.571051	3.565162	0.003319	9.1
1635	-0.033557	102.227194	3.546179	0.003444	9.5
1636	-0.028996	102.859847	3.528066	0.005206	10.2
1637	-0.028776	102.132737	3.548899	0.007248	9.8
1638	-0.028925	102.938374	3.525830	0.002430	9.5
1639	-0.034814	102.362276	3.542296	0.003099	9.9
1640	-0.034695	101.864504	3.556647	0.003390	9.2
1641	-0.026203	101.646415	3.562972	0.005004	9.1
1642	-0.030594	102.645899	3.534171	0.003602	10.7
1643	-0.031147	101.850070	3.557065	0.003358	9.4
1644	-0.029454	101.470370	3.568093	0.005958	9.3
1645	-0.030571	102.464126	3.539374	0.004721	9.4
1646	-0.031296	101.666462	3.562389	0.004468	9.3
1647	-0.029569	102.665595	3.533608	0.006705	12.3
1648	-0.025529	103.599485	3.507123	0.004862	9.4
1649	-0.025971	102.801818	3.529720	0.003576	9.2
1650	-0.030638	102.007688	3.552507	0.003975	10.1
1651	-0.026943	102.851976	3.528290	0.002785	9.4
1652	-0.025363	102.070477	3.550695	0.003257	12.1
1653	-0.027498	102.258161	3.545288	0.005047	9.4
1654	-0.029354	101.465875	3.568224	0.005833	9.4
1655	-0.032608	102.379556	3.541800	0.004612	9.3
1656	-0.028705	103.160956	3.519510	0.003081	9.4
1657	-0.033189	104.134945	3.492116	0.003378	9.5
1658	-0.034788	103.696054	3.504407	0.008843	10.4
1659	-0.032888	104.573204	3.479928	0.006654	9.7
1660	-0.032770	105.573204	3.452435	0.005126	10.0
1661	-0.032910	104.775479	3.474331	0.003889	9.3
1662	-0.025316	103.977837	3.496506	0.004060	10.4
1663	-0.027985	103.180095	3.518967	0.004536	11.5
1664	-0.029294	104.175687	3.490979	0.003342	9.4
1665	-0.022966	105.173125	3.463382	0.004985	9.7
1666	-0.025863	105.994387	3.440984	0.003774	9.4
1667	-0.031803	106.994296	3.414103	0.006905	9.5
1668	-0.030137	106.196488	3.435517	0.004664	11.4
1669	-0.030108	107.041968	3.412832	0.003024	9.4
1670	-0.031740	106.269163	3.433555	0.005717	9.3
1671	-0.023892	105.972133	3.441587	0.002117	10.3
1672	-0.034379	106.636351	3.423677	0.004633	10.8
1673	-0.027387	106.434067	3.429112	0.006832	11.8
1674	-0.034679	105.640892	3.450589	0.006421	9.3
1675	-0.029854	104.843243	3.472461	0.005734	9.5
1676	-0.026902	105.843223	3.445085	0.003935	9.3
1677	-0.030763	106.235345	3.434468	0.004189	9.4
1678	-0.029201	105.473549	3.455155	0.003432	11.2
1679	-0.025916	104.785957	3.474042	0.002626	9.5
1680	-0.033494	104.734390	3.475467	0.003008	10.3
1681	-0.032189	104.411906	3.484404	0.005904	9.4
1682	-0.027706	105.271123	3.460694	0.003829	9.3
1683	-0.030200	106.065912	3.439047	0.005248	11.5
1684	-0.025715	105.277529	3.460518	0.003589	9.8
1685	-0.034302	106.263487	3.433708	0.004513	9.4
1686	-0.032678	107.027692	3.413212	0.004626	9.4
1687	-0.028923	106.233669	3.434513	0.004271	9.4
1688	-0.025849	105.440127	3.456068	0.003504	12.0
1689	-0.028416	104.682953	3.476889	0.003766	9.4
1690	-0.030940	104.510972	3.481653	0.003955	9.9
1691	-0.026608	103.750548	3.502876	0.004746	9.4
1692	-0.028146	103.147725	3.519885	0.002615	9.5
1693	-0.030387	102.350915	3.542622	0.004034	11.9
1694	-0.026762	103.299504	3.515587	0.004125	9.3
1695	-0.033929	104.238713	3.489222	0.005618	9.7
1696	-0.029088	105.143816	3.464186	0.002579	9.7
1697	-0.033682	105.082289	3.465877	0.003466	9.4
1698	-0.033900	105.801709	3.446213	0.004289	10.5
1699	-0.034605	105.012517	3.467796	0.003895	9.4
1700	-0.033258	104.394255	3.484894	0.005080	9.9
1701	-0.024365	104.791277	3.473895	0.003477	9.2
1702	-0.030473	103.993709	3.496062	0.006065	9.4
1703	-0.029096	103.196084	3.518514	0.004537	9.5
1704	-0.033738	104.195494	3.490427	0.004282	10.7
1705	-0.028276	105.180938	3.463167	0.003845	9.2
1706	-0.029303	104.388172	3.485063	0.002725	9.4
1707	-0.024593	104.647139	3.477880	0.003805	9.4
1708	-0.025899	103.914963	3.498265	0.003436	9.2
1709	-0.028960	103.118372	3.520717	0.006565	12.1
1710	-0.025960	104.102538	3.493020	0.003794	9.4
1711	-0.031014	103.307335	3.515365	0.006717	9.4
1712	-0.028062	104.307063	3.487319	0.003528	10.2
1713	-0.029243	104.224414	3.489621	0.003833	9.7
1714	-0.028577	103.780666	3.502031	0.004940	12.4
1715	-0.035568	103.019231	3.523532	0.003537	9.5
1716	-0.025735	102.798910	3.529802	0.003452	9.3
1717	-0.029467	102.020869	3.552127	0.004531	9.4
1718	-0.030461	102.984206	3.524527	0.004189	9.3
1719	-0.032338	103.976496	3.496543	0.004303	9.9
1720	-0.024579	103.297498	3.515644	0.003785	9.6
1721	-0.033111	104.262245	3.488567	0.006977	9.8
1722	-0.030757	103.464483	3.510927	0.003688	9.3
1723	-0.029332	104.403426	3.484639	0.003419	9.4
1724	-0.027039	103.746372	3.502993	0.005200	9.4
1725	-0.024136	104.094090	3.493256	0.006797	11.5
1726	-0.026912	103.296412	3.515674	0.005437	9.9
1727	-0.032411	102.498652	3.538384	0.002975	10.5
1728	-0.032947	101.702946	3.561330	0.005862	9.2
1729	-0.025628	101.305462	3.572904	0.005708	9.4
1730	-0.026304	102.291688	3.544324	0.003732	11.5
1731	-0.030445	103.291287	3.515819	0.004807	9.4
1732	-0.033736	104.288049	3.487848	0.005713	9.9
1733	-0.026914	103.491261	3.510172	0.002408	10.0
1734	-0.027454	102.912994	3.526553	0.003723	9.3
1735	-0.028642	103.551109	3.508485	0.003368	13.2
1736	-0.028816	102.777238	3.530420	0.003009	9.4
1737	-0.031026	102.024295	3.552028	0.003896	9.3
1738	-0.038790	101.564922	3.565341	0.005510	9.4
1739	-0.026276	102.562404	3.536559	0.005114	9.4
1740	-0.032654	101.764830	3.559535	0.005214	11.6
1741	-0.028108	102.761297	3.530875	0.004471	10.0
1742	-0.032700	103.338329	3.514489	0.005179	9.9
1743	-0.033994	103.720538	3.503719	0.005120	9.4
1744	-0.026290	104.720287	3.475857	0.003607	9.4
1745	-0.031264	105.717329	3.448508	0.004487	12.1
1746	-0.028949	105.051546	3.466722	0.002707	9.3
1747	-0.033646	104.261283	3.488594	0.004162	9.8
1748	-0.023776	105.249715	3.461281	0.006098	10.1
1749	-0.035717	105.912063	3.443216	0.004468	9.3
1750	-0.034824	105.114282	3.464998	0.003731	12.2
1751	-0.035188	105.064842	3.466357	0.008230	9.5
1752	-0.032071	106.063761	3.439106	0.002923	10.0
1753	-0.023187	105.265992	3.460834	0.002741	9.9
1754	-0.037854	105.372481	3.457918	0.003378	9.3
1755	-0.031183	105.764690	3.447219	0.003510	9.4
1756	-0.031516	106.170038	3.436232	0.002610	10.1
1757	-0.031431	106.875934	3.417263	0.004908	9.3
1758	-0.032735	106.257933	3.433858	0.003486	9.3
1759	-0.031311	105.487636	3.454770	0.004443	9.1
1760	-0.033851	104.811975	3.473324	0.005381	9.5
1761	-0.032272	104.032761	3.494970	0.005488	9.4
1762	-0.030016	103.259745	3.516712	0.003483	10.7
1763	-0.030814	104.235540	3.489311	0.004876	9.5
1764	-0.034989	103.737741	3.503236	0.004030	9.9
1765	-0.025415	103.346432	3.514260	0.007909	9.3
1766	-0.030323	103.442963	3.511534	0.004300	9.3
1767	-0.038060	104.442963	3.483541	0.003168	10.6
1768	-0.028573	105.367891	3.458044	0.005117	9.3
1769	-0.028718	106.101635	3.438081	0.004613	9.2
1770	-0.036873	105.744224	3.447776	0.004791	9.3
1771	-0.034373	104.946712	3.469608	0.005166	9.6
1772	-0.033148	104.148899	3.491726	0.004165	10.3
1773	-0.036090	103.351103	3.514128	0.007700	9.5
1774	-0.030991	102.616601	3.535008	0.003439	9.4
1775	-0.028430	101.818932	3.557967	0.003209	9.5
1776	-0.028650	102.804787	3.529635	0.005916	9.2
1777	-0.034288	102.707645	3.532407	0.005576	9.2
1778	-0.027371	101.909854	3.555335	0.004165	10.1
1779	-0.026678	102.666683	3.533577	0.006525	10.0
1780	-0.029175	101.868870	3.556521	0.004356	9.7
1781	-0.031767	101.823882	3.557824	0.004823	9.9
1782	-0.035763	102.813074	3.529399	0.003637	11.6
1783	-0.027590	103.583964	3.507560	0.002460	12.9
1784	-0.030349	102.825335	3.529049	0.004205	10.8
1785	-0.027658	103.357956	3.513934	0.004343	13.1
1786	-0.031180	102.711327	3.532301	0.003193	12.0
1787	-0.031687	102.935553	3.525911	0.006373	10.1
1788	-0.035384	102.636407	3.534442	0.006276	11.7
1789	-0.028139	103.598673	3.507146	0.003253	12.8
1790	-0.029420	102.801698	3.529723	0.004060	11.7
1791	-0.031222	102.229896	3.546101	0.005628	10.4
1792	-0.033529	102.285721	3.544496	0.004964	13.4
1793	-0.029791	103.285471	3.515984	0.004854	12.3
1794	-0.029982	102.516491	3.537873	0.003395	9.8
1795	-0.027789	103.500344	3.509916	0.004699	9.5
1796	-0.029834	104.374032	3.485456	0.004317	11.8
1797	-0.031955	103.576756	3.507763	0.007136	10.8
1798	-0.026257	103.282442	3.516069	0.004415	11.4
1799	-0.028010	104.282426	3.488005	0.003780	12.4
1800	-0.025344	104.043860	3.494659	0.002942	10.5
1801	-0.030145	103.489668	3.510217	0.007100	14.7
1802	-0.033867	103.262849	3.516624	0.003461	9.9
1803	-0.034407	104.262848	3.488550	0.004371	9.2
1804	-0.034325	103.988980	3.496194	0.004308	9.7
1805	-0.028296	103.238259	3.517320	0.003807	9.2
1806	-0.029111	104.160190	3.491411	0.005808	11.9
1807	-0.032419	103.600680	3.507089	0.006646	9.6
1808	-0.027690	104.600275	3.479178	0.003187	9.2
1809	-0.034186	103.884395	3.499122	0.003491	10.5
1810	-0.026703	104.874501	3.471598	0.004890	9.3
1811	-0.032222	105.844517	3.445050	0.006047	12.4
1812	-0.034662	106.790422	3.419550	0.005583	11.1
1813	-0.028199	107.790422	3.392998	0.006238	9.3
1814	-0.028980	108.790422	3.366856	0.004547	9.3
1815	-0.029229	109.790313	3.341117	0.005442	14.9
1816	-0.029481	110.786292	3.315866	0.006514	21.8
1817	-0.024857	111.786289	3.290895	0.003191	16.9
1818	-0.032935	112.772691	3.266629	0.003579	14.2
1819	-0.030604	113.668056	3.244910	0.004228	14.4
1820	-0.027529	113.317201	3.253386	0.005104	9.6
1821	-0.022260	112.535344	3.272435	0.003289	9.4
1822	-0.033221	111.739542	3.292054	0.001982	9.7
1823	-0.029835	112.252543	3.279380	0.006404	9.5
1824	-0.031183	112.380930	3.276223	0.003140	10.5
1825	-0.032053	113.315171	3.253435	0.007088	9.7
1826	-0.032670	112.727647	3.267729	0.006401	9.3
1827	-0.022894	113.727647	3.243475	0.002771	9.8
1828	-0.027925	114.218749	3.231695	0.005090	9.3
1829	-0.030815	115.205772	3.208276	0.003259	11.2
1830	-0.037628	116.187021	3.185328	0.005743	9.2
1831	-0.032359	115.389239	3.203960	0.005583	9.4
1832	-0.031762	116.286887	3.183011	0.002851	9.5
1833	-0.022260	115.594092	3.199155	0.004451	9.8
1834	-0.027469	116.337071	3.181848	0.004443	11.2
1835	-0.028557	116.435554	3.179568	0.005200	9.9
1836	-0.030521	116.079209	3.187834	0.005600	9.2
1837	-0.031951	116.832622	3.170408	0.005791	9.3
1838	-0.024642	116.034814	3.188866	0.005583	9.4
1839	-0.022569	117.034814	3.165764	0.002714	10.3
1840	-0.030911	118.034501	3.143002	0.003353	9.5
1841	-0.034248	117.268191	3.160421	0.002327	9.4
1842	-0.025052	118.100612	3.141508	0.003646	10.0
1843	-0.023608	118.436471	3.133941	0.003925	9.4
1844	-0.023045	118.035450	3.142980	0.004269	9.4
1845	-0.027080	119.026257	3.120741	0.004370	10.5
1846	-0.027551	118.987550	3.121604	0.005939	9.3
1847	-0.027202	119.165931	3.117631	0.005464	9.3
1848	-0.028981	118.368117	3.135478	0.006618	9.6
1849	-0.031935	117.570949	3.153516	0.003767	9.3
1850	-0.029233	117.654621	3.151613	0.005828	11.8
1851	-0.031906	118.652209	3.129100	0.002782	9.7
1852	-0.027117	117.857131	3.147017	0.004586	9.7
1853	-0.033521	118.726929	3.127426	0.003932	9.1
1854	-0.029446	119.725729	3.105230	0.004591	9.8
1855	-0.029154	119.413067	3.112144	0.003846	11.7
1856	-0.031383	118.615376	3.129925	0.002597	9.7
1857	-0.028218	117.857834	3.147001	0.003708	9.4
1858	-0.029438	117.951324	3.144883	0.004595	9.8
1859	-0.029286	118.681276	3.128449	0.006295	9.4
1860	-0.030978	119.681236	3.106212	0.004227	10.3
1861	-0.031502	118.884877	3.123895	0.004279	10.2
1862	-0.030746	119.884549	3.101729	0.005150	9.2
1863	-0.029031	119.150527	3.117974	0.003779	9.9
1864	-0.025915	118.352844	3.135822	0.003587	9.5
1865	-0.027785	119.312297	3.114379	0.007232	9.5
1866	-0.025186	120.312283	3.092341	0.005418	10.7
1867	-0.025129	119.758116	3.104515	0.003476	9.2
1868	-0.032170	120.755307	3.082676	0.007677	9.1
1869	-0.027027	121.755306	3.061082	0.003478	9.1
1870	-0.024528	120.960811	3.078214	0.002315	9.2
1871	-0.029706	120.400743	3.090406	0.005545	11.2
1872	-0.029285	120.951982	3.078405	0.005185	9.2
1873	-0.029761	121.834409	3.059387	0.005447	9.1
1874	-0.023396	122.834408	3.038117	0.002881	10.0
1875	-0.032670	123.509578	3.023922	0.004721	9.2
1876	-0.029719	123.530461	3.023485	0.007072	9.4
1877	-0.033048	123.379476	3.026647	0.003363	9.8
1878	-0.030666	124.379456	3.005828	0.004218	9.3
1879	-0.029582	123.599904	3.022033	0.006034	9.3
1880	-0.028660	124.599847	3.001279	0.002102	9.9
1881	-0.032171	124.901710	2.995069	0.003805	9.6
1882	-0.033088	125.610233	2.980595	0.005723	16.8
1883	-0.033599	125.086897	2.991272	0.003913	16.7
1884	-0.032586	125.785477	2.977036	0.004733	15.6
1885	-0.029301	126.771883	2.957164	0.003871	14.0
1886	-0.029539	125.977875	2.973139	0.003970	11.1
1887	-0.028753	126.976778	2.953069	0.003881	9.4
1888	-0.031270	127.976117	2.933260	0.004999	9.4
1889	-0.026307	128.905419	2.915076	0.004502	9.5
1890	-0.027207	129.903972	2.895787	0.004338	10.4
1891	-0.032111	129.106894	2.911163	0.004124	9.7
1892	-0.029563	130.103874	2.891956	0.003715	9.6
1893	-0.029221	130.870827	2.877351	0.003959	9.2
1894	-0.030230	130.403816	2.886226	0.003883	9.6
1895	-0.025907	129.606363	2.901509	0.003609	9.2
1896	-0.025290	128.837255	2.916402	0.006031	11.2
1897	-0.026837	129.837084	2.897071	0.003968	9.1
1898	-0.024702	130.021227	2.893538	0.002724	9.7
1899	-0.029249	129.356366	2.906333	0.002541	9.6
1900	-0.035339	128.713885	2.918805	0.003611	9.2
1901	-0.031355	129.448984	2.904544	0.003208	11.3
1902	-0.024676	130.411585	2.886078	0.005206	9.4
1903	-0.026753	131.359092	2.868130	0.003105	9.6
1904	-0.032459	132.358374	2.849441	0.004536	9.2
1905	-0.024136	131.561837	2.864319	0.005683	9.2
1906	-0.025804	130.766952	2.879321	0.003699	9.8
1907	-0.030789	131.763401	2.860539	0.004523	9.7
1908	-0.032644	132.757917	2.842037	0.005386	9.8
1909	-0.032616	131.961465	2.856835	0.006572	9.2
1910	-0.023342	131.171474	2.871666	0.003903	9.3
1911	-0.032802	132.171470	2.852918	0.004469	9.8
1912	-0.025117	131.532844	2.864863	0.003409	11.2
1913	-0.033436	130.760687	2.879439	0.006916	9.3
1914	-0.028477	131.757971	2.860641	0.002828	9.1
1915	-0.034100	132.755754	2.842077	0.004163	9.2
1916	-0.035667	133.694856	2.824824	0.005285	10.1
1917	-0.030108	132.897090	2.839467	0.003809	12.2
1918	-0.025992	133.695731	2.824808	0.004032	9.8
1919	-0.023356	134.632419	2.807806	0.003632	9.6
1920	-0.028615	134.544830	2.809387	0.003567	9.3
1921	-0.027867	135.534743	2.791621	0.004212	9.1
1922	-0.029031	136.461066	2.775198	0.005425	11.0
1923	-0.025810	135.689627	2.788862	0.002386	9.3
1924	-0.027556	136.566763	2.773337	0.004674	9.1
1925	-0.032373	135.773381	2.787372	0.003350	9.1
1926	-0.025074	135.095901	2.799469	0.003692	9.9
1927	-0.031379	136.073977	2.782038	0.003279	9.3
1928	-0.029488	137.029609	2.765214	0.007702	10.6
1929	-0.030870	136.233435	2.779216	0.004891	9.2
1930	-0.025603	137.233403	2.761653	0.003205	9.3
1931	-0.031133	136.453045	2.775340	0.002848	9.3
1932	-0.028862	135.785463	2.787157	0.003284	9.3
1933	-0.031797	136.010165	2.783168	0.004531	11.1
1934	-0.035305	137.008877	2.765577	0.009452	9.4
1935	-0.027119	137.870578	2.750577	0.003738	9.2
1936	-0.026074	137.079763	2.764337	0.002843	9.9
1937	-0.025544	136.728642	2.770490	0.004078	9.3
1938	-0.030763	137.443445	2.757992	0.006491	11.1
1939	-0.030473	136.645973	2.771943	0.003894	9.8
1940	-0.025953	137.616534	2.754982	0.002783	9.4
1941	-0.033677	137.042987	2.764980	0.006465	9.2
1942	-0.031506	136.274610	2.778489	0.002270	9.5
1943	-0.031606	137.237302	2.761585	0.003610	9.3
1944	-0.032779	138.003067	2.748285	0.005135	9.8
1945	-0.033551	138.969033	2.731689	0.003611	9.3
1946	-0.031203	138.171409	2.745378	0.004594	9.8
1947	-0.033976	138.740245	2.735602	0.006183	9.3
1948	-0.028837	137.942964	2.749324	0.004472	9.3
1949	-0.032640	138.942964	2.732135	0.004688	11.4
1950	-0.028105	138.462308	2.740370	0.004115	9.2
1951	-0.030087	139.254736	2.726819	0.003820	9.3
1952	-0.026837	138.679300	2.736646	0.005125	9.3
1953	-0.030703	139.626950	2.720501	0.005810	9.9
1954	-0.034589	139.017899	2.730855	0.008846	14.5
1955	-0.031732	139.579908	2.721297	0.005691	10.2
1956	-0.022782	138.782095	2.734885	0.003965	10.0
1957	-0.029396	138.302410	2.743120	0.003039	9.7
1958	-0.036050	139.298180	2.726080	0.004280	10.0
1959	-0.027898	140.124577	2.712098	0.004451	9.2
1960	-0.027948	141.122553	2.695404	0.003870	9.2
1961	-0.027276	141.977696	2.681261	0.004322	9.1
1962	-0.031107	142.829529	2.667319	0.005124	9.7
1963	-0.034643	142.033860	2.680337	0.004133	11.3
1964	-0.029011	141.242781	2.693406	0.002641	9.3
1965	-0.034220	141.516272	2.688874	0.004166	9.2
1966	-0.025758	142.508991	2.672548	0.003689	10.0
1967	-0.031405	141.711275	2.685651	0.007234	9.6
1968	-0.030499	140.913552	2.698883	0.002356	11.8
1969	-0.026870	140.668610	2.702972	0.003877	9.4
1970	-0.033996	139.952292	2.715001	0.005106	9.3
1971	-0.027161	140.606259	2.704015	0.004102	10.4
1972	-0.023828	141.190333	2.694277	0.003335	9.3
1973	-0.027744	142.165323	2.678178	0.005806	12.0
1974	-0.035402	143.165161	2.661866	0.004193	9.1
1975	-0.030340	142.368018	2.674855	0.004269	9.1
1976	-0.030366	141.570215	2.687981	0.006919	9.1
1977	-0.024664	140.773164	2.701225	0.002973	10.8
1978	-0.028865	141.590149	2.687652	0.002964	11.5
1979	-0.031258	141.105328	2.695690	0.003724	9.9
1980	-0.030916	140.393306	2.707583	0.004276	9.1
1981	-0.038992	139.630801	2.720435	0.008996	9.1
1982	-0.027618	138.832987	2.734014	0.002991	9.9
1983	-0.027390	139.752911	2.718369	0.006896	13.2
1984	-0.026619	138.955103	2.731927	0.003172	9.3
1985	-0.025098	138.351035	2.742283	0.002278	9.4
1986	-0.029623	137.656368	2.754290	0.003680	9.1
1987	-0.031857	138.254307	2.743949	0.003708	11.8
1988	-0.030668	137.628866	2.754768	0.001838	9.4
1989	-0.028276	137.833146	2.751225	0.003326	10.2
1990	-0.033355	138.448631	2.740605	0.004207	9.8
1991	-0.023779	138.372690	2.741911	0.004738	9.3
1992	-0.030598	137.580213	2.755613	0.005189	9.3
1993	-0.034403	138.354811	2.742218	0.008115	10.0
1994	-0.028884	137.556998	2.756016	0.004465	10.4
1995	-0.031290	138.504011	2.739653	0.004676	9.2
1996	-0.040617	137.706413	2.753422	0.006061	9.3
1997	-0.026606	136.910302	2.767303	0.002866	9.2
1998	-0.031488	137.863508	2.750699	0.004241	9.3
1999	-0.039558	137.091339	2.764134	0.004158	11.8
