1:ItNr	2:Metric	3a:Time	3b:StepSize	4:||Gradient||	Time[ms]
0	-0.921985	0.000000	9.899905	0.030778	74.2
1	-0.907006	0.000000	9.899905	0.020826	8.9
2	-0.900125	0.000000	9.899905	0.022431	8.6
3	-0.923080	0.000000	9.899905	0.018767	10.8
4	-0.936856	0.000000	9.899905	0.016808	9.2
5	-0.912186	0.000000	9.899905	0.015201	11.3
6	-0.945146	0.000000	9.899905	0.014596	9.8
7	-0.945078	0.000000	9.899905	0.014903	8.9
8	-0.912140	0.000000	9.899905	0.014737	9.8
9	-0.926284	0.000000	9.899905	0.015505	12.4
10	-0.938019	0.000000	9.899905	0.013699	8.8
11	-0.948924	0.000000	9.899905	0.012293	9.1
12	-0.907848	0.000000	9.899905	0.011686	10.7
13	-0.933290	0.000000	9.899905	0.014126	9.1
14	-0.928629	0.000000	9.899905	0.012264	11.3
15	-0.948843	0.000000	9.899905	0.011698	9.9
16	-0.931844	0.000000	9.899905	0.011946	9.4
17	-0.932330	0.000000	9.899905	0.010994	8.7
18	-0.946363	0.000000	9.899905	0.010248	9.5
19	-0.930657	0.000000	9.899905	0.011826	11.9
20	-0.968076	0.000000	9.899905	0.011196	8.4
21	-0.956531	0.000000	9.899905	0.014156	9.4
22	-0.920665	0.000000	9.899905	0.012540	9.6
23	-0.966734	0.000000	9.899905	0.011137	9.6
24	-0.937391	0.000000	9.899905	0.010854	10.2
25	-0.938198	0.000000	9.899905	0.011969	10.3
26	-0.933895	0.000000	9.899905	0.011453	10.0
27	-0.958840	0.000000	9.899905	0.011308	8.8
28	-0.960400	0.000000	9.899905	0.011250	10.9
29	-0.943053	0.000000	9.899905	0.013304	11.7
30	-0.942000	0.000000	9.899905	0.011490	9.2
31	-0.925591	0.000000	9.899905	0.011177	9.5
32	-0.942457	0.000000	9.899905	0.012340	10.4
33	-0.966174	0.000000	9.899905	0.010962	9.6
34	-0.943425	0.000000	9.899905	0.008952	8.9
35	-0.974117	0.000000	9.899905	0.013140	12.3
36	-0.966281	0.000000	9.899905	0.010196	9.4
37	-0.943655	0.000000	9.899905	0.009514	9.2
38	-0.934388	0.000000	9.899905	0.010959	10.4
39	-0.950085	0.000000	9.899905	0.009511	9.7
40	-0.966452	0.000000	9.899905	0.010785	11.1
41	-0.948682	0.000000	9.899905	0.010798	9.7
42	-0.973930	0.000000	9.899905	0.011639	10.5
43	-0.969820	0.000000	9.899905	0.010669	8.6
44	-0.967454	0.000000	9.899905	0.008180	9.1
45	-0.972190	0.000000	9.899905	0.009988	13.0
46	-0.958970	0.000000	9.899905	0.011332	8.6
47	-0.939046	0.000000	9.899905	0.010026	8.7
48	-0.950563	0.000000	9.899905	0.010987	10.3
49	-0.962802	0.000000	9.899905	0.009511	10.0
50	-0.962567	0.000000	9.899905	0.007819	10.4
51	-0.946206	0.000000	9.899905	0.007929	9.9
52	-0.968362	0.000000	9.899905	0.010601	10.4
53	-0.956599	0.000000	9.899905	0.012363	8.9
54	-0.975213	0.000000	9.899905	0.008072	9.6
55	-0.971464	0.000000	9.899905	0.009086	13.2
56	-0.982607	0.000000	9.899905	0.012813	8.7
57	-0.988167	0.000000	9.899905	0.010543	9.8
58	-0.949368	0.000000	9.899905	0.008636	10.0
59	-0.955931	0.000000	9.899905	0.007746	9.9
60	-0.956938	0.000000	9.899905	0.007883	12.1
61	-0.969195	0.000000	9.899905	0.008693	10.4
62	-0.981720	0.000000	9.899905	0.009838	10.2
63	-0.965686	0.145092	9.831975	0.008109	9.1
64	-0.991984	0.000000	9.899905	0.009950	9.7
65	-0.990499	0.000000	9.899905	0.007533	11.1
66	-0.954478	0.000000	9.899905	0.006681	10.4
67	-0.979809	0.000000	9.899905	0.010887	9.0
68	-0.950842	0.000000	9.899905	0.006167	9.6
69	-0.979781	0.000000	9.899905	0.009110	10.9
70	-0.982051	0.000000	9.899905	0.008238	10.6
71	-0.993332	0.886467	9.498930	0.008364	9.5
72	-0.984666	0.984109	9.456740	0.006402	10.6
73	-0.957551	0.692116	9.584036	0.007855	10.1
74	-0.967407	0.601512	9.624234	0.007649	8.9
75	-0.974406	0.314731	9.753724	0.007144	12.3
76	-0.986174	0.041571	9.880346	0.006746	10.3
77	-0.988643	0.000000	9.899905	0.008406	8.6
78	-0.956246	0.000000	9.899905	0.005345	9.0
79	-0.962612	0.000000	9.899905	0.007687	13.6
80	-0.971110	0.000000	9.899905	0.006278	14.9
81	-0.969506	0.000000	9.899905	0.009750	17.0
82	-0.967382	0.000000	9.899905	0.011205	19.6
83	-0.971938	0.990691	9.453910	0.006607	18.9
84	-0.989885	0.788360	9.541701	0.006317	16.2
85	-0.996926	0.494920	9.671960	0.008216	15.4
86	-0.989491	0.356978	9.734430	0.008802	19.3
87	-0.946696	0.224208	9.795325	0.005538	15.1
88	-0.988237	0.000000	9.899905	0.008264	8.7
89	-0.975453	0.000000	9.899905	0.011195	18.0
90	-0.959720	0.000000	9.899905	0.006620	15.0
91	-0.969219	0.000000	9.899905	0.006125	13.3
92	-0.989261	0.000000	9.899905	0.006753	17.8
93	-0.971769	0.000000	9.899905	0.007366	16.1
94	-0.959989	0.564511	9.640748	0.006997	11.7
95	-0.967126	0.301098	9.759967	0.006770	9.3
96	-0.973933	0.761219	9.553601	0.007101	18.5
97	-0.980391	1.158653	9.382250	0.005906	13.7
98	-0.963373	1.000230	9.449811	0.006779	14.3
99	-0.981207	0.766111	9.551454	0.006782	16.2
100	-0.968164	0.486408	9.675792	0.007689	11.0
101	-0.962924	0.334971	9.744471	0.006842	9.7
102	-0.983333	0.112421	9.847190	0.009263	12.6
103	-0.976468	0.000000	9.899905	0.005605	13.8
104	-0.964775	0.000000	9.899905	0.007971	13.2
105	-0.960678	0.000000	9.899905	0.010244	9.5
106	-0.996164	0.000000	9.899905	0.009430	8.4
107	-0.975970	0.842372	9.518106	0.012142	11.7
108	-0.984967	1.826828	9.107617	0.005094	17.0
109	-0.975472	1.578579	9.207754	0.006802	8.6
110	-0.965984	1.385340	9.287239	0.007981	11.0
111	-0.979747	2.247909	8.942654	0.011366	9.3
112	-0.973567	3.198292	8.591433	0.007663	8.4
113	-0.994248	3.011858	8.658139	0.006358	9.3
114	-0.978337	2.933166	8.686607	0.007035	10.3
115	-0.996475	2.748373	8.754200	0.006274	8.3
116	-0.969368	2.488301	8.851130	0.004647	9.5
117	-0.984260	2.710734	8.768097	0.007065	8.3
118	-0.971270	2.570619	8.820218	0.004482	9.1
119	-0.970891	2.386724	8.889574	0.007015	16.8
120	-0.964284	2.360153	8.899685	0.005571	10.8
121	-0.975411	2.135408	8.986140	0.005709	11.3
122	-0.955660	1.866686	9.091742	0.004363	9.7
123	-0.964552	1.625873	9.188508	0.007038	10.2
124	-0.977876	1.575848	9.208868	0.004336	10.2
125	-0.961111	1.325290	9.312220	0.004797	8.6
126	-0.926234	1.370560	9.293375	0.006077	9.4
127	-0.995498	1.431429	9.268157	0.006787	8.9
128	-0.964387	1.490407	9.243853	0.008611	8.7
129	-0.987417	1.195787	9.366553	0.005641	10.8
130	-0.969958	1.688337	9.163211	0.004880	10.3
131	-0.958017	2.051730	9.018760	0.005078	15.8
132	-0.959125	2.033139	9.026039	0.005500	10.3
133	-0.991264	1.766222	9.131862	0.007994	18.2
134	-0.983372	1.904525	9.076722	0.008195	12.6
135	-0.991905	2.876077	8.707377	0.007059	9.7
136	-0.980438	3.697468	8.417786	0.006549	13.0
137	-0.992780	3.402366	8.519584	0.005870	19.1
138	-0.975174	3.622875	8.443287	0.005812	14.6
139	-0.969350	4.089617	8.286217	0.006253	14.2
140	-0.983565	4.862801	8.038495	0.004846	13.3
141	-0.984548	5.154575	7.948820	0.009915	18.3
142	-0.971502	5.084549	7.970159	0.006631	16.4
143	-0.959909	5.408732	7.872321	0.008513	14.2
144	-0.973486	5.272915	7.913017	0.004677	11.2
145	-0.968323	5.180572	7.940927	0.005426	16.3
146	-0.998790	4.957721	8.009101	0.004777	9.3
147	-0.982852	4.714142	8.084968	0.008085	10.6
148	-0.964288	4.527703	8.144015	0.005271	19.6
149	-0.979747	4.907051	8.024766	0.006297	14.9
150	-0.983000	4.732005	8.079355	0.005447	14.7
151	-0.960999	5.094836	7.967017	0.007604	18.7
152	-0.966605	5.400793	7.874688	0.006869	13.0
153	-0.988804	6.326361	7.607965	0.004651	14.3
154	-0.977524	6.207532	7.641193	0.007398	16.4
155	-0.959113	6.835854	7.468713	0.008103	11.3
156	-0.981849	6.714451	7.501430	0.012014	13.1
157	-0.973738	7.049180	7.411910	0.005147	15.2
158	-0.984588	6.790321	7.480950	0.007081	11.5
159	-0.969843	7.146272	7.386343	0.005098	12.0
160	-0.964298	7.419496	7.315331	0.006814	10.5
161	-0.988378	8.229713	7.112557	0.005210	9.1
162	-0.975267	7.965302	7.177484	0.006214	8.5
163	-0.969834	8.232374	7.111910	0.006461	9.3
164	-0.972140	8.609043	7.021436	0.004709	9.6
165	-0.984639	8.578194	7.028759	0.003833	12.6
166	-0.967469	8.633736	7.015585	0.007733	15.4
167	-0.981015	9.153723	6.894605	0.006771	11.6
168	-0.973211	9.505687	6.815057	0.006155	9.4
169	-0.984597	9.869885	6.734655	0.006706	12.6
170	-0.981137	9.723634	6.766713	0.004248	9.6
171	-0.954604	9.771418	6.756205	0.007897	8.3
172	-0.965239	9.520447	6.811762	0.007240	9.0
173	-0.986968	10.021123	6.701821	0.004165	8.5
174	-0.939914	10.421409	6.616444	0.004476	11.0
175	-0.969622	10.435991	6.613375	0.005558	9.9
176	-0.961664	10.201826	6.663008	0.005852	8.9
177	-0.967821	10.427749	6.615110	0.003171	8.9
178	-0.989323	10.386284	6.623849	0.007431	9.5
179	-0.959849	10.426672	6.615336	0.005507	9.3
180	-0.977816	10.132796	6.677781	0.006575	10.4
181	-0.979678	9.858433	6.737154	0.007464	9.9
182	-0.996419	9.707209	6.770332	0.008801	9.4
183	-0.979036	9.401618	6.838386	0.004350	12.0
184	-0.949998	9.123225	6.901585	0.005207	16.7
185	-0.988841	9.051473	6.918064	0.007123	12.7
186	-0.970019	8.954936	6.940359	0.006823	9.9
187	-0.997615	8.888159	6.955865	0.005905	8.4
188	-0.995489	9.027680	6.923545	0.004077	8.9
189	-0.956082	9.147490	6.896031	0.002919	8.3
190	-0.991060	9.156379	6.893998	0.008601	12.8
191	-0.966987	9.022875	6.924654	0.007087	9.3
192	-0.961186	8.869162	6.960289	0.008296	9.2
193	-0.958084	9.677430	6.776904	0.004118	10.1
194	-0.986891	9.562295	6.802434	0.007192	9.9
195	-0.967856	9.411511	6.836162	0.007359	11.1
196	-0.986887	10.191408	6.665233	0.006571	9.5
197	-0.995509	9.958299	6.715421	0.007116	9.8
198	-0.975951	10.053617	6.694808	0.006017	8.8
199	-0.973102	10.328162	6.636138	0.014676	9.1
200	-0.958806	10.027367	6.700472	0.003576	12.1
201	-0.992576	10.914405	6.514237	0.005555	9.5
202	-0.990213	10.796047	6.538486	0.005561	9.0
203	-0.982282	10.837481	6.529977	0.008676	10.2
204	-0.985861	11.699350	6.357864	0.007719	18.6
205	-0.977458	11.473244	6.402133	0.006420	14.5
206	-0.996756	11.583784	6.380413	0.005216	15.9
207	-0.954189	11.309404	6.434598	0.004362	18.7
208	-0.967862	11.217934	6.452866	0.004220	16.2
209	-1.006936	11.475763	6.401636	0.004162	10.7
210	-0.960646	11.573385	6.382450	0.003703	8.7
211	-0.964185	11.442098	6.408279	0.008372	9.7
212	-0.996757	11.852410	6.328242	0.005496	13.5
213	-0.966686	11.722797	6.353308	0.004714	10.2
214	-0.967897	11.590074	6.379182	0.005712	10.3
215	-0.957382	11.560802	6.384917	0.007084	9.0
216	-0.967872	11.560339	6.385008	0.005464	8.7
217	-0.979881	11.446326	6.407444	0.006000	9.9
218	-0.976871	11.656507	6.366205	0.005868	10.2
219	-0.951543	11.922252	6.314817	0.006400	9.0
220	-0.964587	11.673509	6.362892	0.006380	9.3
221	-0.964751	11.414585	6.413718	0.005205	8.6
222	-0.975680	11.507475	6.395391	0.009122	8.6
223	-0.989218	11.654418	6.366612	0.006185	12.6
224	-0.996067	11.356071	6.425317	0.008203	9.1
225	-0.965190	12.217596	6.258671	0.005181	8.6
226	-0.968796	12.444096	6.216284	0.004600	12.3
227	-0.968266	12.550816	6.196511	0.006345	17.2
228	-0.963874	12.648414	6.178538	0.004110	13.0
229	-0.999351	12.826078	6.146087	0.006836	12.7
230	-0.988496	12.847848	6.142134	0.007140	9.8
231	-1.000220	12.600082	6.187426	0.012828	17.9
232	-0.988588	13.587244	6.010829	0.009657	13.5
233	-0.968335	13.279473	6.064796	0.004458	14.5
234	-0.975141	13.240951	6.071619	0.010548	14.0
235	-0.968336	12.983099	6.117688	0.006299	89.8
236	-0.987896	13.905380	5.956045	0.005546	31.2
237	-0.964747	13.653794	5.999286	0.008841	11.7
238	-0.957403	13.912592	5.954815	0.005338	16.5
239	-0.979742	14.504394	5.855557	0.007578	27.8
240	-0.968833	14.687032	5.825590	0.004895	12.8
241	-0.975564	14.904436	5.790315	0.006077	14.2
242	-0.986199	15.007055	5.773813	0.006737	11.9
243	-0.965002	15.156157	5.750003	0.004225	14.7
244	-0.986525	14.957358	5.781793	0.008241	14.6
245	-0.936698	14.927135	5.786657	0.005128	13.7
246	-0.967417	14.706044	5.822488	0.005000	13.8
247	-0.965304	14.477622	5.859976	0.004537	20.6
248	-0.989768	14.369422	5.877902	0.005287	18.3
249	-0.955741	14.453243	5.864005	0.003904	17.1
250	-0.997959	14.428586	5.868087	0.008792	19.4
251	-0.983781	14.435062	5.867014	0.007623	13.6
252	-0.980959	14.147389	5.915034	0.007453	17.7
253	-0.997999	13.843371	5.966645	0.007897	14.5
254	-0.965055	14.038160	5.933474	0.006297	13.1
255	-0.972862	13.791894	5.975473	0.004872	12.0
256	-0.985364	13.540552	6.018954	0.006783	13.8
257	-0.987636	13.537341	6.019514	0.007546	12.9
258	-0.967898	14.365192	5.878605	0.005630	13.7
259	-0.963029	15.224735	5.739118	0.006029	12.2
260	-0.985670	15.143895	5.751954	0.006018	9.2
261	-0.944151	15.314767	5.724889	0.002420	10.9
262	-0.968834	15.190015	5.744623	0.004360	13.1
263	-0.987029	15.119927	5.755770	0.006906	12.5
264	-0.987352	15.498899	5.696008	0.007273	14.3
265	-0.987300	15.206438	5.742018	0.004389	17.4
266	-0.966753	15.539390	5.689696	0.007822	16.0
267	-0.986371	15.521105	5.692544	0.006732	13.8
268	-0.959098	16.183397	5.591152	0.003728	17.0
269	-0.984817	16.049351	5.611381	0.006530	11.9
270	-0.969706	15.881577	5.636907	0.008240	12.4
271	-0.983179	15.693833	5.665748	0.008109	14.9
272	-0.993369	16.146501	5.596705	0.007768	14.6
273	-0.979840	15.957841	5.625275	0.005817	15.8
274	-0.979777	16.663237	5.519919	0.006342	13.5
275	-0.971836	16.821160	5.496870	0.008596	15.1
276	-0.998357	17.518126	5.397407	0.007387	13.7
277	-0.966532	17.220857	5.439386	0.004146	16.5
278	-0.985499	17.819177	5.355549	0.005693	11.6
279	-0.979271	17.662632	5.377234	0.007703	15.4
280	-0.996582	17.951067	5.337415	0.004072	12.9
281	-0.987022	18.197376	5.303876	0.006777	12.7
282	-0.973800	18.332709	5.285627	0.006580	17.9
283	-0.971136	18.042722	5.324885	0.006118	13.2
284	-0.957209	18.234321	5.298881	0.008964	17.1
285	-0.978112	17.939188	5.339043	0.008251	16.3
286	-0.961569	17.711006	5.370514	0.006250	16.0
287	-0.957779	18.540555	5.257842	0.004834	13.5
288	-0.962579	18.369834	5.280642	0.006350	12.5
289	-0.959933	18.603463	5.249491	0.002879	16.2
290	-0.989265	18.474427	5.266650	0.004547	11.7
291	-0.960832	18.335808	5.285210	0.007617	15.5
292	-0.970934	18.052643	5.323532	0.004648	9.3
293	-0.959413	18.516095	5.261097	0.007191	14.8
294	-0.972991	18.295138	5.290680	0.006023	13.0
295	-0.975747	18.142774	5.311274	0.007889	11.4
296	-0.948078	17.933359	5.339843	0.004306	12.4
297	-0.990861	17.676963	5.375241	0.006569	15.0
298	-0.975046	18.175631	5.306820	0.011024	10.0
299	-0.992686	17.939764	5.338964	0.005802	9.3
300	-0.988046	18.091653	5.318220	0.005126	9.5
301	-0.971446	18.001104	5.330567	0.005781	17.2
302	-0.969843	17.799528	5.358261	0.007184	12.9
303	-0.964407	17.921263	5.341502	0.006542	14.8
304	-0.952289	17.764143	5.363152	0.007830	10.7
305	-1.007751	17.548025	5.393221	0.006497	15.6
306	-0.984463	18.224899	5.300154	0.005032	18.1
307	-0.962785	18.268873	5.294219	0.006111	12.7
308	-0.967591	18.157668	5.309254	0.008824	11.2
309	-0.972636	18.891179	5.211629	0.003366	12.8
310	-0.965875	19.213732	5.169826	0.005078	12.1
311	-0.983303	19.210422	5.170252	0.005917	12.5
312	-0.985985	18.933202	5.206144	0.003873	9.2
313	-0.970352	18.959307	5.202743	0.008347	12.2
314	-0.980391	19.723905	5.105061	0.006833	11.6
315	-0.948506	19.492361	5.134253	0.007045	11.9
316	-0.953823	19.817060	5.093410	0.006172	11.1
317	-0.963853	19.604779	5.120038	0.004984	16.6
318	-0.958402	19.442629	5.140566	0.003945	11.8
319	-0.978677	19.367014	5.150195	0.005887	10.1
320	-0.964438	19.357290	5.151436	0.006098	11.1
321	-0.975161	19.234389	5.167172	0.005523	13.0
322	-0.986816	19.177973	5.174427	0.005679	18.2
323	-0.970525	19.069385	5.188450	0.007026	13.0
324	-0.973070	19.628208	5.117085	0.002933	15.3
325	-1.018425	19.520145	5.130732	0.008095	16.7
326	-0.979974	19.728861	5.104440	0.007662	14.0
327	-0.973202	20.680856	4.987854	0.004167	11.0
328	-0.979082	20.753078	4.979226	0.004293	12.6
329	-0.983927	20.990911	4.951024	0.006257	11.6
330	-0.966463	21.187841	4.927913	0.006674	12.6
331	-0.998236	22.036532	4.830733	0.005410	11.8
332	-0.965822	21.833088	4.853678	0.007838	14.4
333	-0.982838	21.555529	4.885335	0.004355	11.9
334	-0.978336	22.065430	4.827492	0.004112	12.9
335	-0.981055	22.321125	4.798998	0.007236	9.9
336	-0.978868	22.413761	4.788758	0.007971	20.5
337	-0.963288	23.391937	4.683238	0.007174	13.3
338	-0.966780	23.107993	4.713386	0.006214	13.8
339	-0.989314	23.112380	4.712918	0.005670	12.8
340	-0.974033	23.135220	4.710479	0.006706	14.8
341	-0.969875	23.040792	4.720578	0.005482	8.6
342	-0.967647	22.970525	4.728122	0.007058	8.5
343	-0.964967	22.713984	4.755870	0.005206	8.7
344	-0.970501	22.600644	4.768232	0.008370	12.5
345	-0.993043	23.330989	4.689677	0.003195	17.7
346	-0.963983	23.329986	4.689783	0.004146	12.5
347	-0.988947	23.275168	4.695589	0.005231	12.3
348	-0.986994	23.059502	4.718574	0.004625	14.6
349	-0.970774	22.984847	4.726582	0.008074	12.0
350	-0.973220	22.955384	4.729751	0.005645	8.4
351	-0.982736	23.367138	4.685856	0.005899	8.8
352	-0.963665	23.677440	4.653311	0.004854	8.3
353	-0.983685	24.019861	4.617918	0.006010	8.5
354	-0.964525	24.257014	4.593719	0.004844	10.7
355	-0.964104	24.072964	4.612477	0.005275	9.3
356	-0.962447	24.348697	4.584432	0.007130	9.2
357	-0.978525	24.168555	4.602715	0.005103	8.4
358	-0.964742	23.942485	4.625868	0.004345	8.9
359	-0.982730	23.962972	4.623760	0.004006	9.1
360	-0.956888	24.087608	4.610979	0.006096	10.6
361	-0.986175	24.257880	4.593631	0.009419	8.5
362	-0.968716	23.973805	4.622647	0.007028	9.4
363	-0.970372	24.934706	4.525946	0.007525	8.4
364	-0.961666	25.165083	4.503360	0.011074	8.3
365	-0.969485	24.965090	4.522954	0.007541	9.3
366	-0.960664	25.963661	4.426785	0.007732	10.6
367	-0.953937	25.657712	4.455812	0.008694	8.4
368	-0.984240	25.669688	4.454669	0.007552	8.3
369	-0.984635	26.060973	4.417631	0.005615	9.5
370	-0.983008	25.797470	4.442505	0.010634	8.8
371	-0.955435	25.536717	4.467397	0.006157	11.5
372	-0.994856	25.570708	4.464137	0.011146	10.0
373	-0.970581	25.425485	4.478101	0.007715	9.4
374	-0.962323	25.126178	4.507159	0.007207	9.0
375	-1.003165	25.591104	4.462183	0.006480	8.7
376	-0.960694	25.945859	4.428463	0.005006	9.6
377	-0.968824	25.712215	4.450613	0.004903	11.2
378	-0.971288	25.625877	4.458855	0.005207	9.2
379	-0.947727	25.949265	4.428142	0.005777	9.8
380	-0.985478	25.826819	4.439721	0.005256	9.2
381	-0.982358	25.768389	4.445268	0.005710	8.8
382	-0.974610	25.514175	4.469562	0.004247	12.7
383	-0.985150	25.502268	4.470707	0.008762	9.4
384	-0.967776	25.253525	4.494749	0.003546	9.2
385	-0.945717	25.470886	4.473726	0.004413	9.3
386	-0.975136	25.365797	4.483866	0.007038	9.8
387	-0.978563	25.142392	4.505575	0.005558	11.5
388	-0.964016	24.927412	4.526665	0.004424	8.8
389	-0.964331	25.396899	4.480860	0.007772	9.9
390	-0.973816	25.252479	4.494851	0.005480	8.6
391	-0.981417	25.167500	4.503125	0.005986	9.4
392	-0.977648	25.234166	4.496632	0.004676	11.7
393	-0.972854	24.984484	4.521047	0.007229	9.2
394	-0.952805	25.117026	4.508053	0.006544	8.8
395	-0.979391	24.932314	4.526182	0.007769	8.6
396	-0.992568	24.661976	4.552979	0.003020	10.1
397	-0.962455	24.708247	4.548370	0.008755	8.5
398	-0.987841	24.552178	4.563953	0.004960	10.6
399	-0.958817	24.271842	4.592214	0.004089	8.8
400	-0.980387	24.124403	4.607219	0.007458	9.2
401	-0.973914	24.003246	4.619623	0.005510	8.3
402	-0.975957	24.080465	4.611709	0.007610	8.4
403	-0.980968	24.720487	4.547152	0.004727	9.9
404	-1.005250	25.145855	4.505237	0.008902	9.9
405	-0.972424	25.044407	4.515163	0.007124	8.6
406	-0.979904	25.707952	4.451020	0.006402	9.1
407	-0.989220	25.455250	4.475232	0.004550	9.7
408	-0.969041	25.572313	4.463983	0.006803	8.7
409	-0.977649	25.416597	4.478958	0.009555	10.7
410	-0.996522	25.155127	4.504332	0.009328	9.7
411	-0.996214	26.149025	4.409381	0.008194	9.1
412	-0.967608	27.076215	4.324342	0.004392	8.6
413	-0.957248	27.107538	4.321527	0.005560	10.5
414	-0.966823	27.083378	4.323698	0.006957	9.7
415	-0.991575	27.373727	4.297746	0.008518	9.9
416	-0.959529	27.218331	4.311597	0.006724	8.7
417	-0.975171	28.111878	4.233151	0.005800	10.3
418	-0.959538	28.152668	4.229638	0.008191	9.8
419	-0.997549	28.954731	4.161728	0.004158	8.9
420	-0.948806	28.859950	4.169639	0.007240	11.8
421	-0.978069	28.994167	4.158445	0.006072	9.1
422	-0.983490	29.166337	4.144174	0.004726	10.0
423	-0.978132	29.448954	4.120958	0.008229	8.9
424	-0.980159	29.286156	4.134299	0.007770	8.7
425	-1.001693	29.790689	4.093231	0.006677	8.8
426	-0.974666	29.515629	4.115519	0.012613	10.5
427	-0.995829	29.331120	4.130606	0.004836	9.9
428	-0.988655	29.103999	4.149330	0.007227	9.0
429	-0.991700	29.350990	4.128976	0.005337	9.0
430	-0.983335	30.027863	4.074206	0.008251	8.8
431	-0.968266	29.903910	4.084127	0.005335	12.8
432	-0.987531	30.646950	4.025369	0.006269	9.0
433	-0.974555	30.937532	4.002847	0.004526	8.7
434	-0.971595	30.686970	4.022252	0.005327	9.6
435	-0.995883	30.567314	4.031585	0.005419	9.0
436	-0.968807	30.894452	4.006170	0.006272	10.1
437	-0.991618	30.678368	4.022921	0.005725	10.7
438	-0.961022	30.877964	4.007443	0.006098	9.6
439	-0.974025	31.058244	3.993566	0.004394	9.1
440	-0.972908	31.013491	3.997002	0.006545	8.9
441	-0.976849	31.289769	3.975883	0.004551	9.7
442	-0.965931	31.340801	3.972007	0.007528	11.1
443	-0.950765	31.538702	3.957045	0.002846	8.6
444	-0.994928	31.729651	3.942715	0.005065	9.5
445	-0.956428	31.786471	3.938471	0.005122	9.0
446	-0.979178	31.750158	3.941183	0.004712	8.6
447	-0.950540	31.892493	3.930577	0.008190	11.6
448	-0.983718	32.039383	3.919691	0.005450	10.0
449	-0.981115	31.855085	3.933359	0.005382	8.7
450	-0.986059	31.577944	3.954092	0.006111	8.7
451	-0.963681	31.703962	3.944637	0.005505	9.5
452	-0.993586	31.938301	3.927176	0.003394	10.8
453	-0.961273	31.843748	3.934203	0.006372	9.2
454	-0.979187	31.800992	3.937388	0.005931	8.8
455	-0.988266	32.074656	3.917086	0.007861	9.5
456	-0.981849	31.810771	3.936659	0.011543	8.7
457	-0.975779	32.810089	3.863551	0.003853	8.6
458	-0.993036	32.778078	3.865850	0.004702	12.6
459	-0.979423	32.889247	3.857876	0.005977	8.8
460	-0.966229	32.837976	3.861550	0.009597	8.9
461	-0.967988	33.192812	3.836265	0.004456	9.3
462	-0.985557	32.993470	3.850429	0.006740	9.8
463	-0.970858	33.050120	3.846393	0.006202	12.3
464	-0.967037	32.813652	3.863295	0.005808	9.1
465	-0.985486	33.054748	3.846064	0.006947	10.3
466	-0.959815	33.166766	3.838110	0.006634	8.9
467	-0.972441	33.473346	3.816509	0.005989	8.6
468	-0.982812	33.437399	3.819029	0.003409	14.4
469	-0.970174	33.758787	3.796615	0.005107	12.4
470	-0.953733	33.759898	3.796538	0.004440	8.8
471	-0.969987	33.569033	3.809817	0.004251	14.3
472	-0.979115	33.605873	3.807246	0.005806	11.2
473	-0.958291	33.565796	3.810043	0.005536	10.4
474	-0.967338	33.349892	3.825178	0.007706	9.8
475	-0.969933	33.503796	3.814377	0.006896	10.0
476	-0.990419	33.672296	3.802621	0.007295	9.1
477	-0.965031	33.401252	3.821567	0.005380	12.8
478	-0.959730	33.322289	3.827122	0.005255	9.6
479	-0.990810	33.527914	3.812690	0.007175	8.7
480	-0.948603	33.334076	3.826291	0.006826	8.6
481	-0.948750	33.107200	3.842335	0.010676	8.6
482	-0.961109	32.814126	3.863261	0.004932	10.0
483	-0.965330	33.330305	3.826557	0.011017	11.6
484	-0.978533	33.037722	3.847276	0.006350	11.5
485	-0.981138	33.872400	3.788754	0.006285	11.4
486	-0.971093	34.023069	3.778379	0.003317	8.6
487	-0.971145	33.975192	3.781670	0.005064	9.5
488	-0.984491	33.826526	3.791924	0.005869	10.7
489	-0.963281	33.822005	3.792237	0.005526	9.3
490	-0.987607	33.833712	3.791427	0.006677	8.8
491	-0.989337	33.669236	3.802834	0.010655	15.2
492	-0.972776	34.615638	3.738121	0.005991	46.0
493	-0.977266	34.369901	3.754712	0.006162	24.6
494	-0.972864	34.841623	3.722994	0.005427	19.3
495	-0.977426	34.818486	3.724537	0.008112	11.6
496	-0.965636	35.714729	3.665679	0.003145	9.7
497	-0.984289	35.563218	3.675498	0.008178	11.3
498	-0.967186	35.486351	3.680500	0.006378	9.3
499	-0.997622	35.183090	3.700366	0.006487	9.9
500	-0.976492	35.883719	3.654789	0.007055	8.5
501	-0.961858	36.348984	3.625138	0.003928	8.2
502	-0.956351	36.386175	3.622789	0.010597	11.7
503	-0.969503	36.950822	3.587490	0.005241	8.5
504	-0.989837	37.156174	3.574823	0.007427	8.0
505	-0.974824	36.885704	3.591526	0.003819	8.4
506	-0.966657	36.723877	3.601595	0.006859	8.2
507	-0.966093	36.546920	3.612670	0.002610	8.4
508	-0.965788	36.606043	3.608962	0.005923	10.6
509	-0.960855	36.582068	3.610464	0.005962	8.2
510	-0.966349	36.385422	3.622837	0.006158	8.1
511	-0.958934	37.019308	3.583256	0.008465	8.3
512	-0.969723	37.085557	3.579169	0.005827	8.2
513	-0.977497	36.838347	3.594467	0.007399	8.3
514	-0.998268	36.559703	3.611867	0.005571	10.2
515	-0.994832	37.313820	3.565158	0.005589	8.4
516	-0.955026	37.134740	3.576141	0.005810	8.1
517	-0.973329	37.038236	3.582087	0.004756	8.2
518	-0.955257	36.786840	3.597670	0.007489	8.2
519	-0.939037	36.803948	3.596606	0.005890	8.2
520	-0.963028	36.614291	3.608445	0.004877	10.1
521	-0.949798	36.971417	3.586216	0.003713	8.1
522	-0.977285	36.831387	3.594899	0.008106	8.4
523	-0.963174	36.948183	3.587654	0.009322	8.5
524	-0.967128	36.646571	3.606425	0.006152	8.9
525	-0.961110	36.526123	3.613976	0.004129	9.0
526	-0.979100	36.367004	3.624000	0.005569	9.4
527	-0.983399	36.625274	3.607757	0.003181	8.6
528	-0.989430	36.498819	3.615692	0.005453	8.4
529	-0.957797	36.344717	3.625408	0.005545	8.5
530	-0.977664	36.310590	3.627567	0.006520	8.6
531	-0.990747	36.709051	3.602520	0.006442	10.9
532	-0.979326	36.430878	3.619969	0.005912	8.8
533	-0.986671	36.141129	3.638325	0.005068	8.7
534	-0.967604	36.474078	3.617248	0.003957	8.8
535	-1.005683	36.453001	3.618575	0.007017	8.6
536	-0.963921	36.276034	3.629756	0.005272	9.2
537	-0.993220	36.508757	3.615067	0.007772	11.9
538	-0.966992	36.507588	3.615140	0.004851	8.7
539	-0.957232	36.258151	3.630889	0.004772	8.7
540	-0.991008	36.035022	3.645094	0.008656	8.9
541	-0.973135	36.246510	3.631628	0.004642	9.1
542	-0.988968	36.044489	3.644489	0.007217	9.3
543	-0.971235	35.791362	3.660733	0.003563	10.4
544	-0.986552	35.755837	3.663024	0.008462	9.0
545	-0.958302	35.543833	3.676758	0.004677	9.2
546	-0.972871	36.186630	3.635430	0.005613	9.0
547	-0.973969	36.011311	3.646610	0.003703	8.5
548	-0.987603	36.109690	3.640328	0.005592	11.7
549	-0.963543	36.131420	3.638943	0.009120	8.9
550	-0.962094	36.009613	3.646718	0.004467	8.8
551	-0.983723	36.593854	3.609726	0.008798	8.8
552	-0.984309	36.956943	3.587111	0.005692	8.4
553	-0.958932	36.663826	3.605345	0.007280	8.5
554	-1.005643	36.395213	3.622219	0.008269	9.8
555	-0.980790	36.124170	3.639405	0.004771	8.6
556	-0.995026	35.832477	3.658085	0.010240	8.2
557	-0.993547	35.813838	3.659285	0.007593	8.1
558	-0.960556	35.550732	3.676310	0.009037	8.3
559	-0.982224	35.448203	3.682987	0.006668	8.2
560	-0.996657	36.396870	3.622114	0.004532	9.7
561	-0.981289	36.414068	3.621029	0.003823	8.2
562	-0.984923	36.454561	3.618477	0.006419	8.2
563	-1.005986	36.418710	3.620736	0.008494	8.1
564	-1.004122	36.575409	3.610882	0.006864	8.2
565	-0.984208	36.903212	3.590440	0.007207	8.1
566	-0.967507	36.653650	3.605982	0.005235	10.2
567	-0.975554	36.818097	3.595726	0.009023	8.6
568	-0.978435	36.861058	3.593056	0.006927	8.4
569	-0.973586	37.073535	3.579910	0.004376	9.0
570	-1.011357	37.023930	3.582970	0.006162	8.3
571	-0.999894	37.060712	3.580700	0.004798	11.3
572	-0.991663	37.210458	3.571489	0.007614	9.0
573	-0.987973	36.993757	3.584834	0.003360	8.6
574	-1.007425	36.741017	3.600526	0.006689	8.7
575	-0.974219	36.902229	3.590501	0.010531	9.1
576	-0.975583	37.870186	3.531465	0.006679	8.7
577	-0.967403	38.852775	3.473490	0.006000	12.1
578	-0.964371	39.179361	3.454640	0.005841	8.9
579	-0.969928	39.158529	3.455836	0.005305	9.2
580	-0.965091	38.914416	3.469916	0.006502	8.9
581	-0.987858	39.040784	3.462613	0.006676	8.4
582	-0.980053	39.518629	3.435273	0.008463	9.3
583	-0.976607	39.413613	3.441244	0.006567	10.0
584	-0.957798	40.214421	3.396226	0.004285	9.2
585	-0.981974	40.802675	3.363900	0.008022	8.9
586	-0.979011	41.026821	3.351744	0.005261	8.6
587	-0.979556	41.574074	3.322430	0.006682	9.0
588	-0.953911	41.376433	3.332958	0.009924	11.9
589	-0.975419	41.861536	3.307237	0.004020	8.6
590	-0.962980	42.399470	3.279176	0.005717	8.8
591	-0.975634	42.708033	3.263293	0.006753	8.7
592	-0.989388	42.466748	3.275700	0.006802	8.9
593	-0.960418	42.215729	3.288707	0.006767	8.6
594	-0.979831	42.170266	3.291074	0.010513	11.0
595	-0.983188	41.905646	3.304918	0.006204	8.8
596	-0.981058	41.673872	3.317140	0.006568	8.8
597	-0.980000	41.882910	3.306113	0.004148	8.8
598	-0.971435	41.835213	3.308623	0.006648	8.8
599	-0.986537	42.280443	3.285344	0.006337	11.6
600	-0.953502	42.151541	3.292050	0.005982	8.1
601	-0.988986	41.893843	3.305538	0.004265	8.9
602	-0.962990	41.771744	3.311968	0.005784	8.6
603	-0.966324	41.752059	3.313007	0.007059	8.7
604	-1.015144	41.563759	3.322978	0.004628	8.7
605	-0.977905	42.027664	3.298520	0.006083	11.6
606	-0.970160	42.686583	3.264393	0.005444	9.1
607	-0.975724	42.960383	3.250418	0.003547	8.6
608	-0.979470	43.292228	3.233641	0.003457	8.5
609	-0.981355	43.211265	3.237719	0.005460	8.4
610	-0.982416	43.193455	3.238617	0.008225	11.9
611	-0.979860	42.932856	3.251818	0.005867	9.0
612	-0.967125	42.920697	3.252436	0.006508	8.9
613	-0.986577	42.923277	3.252305	0.006459	8.4
614	-0.974742	42.639088	3.266829	0.005758	8.7
615	-0.983238	42.515391	3.273191	0.005543	8.7
616	-0.967954	42.430029	3.277596	0.004775	10.3
617	-0.984806	42.463177	3.275884	0.003646	8.3
618	-0.964441	42.566781	3.270545	0.003956	8.5
619	-0.962078	42.574391	3.270153	0.005461	8.7
620	-0.970297	42.409022	3.278682	0.008664	8.9
621	-0.956245	43.178199	3.239387	0.003523	9.5
622	-0.960152	43.878966	3.204398	0.005249	9.6
623	-0.967795	43.700727	3.213225	0.005860	8.6
624	-0.968571	43.440036	3.226224	0.004428	8.6
625	-0.978705	43.310340	3.232731	0.007328	8.7
626	-0.987147	44.065336	3.195219	0.009260	8.8
627	-0.968823	45.042778	3.147929	0.004448	9.7
628	-0.976623	44.780450	3.160483	0.005763	9.2
629	-0.959542	44.727629	3.163023	0.004700	8.7
630	-0.980405	44.787599	3.160140	0.003470	8.8
631	-0.963195	44.727634	3.163023	0.005725	8.5
632	-0.973730	44.711693	3.163790	0.005448	8.8
633	-0.959408	45.279496	3.136687	0.005459	9.0
634	-0.981981	45.190519	3.140903	0.005113	10.2
635	-0.969422	45.755671	3.114312	0.006848	8.8
636	-0.972667	45.895391	3.107808	0.004169	8.8
637	-0.963954	45.860883	3.109412	0.006809	9.0
638	-0.990557	45.639115	3.119759	0.006437	8.5
639	-0.984267	46.086601	3.098950	0.006271	8.9
640	-0.984767	45.829120	3.110890	0.006210	10.2
641	-0.964948	46.528328	3.078678	0.007150	8.7
642	-0.972662	47.303518	3.043738	0.004606	8.6
643	-0.956211	47.466666	3.036485	0.007362	9.1
644	-0.975697	47.345730	3.041858	0.007507	8.7
645	-0.948538	47.667073	3.027623	0.005740	8.7
646	-0.955218	48.434049	2.994180	0.003964	10.1
647	-0.943695	48.253571	3.001982	0.004855	8.9
648	-0.960725	48.216080	3.003609	0.005938	8.7
649	-0.973780	48.156449	3.006198	0.003506	8.7
650	-0.955354	48.076282	3.009687	0.007236	8.8
651	-0.965446	48.173224	3.005469	0.006491	11.5
652	-0.972717	48.233885	3.002836	0.005740	9.4
653	-0.961388	48.898938	2.974266	0.006508	13.3
654	-0.980286	48.802724	2.978365	0.006637	9.3
655	-0.967380	48.502485	2.991231	0.006280	8.8
656	-0.963824	48.699659	2.982769	0.006925	11.0
657	-0.965591	48.415944	2.994960	0.005624	8.5
658	-0.971429	48.537459	2.989727	0.007901	8.7
659	-0.981278	49.172413	2.962674	0.006095	8.5
660	-0.982362	49.944016	2.930452	0.005390	8.7
661	-0.989272	49.813198	2.935865	0.005182	9.4
662	-0.967748	49.928589	2.931089	0.006200	12.0
663	-0.970011	49.902615	2.932163	0.007495	9.0
664	-0.964864	50.655190	2.901367	0.008645	8.7
665	-1.005790	51.109638	2.883082	0.007642	9.2
666	-0.992988	50.809195	2.895145	0.005748	10.4
667	-0.982029	51.359586	2.873123	0.008847	12.1
668	-0.963318	51.396423	2.871661	0.007806	9.9
669	-0.987116	51.873787	2.852850	0.008487	8.6
670	-0.961415	51.571872	2.864719	0.004904	9.6
671	-0.985007	52.156847	2.841812	0.007829	8.7
672	-0.968380	51.907541	2.851530	0.006405	13.3
673	-0.971281	52.814577	2.816490	0.004798	9.2
674	-0.967387	52.974409	2.810404	0.008035	9.3
675	-0.963108	52.892590	2.813516	0.008076	9.9
676	-0.973629	52.846109	2.815287	0.005330	10.5
677	-0.976169	53.354246	2.796048	0.004959	11.6
678	-0.983430	53.596209	2.786978	0.005517	10.4
679	-0.970399	53.354989	2.796020	0.009774	10.7
680	-0.963269	53.152402	2.803658	0.004848	8.6
681	-0.963485	53.344921	2.796398	0.008018	9.5
682	-0.978325	53.219417	2.801127	0.005690	12.1
683	-0.968180	53.924784	2.774756	0.004722	8.8
684	-1.005156	53.697722	2.783191	0.004655	9.3
685	-0.962469	53.834710	2.778096	0.006974	10.7
686	-0.979004	54.255852	2.762549	0.009241	9.5
687	-0.953874	53.955680	2.773612	0.007078	17.5
688	-0.973915	53.797532	2.779477	0.004445	10.4
689	-0.960708	53.749909	2.781248	0.005468	14.3
690	-0.948194	54.012018	2.771529	0.005242	9.1
691	-0.967305	53.829705	2.778282	0.006797	11.7
692	-0.974280	53.915893	2.775085	0.008494	10.3
693	-0.971528	53.692754	2.783376	0.009236	9.3
694	-0.960808	53.386370	2.794840	0.005425	8.9
695	-0.978757	54.285076	2.761477	0.005635	10.4
696	-0.958937	54.324734	2.760023	0.006840	13.1
697	-0.970049	54.156036	2.766218	0.006659	8.9
698	-0.977641	54.119111	2.767578	0.008067	9.6
699	-0.975911	53.911654	2.775243	0.006558	10.2
700	-0.995739	53.776490	2.780259	0.007704	8.5
701	-0.985872	53.503699	2.790439	0.007402	11.5
702	-0.970992	54.376273	2.758136	0.009125	12.0
703	-0.993131	54.078034	2.769092	0.005234	10.2
704	-0.988897	53.814215	2.778857	0.005908	9.7
705	-0.978553	54.015000	2.771419	0.006446	8.4
706	-0.981971	53.875027	2.776600	0.007525	12.7
707	-0.997359	53.741641	2.781555	0.005597	10.1
708	-0.973553	54.072956	2.769280	0.007832	9.2
709	-0.966041	54.750138	2.744523	0.004839	10.6
710	-0.981545	54.492491	2.753890	0.007505	9.8
711	-0.985808	54.210142	2.764228	0.009599	11.5
712	-0.986055	53.908537	2.775358	0.005104	9.3
713	-0.979326	54.643665	2.748386	0.008395	8.7
714	-0.954229	54.419402	2.756559	0.009558	9.2
715	-0.970109	54.115269	2.767720	0.006217	10.1
716	-0.965985	53.860005	2.777157	0.007536	9.4
717	-0.970208	53.797282	2.779486	0.005376	10.0
718	-0.965174	53.574600	2.787786	0.004267	10.3
719	-0.960518	53.530017	2.789453	0.006931	9.1
720	-0.961471	53.355673	2.795994	0.008883	8.8
721	-0.989240	53.259380	2.799620	0.005198	8.9
722	-0.997575	53.304895	2.797905	0.006732	12.4
723	-0.981288	53.252282	2.799887	0.005311	8.8
724	-0.960235	53.218676	2.801155	0.008359	9.2
725	-0.972620	53.779501	2.780147	0.006082	10.4
726	-0.959289	53.502175	2.790496	0.005697	8.9
727	-0.958614	53.450202	2.792444	0.004785	9.0
728	-0.969929	53.435577	2.792992	0.004954	11.3
729	-0.972003	53.262995	2.799483	0.007167	9.8
730	-0.973729	53.948092	2.773893	0.010649	8.3
731	-0.962526	54.831661	2.741573	0.006373	9.5
732	-0.996679	54.562000	2.751357	0.010775	9.1
733	-0.974092	54.669999	2.747430	0.008594	10.6
734	-0.984848	54.578624	2.750751	0.003610	8.4
735	-0.985466	54.388894	2.757674	0.006366	9.4
736	-0.991757	54.244578	2.762963	0.007005	10.2
737	-0.974670	55.133221	2.730713	0.007738	8.7
738	-0.980902	55.187121	2.728782	0.008542	10.6
739	-0.949500	54.950487	2.737283	0.003511	10.1
740	-0.985192	54.765836	2.743955	0.005248	9.6
741	-0.980804	54.595306	2.750144	0.004988	9.7
742	-0.988811	54.520144	2.752882	0.004988	9.6
743	-0.945883	54.344635	2.759294	0.005482	9.0
744	-0.979481	54.348205	2.759163	0.005946	11.1
745	-0.959467	54.481319	2.754297	0.006555	10.5
746	-0.975853	55.258904	2.726213	0.010327	9.9
747	-0.966712	56.156427	2.694500	0.004964	8.7
748	-0.959285	57.103961	2.661811	0.004372	9.5
749	-0.987917	57.094576	2.662131	0.004898	12.6
750	-0.979863	57.089655	2.662299	0.009746	9.5
751	-0.954164	57.749007	2.640008	0.004306	9.5
752	-0.976195	57.660490	2.642979	0.007765	11.6
753	-0.953782	58.290224	2.621988	0.005094	8.9
754	-0.972445	58.613120	2.611354	0.006520	10.7
755	-0.968802	58.412685	2.617945	0.006322	9.8
756	-0.985245	58.242255	2.623575	0.007754	9.6
757	-0.975103	58.178070	2.625702	0.005889	9.6
758	-0.980331	58.002213	2.631547	0.012858	10.2
759	-0.983115	57.697913	2.641722	0.004327	11.6
760	-0.965558	57.525035	2.647538	0.006539	8.8
761	-0.961613	57.367623	2.652856	0.003926	9.9
762	-0.975796	57.737682	2.640388	0.006264	10.7
763	-0.987390	57.955289	2.633111	0.004443	8.7
764	-0.971649	57.801752	2.638241	0.006844	11.2
765	-0.961882	57.680048	2.642322	0.003555	9.6
766	-0.971058	57.494491	2.648568	0.005007	13.2
767	-1.001852	57.442317	2.650330	0.006170	12.2
768	-0.994645	57.692245	2.641912	0.005654	16.7
769	-0.962196	57.593575	2.645229	0.007807	14.3
770	-0.976488	57.297752	2.655223	0.004589	15.2
771	-0.976607	57.820425	2.637616	0.008373	19.2
772	-0.963596	57.540853	2.647005	0.004641	16.2
773	-0.978119	57.339359	2.653813	0.005910	15.0
774	-0.995944	57.161358	2.659857	0.005127	17.5
775	-0.986863	56.936204	2.667541	0.005397	14.0
776	-0.982903	57.127401	2.661013	0.011609	18.6
777	-0.968360	57.476587	2.649172	0.009987	80.3
778	-0.984490	58.063051	2.629522	0.004678	31.7
779	-0.981682	58.852820	2.603515	0.006342	19.8
780	-0.954935	58.628326	2.610855	0.006826	20.7
781	-0.959680	59.332808	2.587959	0.011584	10.8
782	-0.985913	60.288205	2.557542	0.004351	12.1
783	-0.962742	59.992759	2.566872	0.003722	11.2
784	-0.969489	60.176201	2.561071	0.008307	15.6
785	-0.978964	60.114625	2.563015	0.009729	20.0
786	-0.986152	59.807215	2.572765	0.013281	17.1
787	-0.978656	60.805938	2.541356	0.007483	19.1
788	-0.993115	60.580566	2.548377	0.003486	12.4
789	-0.963978	60.424965	2.553247	0.004268	11.3
790	-0.988643	60.495279	2.551044	0.004822	9.5
791	-0.971237	60.551392	2.549288	0.006737	10.1
792	-0.951900	60.435844	2.552905	0.007373	12.9
793	-0.994304	60.224806	2.559538	0.004813	9.7
794	-0.958510	60.154913	2.561743	0.004387	10.3
795	-0.971763	60.169058	2.561296	0.007486	9.3
796	-0.982765	59.985759	2.567093	0.005371	15.7
797	-0.972160	60.717205	2.544116	0.005536	11.0
798	-0.958702	60.587300	2.548166	0.005980	9.9
799	-0.998417	60.559597	2.549032	0.004786	9.2
800	-0.976570	60.862925	2.539587	0.005778	10.7
801	-0.962905	60.714967	2.544185	0.005248	12.9
802	-0.969022	60.503165	2.550797	0.006996	10.0
803	-0.975805	60.898522	2.538483	0.007191	12.9
804	-0.984949	60.600501	2.547754	0.005707	10.4
805	-0.965798	60.969901	2.536273	0.005067	11.2
806	-0.976892	61.012018	2.534970	0.006281	9.2
807	-0.962495	60.947438	2.536968	0.005236	8.9
808	-0.972008	61.020205	2.534717	0.006083	10.6
809	-0.959446	61.314373	2.525659	0.005710	9.5
810	-0.957684	61.781348	2.511411	0.003433	8.9
811	-0.956724	61.792114	2.511085	0.004430	12.9
812	-1.001290	61.879120	2.508449	0.010078	9.6
813	-0.969179	61.978627	2.505440	0.007303	8.6
814	-0.987236	61.689997	2.514186	0.006509	9.4
815	-0.940481	61.895104	2.507965	0.007158	9.7
816	-0.951700	62.362731	2.493896	0.007281	10.9
817	-0.974056	62.169872	2.499679	0.005601	9.5
818	-0.972651	63.043965	2.473682	0.004456	10.4
819	-0.979991	62.792450	2.481107	0.005501	9.4
820	-0.980514	62.914145	2.477509	0.007436	8.7
821	-0.990647	62.852127	2.479341	0.004947	12.5
822	-0.964373	62.604656	2.486680	0.008190	9.3
823	-0.960209	62.397879	2.492845	0.009166	9.1
824	-0.990672	63.145004	2.470711	0.004123	9.2
825	-0.950216	63.520600	2.459732	0.006120	10.0
826	-0.978597	63.883765	2.449208	0.005660	11.4
827	-0.978339	64.583377	2.429187	0.006119	10.4
828	-0.962281	64.550592	2.430118	0.006304	9.8
829	-0.957968	64.292516	2.437471	0.005525	9.1
830	-0.967165	64.530505	2.430688	0.005706	9.1
831	-0.956179	64.869839	2.421083	0.007645	13.3
832	-0.986125	64.730455	2.425019	0.008544	8.8
833	-0.980937	64.589054	2.429026	0.005012	8.5
834	-0.965007	64.421935	2.433778	0.005707	9.1
835	-0.963596	64.157767	2.441328	0.008719	9.1
836	-0.995227	63.988150	2.446200	0.007170	8.4
837	-0.952672	64.207052	2.439916	0.011544	9.7
838	-0.962080	64.057490	2.444206	0.004827	9.3
839	-0.950118	63.774119	2.452376	0.005578	9.1
840	-0.979612	63.557425	2.458661	0.003742	8.2
841	-0.981047	63.752581	2.452999	0.007167	9.1
842	-0.974176	63.789909	2.451919	0.005746	9.2
843	-0.991042	64.126707	2.442218	0.008784	10.5
844	-0.977413	64.760664	2.424165	0.003337	8.6
845	-0.970293	64.488077	2.431895	0.009137	9.6
846	-0.970481	64.558042	2.429906	0.004836	9.9
847	-0.966729	64.320541	2.436670	0.005940	8.5
848	-1.001083	64.720820	2.425292	0.008344	10.5
849	-0.974741	65.442495	2.405044	0.005740	10.0
850	-0.990279	65.152447	2.413141	0.005315	9.0
851	-0.959791	64.990054	2.417698	0.006635	8.9
852	-0.963344	64.764992	2.424043	0.007846	11.4
853	-0.974743	65.694353	2.398057	0.005712	12.2
854	-0.993368	65.408763	2.405983	0.008165	11.3
855	-0.978090	66.007639	2.389422	0.005930	9.9
856	-0.950279	65.732772	2.396995	0.004564	9.4
857	-0.976144	65.869740	2.393216	0.006196	10.1
858	-0.993395	65.758518	2.396284	0.010339	8.8
859	-0.983809	65.551151	2.402025	0.010864	11.7
860	-0.979112	66.550816	2.374598	0.008370	10.5
861	-0.978554	66.244919	2.382924	0.004365	9.2
862	-0.999713	66.363809	2.379681	0.005080	8.8
863	-0.988538	66.470958	2.376766	0.008236	9.3
864	-0.997921	66.192505	2.384356	0.004432	12.2
865	-0.964704	65.958584	2.390770	0.006742	8.8
866	-0.970459	65.811196	2.394829	0.005211	9.1
867	-0.970988	66.536625	2.374983	0.005243	10.3
868	-1.004470	66.436225	2.377710	0.003387	11.1
869	-0.960481	66.243398	2.382966	0.006029	11.8
870	-0.974987	66.348761	2.380091	0.004611	8.6
871	-0.988047	66.810593	2.367573	0.004436	9.5
872	-0.970492	66.658573	2.371679	0.003989	9.3
873	-0.972821	66.907982	2.364950	0.007029	8.9
874	-0.983176	66.767045	2.368748	0.006463	10.2
875	-0.963707	67.504583	2.349008	0.007260	13.0
876	-0.996075	67.242494	2.355985	0.003936	13.9
877	-0.976066	67.452658	2.350387	0.005367	14.9
878	-0.980189	67.298346	2.354495	0.009002	14.3
879	-0.971145	67.078119	2.360382	0.006608	12.6
880	-0.975175	67.824983	2.340535	0.007184	13.9
881	-0.969326	67.532281	2.348273	0.006566	11.7
882	-0.975577	67.496614	2.349220	0.011706	13.3
883	-0.972621	67.254832	2.355656	0.003980	13.6
884	-0.969324	66.958653	2.363588	0.008137	12.4
885	-0.973657	67.478637	2.349697	0.006999	12.8
886	-0.976658	68.410961	2.325196	0.007240	11.5
887	-0.965928	69.241811	2.303788	0.006778	13.9
888	-0.988625	69.297957	2.302356	0.005010	12.1
889	-0.994787	69.059966	2.308440	0.004489	11.9
890	-0.979428	68.984975	2.310364	0.008081	12.6
891	-0.982198	69.441387	2.298704	0.006835	13.2
892	-0.989171	69.252430	2.303517	0.006352	11.6
893	-0.996556	69.003969	2.309876	0.005281	12.1
894	-0.966394	68.793645	2.315286	0.007199	11.4
895	-0.967564	69.027213	2.309280	0.008624	14.8
896	-0.972556	69.669070	2.292932	0.006269	13.9
897	-0.964252	70.584475	2.270014	0.007469	11.8
898	-0.983263	70.794062	2.264831	0.005049	11.5
899	-0.972253	70.523606	2.271523	0.005830	13.9
900	-0.977914	70.515332	2.271729	0.004735	14.3
901	-0.960985	70.292633	2.277270	0.005393	12.5
902	-0.974762	70.519466	2.271626	0.006643	11.7
903	-0.961500	70.351810	2.275795	0.006197	14.6
904	-0.978667	70.156695	2.280666	0.004408	12.8
905	-0.958699	70.719616	2.266669	0.005281	12.0
906	-0.968432	71.175443	2.255460	0.007418	14.5
907	-0.963039	71.884738	2.238236	0.009850	13.4
908	-1.004506	71.577283	2.245670	0.008191	14.7
909	-0.969961	72.476845	2.224059	0.012026	11.6
910	-0.949437	72.679059	2.219258	0.004768	11.9
911	-0.981565	73.001096	2.211655	0.008590	13.4
912	-0.982372	73.013989	2.211352	0.007992	11.9
913	-0.956258	74.001600	2.188363	0.006063	11.7
914	-1.011339	73.709210	2.195119	0.003982	12.1
915	-0.969290	73.652527	2.196434	0.006069	11.2
916	-0.982294	74.020263	2.187933	0.005887	15.1
917	-0.971952	74.218980	2.183367	0.009281	12.3
918	-1.011008	74.918799	2.167438	0.007854	11.9
919	-0.962199	74.817985	2.169718	0.008158	10.9
920	-0.950749	74.511916	2.176671	0.007032	68.2
921	-1.011186	75.378359	2.157103	0.005853	14.1
922	-0.971872	75.993852	2.143414	0.004155	12.6
923	-0.968090	75.860673	2.146361	0.005332	15.1
924	-0.965525	75.748218	2.148856	0.007098	15.5
925	-0.995630	76.365764	2.135227	0.014159	60.8
926	-0.968171	76.059517	2.141964	0.006037	17.7
927	-0.970826	76.197952	2.138913	0.004997	14.2
928	-0.990632	76.261650	2.137513	0.007236	9.6
929	-0.984512	76.136839	2.140259	0.006483	9.9
930	-0.978096	76.771768	2.126360	0.007600	11.5
931	-0.957863	76.748361	2.126870	0.006026	9.3
932	-0.974258	76.994076	2.121537	0.003380	14.0
933	-0.985887	77.188154	2.117343	0.007889	9.8
934	-0.961465	77.128999	2.118619	0.005645	8.9
935	-0.994764	76.878382	2.124044	0.005434	13.7
936	-0.969783	76.610149	2.129881	0.005839	14.9
937	-0.978818	76.652052	2.128967	0.008402	11.8
938	-0.966923	76.517602	2.131902	0.006817	10.6
939	-0.980052	76.320552	2.136219	0.005659	9.5
940	-0.961809	76.083650	2.141432	0.006848	9.0
941	-0.957652	76.646286	2.129093	0.004675	15.1
942	-0.974969	76.381354	2.134885	0.005358	14.6
943	-0.994393	76.563328	2.130903	0.003549	14.8
944	-0.988449	76.412658	2.134199	0.004488	17.2
945	-0.970780	76.557111	2.131039	0.005575	11.0
946	-0.981186	76.642946	2.129166	0.006370	9.8
947	-0.975377	76.713013	2.127639	0.009466	9.4
948	-0.977317	77.420497	2.112345	0.006617	9.4
949	-0.995135	77.179207	2.117536	0.006417	13.0
950	-0.969422	77.869157	2.102759	0.005182	9.0
951	-0.999144	77.620628	2.108058	0.009379	8.9
952	-0.962965	77.317830	2.114550	0.006491	10.5
953	-0.961354	77.023005	2.120910	0.003943	9.5
954	-0.973925	76.924577	2.123042	0.004630	9.3
955	-0.966034	76.836067	2.124963	0.012275	12.1
956	-0.978714	76.885532	2.123889	0.006306	11.0
957	-0.987621	76.927600	2.122977	0.006426	9.2
958	-0.969642	76.890375	2.123784	0.004297	9.9
959	-0.958180	77.020236	2.120970	0.005873	10.0
960	-0.972139	77.059035	2.120131	0.005042	10.3
961	-0.979097	77.230899	2.116422	0.004494	10.1
962	-0.967599	77.180595	2.117506	0.007233	10.3
963	-0.982816	77.008488	2.121225	0.005123	10.2
964	-0.974958	77.658325	2.107253	0.006772	12.7
965	-0.972237	78.248871	2.094714	0.004700	9.9
966	-0.967881	78.130939	2.097206	0.004551	9.7
967	-0.983782	78.564812	2.088067	0.008671	11.0
968	-0.956627	78.385785	2.091828	0.006368	9.9
969	-1.002799	78.257676	2.094528	0.007340	11.9
970	-0.978316	78.137271	2.097072	0.005941	8.9
971	-0.981462	78.177236	2.096227	0.006341	9.2
972	-0.986755	78.517074	2.089069	0.005322	9.3
973	-0.972023	78.971608	2.079571	0.005199	10.2
974	-0.974242	79.208381	2.074657	0.006787	9.5
975	-0.974264	79.400349	2.070690	0.004197	11.0
976	-0.965212	79.350505	2.071719	0.009880	10.0
977	-0.979423	79.173507	2.075379	0.005518	9.7
978	-0.978337	79.644345	2.065670	0.008330	8.7
979	-0.952175	80.462542	2.049012	0.006194	10.4
980	-0.991008	80.284333	2.052618	0.003932	12.1
981	-0.950353	80.659591	2.045041	0.005945	9.5
982	-0.967630	80.476410	2.048732	0.006567	9.3
983	-0.969345	80.402725	2.050221	0.006419	10.5
984	-0.976355	81.049435	2.037228	0.009888	9.2
985	-0.977586	81.743209	2.023472	0.003918	11.8
986	-0.960601	81.540779	2.027467	0.004972	9.9
987	-0.990077	81.610592	2.026087	0.005577	9.2
988	-0.955940	81.794020	2.022472	0.006616	8.8
989	-0.954012	81.635421	2.025597	0.005088	10.4
990	-0.982760	81.538330	2.027515	0.004837	11.6
991	-0.951548	81.422452	2.029809	0.005717	8.7
992	-0.988470	81.392129	2.030410	0.004979	8.9
993	-0.985726	81.416873	2.029920	0.003183	8.2
994	-0.968900	81.460777	2.029050	0.004263	9.6
995	-0.990160	81.565358	2.026981	0.006385	12.0
996	-0.974960	81.591211	2.026470	0.007367	8.4
997	-0.989561	82.123202	2.016016	0.006611	9.0
998	-0.960664	82.927032	2.000423	0.007100	9.2
999	-0.985864	83.521818	1.989039	0.004160	9.0
1000	-0.985176	83.305917	1.993156	0.007669	8.8
1001	-0.969280	83.453964	1.990331	0.007044	10.8
1002	-0.980850	84.378094	1.972877	0.005204	9.9
1003	-0.966657	84.432724	1.971855	0.006607	8.9
1004	-0.968937	84.207102	1.976083	0.007031	9.2
1005	-0.978209	84.183307	1.976530	0.004301	10.2
1006	-0.983832	84.428495	1.971934	0.006698	10.6
1007	-0.960325	84.396664	1.972529	0.006424	8.5
1008	-0.980842	85.200477	1.957600	0.009472	10.0
1009	-0.969970	86.030110	1.942425	0.005097	9.2
1010	-0.980288	86.868571	1.927327	0.006657	8.9
1011	-0.958493	86.765870	1.929164	0.006478	12.2
1012	-0.970655	86.709506	1.930173	0.007159	10.3
1013	-0.975440	87.575089	1.914786	0.007236	8.9
1014	-1.001519	87.366370	1.918473	0.003846	9.1
1015	-0.971054	87.352657	1.918716	0.005863	9.8
1016	-0.947363	87.683977	1.912867	0.006480	14.2
1017	-0.981514	87.928330	1.908576	0.005495	18.6
1018	-0.984359	88.367441	1.900913	0.006260	16.3
1019	-0.969691	89.089702	1.888442	0.005471	25.3
1020	-0.986775	89.120219	1.887919	0.005522	18.3
1021	-0.989438	88.850186	1.892559	0.006011	24.2
1022	-0.977074	89.170140	1.887063	0.003955	16.0
1023	-0.969903	89.008678	1.889833	0.005541	15.2
1024	-0.986464	89.043461	1.889235	0.006056	16.6
1025	-0.991101	89.142840	1.887531	0.004895	22.5
1026	-0.978747	89.161004	1.887220	0.006423	17.4
1027	-0.964347	89.103001	1.888214	0.004308	8.3
1028	-0.972693	89.327143	1.884378	0.003598	18.0
1029	-0.988486	89.308823	1.884691	0.004962	17.9
1030	-0.968823	89.143775	1.887515	0.005640	16.1
1031	-0.982621	88.943257	1.890957	0.007043	18.2
1032	-0.964192	88.650524	1.896006	0.005365	17.7
1033	-0.962704	89.001208	1.889961	0.007072	18.6
1034	-0.950582	89.724305	1.877619	0.005653	18.2
1035	-0.977763	89.583360	1.880012	0.006598	18.5
1036	-0.965624	89.306484	1.884731	0.007219	15.7
1037	-0.959872	89.861766	1.875290	0.007750	12.9
1038	-0.976620	89.604438	1.879653	0.006577	14.5
1039	-0.954370	89.504760	1.881349	0.007189	17.3
1040	-0.976367	89.210264	1.886376	0.005562	14.9
1041	-0.976929	89.574087	1.880169	0.005843	14.7
1042	-0.971380	89.543567	1.880688	0.008164	11.2
1043	-0.967672	89.374628	1.883567	0.004199	10.4
1044	-0.963902	89.223394	1.886151	0.006611	12.6
1045	-0.981182	89.211638	1.886353	0.004746	8.7
1046	-0.970163	88.963593	1.890608	0.004936	9.0
1047	-0.971413	88.864042	1.892321	0.003476	9.1
1048	-0.950009	88.772792	1.893894	0.008742	8.4
1049	-0.975602	89.412321	1.882924	0.006078	9.3
1050	-0.979376	89.616889	1.879442	0.006151	9.2
1051	-0.986572	90.242686	1.868869	0.004198	8.9
1052	-0.958936	90.327885	1.867439	0.006957	8.6
1053	-0.978253	90.329127	1.867418	0.004461	8.5
1054	-0.973307	90.422274	1.865857	0.003701	8.8
1055	-0.967706	90.483613	1.864830	0.004442	11.0
1056	-0.958464	90.337043	1.867285	0.006775	8.5
1057	-0.979474	90.531275	1.864033	0.005129	8.4
1058	-0.978811	90.977973	1.856597	0.006527	8.2
1059	-0.954745	90.715269	1.860963	0.008448	8.7
1060	-0.933112	90.935124	1.857308	0.006953	8.5
1061	-1.003679	90.674243	1.861647	0.004131	11.1
1062	-0.970582	90.479322	1.864902	0.004944	8.8
1063	-0.982486	90.870050	1.858388	0.005623	8.6
1064	-0.959866	91.497780	1.848019	0.006483	9.6
1065	-0.993545	91.522388	1.847615	0.003937	14.6
1066	-0.970246	91.331505	1.850754	0.004742	13.0
1067	-0.965819	91.212358	1.852719	0.008701	12.4
1068	-0.984765	91.172334	1.853380	0.007973	13.8
1069	-0.974682	92.129253	1.837703	0.008005	16.2
1070	-0.991778	91.941713	1.840755	0.007191	13.9
1071	-0.987831	92.055175	1.838907	0.005366	15.1
1072	-1.000177	91.839924	1.842415	0.005579	9.1
1073	-0.987603	92.066974	1.838716	0.004411	11.0
1074	-0.975500	92.428541	1.832854	0.005990	16.5
1075	-0.974007	92.845602	1.826140	0.004843	15.8
1076	-1.004404	93.231374	1.819973	0.007460	8.7
1077	-0.980730	92.955884	1.824373	0.005686	9.3
1078	-0.987461	93.639800	1.813489	0.004891	13.5
1079	-0.970040	93.576502	1.814491	0.007759	14.4
1080	-0.979569	93.301254	1.818860	0.005208	14.2
1081	-0.970024	93.081362	1.822366	0.004880	16.6
1082	-0.959600	92.891613	1.825402	0.008061	17.8
1083	-0.973651	92.774073	1.827288	0.004754	14.6
1084	-0.979039	93.160942	1.821096	0.004737	11.0
1085	-0.990972	93.371469	1.817744	0.005583	11.8
1086	-0.979376	93.525734	1.815295	0.005895	8.4
1087	-0.984618	94.129295	1.805779	0.003027	8.4
1088	-0.974910	94.349609	1.802330	0.010287	12.0
1089	-0.964727	94.151931	1.805424	0.009085	14.1
1090	-0.965531	95.145448	1.789980	0.007781	14.2
1091	-0.950433	96.009380	1.776764	0.004306	9.8
1092	-0.960719	95.859126	1.779048	0.006143	9.0
1093	-0.972232	95.771037	1.780390	0.005374	12.0
1094	-0.977370	95.924509	1.778053	0.007235	13.0
1095	-0.974039	95.809370	1.779806	0.007173	19.2
1096	-0.986560	95.875134	1.778804	0.006046	9.5
1097	-0.987800	95.582892	1.783263	0.005878	8.5
1098	-0.961240	95.530006	1.784073	0.008487	8.5
1099	-1.002720	96.052908	1.776103	0.008239	11.9
1100	-0.963746	96.524276	1.768979	0.004897	10.1
1101	-0.963141	96.612875	1.767647	0.006647	8.8
1102	-0.997701	96.538308	1.768768	0.005418	8.7
1103	-0.954486	96.755738	1.765502	0.005378	9.6
1104	-0.972947	96.663513	1.766886	0.006679	15.1
1105	-0.964058	96.957549	1.762482	0.008226	17.7
1106	-0.984035	97.439625	1.755308	0.011963	15.0
1107	-0.960462	98.422695	1.740858	0.007599	13.3
1108	-0.993468	98.115580	1.745347	0.007394	22.4
1109	-0.981271	98.178888	1.744420	0.005469	9.6
1110	-0.951224	98.103464	1.745524	0.006814	12.5
1111	-0.984134	97.956614	1.747679	0.007396	19.1
1112	-0.987662	98.781622	1.735642	0.003293	17.3
1113	-0.978202	98.623915	1.737930	0.007369	15.9
1114	-0.940884	99.110802	1.730885	0.003832	18.4
1115	-0.963106	99.017516	1.732231	0.005021	16.0
1116	-0.967329	99.227739	1.729202	0.004463	12.5
1117	-0.968123	99.188580	1.729765	0.007940	11.5
1118	-0.981310	99.273911	1.728538	0.004032	14.5
1119	-0.953442	99.060843	1.731605	0.009628	16.6
1120	-0.980329	99.101575	1.731018	0.007030	8.9
1121	-0.968052	98.907766	1.733816	0.005917	10.9
1122	-0.974558	99.501784	1.725269	0.003534	11.8
1123	-0.975975	99.502442	1.725260	0.007040	8.8
1124	-0.975554	99.971254	1.718574	0.005908	12.5
1125	-0.976374	99.786212	1.721206	0.007030	15.7
1126	-0.976629	99.681683	1.722697	0.007655	11.7
1127	-0.994943	99.435503	1.726219	0.006859	8.3
1128	-0.975223	99.174536	1.729967	0.006601	12.3
1129	-0.967760	99.300239	1.728160	0.007831	15.9
1130	-0.976192	99.192066	1.729715	0.008924	9.6
1131	-0.970728	100.180941	1.715600	0.005186	10.0
1132	-0.965684	99.966739	1.718638	0.008936	8.5
1133	-0.983541	100.872704	1.705862	0.005807	8.5
1134	-1.006051	101.766417	1.693444	0.004373	9.0
1135	-0.969036	101.511044	1.696974	0.006465	8.7
1136	-0.961030	101.740831	1.693797	0.007030	14.3
1137	-1.000192	102.581994	1.682268	0.007928	14.1
1138	-0.989204	102.821681	1.679011	0.005938	8.7
1139	-0.984561	102.532559	1.682941	0.010677	11.4
1140	-0.991964	102.251062	1.686785	0.008978	9.3
1141	-0.987792	102.287201	1.686290	0.005283	10.5
1142	-0.965002	102.870612	1.678348	0.007555	8.3
1143	-0.980320	103.079628	1.675521	0.006601	9.4
1144	-0.972581	103.446483	1.670582	0.006549	8.8
1145	-0.993134	103.632018	1.668095	0.009648	8.8
1146	-0.971491	104.572994	1.655595	0.007695	9.1
1147	-0.987061	105.075517	1.648996	0.003991	11.6
1148	-0.966141	105.483778	1.643673	0.005812	8.5
1149	-0.969124	105.391964	1.644867	0.006009	8.5
1150	-0.971401	105.118324	1.648436	0.007833	8.6
1151	-0.954703	105.315899	1.645858	0.009742	11.5
1152	-0.982069	106.245233	1.633837	0.006541	17.0
1153	-0.968478	107.118929	1.622695	0.003141	10.0
1154	-0.996287	106.969400	1.624592	0.009934	9.4
1155	-0.967776	106.806265	1.626665	0.004368	9.5
1156	-0.993286	107.511741	1.617736	0.003233	8.8
1157	-0.978879	107.485689	1.618064	0.006396	10.5
1158	-0.978275	107.443562	1.618594	0.006913	9.2
1159	-0.974740	108.147361	1.609774	0.003995	8.3
1160	-0.974031	108.055848	1.610915	0.008920	8.5
1161	-0.991585	108.174908	1.609430	0.009677	8.2
1162	-0.960737	108.967585	1.599614	0.003620	9.8
1163	-0.962590	109.676579	1.590936	0.006161	10.9
1164	-0.969566	110.171019	1.584939	0.013661	8.3
1165	-0.986302	111.165803	1.573009	0.010868	9.4
1166	-0.977078	112.165748	1.561197	0.006242	9.2
1167	-1.005186	113.075356	1.550606	0.006747	9.1
1168	-0.959230	113.470618	1.546048	0.003963	9.4
1169	-0.954452	113.454311	1.546235	0.008029	10.0
1170	-0.949739	113.804091	1.542223	0.004677	8.4
1171	-0.981832	113.738247	1.542977	0.007347	9.5
1172	-0.968219	113.831565	1.541909	0.006017	9.1
1173	-0.975853	113.857235	1.541616	0.007624	8.8
1174	-1.006968	113.730133	1.543070	0.003841	9.4
1175	-0.968843	113.853732	1.541656	0.006991	11.1
1176	-0.966212	113.944093	1.540623	0.009821	8.7
1177	-0.976060	113.818980	1.542053	0.009087	8.5
1178	-0.999034	113.655439	1.543926	0.004554	9.5
1179	-0.970602	114.205971	1.537639	0.004044	8.5
1180	-0.966923	114.063511	1.539261	0.005718	8.8
1181	-0.979482	113.990287	1.540096	0.004895	10.4
1182	-0.953306	113.911141	1.541000	0.006656	9.5
1183	-0.971391	113.837296	1.541843	0.005438	8.6
1184	-0.975640	114.063435	1.539262	0.007432	8.7
1185	-0.943890	114.011774	1.539851	0.007814	9.5
1186	-0.936483	114.343317	1.536079	0.003438	10.8
1187	-0.949507	114.231844	1.537345	0.003709	9.5
1188	-0.957121	114.187615	1.537848	0.007742	8.9
1189	-0.959913	114.098857	1.538858	0.004988	9.1
1190	-0.976872	113.820100	1.542040	0.007332	9.0
1191	-0.983267	114.402374	1.535409	0.005242	8.6
1192	-0.959686	114.177033	1.537968	0.006003	11.8
1193	-0.961688	114.197324	1.537738	0.007976	8.5
1194	-0.985598	114.947892	1.529248	0.004920	9.3
1195	-0.978324	114.687691	1.532180	0.004282	9.2
1196	-0.951710	114.569946	1.533511	0.003857	9.3
1197	-0.971341	114.467991	1.534665	0.006360	11.0
1198	-0.951903	114.225813	1.537414	0.007418	8.9
1199	-0.986338	115.006261	1.528591	0.006436	9.6
1200	-0.953856	115.879809	1.518836	0.007172	8.7
1201	-0.966997	115.583915	1.522127	0.004608	8.7
1202	-0.954894	115.536576	1.522654	0.004325	8.7
1203	-0.957569	115.408985	1.524079	0.005224	11.0
1204	-0.962924	115.672029	1.521145	0.007320	8.9
1205	-0.949444	116.101856	1.516376	0.004115	8.8
1206	-0.960065	115.933475	1.518241	0.005713	10.1
1207	-0.961702	116.307832	1.514102	0.005109	9.1
1208	-0.958972	116.445908	1.512581	0.005054	11.1
1209	-0.994110	116.865483	1.507977	0.006466	11.4
1210	-0.965295	117.310464	1.503126	0.003863	16.9
1211	-0.979343	117.252338	1.503758	0.005656	11.3
1212	-1.004704	117.373687	1.502439	0.005416	19.0
1213	-0.980552	117.471332	1.501379	0.006492	18.7
1214	-0.959173	117.440126	1.501718	0.011203	10.2
1215	-0.991373	118.404125	1.491333	0.007593	10.9
1216	-0.985831	118.096603	1.494630	0.006235	21.4
1217	-0.981324	118.023050	1.495421	0.008359	16.6
1218	-0.971791	118.098787	1.494607	0.006262	13.8
1219	-0.968772	117.802417	1.497798	0.007304	17.1
1220	-0.964151	118.590492	1.489342	0.007458	11.2
1221	-0.980637	118.307702	1.492366	0.004388	13.8
1222	-0.957304	118.193653	1.493588	0.006791	15.8
1223	-0.960956	118.595484	1.489289	0.004851	18.2
1224	-0.985974	118.348486	1.491929	0.004262	13.4
1225	-0.978789	118.170934	1.493832	0.004410	15.9
1226	-0.977155	118.349841	1.491914	0.004116	19.4
1227	-0.974992	118.285200	1.492607	0.005347	13.1
1228	-0.971061	118.429271	1.491064	0.005111	17.2
1229	-0.954759	118.415148	1.491215	0.006680	17.5
1230	-0.978839	118.715365	1.488011	0.004708	14.6
1231	-0.956386	119.096294	1.483965	0.004961	10.8
1232	-0.973299	119.365861	1.481115	0.006452	12.8
1233	-0.950274	119.244123	1.482401	0.007269	20.6
1234	-0.955496	118.957710	1.485434	0.004523	9.7
1235	-0.963647	118.973454	1.485267	0.003596	12.1
1236	-0.967041	119.360673	1.481170	0.005126	14.5
1237	-0.991474	119.177508	1.483105	0.004225	12.1
1238	-0.975764	119.101219	1.483913	0.007013	10.0
1239	-0.998767	119.559207	1.479078	0.006318	8.5
1240	-0.982380	119.309104	1.481714	0.004264	9.1
1241	-0.962971	119.128700	1.483622	0.006293	11.7
1242	-1.003294	119.464418	1.480076	0.008886	17.3
1243	-0.939380	119.552110	1.479153	0.007373	8.7
1244	-0.993134	120.481329	1.469438	0.006544	10.8
1245	-0.969007	120.802106	1.466114	0.003084	8.6
1246	-0.994871	120.702031	1.467149	0.006243	9.3
1247	-0.985454	120.682218	1.467354	0.007706	10.5
1248	-0.958091	120.461520	1.469644	0.005253	9.0
1249	-0.973916	120.193666	1.472432	0.005888	8.2
1250	-0.991018	120.494995	1.469296	0.005789	8.4
1251	-0.966594	120.666680	1.467515	0.006801	12.3
1252	-0.979015	120.518937	1.469047	0.005109	16.7
1253	-0.971877	120.417328	1.470103	0.004725	8.3
1254	-0.951703	120.499222	1.469252	0.003709	10.5
1255	-0.977646	120.497288	1.469272	0.004200	9.3
1256	-0.967734	120.510169	1.469138	0.003985	9.1
1257	-0.960419	120.383216	1.470457	0.007553	11.8
1258	-0.966058	120.866583	1.465447	0.006873	8.7
1259	-0.959927	120.687753	1.467297	0.006467	8.7
1260	-0.963365	120.636908	1.467824	0.005060	8.4
1261	-0.955589	120.970643	1.464373	0.005703	8.6
1262	-0.962574	121.426499	1.459686	0.005637	8.8
1263	-0.961030	122.129484	1.452517	0.003563	10.9
1264	-0.950624	121.933494	1.454509	0.007117	8.6
1265	-0.952390	122.458367	1.449187	0.004257	8.5
1266	-0.970152	122.218339	1.451616	0.006831	8.4
1267	-0.981225	122.420442	1.449570	0.005890	8.6
1268	-0.954437	122.560760	1.448153	0.005848	11.1
1269	-0.969811	122.915431	1.444585	0.004536	8.4
1270	-0.988124	122.699301	1.446757	0.006255	8.7
1271	-0.960243	123.089334	1.442841	0.003180	8.7
1272	-0.974026	123.037387	1.443361	0.005937	9.8
1273	-0.979740	123.212114	1.441613	0.009166	8.7
1274	-0.987492	123.511373	1.438627	0.006671	11.2
1275	-1.001192	124.183512	1.431967	0.009191	13.0
1276	-0.969593	125.090533	1.423077	0.005160	13.7
1277	-0.955346	124.804100	1.425872	0.003261	8.6
1278	-0.976234	124.723873	1.426657	0.005150	14.5
1279	-0.961906	124.801212	1.425900	0.005204	10.4
1280	-0.977278	124.862984	1.425297	0.005748	8.8
1281	-0.954045	124.991767	1.424039	0.010644	11.9
1282	-0.969503	125.391132	1.420154	0.003390	15.7
1283	-0.972648	125.163901	1.422362	0.007620	12.8
1284	-0.955177	125.141133	1.422584	0.007816	9.2
1285	-0.974918	124.897974	1.424955	0.002647	9.1
1286	-0.980684	124.859123	1.425334	0.003926	12.7
1287	-0.980801	124.815713	1.425759	0.008311	19.7
1288	-0.943436	125.069055	1.423286	0.006390	10.0
1289	-0.973645	125.312433	1.420918	0.007316	8.9
1290	-0.945820	125.043792	1.423532	0.004256	9.0
1291	-0.971112	124.820239	1.425714	0.006731	13.1
1292	-0.983185	124.934581	1.424597	0.004574	19.5
1293	-0.963772	124.713194	1.426762	0.006966	8.5
1294	-0.984024	125.013332	1.423829	0.007839	12.3
1295	-0.950255	125.098320	1.423001	0.011817	16.1
1296	-0.968830	126.094722	1.413361	0.006564	12.6
1297	-0.972218	125.941901	1.414831	0.003798	8.4
1298	-0.961299	125.899349	1.415241	0.007356	9.7
1299	-0.981152	126.356328	1.410852	0.005812	8.8
1300	-0.965083	126.491045	1.409564	0.004449	8.7
1301	-0.981688	126.857830	1.406067	0.006736	11.8
1302	-0.934500	126.745240	1.407138	0.005894	11.8
1303	-0.953757	127.203628	1.402786	0.005976	15.1
1304	-0.965364	127.041831	1.404319	0.006355	11.0
1305	-0.974365	127.143450	1.403356	0.006115	11.2
1306	-0.988428	126.864852	1.406000	0.004967	8.7
1307	-0.984955	126.872731	1.405925	0.010702	8.3
1308	-0.960303	126.756228	1.407034	0.005617	8.4
1309	-0.966180	127.724270	1.397875	0.008030	8.3
1310	-0.956366	127.710586	1.398004	0.007471	14.6
1311	-0.979107	128.541845	1.390233	0.005151	13.8
1312	-0.971825	128.669728	1.389045	0.010287	10.5
1313	-0.991476	128.481415	1.390795	0.005206	9.2
1314	-0.971473	128.225476	1.393180	0.005431	8.5
1315	-0.986331	128.078798	1.394551	0.003530	11.0
1316	-0.975594	127.921308	1.396026	0.005670	8.5
1317	-0.986298	128.004212	1.395249	0.005595	8.6
1318	-0.992232	127.856185	1.396637	0.003829	8.6
1319	-0.994021	127.911959	1.396114	0.005597	8.9
1320	-0.966791	127.767427	1.397470	0.008987	17.0
1321	-0.964122	127.584503	1.399190	0.004566	12.6
1322	-0.991845	127.487022	1.400109	0.008261	9.1
1323	-0.977769	127.287057	1.401997	0.008541	9.2
1324	-0.979511	127.927817	1.395965	0.004782	8.4
1325	-0.961218	128.704896	1.388719	0.006566	11.1
1326	-0.977441	128.503291	1.390592	0.005778	8.6
1327	-0.982582	128.286992	1.392606	0.007016	8.7
1328	-0.955397	128.015575	1.395143	0.008889	8.3
1329	-0.980324	128.855638	1.387322	0.004514	8.7
1330	-0.986153	128.815921	1.387690	0.005128	8.1
1331	-0.959581	128.612421	1.389577	0.006784	10.6
1332	-0.978390	128.336522	1.392144	0.008179	8.2
1333	-0.988680	128.623648	1.389473	0.008148	8.2
1334	-0.985683	128.380883	1.391731	0.005721	8.6
1335	-0.967212	129.015579	1.385843	0.005570	8.4
1336	-0.970949	129.330628	1.382938	0.005356	8.7
1337	-0.991025	129.348279	1.382776	0.005309	10.2
1338	-0.979679	129.408395	1.382223	0.006222	8.7
1339	-0.963435	129.254305	1.383641	0.004090	10.0
1340	-0.941211	129.558989	1.380841	0.006069	8.9
1341	-0.970312	129.389873	1.382394	0.006050	9.5
1342	-0.986229	129.181046	1.384316	0.005926	11.0
1343	-0.961308	129.115569	1.384920	0.007274	10.4
1344	-0.949145	129.991977	1.376881	0.006947	13.5
1345	-0.967978	129.695528	1.379590	0.003782	16.6
1346	-0.989136	129.922617	1.377514	0.006386	13.6
1347	-0.984362	129.923477	1.377506	0.005759	10.3
1348	-0.945258	129.644031	1.380061	0.006817	9.1
1349	-0.983338	130.468108	1.372553	0.006593	9.1
1350	-0.986904	131.275161	1.365279	0.004697	12.5
1351	-0.980205	131.041274	1.367379	0.009632	16.8
1352	-0.981823	131.064166	1.367173	0.005234	11.5
1353	-0.975442	131.877450	1.359900	0.009679	9.8
1354	-0.968458	132.736593	1.352300	0.006375	12.5
1355	-0.966613	132.526420	1.354151	0.007398	16.1
1356	-0.962063	133.295998	1.347397	0.004885	12.4
1357	-0.967529	133.385989	1.346612	0.007232	11.5
1358	-0.971546	133.223506	1.348031	0.007805	13.5
1359	-0.988005	133.498480	1.345631	0.007028	16.8
1360	-0.963768	133.214146	1.348112	0.005878	12.1
1361	-0.984422	133.672842	1.344114	0.011625	10.4
1362	-0.975233	134.643311	1.335734	0.005491	9.4
1363	-0.965990	134.338528	1.338354	0.005807	11.5
1364	-0.973025	134.108558	1.340339	0.009153	11.2
1365	-0.966003	133.833915	1.342716	0.005280	13.4
1366	-0.971409	133.570136	1.345008	0.006825	8.8
1367	-0.976246	133.330307	1.347098	0.004649	12.5
1368	-0.965045	133.828834	1.342760	0.004991	12.3
1369	-0.982840	133.711142	1.343782	0.005971	9.6
1370	-0.957188	133.602196	1.344729	0.006326	9.2
1371	-0.967999	133.582487	1.344900	0.005476	9.7
1372	-0.990560	133.512999	1.345505	0.005282	12.0
1373	-0.944406	134.034756	1.340977	0.005214	18.3
1374	-0.958577	133.856679	1.342519	0.007376	11.0
1375	-0.975825	133.736324	1.343563	0.008322	10.7
1376	-0.972187	133.446747	1.346082	0.004807	9.1
1377	-0.962342	133.913802	1.342024	0.005761	12.6
1378	-0.988611	133.764660	1.343317	0.009576	8.5
1379	-0.981188	133.762684	1.343334	0.005895	8.3
1380	-0.977431	133.480538	1.345788	0.005698	10.8
1381	-0.946294	133.412113	1.346384	0.008419	14.8
1382	-0.938865	134.254971	1.339075	0.010430	11.2
1383	-0.972353	135.249773	1.330549	0.007092	11.3
1384	-0.978869	136.219145	1.322345	0.006346	10.4
1385	-0.962640	136.555078	1.319526	0.004346	10.1
1386	-0.983578	136.572248	1.319382	0.006013	10.0
1387	-0.979995	136.502106	1.319970	0.003788	10.5
1388	-1.004069	136.513499	1.319874	0.006499	8.6
1389	-1.004374	136.859578	1.316981	0.005441	8.4
1390	-0.982545	136.816509	1.317340	0.005910	8.6
1391	-0.965356	136.804135	1.317443	0.005562	8.5
1392	-0.956381	136.607745	1.319085	0.004245	8.6
1393	-0.998391	136.785376	1.317600	0.003418	10.8
1394	-0.998625	136.875880	1.316845	0.005474	8.8
1395	-0.977857	136.643704	1.318784	0.006027	8.3
1396	-0.967995	136.673567	1.318534	0.005893	9.0
1397	-0.956097	136.440811	1.320484	0.002102	8.8
1398	-0.981718	136.466052	1.320272	0.005054	10.2
1399	-0.977155	136.411632	1.320728	0.005679	9.4
1400	-0.965133	136.408537	1.320754	0.011510	8.7
1401	-0.956976	137.002839	1.315787	0.005972	8.6
1402	-0.993136	136.695842	1.318348	0.008594	8.8
1403	-0.977335	137.530497	1.311407	0.006973	8.4
1404	-0.966460	138.298906	1.305081	0.005631	9.3
1405	-0.976873	138.896677	1.300202	0.005770	9.6
1406	-0.999789	139.509045	1.295242	0.004767	8.7
1407	-0.953893	139.319874	1.296770	0.006207	10.9
1408	-0.980986	139.033472	1.299091	0.008464	16.1
1409	-0.987131	138.729876	1.301560	0.006928	14.1
1410	-0.978750	138.432380	1.303989	0.005572	10.8
1411	-0.982712	138.157988	1.306237	0.004119	10.5
1412	-0.994980	137.970625	1.307776	0.006445	12.5
1413	-0.967615	137.868710	1.308615	0.004583	14.1
1414	-0.988753	138.075474	1.306914	0.003246	16.6
1415	-0.955963	137.927986	1.308127	0.005157	11.7
1416	-0.953195	137.769584	1.309432	0.007692	10.3
1417	-0.962558	138.343358	1.304717	0.008503	16.9
1418	-0.958278	138.038585	1.307217	0.011292	15.0
1419	-0.966427	138.948974	1.299777	0.007756	18.0
1420	-0.962459	139.743245	1.293355	0.004335	17.4
1421	-1.000029	139.695985	1.293735	0.004260	10.0
1422	-0.953601	139.503626	1.295285	0.007082	14.6
1423	-0.963791	140.040704	1.290966	0.003640	16.1
1424	-0.968678	140.690409	1.285778	0.007758	15.3
1425	-0.975196	140.739139	1.285391	0.005785	16.2
1426	-0.968559	141.446635	1.279793	0.006981	11.2
1427	-0.976129	141.155120	1.282093	0.005667	9.2
1428	-0.975088	141.605638	1.278541	0.007613	14.4
1429	-0.976488	141.314034	1.280838	0.006061	17.3
1430	-0.959259	141.072376	1.282748	0.004648	10.7
1431	-0.973597	140.882885	1.284249	0.009267	9.2
1432	-0.964702	140.661350	1.286009	0.004981	14.0
1433	-0.972788	140.489903	1.287375	0.004469	14.9
1434	-0.980533	140.554625	1.286859	0.005700	11.5
1435	-0.983254	140.479009	1.287462	0.005949	9.8
1436	-0.996928	140.755188	1.285263	0.006368	9.5
1437	-0.974248	140.955548	1.283673	0.005730	16.1
1438	-0.955941	141.316752	1.280817	0.006069	14.3
1439	-0.975438	141.058763	1.282856	0.005151	16.4
1440	-0.966643	141.305305	1.280907	0.004963	16.4
1441	-0.967020	141.833598	1.276751	0.005208	9.2
1442	-0.960794	142.447129	1.271959	0.008829	13.9
1443	-0.968359	142.870791	1.268670	0.007007	12.5
1444	-0.985605	143.319430	1.265206	0.005883	11.4
1445	-0.984929	143.536400	1.263538	0.007689	10.1
1446	-0.975910	143.361866	1.264880	0.007941	8.6
1447	-0.941792	143.190005	1.266204	0.003832	8.5
1448	-0.958011	143.473694	1.264020	0.006719	9.2
1449	-0.982334	143.788828	1.261603	0.006541	9.2
1450	-0.985905	143.489588	1.263898	0.006789	12.2
1451	-0.989243	143.264267	1.265631	0.006420	11.1
1452	-0.963209	143.002163	1.267654	0.004578	15.5
1453	-0.968846	143.315352	1.265238	0.004866	10.8
1454	-0.963781	143.347078	1.264994	0.006226	14.6
1455	-0.978542	143.115172	1.266781	0.004424	9.2
1456	-0.969322	142.967963	1.267918	0.004893	10.0
1457	-0.956973	143.132155	1.266650	0.006144	8.3
1458	-0.961725	143.715609	1.262163	0.004478	8.7
1459	-0.953417	143.632201	1.262803	0.004217	11.4
1460	-0.975918	143.567190	1.263302	0.004675	10.1
1461	-0.980892	143.417284	1.264453	0.008354	9.7
1462	-0.963031	143.790800	1.261587	0.007715	8.3
1463	-0.957534	144.505223	1.256142	0.006208	9.0
1464	-0.993165	144.422613	1.256769	0.005434	12.0
1465	-0.962018	144.567424	1.255670	0.005473	8.9
1466	-0.972518	144.496718	1.256206	0.005230	8.5
1467	-0.969565	144.573929	1.255620	0.005282	10.6
1468	-0.960252	144.369736	1.257171	0.006654	9.8
1469	-0.984500	144.304671	1.257666	0.008298	8.7
1470	-0.968382	145.241147	1.250581	0.002875	11.3
1471	-0.970683	145.544981	1.248299	0.006380	9.3
1472	-0.981459	145.373604	1.249585	0.005619	8.7
1473	-0.981859	145.725138	1.246951	0.004404	8.7
1474	-0.976663	145.628130	1.247677	0.008438	9.3
1475	-0.992232	145.403626	1.249360	0.007739	11.2
1476	-0.985275	145.815286	1.246277	0.006673	10.3
1477	-0.972939	145.523251	1.248462	0.006864	11.5
1478	-0.951893	145.994290	1.244941	0.006002	13.6
1479	-0.961204	145.918966	1.245503	0.006374	9.7
1480	-0.971433	145.660268	1.247436	0.005929	16.4
1481	-0.958364	146.251507	1.243026	0.009279	15.2
1482	-0.987746	145.967912	1.245138	0.005190	11.2
1483	-0.985888	145.677881	1.247304	0.005619	15.0
1484	-0.984851	145.884260	1.245762	0.008835	15.9
1485	-0.969495	145.725208	1.246950	0.004638	10.3
1486	-0.996265	146.073414	1.244351	0.004737	13.5
1487	-0.985466	146.511696	1.241095	0.004945	15.4
1488	-0.976442	146.255695	1.242995	0.004028	15.8
1489	-0.984165	146.235944	1.243142	0.007599	15.7
1490	-0.958762	146.021354	1.244739	0.004165	11.4
1491	-0.984450	146.489530	1.241260	0.006185	9.2
1492	-0.976817	146.483668	1.241303	0.009085	10.1
1493	-0.972312	146.190167	1.243482	0.006065	8.2
1494	-0.969479	146.839998	1.238668	0.005550	10.9
1495	-0.985372	146.793222	1.239013	0.004434	13.3
1496	-0.985157	146.685995	1.239805	0.004295	11.8
1497	-0.979854	146.604094	1.240411	0.005916	14.1
1498	-0.969089	146.701430	1.239691	0.002679	15.9
1499	-0.974489	146.708638	1.239638	0.007162	8.6
1500	-0.973483	146.895113	1.238261	0.006698	8.9
1501	-0.968686	146.671208	1.239915	0.004047	14.1
1502	-0.973028	146.919619	1.238081	0.005075	16.5
1503	-0.989157	147.216367	1.235896	0.005052	9.7
1504	-0.974399	147.048459	1.237131	0.007067	9.0
1505	-0.977026	147.597199	1.233105	0.008086	8.9
1506	-0.973523	148.512242	1.226448	0.006358	9.8
1507	-0.969562	149.427059	1.219865	0.009554	11.3
1508	-0.958809	149.193452	1.221539	0.007253	14.5
1509	-0.977928	150.086663	1.215162	0.009922	10.9
1510	-0.967481	151.065991	1.208246	0.008255	10.6
1511	-0.974873	152.044535	1.201413	0.006986	9.0
1512	-0.975246	151.835090	1.202869	0.006239	8.1
1513	-0.963278	151.552476	1.204839	0.004109	8.4
1514	-0.964200	151.507723	1.205152	0.005824	8.1
1515	-0.972349	151.472841	1.205396	0.005502	8.7
1516	-0.972626	151.698749	1.203819	0.007588	8.7
1517	-0.995130	151.758468	1.203403	0.003637	14.0
1518	-0.960367	151.560144	1.204786	0.004830	13.6
1519	-0.987768	151.778153	1.203266	0.007275	8.3
1520	-0.985408	152.338429	1.199376	0.008107	11.6
1521	-0.974582	153.169544	1.193653	0.004256	12.3
1522	-0.963668	153.232565	1.193221	0.007304	9.9
1523	-0.955151	153.235639	1.193200	0.004684	9.9
1524	-0.971365	152.982666	1.194935	0.004198	8.3
1525	-0.958742	153.137355	1.193874	0.006707	8.2
1526	-0.987652	153.588457	1.190789	0.007487	9.1
1527	-0.953279	153.553473	1.191028	0.003156	10.4
1528	-0.983935	153.883342	1.188781	0.004679	8.9
1529	-0.953008	153.688815	1.190105	0.003136	8.4
1530	-0.982002	153.651610	1.190358	0.007330	8.6
1531	-0.974272	153.731370	1.189815	0.004533	8.6
1532	-0.954331	153.599543	1.190713	0.003613	11.9
1533	-0.989974	153.728916	1.189832	0.008143	9.1
1534	-0.965662	153.689930	1.190097	0.008982	8.6
1535	-0.941555	154.127584	1.187123	0.006213	8.7
1536	-0.986233	153.825318	1.189176	0.008583	8.4
1537	-0.972591	154.369570	1.185485	0.006833	8.5
1538	-0.972839	155.249978	1.179563	0.004947	12.4
1539	-0.970674	155.217462	1.179781	0.005241	8.8
1540	-0.978225	155.131140	1.180359	0.005641	8.5
1541	-0.976628	154.967272	1.181458	0.006675	9.4
1542	-0.981607	155.273230	1.179408	0.005602	9.4
1543	-0.991163	155.315646	1.179124	0.005705	19.2
1544	-0.951568	155.145474	1.180263	0.006619	11.2
1545	-0.968943	155.261473	1.179486	0.004932	12.5
1546	-0.965422	155.375415	1.178724	0.004276	10.5
1547	-0.981476	155.811371	1.175818	0.006488	17.1
1548	-0.973581	155.562438	1.177476	0.007946	14.0
1549	-0.962843	156.292925	1.172624	0.005623	10.4
1550	-0.955856	155.997433	1.174582	0.003553	19.9
1551	-1.016942	155.966373	1.174788	0.004810	11.9
1552	-0.978243	155.810831	1.175822	0.009256	11.9
1553	-0.973985	155.516969	1.177779	0.008559	9.6
1554	-0.981323	155.652797	1.176874	0.004963	13.1
1555	-1.001794	155.397435	1.178577	0.007834	15.5
1556	-0.988003	155.302937	1.179209	0.009170	13.1
1557	-0.950001	154.995854	1.181267	0.004737	16.2
1558	-0.956476	155.209055	1.179837	0.006103	16.2
1559	-0.958551	155.095135	1.180601	0.005826	9.1
1560	-0.976006	155.044178	1.180942	0.006033	11.9
1561	-0.981240	154.881552	1.182034	0.007615	14.6
1562	-0.964162	155.537065	1.177645	0.006464	13.8
1563	-0.941433	156.435182	1.171684	0.006193	9.9
1564	-0.981715	156.146811	1.173592	0.006948	12.8
1565	-0.990684	156.004987	1.174532	0.005588	14.6
1566	-0.948640	155.923548	1.175073	0.007890	13.9
1567	-0.967286	155.751230	1.176218	0.008225	9.2
1568	-0.997784	155.459249	1.178164	0.005457	8.4
1569	-0.980670	155.247962	1.179577	0.004328	8.5
1570	-0.968880	155.241044	1.179623	0.005845	12.1
1571	-0.996096	155.188923	1.179972	0.006857	18.4
1572	-0.958513	154.949693	1.181576	0.004696	9.5
1573	-0.989943	154.800875	1.182577	0.006138	9.4
1574	-0.971988	154.634176	1.183699	0.003416	8.3
1575	-0.993294	154.987629	1.181322	0.004468	10.7
1576	-0.971773	154.993539	1.181282	0.002609	8.3
1577	-0.965771	154.998524	1.181249	0.003660	9.4
1578	-0.937824	155.034783	1.181005	0.006692	8.2
1579	-0.970496	155.240654	1.179626	0.003551	8.5
1580	-0.983158	155.612778	1.177140	0.007472	8.5
1581	-0.976372	156.058281	1.174178	0.007146	13.4
1582	-0.984427	156.778661	1.169420	0.008451	14.4
1583	-0.988723	156.526890	1.171079	0.004013	11.0
1584	-0.975944	156.696638	1.169960	0.006118	8.4
1585	-0.979136	156.491635	1.171312	0.005443	9.9
1586	-0.973818	156.507938	1.171204	0.009152	10.2
1587	-0.968407	156.226728	1.173062	0.004796	9.0
1588	-0.978614	156.515150	1.171156	0.005146	9.5
1589	-0.972338	156.597917	1.170611	0.004024	8.7
1590	-0.975469	156.632576	1.170382	0.006494	9.0
1591	-1.011127	156.982479	1.168081	0.006665	8.8
1592	-0.985360	156.768347	1.169488	0.006151	11.7
1593	-0.987730	156.585188	1.170695	0.006647	8.6
1594	-0.978242	156.746655	1.169631	0.006171	8.5
1595	-0.982734	157.230865	1.166453	0.005819	9.2
1596	-0.979942	157.807789	1.162690	0.004668	9.0
1597	-0.967039	158.415426	1.158752	0.007311	11.5
1598	-0.962702	158.421874	1.158710	0.005285	9.6
1599	-0.970800	158.498365	1.158217	0.006535	8.6
1600	-0.962430	158.902268	1.155616	0.008185	9.9
1601	-0.946474	158.737528	1.156676	0.009378	11.9
1602	-0.982200	159.720342	1.150385	0.007702	18.9
1603	-0.964992	160.603246	1.144792	0.004185	12.1
1604	-0.990369	160.499851	1.145445	0.007418	13.7
1605	-1.005977	161.038371	1.142056	0.006482	14.0
1606	-0.974904	161.644090	1.138268	0.007815	14.0
1607	-0.967447	161.968847	1.136248	0.004902	10.3
1608	-0.952334	161.695354	1.137949	0.004093	12.5
1609	-0.975529	161.603939	1.138519	0.003989	13.5
1610	-0.989878	161.782923	1.137404	0.007445	12.9
1611	-0.958035	161.711409	1.137849	0.006719	9.0
1612	-0.998648	161.501138	1.139160	0.007034	10.7
1613	-1.001472	161.950834	1.136360	0.007952	8.4
1614	-0.946804	162.078037	1.135570	0.005631	12.3
1615	-0.980967	161.991611	1.136107	0.006542	17.3
1616	-0.976132	162.081752	1.135547	0.009183	11.6
1617	-0.971297	162.788348	1.131182	0.007661	10.0
1618	-0.948566	162.672850	1.131893	0.005684	10.7
1619	-0.993328	163.035577	1.129662	0.005968	15.2
1620	-0.963393	162.806324	1.131071	0.007159	11.8
1621	-0.972377	163.085380	1.129356	0.008662	8.1
1622	-0.983574	163.919008	1.124265	0.008809	9.5
1623	-0.972489	164.573081	1.120303	0.007228	8.3
1624	-0.981406	164.267837	1.122148	0.007462	12.3
1625	-0.969980	164.134867	1.122954	0.005379	17.6
1626	-0.990645	164.481541	1.120856	0.005373	11.7
1627	-0.955668	164.555328	1.120410	0.009802	10.2
1628	-0.982598	164.705543	1.119504	0.005203	8.1
1629	-0.951874	164.482357	1.120851	0.004214	10.8
1630	-0.982168	164.241486	1.122308	0.004787	8.4
1631	-0.967401	164.352068	1.121638	0.007762	8.8
1632	-0.960338	165.165701	1.116736	0.007265	8.2
1633	-0.970679	164.866608	1.118533	0.007190	10.6
1634	-0.975056	164.631399	1.119951	0.007563	15.2
1635	-0.950410	164.332842	1.121755	0.004734	14.1
1636	-0.968805	164.091130	1.123220	0.004650	8.1
1637	-0.979861	164.037611	1.123545	0.006001	10.3
1638	-0.961179	164.429584	1.121170	0.005730	8.2
1639	-0.965954	164.362431	1.121576	0.005511	8.6
1640	-0.959923	164.229032	1.122383	0.008870	9.1
1641	-0.988665	163.936381	1.124160	0.003793	9.2
1642	-0.949453	164.158737	1.122810	0.004009	8.3
1643	-0.956669	164.195114	1.122589	0.006589	8.7
1644	-0.961588	164.154579	1.122835	0.005179	9.0
1645	-0.966611	163.989762	1.123835	0.004150	9.0
1646	-0.986823	164.474274	1.120899	0.007506	10.0
1647	-0.987813	164.309939	1.121893	0.004933	9.1
1648	-0.999579	164.824798	1.118785	0.006273	9.0
1649	-0.960122	164.729803	1.119357	0.005019	8.6
1650	-0.966442	165.432410	1.115139	0.007323	8.4
1651	-0.959493	165.534056	1.114531	0.007611	11.0
1652	-0.968253	165.261205	1.116164	0.005820	8.7
1653	-0.961188	165.010361	1.117669	0.004942	8.9
1654	-0.957034	165.337611	1.115706	0.005259	8.7
1655	-0.970924	165.938425	1.112120	0.004308	8.8
1656	-0.969645	166.100776	1.111155	0.005577	8.7
1657	-0.971229	166.573563	1.108355	0.005099	9.5
1658	-0.966755	166.340338	1.109734	0.004831	9.8
1659	-0.967146	166.237818	1.110342	0.007486	9.2
1660	-0.959713	165.987026	1.111831	0.007173	12.2
1661	-0.970938	166.714534	1.107522	0.005460	17.7
1662	-0.979515	167.080097	1.105370	0.007164	10.6
1663	-0.980951	167.794265	1.101188	0.008037	10.1
1664	-1.005072	168.388315	1.097734	0.005167	8.8
1665	-0.962086	168.255588	1.098504	0.004075	9.2
1666	-0.978371	168.427585	1.097507	0.004629	8.9
1667	-0.969833	168.241494	1.098586	0.004890	9.0
1668	-0.977256	168.040323	1.099755	0.005116	13.5
1669	-0.962248	167.791754	1.101203	0.003554	14.5
1670	-0.973800	167.772027	1.101318	0.005589	9.9
1671	-0.994417	167.856247	1.100827	0.005338	9.7
1672	-0.975309	168.097999	1.099419	0.006234	10.4
1673	-0.973090	167.904596	1.100545	0.005341	10.4
1674	-0.971218	167.684828	1.101827	0.005161	9.5
1675	-0.970465	167.760059	1.101388	0.006986	8.2
1676	-0.981526	167.651443	1.102022	0.004347	9.4
1677	-0.987855	167.455175	1.103170	0.006857	8.9
1678	-0.977476	167.686104	1.101819	0.006577	12.2
1679	-0.966687	168.481005	1.097197	0.006406	9.1
1680	-0.996120	168.258544	1.098487	0.003975	17.5
1681	-0.980710	168.233146	1.098634	0.003725	11.6
1682	-0.983874	168.302880	1.098230	0.008053	12.6
1683	-0.961063	168.536700	1.096875	0.009412	9.0
1684	-0.966942	168.238793	1.098601	0.008766	8.7
1685	-0.961579	169.080699	1.093736	0.006745	8.9
1686	-0.947428	168.846669	1.095084	0.003216	33.3
1687	-0.972842	168.740290	1.095698	0.005945	11.0
1688	-0.957969	168.840637	1.095119	0.003986	8.5
1689	-0.948264	169.019478	1.094088	0.006660	9.5
1690	-0.971905	168.806906	1.095313	0.007565	8.6
1691	-0.971294	168.570088	1.096682	0.007671	9.0
1692	-0.981160	169.298826	1.092482	0.007825	11.1
1693	-0.960734	169.017665	1.094098	0.009576	8.3
1694	-0.965333	168.718030	1.095826	0.010583	8.4
1695	-0.972971	169.673377	1.090336	0.006360	8.3
1696	-0.952350	169.440744	1.091668	0.010131	8.5
1697	-0.962014	169.146245	1.093358	0.005528	10.7
1698	-0.986521	168.841696	1.095112	0.004595	9.1
1699	-0.966442	168.673778	1.096082	0.008062	8.1
1700	-0.946077	168.931522	1.094595	0.005409	10.0
1701	-0.969102	168.921819	1.094650	0.006843	9.5
1702	-0.963296	169.323691	1.092339	0.005458	8.3
1703	-0.978001	170.054541	1.088161	0.005056	11.6
1704	-0.943749	170.052977	1.088169	0.009501	8.3
1705	-0.972624	170.789397	1.083991	0.006475	11.1
1706	-0.986839	170.510560	1.085569	0.005036	17.1
1707	-0.973405	170.315043	1.086679	0.005751	12.3
1708	-0.969277	170.198610	1.087341	0.008470	10.3
1709	-0.963112	170.230152	1.087161	0.003450	11.4
1710	-0.987200	170.027184	1.088316	0.004068	10.1
1711	-0.984213	169.959242	1.088704	0.006138	8.5
1712	-0.970955	170.021710	1.088348	0.008189	8.6
1713	-0.978260	169.788588	1.089677	0.008616	10.0
1714	-0.983048	170.767126	1.084117	0.008831	8.9
1715	-0.945424	171.736881	1.078662	0.008507	8.5
1716	-0.995144	172.364572	1.075161	0.011152	8.4
1717	-0.984645	172.240481	1.075851	0.003609	8.4
1718	-0.948515	172.334796	1.075326	0.007363	10.2
1719	-0.952408	172.184185	1.076165	0.005890	9.4
1720	-0.956729	172.080962	1.076740	0.006638	8.1
1721	-0.981768	172.611327	1.073791	0.007053	8.5
1722	-0.964446	173.512704	1.068815	0.004768	8.2
1723	-0.956278	173.388763	1.069496	0.004839	9.1
1724	-0.985978	173.211222	1.070474	0.006669	9.9
1725	-0.936197	173.485245	1.068965	0.006539	10.0
1726	-0.987194	173.340828	1.069760	0.006759	8.5
1727	-0.970020	173.550805	1.068605	0.007625	9.0
1728	-0.983995	174.341944	1.064277	0.005016	9.3
1729	-0.973386	174.165009	1.065242	0.008716	8.9
1730	-0.964443	174.824571	1.061654	0.008003	12.5
1731	-0.962808	175.780584	1.056497	0.005222	8.7
1732	-0.971041	175.620259	1.057358	0.005395	8.6
1733	-0.973114	176.084253	1.054869	0.004671	9.0
1734	-0.965057	176.418713	1.053082	0.005681	9.0
1735	-0.974924	176.466093	1.052829	0.008150	11.5
1736	-0.974802	176.168131	1.054420	0.005060	13.5
1737	-0.972431	175.936749	1.055659	0.006243	14.0
1738	-0.971377	175.713710	1.056856	0.009269	23.1
1739	-0.964514	175.466011	1.058188	0.004525	9.4
1740	-0.976108	175.549080	1.057741	0.006143	13.1
1741	-0.971592	175.680867	1.057032	0.004899	17.1
1742	-0.971350	175.433859	1.058361	0.005009	23.4
1743	-0.983694	175.199389	1.059626	0.006122	17.0
1744	-0.995592	175.089853	1.060218	0.008097	9.3
1745	-0.991713	175.792560	1.056432	0.008496	13.5
1746	-0.962115	175.550602	1.057733	0.004766	18.0
1747	-0.985660	175.270821	1.059241	0.005510	15.5
1748	-0.959459	175.725486	1.056792	0.005711	18.3
1749	-0.950248	175.833922	1.056210	0.006459	16.3
1750	-0.990046	175.586444	1.057540	0.006640	13.8
1751	-0.958570	176.216941	1.054159	0.005804	20.1
1752	-0.976733	176.827050	1.050908	0.003743	13.3
1753	-0.975351	176.598556	1.052123	0.004789	11.0
1754	-0.949689	176.767985	1.051222	0.005199	14.7
1755	-0.979062	177.335477	1.048214	0.004826	13.2
1756	-0.964817	177.211539	1.048869	0.006550	21.7
1757	-0.969376	177.085133	1.049539	0.009685	15.8
1758	-0.949288	177.028080	1.049841	0.008382	23.7
1759	-0.961273	178.025922	1.044578	0.005012	13.1
1760	-0.959452	178.277036	1.043261	0.008688	16.1
1761	-0.974637	178.024541	1.044585	0.004285	17.3
1762	-0.969501	177.781940	1.045860	0.005955	16.9
1763	-0.996450	178.075568	1.044317	0.006939	15.2
1764	-0.966029	178.847800	1.040282	0.007306	15.9
1765	-0.996054	179.557242	1.036602	0.007003	22.0
1766	-0.983085	179.284158	1.038015	0.006528	13.2
1767	-0.944141	179.006006	1.039459	0.005864	14.2
1768	-0.984588	179.702393	1.035852	0.006283	14.5
1769	-0.987392	179.531302	1.036736	0.006334	21.1
1770	-0.945841	180.061515	1.034002	0.007106	15.1
1771	-0.963431	180.594802	1.031267	0.004381	14.3
1772	-1.009957	180.381966	1.032357	0.006175	19.7
1773	-0.963326	180.585524	1.031314	0.006014	19.8
1774	-0.980203	180.580820	1.031338	0.004930	12.3
1775	-0.984919	180.314807	1.032701	0.009352	12.8
1776	-0.968627	180.197424	1.033304	0.007345	16.0
1777	-0.966112	179.944408	1.034605	0.007652	15.7
1778	-0.966334	179.666638	1.036037	0.004410	14.0
1779	-0.974751	179.709534	1.035815	0.005445	12.3
1780	-0.966660	179.755775	1.035577	0.007517	10.9
1781	-0.947468	179.595839	1.036402	0.004877	12.0
1782	-0.983912	179.994108	1.034349	0.006169	14.1
1783	-0.964527	179.781690	1.035443	0.005510	25.4
1784	-0.973748	179.661433	1.036064	0.007434	15.3
1785	-0.991705	179.628215	1.036235	0.004643	16.5
1786	-0.991860	179.589307	1.036436	0.005609	15.5
1787	-0.973653	180.110420	1.033751	0.008314	9.9
1788	-0.978909	179.949651	1.034578	0.005518	8.2
1789	-0.979464	179.683207	1.035951	0.004807	11.9
1790	-0.973298	179.952363	1.034564	0.008221	24.2
1791	-0.983330	180.605013	1.031214	0.007908	12.5
1792	-0.970311	180.814063	1.030146	0.004898	11.1
1793	-0.951352	180.535403	1.031571	0.005436	14.6
1794	-0.985241	180.295363	1.032801	0.006426	10.9
1795	-0.964416	180.020029	1.034215	0.006441	13.7
1796	-0.977843	180.892593	1.029746	0.004742	12.7
1797	-0.951295	181.241020	1.027972	0.008133	10.9
1798	-0.977550	181.085912	1.028761	0.006314	12.2
1799	-0.983972	180.810713	1.030163	0.008210	9.3
1800	-0.960076	181.645887	1.025918	0.006038	8.5
1801	-0.972351	181.431914	1.027002	0.007225	8.6
1802	-0.972538	181.895751	1.024654	0.003340	8.7
1803	-0.967609	181.817479	1.025050	0.006735	8.7
1804	-0.975266	181.734950	1.025467	0.003978	11.2
1805	-0.983690	181.579367	1.026255	0.004852	8.3
1806	-0.981832	181.575565	1.026274	0.004692	9.7
1807	-0.964411	181.647313	1.025911	0.009203	11.6
1808	-0.961784	181.515392	1.026579	0.005557	16.7
1809	-0.953966	181.219008	1.028083	0.008084	11.8
1810	-0.965217	180.962418	1.029390	0.004493	12.1
1811	-0.993769	180.688137	1.030789	0.007245	11.4
1812	-0.982865	180.657075	1.030948	0.004711	9.4
1813	-0.971824	180.802163	1.030207	0.006642	15.0
1814	-0.986213	181.196461	1.028198	0.007135	16.0
1815	-0.950574	180.904889	1.029683	0.007785	11.2
1816	-0.970786	180.676120	1.030851	0.004756	15.2
1817	-0.975292	180.431744	1.032102	0.006857	20.2
1818	-0.973584	180.248848	1.033039	0.007740	11.7
1819	-0.961086	180.035131	1.034138	0.006078	16.3
1820	-0.979902	179.805054	1.035323	0.004837	11.3
1821	-1.000388	179.671597	1.036011	0.007645	11.6
1822	-0.999302	179.628684	1.036233	0.005112	10.1
1823	-0.979312	179.692596	1.035903	0.006136	8.5
1824	-0.960007	179.964439	1.034501	0.006028	8.5
1825	-0.982709	180.068004	1.033969	0.005944	16.1
1826	-1.001600	179.974292	1.034451	0.004795	13.0
1827	-0.964177	180.417527	1.032174	0.006564	11.7
1828	-0.968865	180.454658	1.031984	0.003421	9.2
1829	-0.966725	180.631790	1.031078	0.007708	11.1
1830	-0.964147	180.446323	1.032027	0.003009	11.3
1831	-0.961400	180.478054	1.031864	0.006485	14.5
1832	-0.954328	180.618271	1.031147	0.004655	8.2
1833	-0.988903	180.493961	1.031783	0.007671	11.9
1834	-0.978293	180.644923	1.031010	0.004815	10.5
1835	-0.950247	180.662757	1.030919	0.005442	8.3
1836	-0.964343	180.894992	1.029733	0.005445	11.1
1837	-1.006421	180.739279	1.030528	0.004467	15.3
1838	-0.979546	180.769227	1.030375	0.004957	11.9
1839	-0.975708	180.859492	1.029914	0.004839	9.6
1840	-0.971969	180.780675	1.030317	0.007334	8.9
1841	-0.985198	180.853686	1.029944	0.006165	8.5
1842	-0.973547	180.752449	1.030461	0.006379	8.9
1843	-0.981661	181.518972	1.026561	0.005432	8.4
1844	-0.970275	181.791458	1.025181	0.004849	10.7
1845	-0.969346	182.076033	1.023745	0.004601	8.1
1846	-0.968184	182.439644	1.021915	0.005216	8.9
1847	-0.965332	182.511298	1.021555	0.005753	8.9
1848	-0.968496	182.601422	1.021103	0.007757	8.7
1849	-0.955308	183.371127	1.017257	0.004460	10.6
1850	-0.963814	183.273231	1.017745	0.007449	11.6
1851	-0.987553	183.037479	1.018921	0.004876	15.2
1852	-0.976973	182.807563	1.020070	0.007811	13.0
1853	-0.960984	183.190879	1.018155	0.005851	13.6
1854	-0.971136	182.986140	1.019177	0.005470	9.6
1855	-0.972300	182.853496	1.019840	0.006037	12.8
1856	-0.964887	182.769126	1.020263	0.004078	16.3
1857	-0.983985	182.808966	1.020063	0.004213	21.1
1858	-0.985719	182.837835	1.019919	0.008466	14.6
1859	-0.974166	182.651968	1.020849	0.007694	14.7
1860	-0.969255	183.574402	1.016246	0.004113	10.7
1861	-0.977020	183.468416	1.016773	0.003714	12.8
1862	-0.942795	183.335547	1.017434	0.006556	16.0
1863	-0.964897	183.203119	1.018094	0.005253	15.9
1864	-1.008041	183.182634	1.018196	0.002979	18.8
1865	-0.959380	183.126729	1.018475	0.005361	13.4
1866	-0.957189	183.008039	1.019068	0.004258	8.3
1867	-0.980886	183.102914	1.018594	0.006582	14.8
1868	-0.958222	183.342234	1.017401	0.004793	17.5
1869	-0.960737	183.114633	1.018536	0.005223	13.8
1870	-0.965297	182.902019	1.019598	0.004352	15.5
1871	-0.969852	183.021333	1.019001	0.006605	13.0
1872	-0.965048	183.002458	1.019096	0.004815	9.6
1873	-0.967347	183.400841	1.017109	0.009570	11.4
1874	-0.950259	183.109681	1.018560	0.005235	14.5
1875	-0.983544	182.820249	1.020007	0.006357	11.0
1876	-0.980890	183.120074	1.018508	0.004142	8.5
1877	-0.960112	183.349042	1.017367	0.004905	11.6
1878	-0.978044	183.306101	1.017581	0.007916	9.1
1879	-0.964459	183.926517	1.014500	0.003381	12.0
1880	-0.956183	184.383767	1.012242	0.005913	12.9
1881	-0.965997	184.481762	1.011759	0.005291	8.5
1882	-0.986257	184.577225	1.011289	0.007424	15.5
1883	-0.974707	184.570343	1.011323	0.005873	11.4
1884	-0.993712	184.444282	1.011944	0.003635	9.6
1885	-0.948830	184.446591	1.011932	0.005610	8.3
1886	-0.960129	184.287998	1.012714	0.007254	10.3
1887	-0.964860	184.038807	1.013945	0.008200	11.4
1888	-0.952984	183.979249	1.014239	0.005851	9.3
1889	-0.971619	184.080544	1.013738	0.005196	9.5
1890	-0.961692	184.090917	1.013687	0.005742	9.9
1891	-0.964906	183.888099	1.014691	0.006505	9.5
1892	-0.949736	183.871473	1.014773	0.007827	11.4
1893	-0.955163	184.118943	1.013549	0.006311	12.3
1894	-0.959998	184.079375	1.013744	0.007140	14.2
1895	-1.000561	184.184745	1.013224	0.004600	13.0
1896	-0.969578	183.932487	1.014471	0.003827	12.6
1897	-0.992378	183.970341	1.014283	0.005686	9.8
1898	-0.976397	184.008313	1.014096	0.008799	9.6
1899	-0.968113	183.862900	1.014815	0.004723	8.8
1900	-0.991470	183.651044	1.015866	0.005985	10.2
1901	-0.952898	183.491911	1.016656	0.005019	14.6
1902	-0.985590	183.825125	1.015002	0.004757	15.2
1903	-1.019858	183.975213	1.014259	0.005299	8.8
1904	-0.978906	184.163045	1.013331	0.007350	12.9
1905	-0.991735	183.982003	1.014226	0.007651	13.1
1906	-0.983314	183.714147	1.015553	0.004825	10.6
1907	-0.976904	183.436518	1.016932	0.010615	9.0
1908	-0.955403	184.376048	1.012280	0.006517	9.1
1909	-0.987221	184.178607	1.013254	0.007241	10.4
1910	-0.953379	184.178687	1.013253	0.006979	10.3
1911	-0.974810	185.032686	1.009054	0.006266	9.0
1912	-0.968907	184.738524	1.010496	0.008534	10.5
1913	-0.981546	184.447018	1.011930	0.006430	9.5
1914	-0.981302	185.329488	1.007602	0.004942	9.1
1915	-0.968418	185.481420	1.006861	0.006379	12.9
1916	-0.957817	185.934362	1.004657	0.004415	13.6
1917	-0.989242	185.694655	1.005822	0.007414	14.1
1918	-0.983671	185.877695	1.004932	0.006914	8.8
1919	-0.963572	185.608015	1.006244	0.005139	16.2
1920	-0.976648	185.615840	1.006206	0.008014	11.0
1921	-0.993767	185.409071	1.007214	0.004562	9.8
1922	-0.964315	185.151279	1.008473	0.004645	10.1
1923	-1.001824	185.004948	1.009189	0.004454	9.9
1924	-0.960386	185.167382	1.008394	0.006098	13.6
1925	-0.975254	185.132575	1.008565	0.007385	8.9
1926	-0.970782	185.314252	1.007676	0.005533	9.4
1927	-0.968247	185.103358	1.008708	0.008456	12.5
1928	-0.984778	185.723971	1.005679	0.003948	16.7
1929	-0.990656	185.607044	1.006248	0.004777	14.4
1930	-0.964107	185.564829	1.006454	0.006040	11.1
1931	-0.954349	185.325841	1.007620	0.005174	10.3
1932	-0.963610	185.279148	1.007848	0.005166	8.8
1933	-0.967657	185.190998	1.008279	0.005207	18.4
1934	-0.962838	185.017557	1.009128	0.009110	12.4
1935	-0.981442	185.387679	1.007318	0.003852	11.6
1936	-0.999559	185.667102	1.005956	0.004632	14.1
1937	-0.997283	185.862515	1.005006	0.006337	9.5
1938	-0.973842	186.190318	1.003416	0.004917	12.0
1939	-0.965852	186.250342	1.003125	0.006112	15.1
1940	-0.978530	186.149210	1.003615	0.006294	12.3
1941	-0.960600	186.356997	1.002609	0.005304	9.5
1942	-0.974612	186.995187	0.999533	0.006421	11.7
1943	-0.973358	187.107345	0.998994	0.004801	8.9
1944	-0.989516	187.064020	0.999202	0.008193	10.3
1945	-0.981127	187.677538	0.996264	0.005059	11.3
1946	-0.974339	187.438941	0.997405	0.008262	8.9
1947	-0.986332	187.250556	0.998307	0.007020	8.7
1948	-0.964833	188.156457	0.993983	0.008485	8.7
1949	-0.944379	188.143003	0.994047	0.002430	10.6
1950	-0.967949	187.977526	0.994834	0.007556	16.5
1951	-0.975497	188.073318	0.994378	0.004903	17.1
1952	-0.996015	188.535767	0.992184	0.004977	10.3
1953	-0.981493	188.383535	0.992905	0.005198	10.0
1954	-0.948314	188.384838	0.992899	0.005302	8.7
1955	-0.955384	188.457515	0.992555	0.012280	12.1
1956	-0.974610	189.128017	0.989387	0.004946	10.5
1957	-1.001569	189.488341	0.987694	0.004844	8.5
1958	-0.969983	189.577743	0.987274	0.005060	8.7
1959	-0.991235	189.339938	0.988391	0.004175	10.1
1960	-0.970435	189.171673	0.989182	0.005893	11.7
1961	-0.966273	189.772698	0.986361	0.005972	9.0
1962	-0.984871	189.498567	0.987646	0.006658	8.9
1963	-0.966258	189.402757	0.988095	0.009395	13.0
1964	-0.998996	190.384139	0.983508	0.006287	17.0
1965	-0.979004	191.088356	0.980242	0.006511	16.5
1966	-0.971088	190.871523	0.981246	0.007861	9.8
1967	-0.989220	190.573136	0.982630	0.007206	9.2
1968	-0.985615	190.284248	0.983973	0.002871	8.6
1969	-0.957453	190.831054	0.981433	0.003056	12.5
1970	-0.969759	190.788406	0.981631	0.009351	10.2
1971	-0.959862	190.918094	0.981030	0.007517	9.0
1972	-0.956348	191.901585	0.976498	0.005699	9.5
1973	-0.986308	191.654179	0.977634	0.007669	10.3
1974	-0.970789	191.847659	0.976746	0.005357	12.5
1975	-0.961398	192.429926	0.974081	0.003344	9.8
1976	-0.973491	192.648462	0.973085	0.004163	14.0
1977	-0.973526	192.709777	0.972805	0.008886	12.7
1978	-0.961250	192.574995	0.973419	0.004970	14.8
1979	-0.973986	193.190290	0.970623	0.004511	13.5
1980	-0.977214	193.082931	0.971110	0.005971	16.5
1981	-0.948956	193.210328	0.970532	0.007643	11.1
1982	-0.968993	192.921018	0.971845	0.004945	10.7
1983	-0.983870	193.365316	0.969830	0.003711	13.4
1984	-0.975138	193.131703	0.970889	0.006186	15.7
1985	-0.982897	193.328031	0.969999	0.007299	11.9
1986	-0.971934	193.332487	0.969979	0.008601	11.7
1987	-0.980382	194.279719	0.965711	0.005478	8.9
1988	-0.964963	195.071229	0.962173	0.005710	8.8
1989	-0.973231	194.913143	0.962878	0.004754	8.8
1990	-0.949363	194.839796	0.963205	0.006816	8.7
1991	-0.963130	194.856009	0.963133	0.005053	11.5
1992	-0.981236	195.267117	0.961302	0.006044	8.3
1993	-0.959201	195.761002	0.959112	0.007524	12.4
1994	-0.985334	195.583531	0.959898	0.004387	16.0
1995	-0.986237	195.405845	0.960686	0.005151	9.3
1996	-0.991677	195.704413	0.959362	0.008631	12.5
1997	-0.971721	195.453065	0.960476	0.004864	9.4
1998	-0.970849	195.253374	0.961363	0.007837	8.8
1999	-0.964219	196.002483	0.958044	0.004857	8.8
