1:ItNr	2:Metric	3a:Time	3b:StepSize	4:||Gradient||	Time[ms]
0	-0.244223	0.000000	485.283773	0.004804	1165.5
1	-0.254894	0.000000	485.283773	0.005059	20.2
2	-0.251735	0.000000	485.283773	0.004909	22.5
3	-0.251569	0.000000	485.283773	0.004593	26.0
4	-0.241710	0.355510	477.205141	0.004302	20.5
5	-0.255712	0.000000	485.283773	0.004997	24.5
6	-0.253682	0.000000	485.283773	0.003911	19.2
7	-0.253331	0.000000	485.283773	0.004550	21.7
8	-0.259612	0.000000	485.283773	0.004670	19.3
9	-0.259989	0.000000	485.283773	0.005189	21.5
10	-0.269162	0.999996	463.225509	0.004382	21.9
11	-0.254006	0.180236	481.154182	0.004510	19.2
12	-0.253791	0.000000	485.283773	0.004097	20.1
13	-0.253383	0.000000	485.283773	0.004601	23.4
14	-0.263024	0.000000	485.283773	0.004258	21.5
15	-0.268955	0.988844	463.460438	0.004753	21.7
16	-0.276832	1.257366	457.869061	0.005009	19.4
17	-0.269584	0.440855	475.305627	0.004055	19.5
18	-0.263235	1.120405	460.703999	0.004446	20.8
19	-0.286074	2.104308	441.084814	0.004946	19.3
20	-0.280116	1.284466	457.312256	0.004924	24.8
21	-0.263343	0.935174	464.594400	0.003787	19.5
22	-0.261517	0.115337	482.633032	0.004757	19.7
23	-0.278661	0.000000	485.283773	0.004463	20.4
24	-0.264029	0.000000	485.283773	0.004681	19.4
25	-0.267365	0.000000	485.283773	0.004587	24.9
26	-0.278220	0.928947	464.726329	0.004471	19.3
27	-0.267327	0.109105	482.775514	0.004693	19.2
28	-0.271393	1.092269	461.290735	0.004798	21.3
29	-0.257775	2.083887	441.475015	0.004219	19.3
30	-0.278243	1.264045	457.731709	0.004291	23.4
31	-0.287736	0.444296	475.229366	0.004659	19.2
32	-0.267757	0.000000	485.283773	0.004441	19.3
33	-0.291062	0.000000	485.283773	0.004450	23.8
34	-0.277814	0.999968	463.226101	0.004411	19.3
35	-0.283490	1.999966	443.085830	0.004426	23.2
36	-0.287518	1.180124	459.463572	0.004929	19.9
37	-0.293325	0.851416	466.375224	0.004601	24.3
38	-0.280446	0.031577	484.555158	0.004827	25.0
39	-0.284739	0.000000	485.283773	0.004556	25.2
40	-0.277495	0.000000	485.283773	0.004719	21.2
41	-0.282954	0.000000	485.283773	0.005274	22.5
42	-0.300423	0.000000	485.283773	0.005144	21.9
43	-0.288045	0.000000	485.283773	0.004410	22.1
44	-0.271209	0.000000	485.283773	0.005206	23.1
45	-0.294172	0.983220	463.579005	0.004548	22.4
46	-0.279726	0.163771	481.528514	0.004755	22.6
47	-0.288385	0.000000	485.283773	0.004303	27.4
48	-0.304305	0.000000	485.283773	0.005365	21.0
49	-0.299854	0.000000	485.283773	0.004486	19.8
50	-0.291697	0.000000	485.283773	0.004469	26.0
51	-0.307795	0.000000	485.283773	0.004626	22.3
52	-0.293506	0.000000	485.283773	0.004815	22.7
53	-0.300099	0.000000	485.283773	0.005538	23.7
54	-0.288193	0.000000	485.283773	0.004809	22.2
55	-0.322728	0.000000	485.283773	0.005051	20.1
56	-0.307489	0.000000	485.283773	0.004550	23.9
57	-0.315034	0.999972	463.226006	0.003997	23.4
58	-0.307752	0.351921	477.285361	0.005698	20.5
59	-0.316105	1.351919	455.932186	0.005178	25.4
60	-0.309046	0.573494	472.383344	0.004440	23.9
61	-0.308840	1.573196	451.462835	0.004664	26.1
62	-0.298785	0.796843	467.542899	0.004388	20.3
63	-0.316044	1.796843	447.033801	0.004460	29.9
64	-0.302224	2.678807	430.383144	0.004481	24.8
65	-0.307045	1.858965	445.818934	0.004750	26.9
66	-0.294290	1.039123	462.403123	0.004820	21.5
67	-0.309429	0.219281	480.268827	0.004138	22.4
68	-0.308728	0.000000	485.283773	0.004516	28.2
69	-0.300725	0.000000	485.283773	0.004381	22.6
70	-0.316027	0.999997	463.225473	0.004107	25.5
71	-0.306003	0.291949	478.629700	0.004716	22.2
72	-0.315161	0.000000	485.283773	0.004705	30.5
73	-0.315413	1.000000	463.225420	0.005061	27.5
74	-0.312988	1.258242	457.851031	0.003787	24.6
75	-0.322170	0.438401	475.360050	0.003840	22.8
76	-0.318176	0.000000	485.283773	0.004486	26.7
77	-0.338414	0.000000	485.283773	0.004789	22.2
78	-0.325765	0.253137	479.503775	0.005096	28.4
79	-0.324535	0.000000	485.283773	0.004704	19.5
80	-0.309664	1.000000	463.225424	0.004837	28.3
81	-0.319122	0.180158	481.155961	0.004744	23.6
82	-0.314304	0.000000	485.283773	0.004511	20.6
83	-0.325907	0.000000	485.283773	0.005317	23.8
84	-0.328165	0.000000	485.283773	0.005172	23.8
85	-0.339679	1.000000	463.225425	0.004448	24.4
86	-0.336488	1.961820	443.821933	0.004549	22.1
87	-0.324116	1.161916	459.841064	0.004745	26.2
88	-0.318915	0.342074	477.505562	0.004187	21.6
89	-0.324257	0.000000	485.283773	0.005305	25.3
90	-0.339264	0.000000	485.283773	0.004625	21.8
91	-0.324671	0.000000	485.283773	0.004521	25.2
92	-0.316119	0.937276	464.549893	0.003939	20.7
93	-0.336408	1.195158	459.152365	0.005072	22.1
94	-0.325174	0.375316	476.762976	0.004475	28.0
95	-0.325699	0.000000	485.283773	0.005342	25.5
96	-0.334638	0.000000	485.283773	0.004130	21.6
97	-0.326589	0.000000	485.283773	0.004877	21.1
98	-0.341871	0.000000	485.283773	0.004336	23.6
99	-0.335396	0.000000	485.283773	0.004900	25.1
100	-0.328340	0.000000	485.283773	0.003955	25.5
101	-0.349879	0.999992	463.225587	0.005058	19.3
102	-0.352351	0.193988	480.841988	0.005402	19.2
103	-0.345096	0.000000	485.283773	0.005571	22.6
104	-0.335458	1.000000	463.225420	0.005062	19.2
105	-0.330876	0.180174	481.155595	0.004492	19.3
106	-0.323221	0.000000	485.283773	0.004525	21.6
107	-0.329762	0.994590	463.339360	0.004104	19.8
108	-0.348942	0.230435	480.016504	0.004825	24.6
109	-0.324648	0.000000	485.283773	0.004824	19.4
110	-0.326057	1.000000	463.225428	0.004279	19.5
111	-0.334256	1.999999	443.085195	0.004927	21.2
112	-0.321286	1.180157	459.462891	0.004589	19.2
113	-0.348951	0.360324	477.097604	0.004144	23.8
114	-0.339541	1.359733	455.772844	0.004777	19.4
115	-0.328681	2.359733	436.261798	0.004812	19.4
116	-0.347174	3.359733	418.352663	0.004460	20.5
117	-0.346274	4.359733	401.855933	0.005060	19.2
118	-0.359145	5.359350	386.616491	0.004851	23.9
119	-0.334361	4.540115	399.017751	0.004946	19.8
120	-0.337638	5.540115	383.983237	0.004711	23.8
121	-0.344729	6.539681	370.046384	0.004540	21.3
122	-0.348550	7.281562	360.339332	0.004764	21.8
123	-0.352459	8.281562	348.033318	0.004824	26.1
124	-0.333699	8.956936	340.186973	0.004723	20.9
125	-0.313623	8.137673	349.751995	0.004112	24.6
126	-0.341405	7.317831	359.877819	0.005190	24.6
127	-0.338414	6.629696	368.840803	0.004960	26.6
128	-0.354183	5.812740	380.078999	0.004958	19.9
129	-0.353655	6.812740	366.413355	0.004598	20.9
130	-0.349196	6.029546	377.030350	0.004324	23.7
131	-0.325191	5.211860	388.791920	0.003820	25.8
132	-0.345954	5.323245	387.146763	0.004240	26.4
133	-0.349593	5.717556	381.433063	0.004684	20.9
134	-0.338678	4.951578	392.691310	0.004859	24.9
135	-0.338623	4.295144	402.882037	0.004078	25.1
136	-0.355927	5.295144	387.560501	0.004878	25.9
137	-0.342731	6.291834	373.406902	0.004150	19.9
138	-0.352746	5.471992	384.971376	0.004778	28.0
139	-0.358576	4.652161	397.274887	0.004540	23.5
140	-0.365039	5.652112	382.369669	0.005486	22.2
141	-0.339913	4.832399	394.503006	0.004608	23.5
142	-0.348096	5.831497	379.813291	0.004639	23.6
143	-0.343138	6.831497	366.166404	0.004969	25.6
144	-0.361615	7.831497	353.466184	0.004910	20.2
145	-0.333989	8.831497	341.617426	0.004426	26.2
146	-0.360869	8.031871	351.026611	0.004618	24.3
147	-0.344423	7.212029	361.227449	0.005252	23.2
148	-0.346606	8.212029	348.861740	0.004874	21.9
149	-0.354083	9.212029	337.314628	0.005156	24.4
150	-0.343565	8.392187	346.723411	0.004194	24.2
151	-0.353134	7.576033	356.626105	0.005755	19.8
152	-0.344464	8.576033	344.568162	0.004582	24.8
153	-0.337941	9.576033	333.298940	0.004895	22.6
154	-0.357966	10.575775	322.746136	0.004531	20.0
155	-0.369404	11.575696	312.839337	0.005044	23.5
156	-0.353103	11.008246	318.385436	0.004582	23.7
157	-0.349212	10.188905	326.749507	0.004316	21.7
158	-0.342125	9.389062	335.349584	0.005359	22.5
159	-0.343911	10.191016	326.727387	0.004989	23.4
160	-0.344609	11.191008	316.577820	0.003875	22.1
161	-0.347298	12.182082	307.122360	0.004519	21.3
162	-0.347265	11.779669	310.892683	0.004436	25.0
163	-0.353128	12.779669	301.689139	0.005172	21.3
164	-0.356832	11.959827	309.193346	0.004272	25.3
165	-0.351172	12.170365	307.230847	0.004545	25.1
166	-0.345308	11.350536	315.016705	0.004252	19.9
167	-0.360615	10.535031	323.163132	0.004535	25.3
168	-0.336383	11.384754	314.683858	0.004419	21.9
169	-0.352491	10.564912	322.857206	0.004527	28.7
170	-0.354854	11.564836	312.943665	0.005490	21.8
171	-0.350474	12.368586	305.405790	0.004245	19.8
172	-0.361936	13.368585	296.519601	0.004839	26.0
173	-0.352411	12.548745	303.765735	0.004943	22.2
174	-0.356533	11.849516	310.231642	0.004018	24.9
175	-0.359689	11.194421	316.544266	0.004262	22.0
176	-0.350372	12.094389	307.936165	0.005523	25.9
177	-0.354272	11.274547	315.758397	0.004989	20.2
178	-0.354149	12.274547	306.268910	0.004834	26.8
179	-0.355019	13.234600	297.680104	0.005314	24.7
180	-0.341859	14.234590	289.231667	0.004528	25.0
181	-0.347444	13.414797	296.121437	0.004997	20.6
182	-0.370886	12.595085	303.346734	0.004884	23.7
183	-0.364033	13.595085	294.578242	0.004488	26.5
184	-0.348695	14.595060	286.302626	0.004981	19.5
185	-0.348420	13.775218	293.052344	0.004905	22.5
186	-0.359300	12.955577	300.126227	0.004692	19.3
187	-0.335765	13.955470	291.541186	0.004899	20.9
188	-0.359715	14.955427	283.433129	0.004848	19.8
189	-0.344198	14.140409	290.006850	0.004404	19.3
190	-0.368788	13.323320	296.910654	0.004513	24.1
191	-0.352785	12.503553	304.175480	0.004706	19.5
192	-0.353426	11.755061	311.126247	0.005009	19.5
193	-0.354183	12.755061	301.909074	0.004923	20.8
194	-0.341934	13.755061	293.222308	0.004388	19.3
195	-0.348853	13.193295	298.039698	0.004726	24.3
196	-0.361670	12.373522	305.360611	0.004360	20.0
197	-0.358242	13.373291	296.479009	0.004061	19.6
198	-0.357371	14.166606	289.790813	0.004226	20.7
199	-0.346913	13.346794	296.707725	0.004256	19.3
200	-0.356653	12.526952	303.963185	0.004225	23.8
201	-0.352393	11.707738	311.576395	0.004892	19.3
202	-0.377626	12.707715	302.333134	0.004742	19.3
203	-0.343909	11.887885	309.869703	0.004854	23.4
204	-0.347585	11.068050	317.791676	0.004715	19.2
205	-0.373978	10.478474	323.743756	0.005226	23.6
206	-0.376911	9.658640	332.400890	0.004708	19.2
207	-0.342745	10.658640	321.901359	0.003626	21.8
208	-0.381658	11.051897	317.951828	0.005086	20.9
209	-0.344682	10.614798	322.347757	0.005244	19.4
210	-0.353526	9.794956	330.929494	0.004263	24.0
211	-0.365839	10.794956	320.521256	0.004418	20.5
212	-0.357395	11.328575	315.230696	0.005448	23.0
213	-0.347715	11.855989	310.170518	0.004751	24.4
214	-0.378621	12.855484	301.013547	0.004888	22.0
215	-0.369005	12.035642	308.483769	0.004356	28.3
216	-0.367969	11.219761	316.295303	0.004698	22.2
217	-0.364204	10.407804	324.472196	0.005538	26.2
218	-0.354471	11.407731	314.460749	0.005470	22.2
219	-0.357181	12.407731	305.047935	0.005243	27.7
220	-0.364291	13.407731	296.182255	0.004022	22.3
221	-0.339670	12.600032	303.302066	0.004488	25.0
222	-0.364030	13.600032	294.536123	0.004244	23.1
223	-0.361606	12.780190	301.684486	0.004529	25.7
224	-0.391836	13.777770	293.030839	0.005211	20.9
225	-0.344478	14.639511	285.945544	0.004154	24.9
226	-0.376238	15.636495	278.164142	0.004785	23.7
227	-0.354216	16.634274	270.789312	0.004341	21.8
228	-0.351529	16.014003	275.327133	0.004937	22.9
229	-0.365279	15.202348	281.499948	0.003990	20.0
230	-0.348222	16.202293	273.933629	0.004986	25.2
231	-0.342407	15.382457	280.106403	0.004423	23.6
232	-0.363436	16.327308	273.016183	0.004856	24.7
233	-0.369165	15.507472	279.147217	0.004868	21.7
234	-0.349884	16.507472	271.704778	0.004712	20.4
235	-0.367898	17.507470	264.648889	0.005194	23.7
236	-0.344779	16.692965	270.367674	0.004761	24.9
237	-0.356860	17.692965	263.380159	0.005162	24.9
238	-0.360675	18.692959	256.744760	0.004843	22.2
239	-0.361302	19.337051	252.645124	0.003630	26.8
240	-0.363455	20.337051	246.533292	0.004770	24.5
241	-0.365434	19.584059	251.107441	0.005681	25.3
242	-0.390614	20.584059	245.068890	0.005356	22.3
243	-0.372899	20.163411	247.573247	0.005287	23.1
244	-0.360491	19.343569	252.604307	0.004903	22.1
245	-0.378006	20.315218	246.663569	0.004974	23.1
246	-0.373919	21.314522	240.838340	0.004912	22.9
247	-0.359930	20.825153	243.656232	0.004684	22.0
248	-0.350092	21.825153	237.966673	0.004683	26.9
249	-0.362710	21.006663	242.603399	0.004815	21.8
250	-0.346740	21.988390	237.063061	0.005151	26.2
251	-0.379731	21.607319	239.183303	0.004365	23.0
252	-0.367223	22.607292	233.698509	0.004857	28.1
253	-0.385115	21.787450	238.176361	0.004593	22.7
254	-0.356536	21.039800	242.412170	0.004947	19.8
255	-0.373210	22.039800	236.779891	0.004484	26.1
256	-0.356367	21.220419	241.375133	0.004446	23.3
257	-0.344578	20.421930	246.028115	0.004604	24.4
258	-0.369973	21.421479	240.231113	0.004472	22.0
259	-0.361178	22.421479	234.698573	0.004122	27.5
260	-0.369597	23.420186	229.421805	0.004521	22.2
261	-0.359247	22.601025	233.732101	0.004777	25.5
262	-0.358756	21.781183	238.211252	0.004948	20.4
263	-0.348038	20.961454	242.864780	0.004675	21.3
264	-0.371737	20.141612	247.704424	0.003967	24.4
265	-0.362974	20.773504	243.957492	0.005384	21.8
266	-0.358152	19.953840	248.840139	0.004599	23.3
267	-0.366121	20.792990	243.843748	0.004791	25.4
268	-0.369692	19.973151	248.722856	0.004309	23.7
269	-0.354456	19.413853	252.164999	0.004808	25.3
270	-0.336287	18.594013	257.386370	0.004804	26.2
271	-0.377829	17.776157	262.815091	0.005199	20.2
272	-0.369859	18.355504	258.946229	0.005085	22.9
273	-0.373092	19.350273	252.562338	0.004755	26.2
274	-0.381289	20.350153	246.455174	0.004982	21.2
275	-0.377811	21.350153	240.635711	0.004956	24.2
276	-0.379698	20.530311	245.386055	0.004874	19.5
277	-0.364259	21.530311	239.616380	0.004792	21.7
278	-0.370971	20.710469	244.326171	0.004848	19.4
279	-0.362667	19.890627	249.224821	0.005156	19.9
280	-0.372352	20.890627	243.275404	0.004631	22.3
281	-0.360825	20.070785	248.131590	0.004616	19.4
282	-0.349004	21.070710	242.234066	0.004033	19.9
283	-0.372827	22.070710	236.609964	0.005096	21.4
284	-0.391606	23.069575	231.247049	0.004886	19.4
285	-0.378395	24.069404	226.117017	0.006122	23.8
286	-0.354896	25.069404	221.208835	0.004907	19.5
287	-0.372734	26.069404	216.509204	0.004129	19.6
288	-0.365294	27.037144	212.147483	0.004568	24.3
289	-0.356825	27.912101	208.352515	0.005269	22.8
290	-0.369011	27.106327	211.842388	0.004977	24.1
291	-0.370189	28.081380	207.633917	0.004941	19.8
292	-0.381029	28.334430	206.568907	0.005702	25.9
293	-0.378968	27.517996	210.044935	0.005291	19.2
294	-0.380405	26.698154	213.655214	0.005349	19.7
295	-0.377748	27.698153	209.267880	0.003848	23.6
296	-0.380310	28.697470	205.059922	0.004652	19.2
297	-0.380977	27.877644	208.499396	0.004502	28.1
298	-0.370783	28.817495	204.565872	0.004901	24.1
299	-0.343337	29.755264	200.786252	0.004350	25.4
300	-0.366837	30.755264	196.906719	0.004548	22.4
301	-0.388240	31.755264	193.174263	0.004823	20.1
302	-0.379299	30.935425	196.223662	0.004889	25.5
303	-0.368282	31.641767	193.590751	0.004933	23.8
304	-0.371353	30.831691	196.616375	0.004440	24.3
305	-0.360436	30.011849	199.776314	0.003864	23.7
306	-0.358303	30.973501	196.079906	0.003607	25.6
307	-0.380265	31.224059	195.139165	0.003876	23.2
308	-0.349609	30.650040	197.307866	0.005061	20.3
309	-0.386542	29.831547	200.484932	0.005002	25.5
310	-0.366115	30.831547	196.616923	0.004303	23.9
311	-0.379465	30.014607	199.765516	0.003917	24.7
312	-0.363782	29.198409	203.013592	0.005338	21.9
313	-0.371002	28.378567	206.384267	0.005054	28.7
314	-0.375600	28.482090	205.952482	0.004462	23.1
315	-0.363951	29.482090	201.872768	0.004079	22.5
316	-0.360580	30.090101	199.470330	0.004424	22.5
317	-0.356214	29.270261	202.723418	0.004908	23.9
318	-0.365493	29.586782	201.454980	0.004548	25.4
319	-0.374015	28.766943	204.773664	0.004560	23.3
320	-0.366456	29.763034	200.755521	0.004793	25.5
321	-0.375469	28.943192	204.051019	0.004955	19.7
322	-0.373229	29.943170	200.045644	0.004554	23.1
323	-0.366036	29.123328	203.317689	0.004614	21.1
324	-0.369184	29.109197	203.375025	0.005369	22.7
325	-0.365562	28.380457	206.376366	0.005484	26.9
326	-0.380396	29.380457	202.280009	0.004530	24.9
327	-0.379597	28.563419	205.614533	0.005171	22.4
328	-0.352809	29.563414	201.548084	0.004048	22.0
329	-0.354498	28.743572	204.869871	0.004179	26.2
330	-0.381503	29.743164	200.834133	0.005692	21.9
331	-0.377126	30.716614	197.053874	0.004608	26.7
332	-0.358046	29.896772	200.228005	0.004981	21.1
333	-0.376391	29.076930	203.506068	0.005094	23.0
334	-0.383886	30.067048	199.560375	0.004911	26.2
335	-0.359065	30.818944	196.664743	0.004832	22.4
336	-0.372051	29.999121	199.826176	0.004508	23.8
337	-0.396416	29.180193	203.087286	0.004616	22.1
338	-0.370732	30.180185	199.119235	0.005003	26.5
339	-0.363394	30.905309	196.337511	0.004660	21.0
340	-0.371053	30.086281	199.485244	0.004987	26.9
341	-0.378300	31.086237	195.655509	0.004256	23.4
342	-0.380446	30.921591	196.275942	0.005005	29.0
343	-0.359792	30.104513	199.414077	0.005263	22.3
344	-0.364920	31.104513	195.586883	0.004498	19.9
345	-0.377125	30.287660	198.701974	0.004339	25.7
346	-0.365777	29.492522	201.831062	0.005360	22.5
347	-0.384037	28.783482	204.705636	0.004398	24.2
348	-0.377497	29.783482	200.674686	0.005079	22.7
349	-0.390574	28.963640	203.967512	0.004850	24.1
350	-0.364078	29.963640	199.965295	0.005073	24.9
351	-0.368298	29.143798	203.234688	0.005541	26.3
352	-0.357373	30.143790	199.260930	0.004278	21.0
353	-0.370581	29.323949	202.507143	0.005283	22.3
354	-0.364829	28.509571	205.838164	0.004510	25.6
355	-0.363853	27.692370	209.292733	0.004776	22.0
356	-0.374578	28.692367	205.080977	0.004810	23.9
357	-0.362624	29.692367	201.035379	0.004416	23.8
358	-0.382118	28.872525	204.340148	0.004780	26.9
359	-0.380432	29.866529	200.347056	0.003951	20.6
360	-0.366059	29.046694	203.629021	0.004609	21.9
361	-0.367247	30.016708	199.757287	0.005112	24.3
362	-0.360879	29.196867	203.019826	0.004791	21.2
363	-0.365813	28.377025	206.390710	0.004735	26.4
364	-0.364296	27.560862	209.859520	0.005259	19.4
365	-0.364667	28.558934	205.633139	0.004021	23.2
366	-0.365746	29.540413	201.639808	0.004270	19.6
367	-0.364850	28.761016	204.798054	0.004209	21.6
368	-0.365362	27.957790	208.158074	0.004567	22.9
369	-0.365027	27.638325	209.525290	0.004681	20.8
370	-0.373592	28.638323	205.304260	0.004562	23.8
371	-0.370453	29.638314	201.249970	0.004600	19.3
372	-0.363043	30.638314	197.352671	0.004559	19.2
373	-0.379585	29.818474	200.536508	0.004315	20.7
374	-0.352492	29.345294	202.421287	0.004268	22.6
375	-0.374473	30.345293	198.478938	0.004720	23.5
376	-0.378222	29.525451	201.699520	0.005085	22.8
377	-0.384599	30.525121	197.786226	0.004702	27.0
378	-0.356010	29.719096	200.929435	0.004694	22.5
379	-0.380066	28.900934	204.223817	0.005397	20.2
380	-0.383990	29.900934	200.211635	0.004958	25.0
381	-0.378699	29.900126	200.214812	0.004601	19.6
382	-0.370269	30.899754	196.358525	0.004471	26.9
383	-0.371311	30.080106	199.509360	0.004324	22.8
384	-0.370446	31.080065	195.678697	0.004577	25.3
385	-0.370034	31.989006	192.322145	0.005217	22.7
386	-0.368715	31.657762	193.531949	0.004500	27.7
387	-0.379243	32.506856	190.460812	0.004367	22.0
388	-0.368904	31.689347	193.415933	0.004747	19.6
389	-0.366026	32.689347	189.813432	0.004302	26.7
390	-0.371441	31.869505	192.756850	0.004888	23.8
391	-0.381205	31.049663	195.792991	0.005404	23.8
392	-0.363098	32.049617	192.102410	0.005456	22.6
393	-0.388413	31.229937	195.117205	0.004757	27.1
394	-0.370331	32.197708	191.567639	0.005116	21.4
395	-0.373940	33.065335	188.493408	0.004781	26.7
396	-0.378914	34.065335	185.070321	0.004506	22.3
397	-0.357174	33.245493	187.867391	0.004380	27.3
398	-0.365194	34.240820	184.482404	0.004464	21.6
399	-0.389118	35.240815	181.202198	0.004852	25.8
400	-0.379408	34.421048	183.882472	0.004608	23.2
401	-0.371683	35.420305	180.625737	0.004727	22.4
402	-0.372527	34.771791	182.726052	0.004461	23.0
403	-0.378582	35.771782	179.507476	0.004422	22.3
404	-0.375414	36.771782	176.400294	0.004585	27.5
405	-0.374293	37.771734	173.398988	0.004757	21.4
406	-0.376292	38.613550	170.950385	0.004776	27.0
407	-0.369051	39.613548	168.130057	0.004692	23.2
408	-0.363251	38.807580	170.395780	0.005241	26.4
409	-0.379190	37.987983	172.763311	0.004598	20.7
410	-0.369031	37.687375	173.648238	0.004629	23.5
411	-0.383962	36.867595	176.108221	0.004672	25.9
412	-0.388960	37.861150	173.135578	0.005153	22.4
413	-0.380340	37.041313	175.581127	0.004765	21.9
414	-0.385882	38.041313	172.607258	0.005169	24.7
415	-0.366225	37.221471	175.037817	0.004258	22.9
416	-0.374779	37.281541	174.857409	0.004635	25.0
417	-0.380276	38.276165	171.923389	0.004982	26.2
418	-0.394318	39.259045	169.119162	0.004356	20.5
419	-0.373105	40.259045	166.358441	0.006209	25.8
420	-0.376485	39.444409	168.600528	0.005613	25.0
421	-0.361722	40.112727	166.756743	0.004399	21.8
422	-0.359880	41.111259	164.075875	0.005341	21.1
423	-0.370648	42.111202	161.476234	0.004715	25.6
424	-0.373085	43.111201	158.957548	0.004689	25.9
425	-0.362743	44.098801	156.546037	0.005206	21.7
426	-0.393861	45.098800	154.177674	0.004316	23.7
427	-0.350398	45.507476	153.230281	0.004310	24.2
428	-0.382984	44.697892	155.118512	0.004062	25.7
429	-0.362019	45.331960	153.635731	0.005368	20.5
430	-0.368842	44.512118	155.558384	0.004431	24.6
431	-0.373350	43.696488	157.519513	0.005065	28.8
432	-0.376924	44.696404	155.122024	0.004655	22.0
433	-0.377237	45.687805	152.815933	0.004764	22.5
434	-0.371032	46.583339	150.791000	0.005793	25.4
435	-0.380748	47.583339	148.592347	0.004941	29.3
436	-0.366067	46.763530	150.390029	0.004783	21.9
437	-0.380307	47.762683	148.204794	0.004978	22.8
438	-0.378112	46.971115	149.930736	0.004882	24.5
439	-0.385115	46.153568	151.756035	0.004462	23.9
440	-0.385569	45.333913	153.631209	0.004650	19.3
441	-0.361302	44.514100	155.553678	0.004617	23.0
442	-0.399717	45.511285	153.221506	0.005227	19.4
443	-0.373381	44.692395	155.131492	0.004104	19.2
444	-0.378480	45.692395	152.805417	0.004537	23.2
445	-0.384125	46.692395	150.548068	0.004474	19.1
446	-0.368057	47.692363	148.356509	0.005874	21.9
447	-0.374062	48.692347	146.227809	0.004483	19.2
448	-0.388585	47.872505	147.968470	0.004354	19.3
449	-0.377579	48.725611	146.158048	0.004675	22.5
450	-0.385527	49.719605	144.103734	0.004737	19.4
451	-0.373867	50.719605	142.094469	0.004516	19.8
452	-0.372469	49.899773	143.737544	0.004520	21.2
453	-0.379794	50.360432	142.809664	0.005171	21.4
454	-0.390140	49.541975	144.466599	0.004743	23.7
455	-0.375690	48.722133	146.165339	0.004671	19.7
456	-0.397256	49.722100	144.098652	0.004622	20.0
457	-0.383353	48.902277	145.788659	0.004474	20.3
458	-0.382435	48.082625	147.518414	0.004377	19.2
459	-0.376086	47.262792	149.290103	0.004772	19.5
460	-0.373629	46.469173	151.046156	0.004524	20.5
461	-0.371979	47.467856	148.842972	0.004811	19.4
462	-0.386403	47.433926	148.916770	0.005124	19.5
463	-0.370646	48.433507	146.772930	0.004264	20.1
464	-0.379091	48.682294	146.248905	0.004929	19.4
465	-0.375545	49.625224	144.296311	0.005331	19.4
466	-0.373309	50.625224	142.281709	0.004292	20.5
467	-0.386450	51.625224	140.322586	0.004731	19.2
468	-0.360673	52.624490	138.418061	0.005555	23.5
469	-0.373050	53.624490	136.563200	0.005288	19.2
470	-0.387933	54.624490	134.757394	0.004711	20.5
471	-0.364434	55.624490	132.998721	0.004744	23.9
472	-0.377616	54.804914	134.436657	0.004387	19.3
473	-0.392602	53.985072	135.906507	0.004655	23.7
474	-0.389146	53.165231	137.408852	0.004937	19.5
475	-0.360728	54.161362	135.587741	0.004169	19.2
476	-0.370249	55.030982	134.036927	0.004632	22.9
477	-0.365722	56.030982	132.296888	0.005447	19.3
478	-0.390386	57.026982	130.608143	0.004657	22.4
479	-0.386775	56.207326	131.994719	0.005148	19.2
480	-0.380935	57.206028	130.309127	0.004984	19.4
481	-0.391059	58.206028	128.663935	0.004341	21.6
482	-0.397133	57.405296	129.977945	0.004402	19.9
483	-0.377676	56.608985	131.311591	0.004283	19.4
484	-0.385145	57.539174	129.756385	0.004195	20.6
485	-0.375412	56.719361	131.125103	0.004688	19.4
486	-0.384283	56.241825	131.935765	0.004455	24.0
487	-0.391678	57.241630	130.249834	0.004865	19.2
488	-0.367416	56.421987	131.628748	0.004767	19.3
489	-0.390433	55.602148	133.037512	0.004987	23.0
490	-0.380735	54.783135	134.475292	0.004058	19.3
491	-0.370122	55.780414	132.728631	0.004208	21.6
492	-0.392923	55.225393	133.695069	0.004728	19.3
493	-0.370531	56.224937	131.964618	0.003963	19.2
494	-0.384643	55.557405	133.115265	0.004698	22.8
495	-0.368566	54.741276	134.549611	0.004981	19.9
496	-0.366478	53.921434	136.021945	0.004734	19.2
497	-0.376457	53.106504	137.517744	0.004101	21.7
498	-0.373934	52.614016	138.437757	0.005154	20.3
499	-0.374446	51.797001	139.991471	0.004009	24.0
500	-0.380129	52.776342	138.133160	0.004540	19.4
501	-0.384456	53.617034	136.576846	0.005775	19.4
502	-0.371853	54.617034	134.770681	0.005409	21.5
503	-0.355597	53.797952	136.246501	0.004658	19.1
504	-0.375915	52.978110	137.756416	0.004274	25.9
505	-0.388754	53.838624	136.172456	0.005008	19.1
506	-0.389665	54.367022	135.217751	0.004238	22.0
507	-0.382368	55.357439	133.463869	0.004848	20.1
508	-0.378819	54.974623	134.136358	0.005232	19.2
509	-0.376192	54.213644	135.493492	0.004349	25.1
510	-0.388708	53.393802	136.986671	0.004918	19.1
511	-0.386392	52.573960	138.513127	0.004725	19.3
512	-0.394407	53.538655	136.720460	0.005230	23.9
513	-0.377300	54.513190	134.956016	0.004725	19.2
514	-0.379050	55.513190	133.192189	0.004603	19.3
515	-0.370783	54.693392	134.634728	0.004848	20.1
516	-0.396858	54.521011	134.942039	0.005124	19.1
517	-0.377692	55.521011	133.178575	0.004819	19.4
518	-0.364374	54.701169	134.620896	0.005004	21.0
519	-0.384797	55.701169	132.865762	0.005643	19.4
520	-0.373660	54.881327	134.301279	0.005323	23.6
521	-0.380895	55.881327	132.554414	0.004685	19.2
522	-0.374125	56.881327	130.852409	0.004771	19.3
523	-0.373622	57.881314	129.193578	0.005663	23.4
524	-0.381232	57.061697	130.550061	0.005016	19.2
525	-0.373123	57.766593	129.381744	0.005118	19.2
526	-0.383238	58.766592	127.759743	0.004728	24.0
527	-0.383730	57.946750	129.086495	0.004945	19.1
528	-0.369019	57.127247	130.440527	0.004487	22.2
529	-0.387935	58.127222	128.792076	0.005146	19.2
530	-0.371268	59.089549	127.244557	0.004850	19.9
531	-0.377226	60.089401	125.675602	0.004128	23.4
532	-0.366803	59.269579	126.959171	0.004982	19.3
533	-0.387482	60.269557	125.397007	0.004628	19.3
534	-0.384405	59.454716	126.667021	0.004353	20.4
535	-0.390591	60.152761	125.577480	0.005188	19.2
536	-0.364211	59.332931	126.859049	0.004328	22.9
537	-0.374525	58.513097	128.167051	0.004509	19.2
538	-0.378733	59.513097	126.575173	0.004845	19.2
539	-0.398114	60.498870	125.044178	0.005307	21.5
540	-0.365030	59.679028	126.314849	0.005053	19.2
541	-0.372053	60.679028	124.768370	0.004922	19.3
542	-0.386707	61.482209	123.553423	0.004819	22.6
543	-0.393789	62.482203	122.073434	0.005415	19.3
544	-0.378154	62.403912	122.188024	0.004442	23.3
545	-0.372565	62.978672	121.351755	0.005354	19.1
546	-0.368090	62.158833	122.548127	0.004745	19.4
547	-0.377051	61.338993	123.768324	0.004719	21.0
548	-0.393080	60.540873	124.979766	0.005283	19.3
549	-0.361720	59.721041	126.249105	0.004774	23.8
550	-0.388949	60.721041	124.704226	0.004421	19.3
551	-0.400316	59.933842	125.917157	0.005110	19.8
552	-0.409007	60.852769	124.503536	0.006254	22.5
553	-0.383868	60.309837	125.334888	0.004712	19.8
554	-0.374739	61.309836	123.812168	0.004783	23.5
555	-0.383088	60.983121	124.305578	0.004243	19.2
556	-0.374860	60.357705	125.261145	0.005067	19.2
557	-0.389181	61.357705	123.740205	0.004599	20.6
558	-0.379516	60.547611	124.969439	0.005093	21.2
559	-0.385742	61.547611	123.455531	0.004869	23.5
560	-0.391761	60.727773	124.693955	0.004904	19.1
561	-0.376796	59.998227	125.817065	0.004589	19.2
562	-0.377425	59.178386	127.103571	0.004581	21.8
563	-0.391355	60.177610	125.539040	0.005529	19.2
564	-0.374970	61.177610	124.011385	0.004216	23.5
565	-0.380886	62.177607	122.520467	0.003949	19.1
566	-0.397905	61.880468	122.959721	0.004570	19.2
567	-0.378128	61.060626	124.188173	0.004896	20.4
568	-0.364748	62.057144	122.698166	0.005085	19.2
569	-0.391800	63.054013	121.242983	0.004494	23.0
570	-0.370311	62.783813	121.633988	0.005131	19.3
571	-0.381727	63.721646	120.287550	0.005487	21.3
572	-0.392154	64.721646	118.884316	0.005055	25.1
573	-0.374191	63.918292	120.008999	0.004798	19.2
574	-0.394121	63.098450	121.178918	0.005645	25.1
575	-0.396677	62.278608	122.371873	0.004798	19.1
576	-0.374267	63.278608	120.919881	0.004854	19.2
577	-0.388829	64.259645	119.528521	0.004084	22.4
578	-0.367314	64.720473	118.885943	0.004618	19.2
579	-0.378767	65.471706	117.853108	0.004574	20.0
580	-0.389642	64.651865	118.981172	0.004632	19.7
581	-0.387768	64.782318	118.800232	0.005299	21.4
582	-0.397369	65.782318	117.431287	0.005386	19.4
583	-0.373642	66.782318	116.093531	0.005012	22.3
584	-0.366040	65.964440	117.185360	0.005040	19.2
585	-0.391427	66.930156	115.898341	0.004417	20.5
586	-0.383471	66.110316	116.989120	0.004830	19.8
587	-0.390657	65.530714	117.772740	0.004177	19.0
588	-0.383511	65.287032	118.105340	0.005365	19.5
589	-0.388739	64.467190	119.238263	0.004531	21.2
590	-0.379368	63.647348	120.393131	0.004775	19.1
591	-0.378869	63.161795	121.087713	0.004505	19.4
592	-0.374019	64.161795	119.665858	0.005124	22.8
593	-0.379255	63.969994	119.935977	0.004370	19.2
594	-0.376487	64.969994	118.540886	0.004216	19.5
595	-0.372722	65.818775	117.381975	0.005314	20.2
596	-0.365644	64.999173	118.500666	0.005171	19.2
597	-0.384209	65.511339	117.799116	0.005242	19.9
598	-0.374972	66.511339	116.453015	0.004971	20.4
599	-0.386248	67.511339	115.137330	0.003891	19.3
600	-0.383172	66.691499	116.213765	0.004706	19.5
601	-0.387491	65.894913	117.279123	0.005381	20.3
602	-0.384869	65.110127	118.347976	0.004430	19.2
603	-0.382405	66.110127	116.989375	0.004486	19.3
604	-0.392775	67.110123	115.661616	0.004681	20.4
605	-0.388419	68.110122	114.363655	0.004487	19.2
606	-0.396948	68.508270	113.854946	0.005117	19.3
607	-0.401861	67.745656	114.833331	0.005090	20.4
608	-0.388247	67.822496	114.733989	0.005800	21.4
609	-0.382589	67.004928	115.799871	0.004495	23.5
610	-0.375226	68.004920	114.498830	0.004732	21.3
611	-0.398710	67.198214	115.546096	0.004724	19.1
612	-0.379019	68.179662	114.274478	0.005167	20.5
613	-0.385778	69.177989	113.009387	0.003953	19.2
614	-0.385926	69.484341	112.626772	0.004834	24.5
615	-0.390914	70.129653	111.829233	0.004417	20.2
616	-0.375478	71.118012	110.629388	0.004487	19.1
617	-0.377305	70.298172	111.622818	0.004530	21.7
618	-0.403788	70.671067	111.168764	0.005608	19.8
619	-0.377968	71.666071	109.975087	0.004700	23.5
620	-0.366251	72.666071	108.800968	0.004506	19.2
621	-0.368706	73.647097	107.673236	0.004804	19.2
622	-0.389988	74.645048	106.549784	0.004722	22.2
623	-0.379424	73.828668	107.467072	0.004473	20.0
624	-0.363948	74.828667	106.345622	0.005285	23.6
625	-0.383473	75.828661	105.247342	0.004916	19.1
626	-0.390243	75.165779	105.972825	0.004615	19.2
627	-0.390553	74.345937	106.884043	0.004777	20.6
628	-0.367280	73.526095	107.811068	0.004396	19.3
629	-0.380198	72.870310	108.564244	0.005088	24.0
630	-0.374785	72.092755	109.471024	0.003816	19.1
631	-0.386071	71.273623	110.442822	0.005175	19.3
632	-0.386867	70.815092	110.994380	0.003996	21.8
633	-0.400883	71.614881	110.035872	0.006020	19.1
634	-0.377926	72.577130	108.904379	0.005064	23.5
635	-0.366932	73.577130	107.752892	0.003882	19.1
636	-0.399841	74.173001	107.078258	0.004728	21.4
637	-0.391925	73.631463	107.691025	0.004911	23.6
638	-0.376074	72.811620	108.632163	0.004894	19.2
639	-0.404454	71.991778	109.589895	0.004616	30.9
640	-0.390413	71.172271	110.564263	0.004596	19.6
641	-0.384839	72.165356	109.385716	0.004064	20.7
642	-0.387485	73.165356	108.224082	0.004998	19.6
643	-0.399108	73.312711	108.054992	0.004764	19.4
644	-0.389246	74.291350	106.945271	0.004999	24.4
645	-0.394071	73.472028	107.872769	0.005234	21.3
646	-0.377104	74.472028	106.742880	0.004498	19.6
647	-0.388125	75.472028	105.636415	0.004657	20.4
648	-0.389110	75.813373	105.263962	0.004803	20.9
649	-0.375208	74.993533	106.162977	0.005190	27.3
650	-0.389249	74.173691	107.077483	0.005201	21.2
651	-0.375184	74.470522	106.744564	0.004435	21.8
652	-0.397600	73.650681	107.669159	0.004889	20.0
653	-0.420291	74.648484	106.545957	0.005143	19.1
654	-0.385328	75.648483	105.443551	0.004737	22.8
655	-0.382577	74.828641	106.345651	0.005497	19.2
656	-0.403301	75.828639	105.247367	0.004879	21.6
657	-0.367947	76.828322	104.171870	0.004586	23.8
658	-0.386414	77.828220	103.117908	0.004776	19.3
659	-0.390454	78.827208	102.085989	0.004425	22.2
660	-0.400955	79.827208	101.073505	0.004329	19.2
661	-0.376127	80.826972	100.081138	0.004750	19.2
662	-0.401979	81.756472	99.175838	0.004688	23.2
663	-0.386657	80.977763	99.933152	0.005118	19.8
664	-0.370982	81.907353	99.030428	0.004136	23.6
665	-0.366419	82.907286	98.077427	0.004470	19.2
666	-0.364496	82.087444	98.857424	0.004411	19.5
667	-0.389863	81.282843	99.635079	0.004425	20.5
668	-0.394739	80.463002	100.440151	0.004803	19.2
669	-0.383329	81.463001	99.459894	0.004941	23.3
670	-0.378495	80.651096	100.254298	0.004957	19.7
671	-0.385248	81.651090	99.277652	0.004420	19.3
672	-0.386267	81.038153	99.874007	0.004871	23.7
673	-0.382813	80.929013	99.980947	0.004506	21.2
674	-0.397168	80.114562	100.786267	0.004104	23.7
675	-0.388545	81.114562	99.799275	0.004531	22.1
676	-0.360691	80.410427	100.492223	0.004852	21.7
677	-0.392120	79.622681	101.278947	0.004307	19.3
678	-0.381811	78.807000	102.106659	0.004967	19.3
679	-0.385667	77.987163	102.952331	0.004744	23.6
680	-0.383208	77.167408	103.812043	0.005203	19.2
681	-0.370931	78.097461	102.837743	0.004035	19.3
682	-0.391534	78.667242	102.249837	0.004802	20.5
683	-0.394370	79.365112	101.538861	0.004744	19.0
684	-0.398650	80.270795	100.630781	0.005653	23.1
685	-0.396108	79.450953	101.452091	0.004913	19.2
686	-0.394470	78.631114	102.286914	0.004570	19.4
687	-0.375834	79.631114	101.270460	0.005324	27.3
688	-0.392001	78.811272	102.102288	0.004727	19.2
689	-0.402661	79.811264	101.089489	0.005163	19.7
690	-0.368456	78.994870	101.914821	0.004263	20.0
691	-0.380317	79.994870	100.905712	0.004712	19.7
692	-0.371399	80.993944	99.917297	0.004530	23.9
693	-0.389787	81.985970	98.954831	0.004910	24.3
694	-0.387067	82.983906	98.005159	0.004656	22.4
695	-0.377146	83.983827	97.071707	0.004871	19.2
696	-0.373889	84.983826	96.155797	0.004966	22.5
697	-0.394065	85.961417	95.276966	0.004830	23.7
698	-0.366302	85.634598	95.568975	0.004591	19.2
699	-0.369230	84.814761	96.309429	0.004624	22.5
700	-0.388578	85.814761	95.407780	0.005071	19.2
701	-0.387670	85.003266	96.138162	0.005029	19.2
702	-0.390363	86.003251	95.239716	0.004831	21.9
703	-0.370618	85.251589	95.913476	0.004663	19.1
704	-0.371664	85.937453	95.298316	0.004373	19.5
705	-0.384693	85.246742	95.917851	0.005303	20.4
706	-0.398517	84.428840	96.661968	0.005258	19.2
707	-0.398200	83.664649	97.367730	0.004937	23.2
708	-0.412931	84.664649	96.446251	0.004983	19.1
709	-0.390306	83.846627	97.198732	0.004138	19.3
710	-0.413274	83.028691	97.962967	0.005100	23.3
711	-0.386227	82.234209	98.716882	0.005768	19.1
712	-0.372070	81.414367	99.507125	0.005056	19.3
713	-0.395463	82.414345	98.544929	0.004777	20.7
714	-0.398337	81.594503	99.332410	0.005311	19.2
715	-0.387693	82.456823	98.504467	0.004928	23.3
716	-0.402071	81.636984	99.291296	0.005122	19.2
717	-0.392410	81.547463	99.377976	0.004632	19.2
718	-0.392073	80.727627	100.178875	0.005167	23.6
719	-0.400744	81.727627	99.203686	0.004895	19.2
720	-0.386303	80.996306	99.914983	0.005033	22.3
721	-0.373470	80.287239	100.614444	0.004733	19.2
722	-0.387185	81.263025	99.654389	0.004215	19.3
723	-0.381086	80.995992	99.915291	0.004614	25.2
724	-0.399899	81.654861	99.274005	0.005660	19.9
725	-0.388083	82.654861	98.316269	0.004944	22.3
726	-0.374378	81.835019	99.100086	0.004938	19.2
727	-0.376652	82.835019	98.145687	0.004236	19.1
728	-0.376751	83.803904	97.238355	0.004668	19.6
729	-0.401543	82.984614	98.004491	0.004389	22.9
730	-0.389603	82.164773	98.783325	0.004702	19.1
731	-0.400738	83.161640	97.837930	0.005047	24.7
732	-0.390532	82.406520	98.552386	0.005198	19.2
733	-0.389032	83.384439	97.629104	0.004618	19.2
734	-0.383802	82.565206	98.401381	0.004524	23.9
735	-0.370063	81.746324	99.185633	0.005113	19.4
736	-0.395542	80.926499	99.983413	0.005327	23.4
737	-0.380036	80.106657	100.794147	0.004106	22.4
738	-0.391148	79.286815	101.618137	0.004763	19.3
739	-0.377702	80.286755	100.614924	0.004528	21.0
740	-0.390539	81.246775	99.670227	0.004878	19.2
741	-0.376100	80.426936	100.475866	0.005239	23.6
742	-0.382368	81.426109	99.495718	0.005077	19.3
743	-0.405190	80.606267	100.298530	0.004397	19.2
744	-0.396394	79.786425	101.114403	0.004766	26.0
745	-0.377177	78.966603	101.943639	0.005071	19.2
746	-0.386141	79.966603	100.933962	0.004423	23.5
747	-0.384234	80.966422	99.944266	0.005354	19.3
748	-0.392024	80.146580	100.754363	0.004483	22.2
749	-0.373847	81.146580	99.767992	0.004869	21.6
750	-0.382688	81.243746	99.673180	0.005387	19.1
751	-0.377900	82.243643	98.707862	0.005150	21.4
752	-0.389829	83.243556	97.761048	0.004997	19.1
753	-0.378974	82.577423	98.389774	0.004448	19.2
754	-0.372750	83.574316	97.451837	0.005272	24.4
755	-0.402023	84.434724	96.656575	0.005296	19.1
756	-0.417791	84.246010	96.829887	0.005129	23.1
757	-0.384274	83.426168	97.590091	0.004694	19.2
758	-0.402283	83.161466	97.838094	0.004523	21.2
759	-0.414408	84.161465	96.907734	0.004594	20.3
760	-0.373910	83.341627	97.669162	0.004373	19.1
761	-0.398819	84.299927	96.780307	0.004848	23.5
762	-0.384231	83.480085	97.539729	0.004971	19.1
763	-0.370909	84.480084	96.615009	0.004660	19.4
764	-0.380427	83.836394	97.208220	0.005000	20.5
765	-0.405244	83.016732	97.974230	0.004549	19.4
766	-0.400269	82.197954	98.751563	0.005155	24.4
767	-0.406705	83.193229	97.808268	0.004855	19.2
768	-0.397500	83.821895	97.221666	0.004407	19.2
769	-0.393964	83.049615	97.943267	0.005216	23.1
770	-0.389832	84.049615	97.010915	0.004993	19.3
771	-0.371049	85.049615	96.096146	0.004008	23.7
772	-0.385069	86.049600	95.198480	0.005170	19.1
773	-0.400490	85.229758	95.933187	0.004304	19.2
774	-0.403562	86.192071	95.071950	0.004479	22.9
775	-0.389569	87.187816	94.196922	0.005417	19.1
776	-0.390844	86.923357	94.427745	0.004945	23.2
777	-0.377537	86.103922	95.150196	0.005335	19.2
778	-0.399604	87.081436	94.289636	0.004520	19.2
779	-0.411745	88.066306	93.438200	0.005570	23.4
780	-0.391071	87.246464	94.145886	0.004611	19.2
781	-0.408655	86.427638	94.863476	0.004659	24.0
782	-0.396144	87.427638	93.988575	0.004752	19.3
783	-0.384806	88.353861	93.192496	0.004476	19.2
784	-0.398845	89.353629	92.348202	0.004781	22.7
785	-0.382616	90.353470	91.519009	0.005284	19.7
786	-0.382356	91.353470	90.704446	0.005101	22.5
787	-0.390081	90.534306	91.370625	0.004555	19.8
788	-0.383087	89.886914	91.904075	0.004988	19.1
789	-0.387703	90.886914	91.082674	0.005536	23.0
790	-0.382651	91.880151	90.281233	0.005303	20.2
791	-0.377361	92.880144	89.488465	0.005157	22.2
792	-0.394571	93.879886	88.709691	0.004240	19.7
793	-0.381967	94.775307	88.023600	0.004683	19.1
794	-0.377752	95.775306	87.269814	0.004897	23.4
795	-0.392630	94.963530	87.880726	0.004599	19.4
796	-0.384385	94.148267	88.502932	0.005347	19.3
797	-0.383524	93.328442	89.137567	0.004870	24.3
798	-0.375587	94.322120	88.369510	0.004884	19.3
799	-0.378843	93.502288	89.002232	0.004482	23.8
800	-0.401518	94.318021	88.372651	0.004785	19.2
801	-0.378524	93.644269	88.892007	0.004977	19.1
802	-0.396982	94.528483	88.211659	0.004979	23.4
803	-0.399325	93.708641	88.842123	0.004330	19.2
804	-0.388078	94.462655	88.261951	0.004860	19.1
805	-0.403496	93.710872	88.840396	0.005118	22.8
806	-0.389279	93.118619	89.301460	0.005464	19.3
807	-0.392572	94.118619	88.525725	0.004704	19.4
808	-0.378933	93.299817	89.159891	0.004325	20.3
809	-0.384814	94.137834	88.510951	0.004342	19.5
810	-0.383743	93.318504	89.145317	0.004078	24.8
811	-0.375401	94.312134	88.377163	0.004958	19.3
812	-0.393862	93.495242	89.007710	0.004956	19.2
813	-0.375617	93.141851	89.283283	0.004881	22.9
814	-0.379601	94.141851	88.507864	0.004816	19.2
815	-0.375425	94.989007	87.861423	0.004194	23.5
816	-0.375609	94.190688	88.470339	0.005388	21.4
817	-0.377641	93.371875	89.103717	0.004229	19.3
818	-0.371696	94.339838	88.355935	0.005000	20.6
819	-0.374420	93.520357	88.988190	0.004691	19.2
820	-0.410124	94.520272	88.217930	0.004799	24.9
821	-0.397890	95.519238	87.461602	0.004844	19.2
822	-0.383550	94.700265	88.080691	0.004697	19.2
823	-0.404337	93.880423	88.709277	0.005051	22.0
824	-0.374875	94.880423	87.943753	0.004534	19.3
825	-0.377039	95.880212	87.191485	0.004780	23.8
826	-0.392756	96.880178	86.451848	0.004226	19.3
827	-0.393932	96.073806	87.047304	0.004287	21.3
828	-0.396171	95.253964	87.661176	0.004442	23.2
829	-0.379012	94.629171	88.134846	0.005020	21.4
830	-0.380900	93.811006	88.762912	0.004845	23.0
831	-0.382435	92.991164	89.401309	0.005218	19.4
832	-0.386953	92.171322	90.048955	0.005181	19.4
833	-0.394111	93.171217	89.260319	0.005425	21.6
834	-0.391835	94.110082	88.532291	0.004596	22.5
835	-0.398728	95.110059	87.769822	0.004569	21.7
836	-0.395077	94.290284	88.393912	0.005630	19.2
837	-0.382851	93.472002	89.025780	0.004354	19.2
838	-0.396283	94.472002	88.254807	0.004711	22.4
839	-0.404763	93.689319	88.857091	0.004776	19.4
840	-0.378562	94.544454	88.199467	0.004298	24.0
841	-0.387417	94.766056	88.030634	0.004798	19.2
842	-0.386517	95.766047	87.276734	0.004868	19.2
843	-0.386965	94.995804	87.856275	0.004745	20.7
844	-0.370048	94.186276	88.473728	0.004966	19.1
845	-0.385775	94.204564	88.459683	0.004513	23.3
846	-0.396855	93.385203	89.093335	0.005018	19.2
847	-0.382267	92.565363	89.736509	0.005010	19.3
848	-0.379762	93.565363	88.953231	0.004527	19.7
849	-0.383534	92.745536	89.594366	0.004361	20.9
850	-0.406082	91.925994	90.244583	0.005464	19.1
851	-0.379621	92.925225	89.453053	0.004581	23.5
852	-0.398066	93.908735	88.687420	0.005264	19.2
853	-0.375716	94.908232	87.922653	0.005085	19.4
854	-0.398011	95.905491	87.172631	0.004718	23.9
855	-0.395360	96.905490	86.433289	0.004734	19.4
856	-0.371093	96.085648	87.038501	0.005190	23.5
857	-0.385160	95.371461	87.572668	0.004936	19.8
858	-0.376980	95.330328	87.603632	0.004681	19.4
859	-0.398024	96.327611	86.859002	0.004878	25.7
860	-0.384569	95.507936	87.470087	0.004352	19.4
861	-0.368343	96.507746	86.725851	0.004940	23.6
862	-0.391921	97.507686	85.994078	0.005442	19.9
863	-0.394817	96.687844	86.593134	0.004652	19.6
864	-0.385252	95.868738	87.200046	0.004088	20.5
865	-0.400858	95.051142	87.814382	0.005015	19.3
866	-0.387895	94.333424	88.360849	0.005506	23.5
867	-0.383395	93.521272	88.987478	0.005202	19.5
868	-0.381259	94.507119	88.227976	0.004699	19.3
869	-0.390543	95.500607	87.475589	0.004122	23.6
870	-0.388895	96.498753	86.732488	0.004505	19.3
871	-0.389829	95.678915	87.341910	0.004723	23.2
872	-0.377664	94.859072	87.959959	0.004299	19.3
873	-0.376751	95.858437	87.207732	0.004012	19.3
874	-0.407520	95.038803	87.823719	0.004547	22.9
875	-0.381214	94.323763	88.368251	0.004513	19.1
876	-0.376461	95.283633	87.638810	0.004387	19.4
877	-0.393197	96.283632	86.891573	0.005081	24.3
878	-0.402417	95.463793	87.503240	0.005365	19.3
879	-0.396794	96.463785	86.758308	0.004392	24.4
880	-0.388023	96.648555	86.622052	0.004421	19.4
881	-0.378099	97.547062	85.965515	0.004730	19.3
882	-0.383236	96.729721	86.562332	0.004974	21.0
883	-0.392888	95.909879	87.169359	0.004934	19.3
884	-0.386440	96.875237	86.455472	0.005018	19.7
885	-0.387190	97.875233	85.728195	0.004732	20.2
886	-0.396552	98.871563	85.015654	0.004370	19.3
887	-0.389117	99.871562	84.312298	0.005334	20.6
888	-0.395003	99.052235	84.887710	0.004630	19.9
889	-0.395738	98.232517	85.471308	0.004385	19.1
890	-0.400506	99.232517	84.760425	0.005191	19.3
891	-0.400354	100.232517	84.061269	0.004818	20.1
892	-0.386251	101.200981	83.395069	0.004043	19.1
893	-0.380911	100.394652	83.948997	0.004994	19.4
894	-0.384709	99.574811	84.519802	0.005090	20.0
895	-0.384120	98.964197	84.950006	0.004777	19.2
896	-0.381880	98.148473	85.531597	0.004230	19.4
897	-0.404781	99.148453	84.819729	0.005412	20.2
898	-0.391938	98.930736	84.973707	0.005401	19.1
899	-0.394606	99.930364	84.271302	0.004753	22.9
900	-0.375694	100.927006	83.582461	0.004627	19.2
901	-0.379135	100.107164	84.148277	0.004211	19.2
902	-0.384776	99.287657	84.721571	0.004873	22.9
903	-0.390886	100.287657	84.023053	0.003916	19.2
904	-0.399082	99.467819	84.594868	0.005314	19.4
905	-0.414144	98.906211	84.991087	0.005017	20.6
906	-0.383897	98.088173	85.574906	0.004397	19.1
907	-0.386065	99.087573	84.862730	0.004488	22.9
908	-0.383563	100.087492	84.161948	0.004590	19.2
909	-0.396258	101.086869	83.473016	0.004641	19.4
910	-0.388087	100.267028	84.037347	0.004311	23.6
911	-0.400184	101.263658	83.352317	0.005576	19.3
912	-0.388404	101.561303	83.149893	0.004684	21.7
913	-0.376835	102.561303	82.476949	0.004864	19.2
914	-0.382589	103.533849	81.832845	0.004730	19.1
915	-0.386854	104.533690	81.181070	0.005397	23.1
916	-0.397253	105.486943	80.569259	0.005292	19.2
917	-0.374587	106.486943	79.937278	0.004796	19.3
918	-0.376128	107.484408	79.316700	0.004798	20.5
919	-0.391300	106.664585	79.826048	0.005779	19.2
920	-0.368150	105.844756	80.341983	0.005069	23.1
921	-0.384852	106.844685	79.713594	0.004914	21.4
922	-0.413460	106.582107	79.877653	0.004469	19.2
923	-0.401840	107.582107	79.256434	0.004565	22.9
924	-0.391953	108.582095	78.644810	0.004611	19.2
925	-0.397047	109.582095	78.042547	0.005190	23.2
926	-0.387656	110.582095	77.449438	0.004361	19.2
927	-0.374956	111.554079	76.881521	0.005104	19.1
928	-0.402918	110.734246	77.359985	0.004657	21.8
929	-0.388613	111.734246	76.777166	0.004797	19.3
930	-0.381865	112.734246	76.203064	0.003971	19.2
931	-0.384612	111.923751	76.667707	0.004618	22.3
932	-0.400170	111.103941	77.143491	0.004752	19.2
933	-0.396346	112.103941	76.563918	0.005131	19.2
934	-0.402469	113.103941	75.992988	0.005442	21.0
935	-0.392238	112.287235	76.458629	0.004778	19.2
936	-0.388813	113.286336	75.889770	0.006081	26.2
937	-0.383453	112.466495	76.355937	0.004730	19.8
938	-0.390065	111.646652	76.827866	0.004709	19.3
939	-0.378682	112.646652	76.253008	0.004749	20.6
940	-0.397952	111.951782	76.651543	0.004462	21.5
941	-0.392077	111.131947	77.127140	0.004811	23.7
942	-0.383137	112.131947	76.547812	0.004140	19.4
943	-0.376699	113.131714	75.977253	0.004324	19.2
944	-0.393962	114.131714	75.415008	0.005252	24.0
945	-0.412968	113.327304	75.866625	0.004703	21.5
946	-0.415901	112.623815	76.266040	0.005285	23.7
947	-0.380305	111.806761	76.735244	0.004778	19.3
948	-0.395117	110.986919	77.211888	0.004826	19.8
949	-0.391789	110.169229	77.693216	0.004616	20.6
950	-0.399829	109.349387	78.181873	0.005198	19.1
951	-0.383542	108.881959	78.463239	0.005185	25.8
952	-0.402077	109.163458	78.293550	0.004903	19.3
953	-0.388552	108.343616	78.789812	0.004998	19.4
954	-0.394484	109.343616	78.185334	0.005098	22.7
955	-0.398683	110.343616	77.590061	0.005370	19.2
956	-0.405756	110.775088	77.336008	0.005151	25.2
957	-0.380329	111.775088	76.753549	0.004039	19.4
958	-0.386139	112.775081	76.179803	0.005797	19.7
959	-0.399786	113.775027	75.614596	0.004884	20.4
960	-0.394001	114.771381	75.059701	0.004889	19.4
961	-0.393308	113.951539	75.515695	0.004104	23.2
962	-0.387102	114.951539	74.960234	0.004753	21.3
963	-0.424664	114.148367	75.405715	0.004860	19.2
964	-0.395178	114.202490	75.375529	0.004925	23.1
965	-0.390404	113.382651	75.835379	0.004718	19.1
966	-0.394611	113.004911	76.049147	0.005259	23.7
967	-0.387334	112.200940	76.508163	0.005116	19.1
968	-0.379233	113.187488	75.945674	0.004473	19.4
969	-0.390767	114.163607	75.397213	0.004757	20.2
970	-0.395643	113.343956	75.857221	0.005898	19.3
971	-0.382044	114.343956	75.296744	0.004877	24.7
972	-0.397595	113.626104	75.698241	0.005280	19.2
973	-0.392226	114.625981	75.140169	0.004989	19.2
974	-0.390835	115.625981	74.590200	0.004945	24.8
975	-0.379147	116.618355	74.052325	0.004445	19.2
976	-0.389599	117.618237	73.518171	0.004877	19.3
977	-0.378866	118.253699	73.182683	0.004359	20.3
978	-0.384242	119.253146	72.661181	0.004725	19.1
979	-0.384541	118.433304	73.088415	0.005330	19.5
980	-0.385389	119.433303	72.567967	0.004890	20.3
981	-0.406213	120.433303	72.054877	0.005863	19.3
982	-0.395162	121.433303	71.548992	0.005375	19.3
983	-0.398632	122.433259	71.050183	0.004656	20.1
984	-0.382775	121.613478	71.458598	0.004915	19.4
985	-0.391136	122.386325	71.073439	0.004636	19.4
986	-0.387980	121.667840	71.431370	0.004070	20.4
987	-0.407540	122.667489	70.934345	0.004765	19.1
988	-0.406727	121.847665	71.341448	0.005325	19.5
989	-0.379359	121.028046	71.753147	0.004349	20.0
990	-0.397168	121.982804	71.274020	0.005569	19.6
991	-0.381288	122.982803	70.779003	0.004206	19.4
992	-0.397445	122.248300	71.141921	0.004711	20.3
993	-0.390694	123.248254	70.648753	0.004804	19.0
994	-0.388527	122.428412	71.052583	0.004630	19.4
995	-0.409975	123.428412	70.560626	0.005013	20.3
996	-0.373000	122.734737	70.901158	0.003981	19.1
997	-0.381440	121.920088	71.305296	0.005627	24.0
998	-0.403882	121.102393	71.715606	0.004583	20.1
999	-0.365416	120.282551	72.131761	0.004938	20.3
1000	-0.378003	120.679034	71.929904	0.004996	25.4
1001	-0.394527	121.678664	71.425951	0.004941	19.6
1002	-0.400381	122.498079	71.018088	0.004243	22.4
1003	-0.389864	121.679282	71.425641	0.004746	19.4
1004	-0.390876	122.679282	70.928523	0.004742	19.3
1005	-0.371608	121.862984	71.333798	0.004131	20.5
1006	-0.385290	122.248961	71.141593	0.004808	19.4
1007	-0.400878	123.233498	70.655981	0.004315	23.5
1008	-0.398457	122.420160	71.056672	0.005038	19.2
1009	-0.391412	121.600318	71.465193	0.004384	19.2
1010	-0.394902	120.780476	71.878439	0.004958	23.5
1011	-0.372906	121.780475	71.375020	0.004340	19.7
1012	-0.385608	120.960634	71.787220	0.004798	22.5
1013	-0.394877	120.140829	72.204190	0.004227	19.2
1014	-0.383263	121.140829	71.696214	0.004201	19.4
1015	-0.396797	120.321359	72.111954	0.004586	22.6
1016	-0.401463	121.321290	71.605304	0.006336	20.1
1017	-0.400764	122.321290	71.105690	0.004555	23.6
1018	-0.363813	121.501448	71.514777	0.004869	19.3
1019	-0.393612	122.501440	71.016425	0.005516	19.3
1020	-0.400612	123.501440	70.524967	0.004746	24.5
1021	-0.401287	122.702616	70.917005	0.004486	19.2
1022	-0.393764	123.689442	70.433330	0.004924	22.1
1023	-0.390565	124.537080	70.023112	0.004446	20.2
1024	-0.387434	125.190357	69.710201	0.005139	19.1
1025	-0.384390	126.190357	69.236596	0.004559	25.0
1026	-0.410515	125.370850	69.624240	0.005290	19.3
1027	-0.380240	124.551052	70.016390	0.004643	19.5
1028	-0.381754	124.848945	69.873383	0.005449	20.7
1029	-0.405737	125.848944	69.397566	0.004908	21.3
1030	-0.404768	125.029102	69.787180	0.004652	23.6
1031	-0.388790	126.013141	69.320057	0.004016	20.2
1032	-0.394397	125.205314	69.703070	0.004632	19.3
1033	-0.381800	124.385481	70.096128	0.004650	20.7
1034	-0.410257	123.565639	70.493648	0.004525	20.4
1035	-0.381870	124.565060	70.009652	0.004330	23.6
1036	-0.403011	125.565060	69.531983	0.004922	19.2
1037	-0.388802	126.564802	69.060908	0.005270	19.4
1038	-0.391998	125.752142	69.443342	0.005289	20.4
1039	-0.401401	124.952087	69.824005	0.004754	19.2
1040	-0.402317	124.133931	70.217620	0.005048	23.1
1041	-0.390789	124.887832	69.854758	0.005713	21.4
1042	-0.384525	125.887832	69.379193	0.004179	19.3
1043	-0.413960	125.219075	69.696510	0.004825	22.8
1044	-0.409421	124.403473	70.087454	0.004473	19.3
1045	-0.405011	125.034275	69.784708	0.005651	23.7
1046	-0.390871	124.214433	70.178694	0.004614	19.9
1047	-0.370781	123.408091	70.570556	0.004663	19.2
1048	-0.382685	124.401643	70.088336	0.005444	21.8
1049	-0.393250	123.583487	70.484946	0.005127	19.3
1050	-0.385512	124.583020	70.001016	0.005075	23.5
1051	-0.392118	123.765064	70.396537	0.003990	19.2
1052	-0.390300	123.332764	70.607386	0.004897	19.2
1053	-0.383231	122.512922	71.010743	0.004345	23.8
1054	-0.401809	123.512922	70.519363	0.004909	21.0
1055	-0.384077	124.494230	70.043735	0.004780	23.5
1056	-0.407562	125.494142	69.565643	0.005090	19.2
1057	-0.384188	124.674302	69.957152	0.003812	19.3
1058	-0.401663	124.900745	69.848576	0.004313	23.1
1059	-0.382486	125.226041	69.693190	0.004807	19.3
1060	-0.374858	126.225862	69.219899	0.004800	23.5
1061	-0.390117	127.225862	68.752909	0.004562	19.3
1062	-0.412135	128.225861	68.292179	0.005102	19.2
1063	-0.390570	127.406019	68.669447	0.004646	23.6
1064	-0.372513	126.586177	69.050906	0.004545	19.4
1065	-0.392927	125.772982	69.433482	0.004773	22.7
1066	-0.386765	126.767265	68.966284	0.004870	19.2
1067	-0.380961	127.767240	68.502711	0.004768	19.2
1068	-0.395637	126.947399	68.882314	0.004784	22.3
1069	-0.404913	126.277615	69.195575	0.005143	19.2
1070	-0.393892	125.457777	69.582916	0.005157	29.5
1071	-0.394002	126.456053	69.111841	0.005069	19.4
1072	-0.397048	126.020789	69.316450	0.004849	23.0
1073	-0.394254	127.020775	68.848168	0.004792	19.3
1074	-0.393573	128.020714	68.386192	0.004202	23.7
1075	-0.376416	128.724633	68.064680	0.004930	19.2
1076	-0.413814	127.957304	68.415304	0.004799	21.2
1077	-0.410560	128.669084	68.089942	0.004300	19.9
1078	-0.384552	129.669038	67.638046	0.004680	19.2
1079	-0.427523	128.852299	68.006693	0.005159	24.5
1080	-0.375174	129.852285	67.555882	0.004343	19.1
1081	-0.401273	130.852274	67.111009	0.004995	19.9
1082	-0.402769	131.851794	66.672160	0.005149	20.3
1083	-0.385911	131.130528	66.988259	0.004700	19.1
1084	-0.392998	130.310687	67.351219	0.005609	23.6
1085	-0.399196	129.490845	67.718134	0.004265	19.3
1086	-0.391796	130.490842	67.271124	0.004367	19.1
1087	-0.388534	129.671143	67.637100	0.005548	22.4
1088	-0.404618	128.859053	68.003627	0.004578	19.5
1089	-0.400123	128.039326	68.377653	0.004320	26.0
1090	-0.395128	129.039326	67.921921	0.004470	19.2
1091	-0.378416	130.034815	67.474239	0.004486	19.3
1092	-0.382176	129.214973	67.842500	0.005368	24.0
1093	-0.404852	130.213072	67.394697	0.004343	19.4
1094	-0.398542	129.396664	67.760540	0.005570	26.0
1095	-0.403790	130.396577	67.313010	0.005800	19.2
1096	-0.404023	129.576735	67.679507	0.005134	20.3
1097	-0.400401	128.756893	68.050018	0.005343	21.6
1098	-0.404039	129.756880	67.598635	0.004248	19.3
1099	-0.397406	128.937041	67.968256	0.004494	23.4
1100	-0.403632	129.873427	67.546416	0.004755	20.4
1101	-0.389802	129.053585	67.915467	0.003938	19.7
1102	-0.375933	128.233748	68.288570	0.004934	20.7
1103	-0.390809	127.745620	68.512668	0.005103	19.2
1104	-0.395758	128.745620	68.055141	0.004561	23.2
1105	-0.425785	129.745620	67.603684	0.004790	19.2
1106	-0.395540	130.745616	67.158179	0.004634	19.3
1107	-0.397884	129.925774	67.522988	0.004765	23.5
1108	-0.392278	130.925680	67.078582	0.004540	19.4
1109	-0.380849	130.265859	67.371179	0.005154	20.1
1110	-0.386018	131.265859	66.928721	0.004726	19.7
1111	-0.388389	131.154419	66.977741	0.004629	19.5
1112	-0.397991	130.334580	67.340586	0.005015	23.7
1113	-0.375469	129.854929	67.554698	0.004854	19.1
1114	-0.377255	130.326984	67.343966	0.005002	19.2
1115	-0.384945	131.326984	66.901864	0.004454	23.6
1116	-0.386905	130.507142	67.263887	0.004626	19.2
1117	-0.390024	130.175149	67.411604	0.005182	23.3
1118	-0.385953	131.174954	66.968703	0.004694	19.3
1119	-0.399104	132.174753	66.531586	0.004365	19.2
1120	-0.380249	131.354911	66.889601	0.004715	24.0
1121	-0.387637	130.535133	67.251462	0.004230	19.2
1122	-0.393730	131.507046	66.822875	0.004445	22.8
1123	-0.387700	132.499370	66.390887	0.005214	19.2
1124	-0.391995	133.499117	65.961278	0.005177	19.2
1125	-0.387085	132.679549	66.313048	0.004481	22.6
1126	-0.413879	131.891846	66.654694	0.004717	19.2
1127	-0.403401	131.091740	67.005343	0.004832	22.1
1128	-0.392714	132.091610	66.567719	0.004935	19.1
1129	-0.401862	133.091603	66.135721	0.004544	19.6
1130	-0.399150	133.399397	66.003880	0.004309	23.3
1131	-0.378505	134.399395	65.579143	0.004762	21.4
1132	-0.398358	133.579553	65.926955	0.005502	19.5
1133	-0.405425	134.579553	65.503204	0.004931	20.6
1134	-0.379820	135.579553	65.084866	0.004366	21.3
1135	-0.383154	134.759711	65.427440	0.004923	23.6
1136	-0.395603	135.759388	65.010200	0.005013	19.3
1137	-0.383807	134.990264	65.330739	0.004382	19.2
1138	-0.396609	135.978571	64.919429	0.004825	20.6
1139	-0.399306	136.978161	64.508658	0.005387	21.4
1140	-0.417423	136.158672	64.845033	0.004591	23.5
1141	-0.397592	135.339123	65.184958	0.004439	19.3
1142	-0.410345	134.520520	65.528068	0.004823	19.4
1143	-0.390986	133.700688	65.875332	0.004294	20.4
1144	-0.372784	132.880891	66.226282	0.004591	19.4
1145	-0.381301	133.873375	65.801880	0.004419	23.3
1146	-0.379204	134.055427	65.724621	0.004917	19.1
1147	-0.374671	134.748290	65.432238	0.004579	19.3
1148	-0.398714	133.928527	65.778456	0.004540	24.3
1149	-0.384587	134.927606	65.356991	0.005069	19.2
1150	-0.405411	134.110588	65.701248	0.005426	22.5
1151	-0.381791	133.290746	66.050359	0.004624	19.2
1152	-0.403278	134.290746	65.625026	0.004529	19.3
1153	-0.403184	135.290376	65.205290	0.004599	22.1
1154	-0.376735	134.477502	65.546199	0.004435	19.2
1155	-0.393362	135.477502	65.127313	0.005413	19.2
1156	-0.386201	134.657660	65.470336	0.004919	20.9
1157	-0.404780	135.505994	65.115456	0.004560	19.1
1158	-0.405384	136.373221	64.756629	0.004172	23.3
1159	-0.378544	137.373221	64.347742	0.004380	19.2
1160	-0.404535	138.372117	63.944431	0.005475	19.3
1161	-0.388067	137.552275	64.275074	0.004342	23.7
1162	-0.399426	138.552274	63.872228	0.004859	19.3
1163	-0.390746	137.733887	64.201535	0.005477	19.5
1164	-0.383086	136.914046	64.534850	0.004474	22.1
1165	-0.384655	136.144717	64.850791	0.005193	19.2
1166	-0.372316	135.324875	65.190900	0.004526	25.6
1167	-0.392744	136.324874	64.776529	0.004728	19.3
1168	-0.388497	135.505033	65.115856	0.004231	19.4
1169	-0.398411	134.689125	65.457104	0.004712	22.9
1170	-0.390676	133.871950	65.802486	0.004497	19.2
1171	-0.398379	134.824044	65.400428	0.004775	19.3
1172	-0.382105	135.811188	64.988725	0.003975	20.9
1173	-0.395647	136.775979	64.591323	0.005194	19.2
1174	-0.415847	135.956305	64.928639	0.004477	19.3
1175	-0.393818	136.269866	64.799186	0.004702	20.6
1176	-0.388192	135.450024	65.138752	0.004464	23.2
1177	-0.388182	136.449650	64.725194	0.004092	24.2
1178	-0.386693	135.629816	65.063980	0.004360	23.0
1179	-0.413074	134.810465	65.406128	0.004956	22.2
1180	-0.381457	134.013306	65.742480	0.005578	19.2
1181	-0.401990	135.013306	65.321090	0.004383	19.4
1182	-0.380562	136.004600	64.908666	0.004586	21.5
1183	-0.383821	137.004574	64.497875	0.004918	19.1
1184	-0.397835	138.004571	64.092241	0.004443	21.4
1185	-0.400322	137.184729	64.424419	0.004763	19.5
1186	-0.398843	136.373478	64.756523	0.005225	19.1
1187	-0.394908	135.555084	65.095039	0.004659	23.7
1188	-0.376770	136.529000	64.692591	0.004852	19.1
1189	-0.382711	135.730760	65.022075	0.004618	19.6
1190	-0.409038	134.911020	65.363945	0.004273	20.7
1191	-0.397640	134.093528	65.708475	0.004972	19.1
1192	-0.391526	134.872873	65.379941	0.004485	23.5
1193	-0.414172	135.780260	65.001546	0.005670	19.2
1194	-0.391493	136.741618	64.605393	0.004197	19.2
1195	-0.394470	135.921776	64.942926	0.004469	23.4
1196	-0.389764	136.921726	64.531711	0.004574	19.4
1197	-0.393823	136.604301	64.661682	0.004482	22.9
1198	-0.396934	137.596726	64.257059	0.004529	19.2
1199	-0.366004	136.776887	64.590951	0.004177	21.3
1200	-0.393126	137.575656	64.265597	0.004686	22.4
1201	-0.388789	138.575656	63.862869	0.004508	19.1
1202	-0.397858	139.575643	63.465162	0.004454	24.0
1203	-0.391764	139.914187	63.331639	0.004978	19.2
1204	-0.392948	140.914187	62.940496	0.004671	19.4
1205	-0.397826	141.914187	62.554155	0.004105	22.9
1206	-0.367680	142.779780	62.223549	0.004272	19.2
1207	-0.372975	142.786335	62.221059	0.004804	20.6
1208	-0.386178	141.994598	62.523294	0.004554	19.4
1209	-0.380467	142.910307	62.173999	0.004800	19.2
1210	-0.401613	142.090465	62.486542	0.004789	23.8
1211	-0.389862	143.086236	62.107337	0.004359	19.2
1212	-0.397154	144.086236	61.731126	0.004916	19.2
1213	-0.383819	145.086227	61.359448	0.004670	23.2
1214	-0.396204	145.969224	61.034956	0.005307	19.3
1215	-0.389238	145.149908	61.335931	0.004405	23.6
1216	-0.397951	146.149908	60.968979	0.004850	19.2
1217	-0.389050	145.330069	61.269494	0.004690	19.4
1218	-0.411521	146.330067	60.903336	0.005348	23.6
1219	-0.394104	145.510226	61.203203	0.005289	19.2
1220	-0.405046	144.690704	61.505920	0.004826	23.8
1221	-0.393569	145.690704	61.136938	0.004295	19.1
1222	-0.385164	146.681622	60.775648	0.005369	19.1
1223	-0.409196	147.681622	60.415350	0.004549	23.0
1224	-0.393934	148.681622	60.059299	0.005084	20.0
1225	-0.388486	147.861780	60.350893	0.005302	23.9
1226	-0.382013	147.044894	60.644266	0.005217	19.1
1227	-0.408725	146.260028	60.928838	0.004956	19.3
1228	-0.400637	145.440209	61.228950	0.004697	20.6
1229	-0.399920	146.429077	60.867320	0.004419	19.3
1230	-0.396891	145.613462	61.165281	0.005162	23.3
1231	-0.390247	145.318947	61.273591	0.004913	19.2
1232	-0.389224	144.836250	61.451940	0.004520	19.2
1233	-0.407739	145.836236	61.083608	0.004718	24.3
1234	-0.386862	146.826540	60.723168	0.004089	19.2
1235	-0.394757	146.367775	60.889614	0.005927	24.5
1236	-0.405458	145.547933	61.189347	0.005549	19.3
1237	-0.395165	144.728091	61.492045	0.004616	20.6
1238	-0.390238	143.910501	61.796909	0.004005	24.3
1239	-0.387483	143.297172	62.027600	0.005147	21.8
1240	-0.394130	142.550941	62.310612	0.005117	22.4
1241	-0.382063	143.550940	61.931942	0.005121	19.2
1242	-0.401273	142.817475	62.209231	0.004633	19.3
1243	-0.400692	143.817475	61.831788	0.005199	23.2
1244	-0.394529	142.997695	62.140869	0.004181	20.4
1245	-0.403706	142.177900	62.453060	0.004580	21.8
1246	-0.417952	143.177900	62.072662	0.005287	19.3
1247	-0.380214	144.177633	61.696969	0.005173	19.2
1248	-0.417550	144.867183	61.440479	0.005455	20.7
1249	-0.395402	145.857913	61.075672	0.004532	19.2
1250	-0.380140	146.781072	60.739624	0.004297	23.1
1251	-0.413225	147.655751	60.424617	0.005038	19.3
1252	-0.384850	146.835909	60.719779	0.004858	19.3
1253	-0.382121	146.016079	61.017833	0.005170	22.6
1254	-0.396359	147.013295	60.655672	0.004594	19.7
1255	-0.381022	146.193453	60.953100	0.004348	19.6
1256	-0.396924	145.373807	61.253387	0.004676	20.0
1257	-0.400900	146.369517	60.888981	0.004744	19.2
1258	-0.413613	147.369517	60.527342	0.004474	23.2
1259	-0.401229	148.369516	60.169973	0.004653	19.1
1260	-0.402239	149.326733	59.831825	0.004043	19.3
1261	-0.400642	148.506893	60.121208	0.004174	23.4
1262	-0.389569	147.688554	60.412867	0.004368	19.2
1263	-0.399806	146.868787	60.707886	0.004661	21.8
1264	-0.403651	146.049078	61.005780	0.005671	19.8
1265	-0.392694	145.230640	61.306142	0.004265	19.4
1266	-0.398496	144.787912	61.469857	0.005266	21.6
1267	-0.384842	145.787912	61.101306	0.005286	19.3
1268	-0.388855	146.787911	60.737148	0.004936	19.2
1269	-0.386037	145.968354	61.035274	0.004490	20.3
1270	-0.394159	146.965179	60.673047	0.005439	19.9
1271	-0.397841	147.957234	60.316797	0.005577	21.4
1272	-0.417197	148.956646	59.962111	0.004489	19.6
1273	-0.387556	149.949331	59.613917	0.004864	22.2
1274	-0.408837	149.129491	59.901192	0.004369	24.2
1275	-0.403707	149.126084	59.902391	0.004246	19.4
1276	-0.400200	148.568979	60.099196	0.004803	19.6
1277	-0.393155	149.568966	59.746855	0.004824	20.6
1278	-0.408555	150.568966	59.398616	0.005378	19.2
1279	-0.401535	149.749124	59.683815	0.004429	23.6
1280	-0.408483	150.749124	59.336310	0.005069	19.2
1281	-0.392318	150.180049	59.533569	0.004496	19.2
1282	-0.382128	151.090097	59.218743	0.004672	23.8
1283	-0.386706	152.086134	58.877964	0.004131	19.6
1284	-0.387408	152.932961	58.591305	0.004852	23.5
1285	-0.397672	153.566841	58.378551	0.004258	21.6
1286	-0.399545	152.790487	58.639339	0.004617	19.3
1287	-0.393231	153.716717	58.328472	0.004687	20.7
1288	-0.396674	154.709972	57.998753	0.004763	19.3
1289	-0.374344	155.707188	57.671447	0.004852	23.1
1290	-0.412259	156.654554	57.363906	0.005412	19.2
1291	-0.390484	157.654551	57.042819	0.006109	20.5
1292	-0.388069	158.654551	56.725305	0.005325	24.1
1293	-0.405747	157.834966	56.985272	0.004514	19.3
1294	-0.392736	157.015124	57.247716	0.004237	22.9
1295	-0.388579	158.015107	56.927929	0.004365	20.0
1296	-0.378930	157.195265	57.189843	0.004334	19.1
1297	-0.404636	157.508854	57.089377	0.005190	23.1
1298	-0.385710	158.443718	56.791953	0.005011	19.2
1299	-0.409583	157.623926	57.052599	0.004575	21.9
1300	-0.376582	158.623902	56.734984	0.005058	19.2
1301	-0.381088	159.623902	56.420879	0.006445	19.2
1302	-0.400530	158.804060	56.678138	0.004274	22.4
1303	-0.408480	157.984218	56.937753	0.005071	19.1
1304	-0.394554	157.231608	57.178182	0.004772	19.5
1305	-0.402978	158.231598	56.859166	0.004838	24.0
1306	-0.396867	157.412095	57.120338	0.004727	19.2
1307	-0.381294	156.592254	57.384030	0.004500	22.7
1308	-0.399443	157.585726	57.064803	0.004283	19.2
1309	-0.384536	158.581563	56.748360	0.004502	19.1
1310	-0.412104	159.581510	56.434124	0.004952	24.3
1311	-0.382308	160.502855	56.147653	0.004173	19.5
1312	-0.384760	160.407396	56.177198	0.005470	22.8
1313	-0.405108	159.587555	56.432234	0.004577	19.7
1314	-0.393748	160.587555	56.121463	0.004067	19.3
1315	-0.403337	161.587555	55.814096	0.005243	23.3
1316	-0.399800	162.578451	55.512829	0.004926	19.2
1317	-0.400767	163.578446	55.212076	0.004717	23.7
1318	-0.391371	163.987630	55.089950	0.004711	19.3
1319	-0.397846	164.940455	54.807649	0.004507	19.9
1320	-0.367163	165.940322	54.514506	0.003846	20.7
1321	-0.383027	166.940322	54.224443	0.004746	19.2
1322	-0.397507	166.120481	54.462019	0.004045	19.9
1323	-0.401142	167.118887	54.172972	0.004234	20.8
1324	-0.393950	168.118887	53.886523	0.004685	19.2
1325	-0.393972	169.118887	53.603087	0.005056	19.3
1326	-0.396250	168.418624	53.801253	0.003893	20.2
1327	-0.388104	169.418614	53.518713	0.005018	19.1
1328	-0.388423	168.877866	53.671128	0.004889	19.4
1329	-0.374258	168.058137	53.903838	0.005369	20.2
1330	-0.378054	167.238295	54.138608	0.004421	19.1
1331	-0.397859	168.238295	53.852521	0.004798	19.3
1332	-0.400331	167.671352	54.014344	0.004378	20.3
1333	-0.378174	166.851510	54.250079	0.004906	19.2
1334	-0.404270	166.043666	54.484386	0.005563	19.3
1335	-0.396226	165.224189	54.724143	0.004438	20.2
1336	-0.401209	166.224189	54.431851	0.005326	19.3
1337	-0.386204	167.224189	54.142665	0.004613	23.3
1338	-0.392999	166.404349	54.379524	0.004868	19.1
1339	-0.397532	165.584510	54.618463	0.005053	19.1
1340	-0.387525	164.765670	54.859217	0.003879	23.4
1341	-0.384947	164.736800	54.867744	0.005401	20.2
1342	-0.380521	163.916958	55.111004	0.004653	22.3
1343	-0.403386	163.097140	55.356423	0.004618	19.3
1344	-0.373842	164.096334	55.057596	0.005333	19.4
1345	-0.387762	163.276492	55.302546	0.004953	21.7
1346	-0.391527	164.183109	55.031797	0.005136	19.2
1347	-0.407449	165.183109	54.736218	0.005170	20.8
1348	-0.385697	164.565562	54.918376	0.004921	19.6
1349	-0.408819	163.749627	55.160919	0.005019	19.2
1350	-0.394684	162.935556	55.405053	0.005475	25.1
1351	-0.401472	162.281542	55.602758	0.004660	19.2
1352	-0.389464	161.461700	55.852594	0.004785	19.4
1353	-0.382762	162.461700	55.548157	0.004479	24.6
1354	-0.396910	162.527480	55.528247	0.004563	19.2
1355	-0.395042	161.707639	55.777412	0.004345	24.9
1356	-0.390333	160.900141	56.025021	0.004456	19.3
1357	-0.394053	160.100154	56.272505	0.004477	19.5
1358	-0.398853	159.343528	56.508594	0.004849	23.2
1359	-0.400633	160.343240	56.197073	0.004756	19.3
1360	-0.404440	159.523399	56.452290	0.004100	25.4
1361	-0.422760	158.970914	56.625590	0.004698	19.5
1362	-0.371270	158.151072	56.884724	0.004755	24.1
1363	-0.392224	157.354525	57.138776	0.004664	19.9
1364	-0.394756	158.354525	56.820196	0.004020	20.0
1365	-0.389758	159.222230	56.546627	0.004910	23.9
1366	-0.384676	160.221192	56.234920	0.005640	19.2
1367	-0.386342	159.401350	56.490482	0.004386	22.6
1368	-0.379986	158.581508	56.748378	0.004713	19.3
1369	-0.386050	159.581507	56.434124	0.005380	19.5
1370	-0.385396	158.774331	56.687510	0.005451	23.2
1371	-0.400486	159.774331	56.373929	0.004844	19.4
1372	-0.402190	159.717992	56.391503	0.004385	20.6
1373	-0.382395	158.898150	56.648494	0.004889	19.8
1374	-0.391704	159.898150	56.335342	0.004270	19.3
1375	-0.400563	160.898147	56.025635	0.004874	25.4
1376	-0.391113	161.898147	55.719314	0.005190	19.3
1377	-0.383460	162.898102	55.416337	0.004891	19.4
1378	-0.365628	162.078260	55.664497	0.003892	27.3
1379	-0.395070	161.262073	55.913768	0.004593	19.3
1380	-0.395787	160.474283	56.156493	0.004873	23.6
1381	-0.384290	159.654441	56.411341	0.004229	19.2
1382	-0.384751	160.583859	56.122605	0.004978	20.7
1383	-0.386117	159.768237	56.375829	0.004263	20.3
1384	-0.410007	158.948397	56.632676	0.005251	19.2
1385	-0.386031	158.128555	56.891874	0.004979	23.6
1386	-0.382384	157.311361	57.152608	0.005022	19.3
1387	-0.410429	156.491619	57.416566	0.004532	19.4
1388	-0.414957	157.448560	57.108666	0.004752	21.3
1389	-0.396005	156.633633	57.370663	0.004531	19.2
1390	-0.390426	157.632659	57.049810	0.004429	23.5
1391	-0.391819	156.815833	57.311877	0.005097	19.1
1392	-0.389379	157.815782	56.991386	0.005167	19.3
1393	-0.366073	156.995940	57.253886	0.004354	23.4
1394	-0.394409	156.176103	57.518814	0.003941	19.2
1395	-0.400229	157.042160	57.239023	0.004514	24.8
1396	-0.404408	157.326340	57.147807	0.004681	19.2
1397	-0.397886	156.506501	57.411752	0.005808	19.2
1398	-0.412562	155.686847	57.678087	0.005071	22.0
1399	-0.407286	154.867005	57.946965	0.005747	19.1
1400	-0.404508	154.047163	58.218363	0.004537	24.5
1401	-0.410146	153.242623	58.487178	0.005201	19.2
1402	-0.387317	152.423693	58.763362	0.005036	21.4
1403	-0.386194	153.423693	58.426462	0.004306	23.2
1404	-0.402434	154.398199	58.101846	0.004618	19.3
1405	-0.389246	155.123574	57.862551	0.003972	23.6
1406	-0.383911	154.376110	58.109165	0.004823	19.2
1407	-0.406212	153.632722	58.356527	0.005086	19.5
1408	-0.398813	154.632722	58.024263	0.004996	20.7
1409	-0.406695	153.812882	58.296386	0.005173	19.3
1410	-0.397253	152.993040	58.571074	0.004914	24.6
1411	-0.412635	152.173198	58.848363	0.005016	19.3
1412	-0.404907	151.353373	59.128284	0.004567	19.2
1413	-0.389233	150.957408	59.264439	0.005074	21.9
1414	-0.394726	150.137566	59.548347	0.004810	19.3
1415	-0.410552	151.137566	59.202413	0.005264	24.5
1416	-0.377872	150.317724	59.485726	0.004864	19.2
1417	-0.397796	149.497882	59.771764	0.005139	19.4
1418	-0.407072	150.497874	59.423239	0.004610	22.4
1419	-0.397790	151.497866	59.078755	0.004748	19.2
1420	-0.397578	152.478070	58.744942	0.004317	26.7
1421	-0.400253	153.477215	58.408539	0.004451	19.5
1422	-0.391571	152.659430	58.683593	0.003871	24.2
1423	-0.397819	153.659430	58.347604	0.005306	21.6
1424	-0.387707	152.841273	58.622208	0.004401	19.4
1425	-0.393768	153.815391	58.295549	0.004290	23.1
1426	-0.386723	154.815332	57.963996	0.004399	19.3
1427	-0.412187	153.995668	58.235494	0.005932	24.4
1428	-0.390642	153.176091	58.509519	0.004226	19.4
1429	-0.407244	154.176091	58.175515	0.004823	19.3
1430	-0.386087	155.176058	57.845313	0.005149	21.8
1431	-0.406829	154.356220	58.115756	0.004112	21.7
1432	-0.383401	153.537024	58.388524	0.004328	23.6
1433	-0.396068	152.717183	58.664083	0.004436	19.3
1434	-0.391625	153.693042	58.336377	0.004525	20.4
1435	-0.390891	152.893385	58.604640	0.004811	20.9
1436	-0.391297	153.880427	58.273870	0.005250	19.3
1437	-0.396030	153.060584	58.548345	0.005137	23.3
1438	-0.410013	154.060584	58.213899	0.005187	19.4
1439	-0.385805	153.590508	58.370637	0.004513	19.3
1440	-0.392460	154.590508	58.038213	0.005170	22.5
1441	-0.397009	155.590454	57.709570	0.005904	19.4
1442	-0.389815	156.590454	57.384612	0.005319	19.4
1443	-0.395485	155.770661	57.650739	0.005057	20.4
1444	-0.394203	154.950819	57.919362	0.004587	19.4
1445	-0.389165	155.950819	57.592043	0.003945	23.5
1446	-0.404334	156.947467	57.269482	0.004386	19.5
1447	-0.394470	156.127968	57.534444	0.006346	19.2
1448	-0.395516	157.127714	57.211531	0.004674	24.3
1449	-0.373265	156.740680	57.336110	0.005168	19.3
1450	-0.423617	155.920838	57.601803	0.004433	25.4
1451	-0.387565	155.105679	57.868430	0.004964	19.3
1452	-0.398794	156.105675	57.541687	0.004972	19.6
1453	-0.404412	155.285982	57.809243	0.005413	24.2
1454	-0.388887	154.469297	58.078304	0.004472	19.4
1455	-0.396599	155.469196	57.749225	0.004776	24.7
1456	-0.413020	156.469196	57.423820	0.004541	19.4
1457	-0.390737	157.450941	57.107904	0.004709	21.5
1458	-0.394301	158.352360	56.820882	0.005393	19.4
1459	-0.399301	157.532518	57.081810	0.005431	21.3
1460	-0.410784	158.532518	56.763863	0.005666	21.5
1461	-0.393621	157.712676	57.024266	0.005161	19.3
1462	-0.383371	158.712667	56.706961	0.004682	19.5
1463	-0.395519	159.625177	56.420480	0.004574	20.5
1464	-0.392020	158.805359	56.677728	0.004327	19.3
1465	-0.395634	159.805357	56.364255	0.004548	23.5
1466	-0.386399	160.803308	56.054861	0.004561	19.3
1467	-0.383981	159.985389	56.308188	0.005363	19.2
1468	-0.391210	160.985330	55.998795	0.004767	23.8
1469	-0.398874	161.985324	55.692768	0.004233	19.4
1470	-0.393411	162.985324	55.390066	0.004879	22.7
1471	-0.386557	162.169434	55.636790	0.004034	19.3
1472	-0.392693	161.349605	55.886928	0.005120	19.2
1473	-0.398507	160.723770	56.079396	0.005323	22.4
1474	-0.378091	161.721924	55.773051	0.004697	19.3
1475	-0.388883	162.721915	55.469481	0.005360	21.3
1476	-0.378361	161.902073	55.718118	0.004329	19.6
1477	-0.405729	161.089616	55.966724	0.004796	19.3
1478	-0.386183	162.089232	55.661161	0.005486	23.6
1479	-0.412566	161.269390	55.911523	0.004616	19.2
1480	-0.394932	160.454674	56.162561	0.005051	19.4
1481	-0.395282	159.634834	56.417464	0.004691	20.6
1482	-0.375695	160.634452	56.106973	0.005113	19.3
1483	-0.417731	159.814933	56.361270	0.005437	23.6
1484	-0.398493	160.814922	56.051281	0.004795	19.3
1485	-0.411365	161.814922	55.744679	0.005127	19.2
1486	-0.396668	162.814921	55.441415	0.004782	23.6
1487	-0.402111	163.814918	55.141432	0.005068	19.1
1488	-0.394218	164.814918	54.844678	0.004944	21.9
1489	-0.400437	163.995088	55.087729	0.004828	19.3
1490	-0.404068	164.995088	54.791550	0.004658	19.3
1491	-0.377529	164.175271	55.034126	0.004736	22.2
1492	-0.387935	163.423422	55.258487	0.004868	20.2
1493	-0.390503	164.423422	54.960474	0.004074	19.2
1494	-0.395010	165.340050	54.690118	0.005026	21.9
1495	-0.396190	164.520208	54.931802	0.004923	19.1
1496	-0.385277	165.520203	54.637294	0.004905	23.6
1497	-0.394371	164.700361	54.878511	0.004846	19.2
1498	-0.393097	164.498280	54.938295	0.004158	19.1
1499	-0.389959	165.498280	54.643717	0.005282	21.9
1500	-0.377782	164.678441	54.884989	0.004637	19.1
1501	-0.417310	163.858599	55.128402	0.005674	23.9
1502	-0.380177	164.858599	54.831788	0.005200	19.2
1503	-0.411672	164.055547	55.069731	0.005640	19.2
1504	-0.410433	163.235856	55.314744	0.005237	24.2
1505	-0.402179	162.416107	55.561964	0.004442	19.2
1506	-0.396411	161.596266	55.811433	0.004729	23.8
1507	-0.409220	160.776624	56.063090	0.005106	19.6
1508	-0.412223	161.776624	55.756360	0.005258	19.5
1509	-0.405003	160.956782	56.007581	0.005656	23.2
1510	-0.408509	161.956782	55.701457	0.005187	19.1
1511	-0.406438	162.956782	55.398660	0.004561	23.6
1512	-0.394170	162.136940	55.646661	0.004875	19.2
1513	-0.395478	161.892746	55.720959	0.005644	19.7
1514	-0.390953	162.797934	55.446539	0.004402	20.7
1515	-0.387197	163.460802	55.247289	0.004122	19.1
1516	-0.403186	164.460802	54.949397	0.004531	23.4
1517	-0.408672	163.882579	55.121252	0.005102	19.6
1518	-0.408491	163.062737	55.366770	0.005724	19.1
1519	-0.381606	164.062736	55.067592	0.004363	24.4
1520	-0.396453	163.398644	55.265912	0.005621	19.1
1521	-0.394729	164.394521	54.969042	0.004730	23.2
1522	-0.391737	163.574679	55.213203	0.005239	19.1
1523	-0.379279	162.784077	55.450719	0.005378	19.2
1524	-0.408994	162.409537	55.563955	0.004613	23.9
1525	-0.421077	161.589696	55.813441	0.004821	22.2
1526	-0.394548	160.769854	56.065178	0.004239	24.7
1527	-0.385521	161.769854	55.758425	0.004573	19.2
1528	-0.377896	162.126123	55.649948	0.004286	19.4
1529	-0.397762	161.306317	55.900198	0.004808	23.5
1530	-0.417867	160.492378	56.150894	0.004837	19.3
1531	-0.396443	159.672539	56.405690	0.005603	24.2
1532	-0.395762	158.863487	56.659411	0.004530	19.2
1533	-0.397330	158.043647	56.918854	0.004822	19.2
1534	-0.380566	157.223869	57.180664	0.005004	20.6
1535	-0.400664	156.404027	57.444915	0.004795	21.3
1536	-0.383699	157.404017	57.122925	0.004066	23.5
1537	-0.406812	156.584200	57.386633	0.004322	19.2
1538	-0.407557	155.764367	57.652792	0.004504	19.4
1539	-0.388089	154.947971	57.920300	0.004506	20.7
1540	-0.385551	154.130607	58.190624	0.004776	19.3
1541	-0.396010	155.127900	57.861130	0.005120	23.4
1542	-0.395680	154.336697	58.122227	0.004297	19.3
1543	-0.384587	153.516855	58.395272	0.005086	19.3
1544	-0.402201	154.510532	58.064659	0.004513	23.9
1545	-0.424204	155.510532	57.735701	0.004755	19.1
1546	-0.413748	154.690690	58.005118	0.006134	22.8
1547	-0.386376	153.898101	58.267981	0.004431	19.9
1548	-0.381635	153.078306	58.542385	0.005162	19.6
1549	-0.386120	152.661844	58.682777	0.004308	23.7
1550	-0.396233	151.842028	58.961118	0.004676	19.2
1551	-0.372572	152.798161	58.636749	0.005834	22.9
1552	-0.393707	151.980712	58.913847	0.005065	19.2
1553	-0.394705	152.873184	58.611449	0.005000	19.2
1554	-0.392165	152.053343	58.889121	0.004121	22.9
1555	-0.389045	151.233501	59.169437	0.004406	19.1
1556	-0.386567	152.212063	58.835159	0.005285	19.2
1557	-0.405891	151.392221	59.114960	0.004944	22.6
1558	-0.387070	151.977263	58.915022	0.005301	19.3
1559	-0.398107	152.974837	58.577203	0.004857	23.6
1560	-0.396630	152.154996	58.854549	0.005183	19.3
1561	-0.412446	153.154996	58.516606	0.005052	20.5
1562	-0.408476	154.154116	58.182813	0.004976	19.9
1563	-0.391257	153.334292	58.456424	0.004237	19.4
1564	-0.387356	154.334287	58.123025	0.004454	23.9
1565	-0.387850	155.322292	57.797339	0.003913	19.1
1566	-0.403898	154.503392	58.067022	0.004851	19.2
1567	-0.422822	154.498001	58.068805	0.004393	23.4
1568	-0.411770	153.864125	58.279303	0.004676	19.4
1569	-0.394487	153.044343	58.553809	0.005344	24.5
1570	-0.409815	152.249606	58.822409	0.004956	23.4
1571	-0.390460	151.429764	59.102089	0.004930	19.3
1572	-0.411785	150.610856	59.384118	0.005203	20.4
1573	-0.372837	150.014612	59.591161	0.005561	19.2
1574	-0.387651	151.014612	59.244730	0.005484	23.5
1575	-0.414133	150.198415	59.527182	0.004346	19.2
1576	-0.411167	151.196860	59.182027	0.004597	19.3
1577	-0.405797	150.377042	59.465137	0.005241	23.7
1578	-0.390773	151.377042	59.120165	0.004744	20.3
1579	-0.390999	151.008974	59.246672	0.004309	23.7
1580	-0.398836	152.002975	58.906266	0.004379	19.1
1581	-0.390452	152.974516	58.577311	0.004917	19.1
1582	-0.387973	152.155101	58.854514	0.004114	22.7
1583	-0.386324	151.350510	59.129266	0.004430	19.2
1584	-0.380002	151.983831	58.912785	0.004524	24.3
1585	-0.394698	152.983263	58.574366	0.003643	19.2
1586	-0.395863	152.167099	58.850436	0.004439	21.4
1587	-0.384720	152.928288	58.592880	0.004464	23.7
1588	-0.379944	153.928288	58.257926	0.004664	19.4
1589	-0.387153	154.928280	57.926783	0.004888	25.3
1590	-0.395433	154.108438	58.197991	0.005023	19.2
1591	-0.388253	155.107824	57.867726	0.005806	19.3
1592	-0.407315	156.089510	57.546939	0.004706	22.6
1593	-0.394633	155.271482	57.813999	0.004421	19.3
1594	-0.393458	156.271482	57.487866	0.004478	25.1
1595	-0.409002	156.254267	57.493449	0.004436	19.2
1596	-0.381721	155.434469	57.760591	0.004849	19.4
1597	-0.402180	156.432451	57.435712	0.004589	23.8
1598	-0.391115	157.431762	57.114042	0.005734	21.5
1599	-0.399767	158.431728	56.795748	0.005957	23.4
1600	-0.388975	159.431113	56.481164	0.004315	19.2
1601	-0.374461	158.614090	56.738083	0.004128	19.2
1602	-0.397678	157.794426	56.998193	0.004599	23.6
1603	-0.404371	158.793519	56.681461	0.004897	19.3
1604	-0.405605	157.973677	56.941107	0.004701	19.1
1605	-0.387177	158.973171	56.624880	0.004541	23.7
1606	-0.404060	159.973169	56.311990	0.004811	19.1
1607	-0.396338	160.973143	56.002546	0.004633	19.2
1608	-0.385969	161.973143	55.696476	0.004686	25.3
1609	-0.388619	161.159307	55.945312	0.004329	19.1
1610	-0.391927	160.339465	56.198242	0.005119	19.1
1611	-0.394070	161.339465	55.890036	0.005220	23.7
1612	-0.430259	160.519623	56.142466	0.005987	19.2
1613	-0.382107	161.519592	55.834878	0.004931	19.4
1614	-0.381433	162.513126	55.532590	0.004655	20.2
1615	-0.407323	163.513126	55.231622	0.005235	19.2
1616	-0.384136	164.513126	54.933898	0.004990	23.0
1617	-0.401156	163.827006	55.137826	0.005423	19.2
1618	-0.381773	163.024336	55.378324	0.004968	21.3
1619	-0.404994	162.204494	55.626142	0.005079	21.6
1620	-0.406446	163.180711	55.331306	0.004559	21.3
1621	-0.400007	164.088835	55.059827	0.005321	19.4
1622	-0.414164	165.088833	54.763948	0.004678	20.6
1623	-0.396316	164.269083	55.006259	0.005387	19.3
1624	-0.405758	164.906012	54.817803	0.004707	23.9
1625	-0.400303	164.086175	55.060618	0.004958	19.3
1626	-0.386122	163.318552	55.289927	0.004046	20.5
1627	-0.376238	162.555404	55.519800	0.005074	20.5
1628	-0.399455	163.555404	55.218970	0.004231	19.1
1629	-0.368362	164.554483	54.921655	0.005451	24.8
1630	-0.401113	164.689177	54.881816	0.004700	19.3
1631	-0.401924	163.869339	55.125200	0.004715	19.4
1632	-0.398224	163.049498	55.370753	0.004784	22.5
1633	-0.379457	164.035388	55.075731	0.004403	19.3
1634	-0.390942	165.035214	54.779732	0.004218	23.4
1635	-0.410428	164.397886	54.968045	0.005648	19.4
1636	-0.397464	164.544011	54.924755	0.004480	19.4
1637	-0.395872	163.812803	55.142063	0.005120	20.7
1638	-0.398047	164.812802	54.845302	0.004560	19.1
1639	-0.407588	165.627563	54.605864	0.004953	23.3
1640	-0.395773	164.807727	54.846800	0.005581	19.3
1641	-0.408065	165.425210	54.665135	0.005178	19.1
1642	-0.393439	166.397368	54.381550	0.005068	23.5
1643	-0.375558	167.065751	54.188278	0.004336	19.1
1644	-0.380142	168.064411	53.902049	0.004008	21.9
1645	-0.393565	167.278381	54.127081	0.004390	19.3
1646	-0.408679	166.458542	54.363803	0.004525	19.2
1647	-0.398359	167.458542	54.075337	0.006387	21.8
1648	-0.397364	166.638700	54.311607	0.004811	19.2
1649	-0.402327	167.420793	54.086171	0.004749	19.4
1650	-0.409212	167.555882	54.047422	0.004726	20.6
1651	-0.380725	168.373949	53.813945	0.004223	19.1
1652	-0.405231	169.359617	53.535300	0.005085	23.1
1653	-0.393952	168.539778	53.766863	0.004755	19.2
1654	-0.394589	167.720094	54.000393	0.005561	19.3
1655	-0.380387	166.902032	54.235493	0.004953	23.5
1656	-0.410903	167.902032	53.948383	0.004364	19.4
1657	-0.404398	167.082190	54.183542	0.004915	24.1
1658	-0.386278	168.082100	53.897007	0.004134	21.2
1659	-0.407487	167.273783	54.128403	0.004137	19.3
1660	-0.402096	166.754614	54.278076	0.005068	24.1
1661	-0.398466	165.934787	54.516120	0.005764	20.7
1662	-0.410068	166.932777	54.226620	0.004350	26.9
1663	-0.384110	166.113943	54.463922	0.005412	19.4
1664	-0.389797	167.104933	54.176991	0.005606	19.2
1665	-0.405924	167.976462	53.927135	0.004545	24.3
1666	-0.391467	167.197243	54.150417	0.005405	19.3
1667	-0.390729	166.386639	54.384663	0.004426	25.2
1668	-0.404870	165.566798	54.623649	0.004816	19.2
1669	-0.384640	164.748792	54.864202	0.004566	19.8
1670	-0.389870	165.748457	54.570514	0.005121	20.6
1671	-0.422664	166.742339	54.281625	0.004554	19.3
1672	-0.390847	167.742339	53.994029	0.004532	23.9
1673	-0.384921	167.331006	54.111957	0.004299	20.3
1674	-0.383452	168.331006	53.826151	0.005482	21.5
1675	-0.388389	169.330681	53.543439	0.004330	23.1
1676	-0.391878	170.329120	53.264026	0.004986	19.3
1677	-0.392837	171.328884	52.987149	0.004444	23.9
1678	-0.382868	170.509045	53.213984	0.004458	19.1
1679	-0.404152	171.509044	52.937561	0.004517	19.5
1680	-0.382243	170.689204	53.163971	0.004595	20.6
1681	-0.396888	171.689123	52.888088	0.005013	19.2
1682	-0.400743	170.877020	53.111932	0.004856	23.5
1683	-0.402413	171.876846	52.836613	0.004335	19.3
1684	-0.399514	172.806829	52.583076	0.005051	19.8
1685	-0.400082	172.962260	52.540939	0.004245	21.1
1686	-0.402833	173.962061	52.271499	0.005039	19.3
1687	-0.406545	173.142219	52.492236	0.004510	19.3
1688	-0.395870	174.141457	52.223446	0.004870	20.3
1689	-0.399338	175.141428	51.957199	0.005034	19.4
1690	-0.406248	174.321586	52.175284	0.006377	24.2
1691	-0.410367	173.501800	52.395193	0.004774	19.2
1692	-0.401036	174.195551	52.208973	0.004741	19.2
1693	-0.389164	175.195168	51.942968	0.004988	23.4
1694	-0.383623	174.904177	52.020122	0.005774	19.8
1695	-0.402702	175.899917	51.757052	0.004649	23.9
1696	-0.401093	175.081071	51.973192	0.004499	19.4
1697	-0.403185	175.174354	51.948479	0.004467	19.4
1698	-0.401563	174.359333	52.165203	0.005154	22.7
1699	-0.398596	175.359332	51.899541	0.005454	19.6
1700	-0.390072	174.686170	52.078076	0.005096	19.3
1701	-0.397060	173.866328	52.297179	0.004698	20.5
1702	-0.389155	174.865709	52.030339	0.004997	19.3
1703	-0.388940	175.778265	51.789049	0.004832	24.6
1704	-0.398496	174.958801	52.005622	0.005072	20.1
1705	-0.395130	174.138959	52.224114	0.004471	19.3
1706	-0.407313	173.319293	52.444403	0.004760	20.8
1707	-0.384812	174.289146	52.183951	0.004619	19.3
1708	-0.402832	175.079856	51.973514	0.004968	23.5
1709	-0.405346	176.079856	51.709796	0.005045	19.2
1710	-0.394144	177.079856	51.448741	0.005186	21.2
1711	-0.394987	178.040280	51.200487	0.004218	21.7
1712	-0.410807	177.220445	51.412251	0.004730	20.6
1713	-0.409865	177.342003	51.380742	0.005117	24.2
1714	-0.407406	178.319621	51.128731	0.004528	21.3
1715	-0.432299	177.499779	51.339902	0.005245	19.3
1716	-0.391866	176.986135	51.473096	0.004377	21.2
1717	-0.408089	176.166293	51.687127	0.003995	19.2
1718	-0.393401	175.372618	51.896030	0.004623	23.7
1719	-0.392361	174.552778	52.113600	0.003972	19.2
1720	-0.387063	175.552775	51.848463	0.004837	19.5
1721	-0.414348	175.251641	51.928021	0.004724	21.5
1722	-0.404981	176.148374	51.691825	0.004856	19.3
1723	-0.413717	175.355983	51.900426	0.004948	23.7
1724	-0.411035	176.355983	51.637448	0.005909	19.3
1725	-0.396869	177.355983	51.377121	0.005244	19.2
1726	-0.408491	178.355967	51.119409	0.004719	20.6
1727	-0.391781	179.355967	50.864266	0.004200	19.2
1728	-0.396000	178.793526	51.007455	0.004466	23.0
1729	-0.404355	179.775411	50.758005	0.004172	19.1
1730	-0.383069	178.955697	50.966086	0.004455	19.2
1731	-0.392494	179.211546	50.900957	0.005059	23.2
1732	-0.398499	180.208463	50.648760	0.004663	19.3
1733	-0.381971	179.388621	50.855978	0.004266	20.7
1734	-0.387207	180.388621	50.603451	0.005570	22.9
1735	-0.394618	181.388621	50.353420	0.004757	19.2
1736	-0.411323	182.388621	50.105847	0.004994	23.0
1737	-0.390123	183.388572	49.860709	0.005030	19.1
1738	-0.412219	182.568732	50.061516	0.005130	19.5
1739	-0.399474	181.748890	50.263946	0.004187	24.0
1740	-0.407615	182.748538	50.017337	0.005345	19.3
1741	-0.400674	183.748524	49.773053	0.005119	19.7
1742	-0.392147	184.743362	49.532384	0.005705	24.1
1743	-0.375844	185.732700	49.295342	0.003783	19.2
1744	-0.386618	186.732614	49.058061	0.004356	23.4
1745	-0.412909	186.766079	49.050159	0.004741	19.2
1746	-0.397956	187.766076	48.815207	0.005113	22.1
1747	-0.402792	188.693185	48.599382	0.005622	19.6
1748	-0.400242	189.693185	48.368718	0.004889	19.2
1749	-0.400340	190.669895	48.145530	0.005991	23.7
1750	-0.396307	191.669859	47.919152	0.005340	19.2
1751	-0.396996	192.669859	47.694885	0.004431	19.1
1752	-0.422450	193.669571	47.472770	0.005379	20.8
1753	-0.392032	194.490815	47.291850	0.004782	19.3
1754	-0.402969	193.670973	47.472460	0.004660	24.7
1755	-0.386075	194.670973	47.252345	0.004513	19.3
1756	-0.393878	195.670973	47.034262	0.004971	21.4
1757	-0.395820	196.670973	46.818182	0.005407	20.9
1758	-0.420317	195.851131	46.995186	0.004821	19.2
1759	-0.400457	195.031472	47.173493	0.004197	23.2
1760	-0.407274	194.712752	47.243193	0.004823	19.2
1761	-0.378250	195.712747	47.025195	0.005862	19.2
1762	-0.387198	196.712475	46.809257	0.004804	23.3
1763	-0.401189	197.712474	46.595235	0.004566	19.2
1764	-0.402739	196.892632	46.770554	0.004238	21.4
1765	-0.398341	197.858075	46.564237	0.004491	19.3
1766	-0.392154	197.038234	46.739322	0.004899	19.3
1767	-0.382411	196.446209	46.866576	0.004481	23.4
1768	-0.406253	197.210017	46.702527	0.004453	19.4
1769	-0.392236	196.390229	46.878644	0.005942	20.5
1770	-0.409458	195.570387	47.056107	0.004162	19.8
1771	-0.390345	196.570387	46.839827	0.004049	19.2
1772	-0.394779	197.547386	46.630433	0.005036	23.5
1773	-0.404993	197.872854	46.561093	0.005304	19.1
1774	-0.413497	197.053012	46.736154	0.004449	19.3
1775	-0.398083	196.699436	46.812061	0.004353	24.0
1776	-0.388495	197.460620	46.648953	0.005143	19.3
1777	-0.392363	197.038686	46.739225	0.004561	23.3
1778	-0.410886	198.038686	46.525842	0.004557	19.3
1779	-0.400333	197.218844	46.700638	0.005152	19.2
1780	-0.400751	196.402530	46.875992	0.004540	23.8
1781	-0.395586	195.582688	47.053434	0.004999	19.2
1782	-0.387009	196.582688	46.837179	0.004550	22.7
1783	-0.399473	197.582688	46.622902	0.004887	19.3
1784	-0.397417	196.763854	46.798213	0.005236	19.1
1785	-0.386771	195.944012	46.975066	0.005467	22.5
1786	-0.382926	195.124170	47.153260	0.004827	19.4
1787	-0.394505	194.309168	47.331748	0.005256	19.2
1788	-0.400458	193.489334	47.512662	0.005402	20.7
1789	-0.393875	194.489334	47.292175	0.004663	19.2
1790	-0.387780	193.670917	47.472473	0.004738	24.0
1791	-0.393107	194.657236	47.255355	0.005075	19.2
1792	-0.383521	195.657234	47.037244	0.004771	20.1
1793	-0.397669	196.633422	46.826260	0.005004	23.3
1794	-0.396395	197.113808	46.723127	0.005062	19.5
1795	-0.390453	196.293966	46.899412	0.005492	24.7
1796	-0.386214	197.291154	46.685168	0.005147	21.8
1797	-0.394000	198.291154	46.472277	0.004539	21.1
1798	-0.406079	199.291152	46.261319	0.004765	19.5
1799	-0.395618	198.535686	46.420513	0.004060	19.3
1800	-0.403767	199.320369	46.255184	0.005245	25.1
1801	-0.404499	198.503331	46.427356	0.004490	19.2
1802	-0.385454	197.683489	46.601411	0.004157	19.3
1803	-0.426804	196.865496	46.776380	0.004817	24.2
1804	-0.386149	196.085858	46.944372	0.004872	19.2
1805	-0.399734	195.955261	46.972630	0.004775	24.6
1806	-0.414648	196.955261	46.757115	0.004817	19.3
1807	-0.405255	197.955261	46.543569	0.005131	19.6
1808	-0.397106	198.955261	46.331964	0.004802	24.3
1809	-0.406977	199.955188	46.122290	0.004623	19.2
1810	-0.394856	200.955188	45.914490	0.004303	24.6
1811	-0.403931	200.135599	46.084662	0.004394	19.2
1812	-0.394573	201.129534	45.878452	0.005322	19.5
1813	-0.403531	202.129337	45.672879	0.005157	20.4
1814	-0.413252	201.309495	45.841313	0.005037	19.3
1815	-0.423575	202.309490	45.636033	0.004998	19.4
1816	-0.390868	201.489648	45.804195	0.005637	22.4
1817	-0.409537	202.489648	45.599245	0.004809	20.4
1818	-0.415884	201.669827	45.767131	0.004742	23.7
1819	-0.393002	202.669827	45.562512	0.004887	19.2
1820	-0.383622	203.620475	45.369681	0.004896	19.3
1821	-0.377159	204.620475	45.168592	0.004656	20.6
1822	-0.387329	205.620415	44.969290	0.004333	19.3
1823	-0.392809	206.608170	44.774136	0.004843	23.4
1824	-0.380674	206.036655	44.886845	0.004666	19.3
1825	-0.394615	205.216813	45.049522	0.005073	19.2
1826	-0.398062	204.398589	45.213057	0.004046	23.7
1827	-0.380223	205.398572	45.013355	0.004132	19.4
1828	-0.393168	204.685418	45.155595	0.004677	24.6
1829	-0.391782	205.685417	44.956395	0.004352	19.7
1830	-0.392001	204.875297	45.117635	0.005213	19.3
1831	-0.403861	204.055455	45.281992	0.005173	23.5
1832	-0.394092	205.055454	45.081678	0.005244	19.2
1833	-0.401026	204.393370	45.214104	0.006615	23.5
1834	-0.406657	204.688575	45.154963	0.005528	19.2
1835	-0.392366	205.688559	44.955772	0.005335	19.4
1836	-0.411184	206.688559	44.758328	0.005220	23.9
1837	-0.402830	207.688559	44.562611	0.004859	19.5
1838	-0.384575	208.688559	44.368598	0.004485	24.4
1839	-0.374169	209.688244	44.176327	0.004306	19.4
1840	-0.410061	210.688241	43.985656	0.005431	19.3
1841	-0.393851	209.902888	44.135261	0.004934	24.5
1842	-0.404314	210.902888	43.944943	0.004095	19.2
1843	-0.398996	211.901248	43.756568	0.004444	21.9
1844	-0.386739	211.085484	43.910369	0.004845	19.3
1845	-0.386792	212.085477	43.721983	0.004646	19.2
1846	-0.402972	213.085477	43.535205	0.004336	23.1
1847	-0.419806	212.265636	43.688215	0.005354	19.2
1848	-0.394589	213.265618	43.501728	0.004593	23.1
1849	-0.402318	212.446216	43.654420	0.004514	19.4
1850	-0.404958	211.647536	43.804286	0.005369	19.5
1851	-0.387673	212.639810	43.618248	0.004447	20.7
1852	-0.404766	211.819968	43.771844	0.004766	19.2
1853	-0.403420	211.045192	43.917994	0.004928	23.6
1854	-0.416304	212.045192	43.729541	0.004881	19.3
1855	-0.391122	211.225355	43.883921	0.004576	19.3
1856	-0.407133	212.201549	43.700221	0.005014	23.6
1857	-0.401496	213.182284	43.517208	0.004438	19.2
1858	-0.398438	214.120346	43.343587	0.004492	23.5
1859	-0.407313	213.300504	43.495251	0.005116	19.3
1860	-0.410219	212.480676	43.647977	0.004599	19.2
1861	-0.381909	211.661294	43.801696	0.005004	24.1
1862	-0.382039	212.661294	43.614238	0.004863	19.3
1863	-0.414522	213.661294	43.428377	0.004987	23.0
1864	-0.393737	212.841452	43.580636	0.004414	20.6
1865	-0.413732	212.021615	43.733965	0.005346	19.4
1866	-0.401883	211.201898	43.888355	0.005204	24.3
1867	-0.403603	212.201898	43.700156	0.005248	19.3
1868	-0.400657	211.382056	43.854329	0.004758	23.0
1869	-0.383078	212.277803	43.685936	0.005276	19.2
1870	-0.405295	211.478098	43.836212	0.005159	19.2
1871	-0.409041	212.472232	43.649556	0.004876	22.9
1872	-0.407551	211.661882	43.801585	0.004304	19.4
1873	-0.411485	212.661879	43.614128	0.004957	20.9
1874	-0.408240	211.961994	43.745158	0.005090	22.7
1875	-0.399554	211.145108	43.899091	0.005726	19.2
1876	-0.402335	210.325270	44.054673	0.004966	21.8
1877	-0.413355	211.320589	43.865932	0.004645	19.1
1878	-0.388341	210.500747	44.021280	0.004411	19.4
1879	-0.403157	211.076301	43.912106	0.004750	24.0
1880	-0.402011	212.074167	43.724104	0.004153	19.3
1881	-0.392049	211.395712	43.851752	0.005177	22.3
1882	-0.406935	210.575873	44.006999	0.004609	19.3
1883	-0.417219	210.756613	43.972679	0.006142	20.7
1884	-0.386517	211.735712	43.787690	0.004844	22.8
1885	-0.408093	212.707356	43.605642	0.004436	19.5
1886	-0.381620	213.699106	43.421381	0.005023	23.4
1887	-0.385331	212.879267	43.573590	0.004579	19.4
1888	-0.398132	212.121903	43.715151	0.004531	22.2
1889	-0.391683	211.318764	43.866277	0.004409	19.3
1890	-0.406573	210.737342	43.976336	0.004844	19.3
1891	-0.386236	209.917500	44.132468	0.005522	23.6
1892	-0.402696	209.144481	44.280702	0.004596	19.2
1893	-0.397637	208.331312	44.437714	0.004726	19.4
1894	-0.403496	207.511658	44.597109	0.004347	20.5
1895	-0.408227	208.505422	44.404002	0.005376	19.3
1896	-0.396515	209.505422	44.211364	0.005497	24.7
1897	-0.392236	208.685580	44.369173	0.005683	19.3
1898	-0.392065	209.685580	44.176837	0.004679	19.3
1899	-0.396212	208.868668	44.333833	0.004689	21.8
1900	-0.407083	208.049116	44.492463	0.004696	19.3
1901	-0.399569	209.046948	44.299476	0.005221	24.1
1902	-0.376597	210.046948	44.107742	0.004133	19.4
1903	-0.394722	210.348726	44.050207	0.004524	26.8
1904	-0.391049	211.347513	43.860849	0.004787	19.9
1905	-0.390572	210.554536	44.011054	0.004479	19.2
1906	-0.397972	211.554226	43.821862	0.004662	23.8
1907	-0.393290	212.521565	43.640335	0.004564	19.4
1908	-0.403953	213.511632	43.456093	0.005075	22.7
1909	-0.411877	214.511631	43.271575	0.004503	19.3
1910	-0.389138	215.379079	43.112780	0.004281	19.4
1911	-0.394531	216.294931	42.946384	0.004407	22.1
1912	-0.408239	215.536323	43.084120	0.005321	20.2
1913	-0.388557	216.536323	42.902741	0.005453	23.9
1914	-0.392260	215.716480	43.051330	0.004184	19.3
1915	-0.401489	216.716116	42.870292	0.004497	19.2
1916	-0.409850	216.420944	42.923590	0.005577	22.6
1917	-0.425526	215.601104	43.072323	0.004368	19.5
1918	-0.396113	214.781614	43.222027	0.004875	20.2
1919	-0.393811	214.554809	43.263643	0.004583	20.0
1920	-0.403417	215.554809	43.080753	0.004739	19.4
1921	-0.403605	214.734967	43.230579	0.005324	23.7
1922	-0.400141	215.734967	43.047968	0.004178	19.5
1923	-0.411560	214.915126	43.197566	0.004968	19.4
1924	-0.405146	215.915126	43.015232	0.005868	20.6
1925	-0.399058	215.095285	43.164603	0.004776	19.3
1926	-0.402786	214.275443	43.315014	0.005127	23.9
1927	-0.388728	215.275443	43.131690	0.004432	19.3
1928	-0.414790	214.455606	43.281871	0.004709	19.3
1929	-0.393470	215.250228	43.136294	0.004891	23.5
1930	-0.403192	216.250223	42.954477	0.005082	19.3
1931	-0.389901	215.430381	43.103425	0.004437	23.0
1932	-0.400502	216.430381	42.921884	0.004079	19.4
1933	-0.387774	215.611476	43.070435	0.005197	19.3
1934	-0.403104	216.611476	42.889171	0.004541	23.0
1935	-0.425929	217.611476	42.709426	0.004844	19.2
1936	-0.410323	216.895279	42.838005	0.005707	20.9
1937	-0.386864	216.094414	42.982705	0.004907	21.5
1938	-0.394772	217.093855	42.802277	0.005135	19.2
1939	-0.400480	216.337761	42.938634	0.005144	23.3
1940	-0.393145	215.517919	43.087472	0.003785	19.4
1941	-0.400609	214.698486	43.237271	0.005359	19.5
1942	-0.399742	215.676976	43.058515	0.004357	20.5
1943	-0.395064	214.873385	43.205210	0.004868	19.4
1944	-0.384033	214.428614	43.286834	0.004392	24.7
1945	-0.426607	213.608772	43.438100	0.005305	19.3
1946	-0.407605	214.608771	43.253734	0.005161	19.4
1947	-0.415297	215.574040	43.077251	0.005068	24.2
1948	-0.394911	216.537503	42.902527	0.005636	19.3
1949	-0.391974	215.717662	43.051115	0.004815	25.5
1950	-0.417087	214.964164	43.188589	0.005312	19.2
1951	-0.415944	214.703655	43.236322	0.005166	23.8
1952	-0.399831	215.315138	43.124445	0.005026	19.9
1953	-0.396761	214.495296	43.274577	0.004040	19.4
1954	-0.417400	215.495206	43.091610	0.004668	22.9
1955	-0.392711	214.675364	43.241513	0.004278	19.3
1956	-0.416251	214.044257	43.357619	0.004844	20.9
1957	-0.391251	213.226659	43.508964	0.004770	19.6
1958	-0.394273	212.407601	43.661643	0.004598	19.4
1959	-0.396739	213.239578	43.506564	0.004500	24.2
1960	-0.414483	212.875538	43.574285	0.005275	19.2
1961	-0.388587	212.055696	43.727570	0.004886	19.4
1962	-0.395621	213.055696	43.540744	0.004948	20.6
1963	-0.381134	214.055696	43.355509	0.005041	21.5
1964	-0.402707	213.236011	43.507227	0.003743	19.4
1965	-0.396459	213.349950	43.486074	0.004335	20.4
1966	-0.392599	212.530119	43.638736	0.005484	19.2
1967	-0.393105	213.530119	43.452667	0.004255	23.7
1968	-0.416282	212.753376	43.597057	0.004369	19.3
1969	-0.402892	211.936246	43.749993	0.004155	19.1
1970	-0.415571	211.116446	43.904512	0.004618	22.0
1971	-0.382525	210.296627	44.060129	0.004880	19.1
1972	-0.392461	211.296627	43.870457	0.004947	27.4
1973	-0.402290	212.272296	43.686968	0.005962	19.6
1974	-0.398795	211.455352	43.840502	0.004742	19.3
1975	-0.394683	211.360525	43.858393	0.004957	20.7
1976	-0.390004	212.356925	43.671124	0.005167	19.3
1977	-0.388429	213.356925	43.484780	0.004701	23.3
1978	-0.411854	212.539217	43.637036	0.004273	19.2
1979	-0.377318	211.719513	43.790738	0.004676	19.3
1980	-0.401028	210.948452	43.936311	0.004849	23.7
1981	-0.396251	211.948452	43.747701	0.005424	19.3
1982	-0.407073	212.948452	43.560704	0.004901	23.3
1983	-0.393339	212.128610	43.713894	0.004435	19.2
1984	-0.404145	211.308768	43.868164	0.004830	19.3
1985	-0.385002	212.308768	43.680138	0.004718	22.5
1986	-0.402741	211.488926	43.834171	0.005429	22.1
1987	-0.399552	210.695577	43.984263	0.005560	22.3
1988	-0.388048	211.594582	43.814259	0.005201	21.3
1989	-0.403333	212.594582	43.626694	0.004960	19.2
1990	-0.385076	213.594582	43.440727	0.004858	22.7
1991	-0.411701	214.594581	43.256340	0.005228	19.5
1992	-0.391336	214.240156	43.321512	0.004831	21.0
1993	-0.394720	215.239993	43.138163	0.004301	19.4
1994	-0.415048	214.456047	43.281790	0.004505	19.3
1995	-0.374825	213.875917	43.388694	0.004380	23.7
1996	-0.388333	213.068908	43.538287	0.005142	19.5
1997	-0.388391	214.068204	43.353202	0.004241	19.2
1998	-0.403907	213.565471	43.446118	0.004984	20.6
1999	-0.395278	214.565471	43.261685	0.004609	19.1
