1:ItNr	2:Metric	3a:Time	3b:StepSize	4:||Gradient||	Time[ms]
0	-0.966032	0.000000	96.904892	0.002635	27.9
1	-0.968053	0.000000	96.904892	0.002415	1.8
2	-0.971630	0.000000	96.904892	0.001754	1.8
3	-0.969620	0.000000	96.904892	0.001808	1.8
4	-0.971079	0.000000	96.904892	0.001437	1.8
5	-0.968807	0.000000	96.904892	0.001595	2.3
6	-0.969179	0.000000	96.904892	0.001386	1.8
7	-0.971922	0.000000	96.904892	0.001154	1.8
8	-0.970706	0.000000	96.904892	0.001124	1.9
9	-0.970148	0.000000	96.904892	0.001169	1.8
10	-0.968672	0.000000	96.904892	0.001366	1.8
11	-0.969050	0.000000	96.904892	0.001062	1.8
12	-0.972917	0.000000	96.904892	0.000876	1.9
13	-0.971962	0.000000	96.904892	0.000785	1.8
14	-0.969523	0.000000	96.904892	0.000827	1.8
15	-0.969735	0.000000	96.904892	0.000964	1.8
16	-0.972611	0.000000	96.904892	0.000671	1.8
17	-0.969296	0.000000	96.904892	0.000887	1.9
18	-0.967632	0.000000	96.904892	0.000969	1.8
19	-0.970510	0.000000	96.904892	0.000882	1.8
20	-0.972243	0.000000	96.904892	0.000769	1.8
21	-0.970077	0.000000	96.904892	0.000765	1.8
22	-0.970954	0.000000	96.904892	0.000476	1.8
23	-0.969852	0.000000	96.904892	0.000607	1.8
24	-0.973151	0.000000	96.904892	0.000670	1.7
25	-0.972300	0.000000	96.904892	0.000644	1.8
26	-0.971210	0.000000	96.904892	0.000768	1.8
27	-0.972729	0.000000	96.904892	0.000689	1.8
28	-0.970819	0.000000	96.904892	0.000662	1.8
29	-0.974328	0.000000	96.904892	0.000407	1.8
30	-0.970283	0.000000	96.904892	0.000572	1.8
31	-0.970096	0.000000	96.904892	0.000627	1.8
32	-0.969748	0.000000	96.904892	0.000619	1.8
33	-0.971406	0.000000	96.904892	0.000595	1.8
34	-0.969405	0.000000	96.904892	0.000677	1.8
35	-0.969309	0.000000	96.904892	0.000493	1.8
36	-0.969792	0.000000	96.904892	0.000478	1.8
37	-0.971557	0.000000	96.904892	0.000561	1.8
38	-0.971806	0.000000	96.904892	0.000599	1.9
39	-0.967619	0.000000	96.904892	0.000552	1.8
40	-0.971110	0.000000	96.904892	0.000712	1.8
41	-0.972480	0.000000	96.904892	0.000682	1.8
42	-0.968425	0.248451	95.771816	0.000620	1.8
43	-0.971969	0.107573	96.411026	0.000720	1.8
44	-0.969647	0.000000	96.904892	0.000752	1.8
45	-0.971787	0.000000	96.904892	0.000738	1.8
46	-0.969915	0.000000	96.904892	0.000623	1.8
47	-0.970592	0.000000	96.904892	0.000539	1.8
48	-0.968686	0.000000	96.904892	0.000647	1.8
49	-0.970767	0.000000	96.904892	0.000507	1.8
50	-0.970752	0.000000	96.904892	0.000585	1.8
51	-0.971504	0.000000	96.904892	0.000597	1.8
52	-0.971636	0.305262	95.516437	0.000586	1.9
53	-0.970145	0.163638	96.155618	0.000685	1.8
54	-0.970587	0.022009	96.803438	0.000570	1.8
55	-0.971574	0.000000	96.904892	0.000629	1.8
56	-0.968199	0.000000	96.904892	0.000594	1.8
57	-0.973170	0.000000	96.904892	0.000772	1.8
58	-0.970740	0.478614	94.745533	0.000458	1.8
59	-0.969513	0.336998	95.374368	0.000492	1.8
60	-0.972147	0.195832	96.009571	0.000543	1.8
61	-0.971132	0.054437	96.654341	0.000591	1.8
62	-0.973078	0.000000	96.904892	0.000485	1.8
63	-0.971565	0.000000	96.904892	0.000545	1.8
64	-0.972748	0.000000	96.904892	0.000610	1.9
65	-0.972749	0.172732	96.114318	0.000452	1.8
66	-0.971341	0.036151	96.738361	0.000489	1.8
67	-0.970677	0.000000	96.904892	0.000515	1.8
68	-0.972351	0.000000	96.904892	0.000590	1.8
69	-0.968575	0.113742	96.382854	0.000438	1.8
70	-0.973547	0.000000	96.904892	0.000577	1.8
71	-0.971326	0.000000	96.904892	0.000644	1.8
72	-0.973461	0.000000	96.904892	0.000583	1.8
73	-0.971795	0.000000	96.904892	0.000595	1.8
74	-0.970090	0.000000	96.904892	0.000573	1.8
75	-0.969852	0.000000	96.904892	0.000546	1.8
76	-0.973556	0.000000	96.904892	0.000403	1.8
77	-0.968438	0.000000	96.904892	0.000598	1.8
78	-0.969525	0.000000	96.904892	0.000807	1.8
79	-0.971428	0.000000	96.904892	0.000708	1.8
80	-0.974224	0.000000	96.904892	0.000405	1.8
81	-0.967996	0.000000	96.904892	0.000606	1.8
82	-0.970667	0.000000	96.904892	0.000506	1.8
83	-0.972894	0.000000	96.904892	0.000494	1.8
84	-0.970350	0.000000	96.904892	0.000448	1.8
85	-0.972841	0.000000	96.904892	0.000702	1.8
86	-0.974489	0.000000	96.904892	0.000667	1.8
87	-0.972473	0.548070	94.440139	0.000370	1.8
88	-0.973502	0.413613	95.033133	0.000545	1.8
89	-0.971791	0.272555	95.663297	0.000388	1.8
90	-0.973926	0.134217	96.289480	0.000451	1.8
91	-0.973335	0.000000	96.904892	0.000518	1.8
92	-0.972365	0.000000	96.904892	0.000480	1.8
93	-0.971095	0.000000	96.904892	0.000505	1.8
94	-0.970482	0.000000	96.904892	0.000494	1.7
95	-0.971208	0.000000	96.904892	0.000439	1.8
96	-0.970722	0.000000	96.904892	0.000402	1.8
97	-0.973829	0.000000	96.904892	0.000528	1.8
98	-0.972653	0.000000	96.904892	0.000478	1.8
99	-0.971865	0.000000	96.904892	0.000443	1.8
100	-0.971762	0.000000	96.904892	0.000557	1.8
101	-0.973198	0.000000	96.904892	0.000584	1.8
102	-0.972945	0.000000	96.904892	0.000583	1.8
103	-0.972713	0.000000	96.904892	0.000560	1.8
104	-0.967145	0.000000	96.904892	0.000573	1.8
105	-0.972807	0.000000	96.904892	0.000458	1.8
106	-0.974016	0.000000	96.904892	0.000555	1.8
107	-0.973703	0.000000	96.904892	0.000600	2.1
108	-0.969429	0.000000	96.904892	0.000616	1.9
109	-0.973955	0.000000	96.904892	0.000717	1.8
110	-0.973690	0.995929	92.517242	0.000748	2.4
111	-0.972332	0.901218	92.917331	0.000563	2.2
112	-0.971596	0.759640	93.521892	0.000712	1.8
113	-0.968664	0.618020	94.134557	0.000719	1.8
114	-0.969347	0.476392	94.755338	0.000700	1.8
115	-0.973022	0.334762	95.384366	0.000401	1.8
116	-0.972189	0.193221	96.021401	0.000531	2.1
117	-0.970803	0.052198	96.664620	0.000704	1.8
118	-0.973935	0.000000	96.904892	0.000526	1.8
119	-0.971632	0.087239	96.503990	0.000603	1.8
120	-0.972868	0.000000	96.904892	0.000687	1.8
121	-0.972719	0.642889	94.026389	0.000580	1.9
122	-0.975291	1.132756	91.945291	0.000642	1.8
123	-0.967943	1.970966	88.590213	0.000823	1.8
124	-0.972517	2.467403	86.716145	0.000566	1.8
125	-0.970605	2.325786	87.242623	0.000603	1.8
126	-0.971979	2.184576	87.773991	0.000697	1.8
127	-0.974143	2.043308	88.312091	0.000459	1.8
128	-0.972110	1.930894	88.745023	0.000643	1.8
129	-0.972334	1.789515	89.295569	0.000507	1.8
130	-0.971590	1.647894	89.853952	0.000446	1.8
131	-0.972635	1.506321	90.419162	0.000404	1.8
132	-0.973345	1.364955	90.990692	0.000465	1.8
133	-0.971211	1.223480	91.569942	0.000441	1.8
134	-0.973087	1.097101	92.093650	0.000447	1.8
135	-0.969700	0.955531	92.687474	0.000730	1.8
136	-0.972423	0.814563	93.286433	0.000403	1.9
137	-0.976043	0.674114	93.890932	0.000347	1.8
138	-0.972686	0.534233	94.500822	0.000471	1.8
139	-0.970634	0.393755	95.121343	0.000566	1.7
140	-0.972371	0.261649	95.712367	0.000491	1.8
141	-0.974919	0.181822	96.073071	0.000424	1.8
142	-0.971208	0.065519	96.603493	0.000802	1.8
143	-0.970585	0.000000	96.904892	0.000402	1.8
144	-0.973902	0.357393	95.283293	0.000507	1.8
145	-0.973834	0.216305	95.916925	0.000432	1.8
146	-0.974887	0.074771	96.561084	0.000776	1.8
147	-0.970437	0.000000	96.904892	0.000534	1.8
148	-0.972908	0.113061	96.385964	0.000446	1.8
149	-0.974061	0.000000	96.904892	0.000410	1.8
150	-0.973703	0.000000	96.904892	0.000484	1.8
151	-0.974696	0.000000	96.904892	0.000464	1.8
152	-0.970922	0.000000	96.904892	0.000695	1.8
153	-0.970016	0.000000	96.904892	0.000512	1.8
154	-0.972160	0.000000	96.904892	0.000502	1.8
155	-0.972603	0.000000	96.904892	0.000501	1.8
156	-0.969847	0.000000	96.904892	0.000708	1.8
157	-0.971572	0.000000	96.904892	0.000476	1.9
158	-0.974649	0.000000	96.904892	0.000556	1.9
159	-0.973740	0.000000	96.904892	0.000458	1.8
160	-0.971536	0.117408	96.366122	0.000451	1.8
161	-0.972162	0.000000	96.904892	0.000413	1.8
162	-0.972531	0.000000	96.904892	0.000588	1.8
163	-0.973951	0.000000	96.904892	0.000538	1.8
164	-0.973308	0.000000	96.904892	0.000629	1.8
165	-0.971783	0.000000	96.904892	0.000699	1.8
166	-0.971978	0.000000	96.904892	0.000555	1.8
167	-0.972419	0.000000	96.904892	0.000410	1.8
168	-0.972581	0.000000	96.904892	0.000787	1.8
169	-0.973539	0.000000	96.904892	0.000495	1.9
170	-0.971550	0.000000	96.904892	0.000527	1.9
171	-0.972813	0.000000	96.904892	0.000598	1.8
172	-0.971032	0.000000	96.904892	0.000565	1.8
173	-0.972748	0.000000	96.904892	0.000461	1.8
174	-0.973761	0.000000	96.904892	0.000576	3.3
175	-0.972984	0.000000	96.904892	0.000651	2.3
176	-0.973648	0.000000	96.904892	0.000559	2.0
177	-0.971345	0.000000	96.904892	0.000428	1.8
178	-0.971319	0.000000	96.904892	0.000492	1.8
179	-0.975751	0.000000	96.904892	0.000438	1.8
180	-0.974138	0.000000	96.904892	0.000735	1.8
181	-0.971436	0.000000	96.904892	0.000389	1.8
182	-0.972795	0.000000	96.904892	0.000646	2.2
183	-0.974703	0.000000	96.904892	0.000390	2.0
184	-0.974385	0.000000	96.904892	0.000506	1.8
185	-0.969833	0.000000	96.904892	0.000808	1.8
186	-0.974232	0.000000	96.904892	0.000417	1.8
187	-0.973628	0.000000	96.904892	0.000613	1.8
188	-0.971450	0.000000	96.904892	0.000415	1.9
189	-0.974756	0.000000	96.904892	0.000533	1.8
190	-0.970565	0.000000	96.904892	0.000519	1.8
191	-0.973130	0.000000	96.904892	0.000472	2.2
192	-0.972269	0.000000	96.904892	0.000606	2.5
193	-0.974052	0.000000	96.904892	0.000486	2.3
194	-0.974447	0.000000	96.904892	0.000424	1.8
195	-0.972611	0.000000	96.904892	0.000458	1.8
196	-0.973988	0.000000	96.904892	0.000480	1.8
197	-0.972595	0.000000	96.904892	0.000553	1.8
198	-0.971604	0.000000	96.904892	0.000633	2.1
199	-0.970704	0.000000	96.904892	0.000540	1.9
200	-0.977202	0.000000	96.904892	0.000482	1.8
201	-0.973582	0.000000	96.904892	0.000832	1.8
202	-0.974069	0.000000	96.904892	0.000582	1.8
203	-0.973669	0.953090	92.697783	0.000507	1.8
204	-0.971952	0.811484	93.299599	0.000480	1.8
205	-0.972025	0.772228	93.467821	0.000559	1.8
206	-0.969591	0.643292	94.024640	0.000425	1.8
207	-0.971729	0.501742	94.643620	0.000494	1.8
208	-0.971532	0.360160	95.270950	0.000590	1.8
209	-0.974735	0.220428	95.898287	0.000374	1.8
210	-0.972532	0.084713	96.515554	0.000480	1.8
211	-0.971735	0.002411	96.893767	0.000802	1.8
212	-0.971517	0.000000	96.904892	0.000426	1.8
213	-0.974683	0.159100	96.176241	0.000421	1.8
214	-0.973294	0.018069	96.821582	0.000489	1.8
215	-0.973130	0.000000	96.904892	0.000396	1.8
216	-0.974764	0.000000	96.904892	0.000476	1.8
217	-0.971642	0.000000	96.904892	0.000454	1.8
218	-0.971615	0.000000	96.904892	0.000563	1.8
219	-0.972103	0.000000	96.904892	0.000464	1.8
220	-0.975574	0.000000	96.904892	0.000563	1.8
221	-0.972234	0.000000	96.904892	0.000436	1.8
222	-0.971908	0.000000	96.904892	0.000444	1.8
223	-0.973190	0.000000	96.904892	0.000481	1.8
224	-0.973369	0.000000	96.904892	0.000456	1.8
225	-0.974001	0.000000	96.904892	0.000482	1.8
226	-0.974921	0.000000	96.904892	0.000466	1.8
227	-0.972061	0.000000	96.904892	0.000688	1.8
228	-0.973325	0.515068	94.585001	0.000724	1.8
229	-0.973175	0.836004	93.194834	0.000512	1.8
230	-0.969499	0.694374	93.803248	0.000432	1.8
231	-0.973365	0.554451	94.412179	0.000473	1.8
232	-0.972925	0.417858	95.014299	0.000555	1.7
233	-0.971928	0.531625	94.512268	0.000437	1.8
234	-0.973216	0.400947	95.089376	0.000482	1.8
235	-0.973696	0.259362	95.722663	0.000837	1.8
236	-0.975824	0.284520	95.609518	0.000547	1.8
237	-0.971619	1.284428	91.319495	0.000416	2.1
238	-0.972935	1.161083	91.827765	0.000571	1.8
239	-0.973784	1.058833	92.253417	0.000520	1.8
240	-0.969883	1.637907	89.893591	0.000717	1.8
241	-0.970885	1.869119	88.984746	0.000383	1.8
242	-0.975079	1.734761	89.510629	0.000431	1.8
243	-0.973735	1.594144	90.067705	0.000498	1.9
244	-0.974503	1.452599	90.635511	0.000446	1.8
245	-0.972855	1.311219	91.209841	0.000725	1.8
246	-0.971832	1.208339	91.632370	0.000510	2.0
247	-0.971437	1.134208	91.939260	0.000373	2.1
248	-0.973829	0.992671	92.530949	0.000496	1.9
249	-0.974261	0.851147	93.130250	0.000526	1.9
250	-0.974081	0.813579	93.290642	0.000594	1.8
251	-0.971435	1.087919	92.131936	0.000697	1.8
252	-0.973012	1.582717	90.113280	0.000373	1.8
253	-0.975271	1.441326	90.681039	0.000385	1.8
254	-0.975719	1.300733	91.252730	0.000485	1.8
255	-0.977019	1.161364	91.826602	0.000711	1.8
256	-0.976212	1.915029	88.806464	0.000897	1.8
257	-0.973991	1.774316	89.355162	0.000448	1.8
258	-0.975933	1.632710	89.914231	0.000438	1.8
259	-0.978646	1.494030	90.468569	0.000518	1.8
260	-0.975946	1.352961	91.039514	0.000423	1.8
261	-0.974382	1.211496	91.619347	0.000933	1.8
262	-0.973377	1.069866	92.207299	0.000768	1.8
263	-0.973743	2.069863	88.210440	0.000380	2.5
264	-0.971493	1.934887	88.729574	0.000616	2.8
265	-0.971465	1.801827	89.247355	0.000391	3.1
266	-0.975464	1.660203	89.805140	0.000561	3.6
267	-0.973695	1.762202	89.402718	0.000526	2.7
268	-0.973851	1.620774	89.961674	0.000394	1.8
269	-0.974138	1.484581	90.506589	0.000474	1.8
270	-0.974917	1.355237	91.030247	0.000495	1.8
271	-0.972470	1.244548	91.483213	0.000420	1.8
272	-0.972876	1.181509	91.743205	0.000566	2.2
273	-0.974151	1.090886	92.119560	0.000546	2.2
274	-0.974527	0.976437	92.599303	0.000411	1.9
275	-0.974402	1.074617	92.187452	0.000456	1.8
276	-0.971929	1.022675	92.404882	0.000530	1.8
277	-0.974413	0.957174	92.680541	0.000408	1.8
278	-0.975302	0.815710	93.281527	0.000481	1.8
279	-0.973490	0.737770	93.615986	0.000451	1.8
280	-0.974320	0.596263	94.229392	0.000442	1.8
281	-0.972814	0.464589	94.807440	0.000535	1.8
282	-0.972341	0.323847	95.433188	0.000432	1.8
283	-0.972882	0.247529	95.775974	0.000718	1.8
284	-0.973089	0.936414	92.768252	0.000734	1.8
285	-0.974649	1.936412	88.723674	0.000530	1.8
286	-0.972750	1.794783	89.274934	0.000476	1.8
287	-0.973598	1.653845	89.830344	0.000591	1.8
288	-0.975918	1.577078	90.135790	0.000387	1.8
289	-0.974483	1.448645	90.651472	0.000493	1.9
290	-0.974025	1.467952	90.573574	0.000639	1.8
291	-0.972500	2.203832	87.701150	0.000514	2.2
292	-0.972830	2.473631	86.693136	0.000558	2.3
293	-0.974124	2.332014	87.219336	0.000538	2.0
294	-0.973905	2.190793	87.750459	0.000488	1.8
295	-0.973933	2.833347	85.384683	0.000327	1.8
296	-0.972255	2.708834	85.833102	0.000581	1.8
297	-0.974519	2.568809	86.343044	0.000374	1.8
298	-0.974756	2.431088	86.850542	0.000406	1.8
299	-0.972546	2.291417	87.371359	0.000402	1.8
300	-0.973141	2.150590	87.902847	0.000523	1.8
301	-0.975844	2.019102	88.404959	0.000454	1.8
302	-0.975364	1.878455	88.948433	0.000752	1.8
303	-0.976063	1.739391	89.492404	0.000340	1.8
304	-0.973253	1.597853	90.052924	0.000517	1.8
305	-0.969837	1.476264	90.540079	0.000726	1.8
306	-0.974291	1.334634	91.114217	0.000648	1.8
307	-0.974496	1.214563	91.606695	0.000790	1.8
308	-0.973186	1.072934	92.194485	0.000513	1.8
309	-0.975228	0.931304	92.789863	0.000523	1.8
310	-0.974037	1.779717	89.333977	0.000404	1.8
311	-0.974285	1.810031	89.215254	0.000545	1.8
312	-0.974144	1.668474	89.772373	0.000454	1.7
313	-0.972620	1.708748	89.613162	0.000499	1.8
314	-0.975139	1.571979	90.156151	0.000334	1.8
315	-0.974625	1.436331	90.701228	0.000570	2.2
316	-0.973544	1.297874	91.264428	0.000463	2.2
317	-0.973170	1.436246	90.701571	0.000380	1.9
318	-0.974497	1.299170	91.259123	0.000912	2.1
319	-0.974460	1.161123	91.827599	0.000527	1.8
320	-0.975569	1.019603	92.417778	0.000346	1.9
321	-0.974532	0.878650	93.013176	0.000537	1.8
322	-0.975292	0.747013	93.576195	0.000594	1.7
323	-0.973670	0.861688	93.085342	0.000355	1.8
324	-0.974280	0.822740	93.251475	0.000643	1.8
325	-0.976900	0.758519	93.526710	0.000413	1.8
326	-0.969325	1.411457	90.801895	0.000466	1.9
327	-0.973952	1.270028	91.378545	0.000426	1.8
328	-0.975109	1.130386	91.955138	0.000526	1.8
329	-0.974108	1.168681	91.796291	0.000494	1.8
330	-0.975493	1.169362	91.793472	0.000461	1.8
331	-0.973844	1.037439	92.342977	0.000563	1.8
332	-0.972452	1.178187	91.756949	0.000518	1.8
333	-0.974217	1.036558	92.346670	0.000570	1.8
334	-0.976419	0.894950	92.943931	0.000392	1.8
335	-0.974215	0.757776	93.529907	0.000594	1.8
336	-0.972865	0.616381	94.141692	0.000734	1.8
337	-0.975215	0.474755	94.762559	0.000289	1.8
338	-0.973727	0.357502	95.282807	0.000426	2.0
339	-0.972197	0.219518	95.902400	0.000547	1.8
340	-0.974266	0.078196	96.545393	0.000475	1.7
341	-0.974193	0.000000	96.904892	0.000426	1.8
342	-0.972251	0.000000	96.904892	0.000697	1.8
343	-0.974019	0.000000	96.904892	0.000448	1.8
344	-0.976598	0.000000	96.904892	0.000489	1.9
345	-0.975466	0.000000	96.904892	0.000395	1.8
346	-0.972634	0.000000	96.904892	0.000462	1.8
347	-0.972046	0.000000	96.904892	0.000697	1.8
348	-0.971595	0.318321	95.457928	0.000501	1.8
349	-0.974109	1.314831	91.195076	0.000368	1.8
350	-0.973753	1.173428	91.776639	0.000491	1.8
351	-0.971980	1.035554	92.350875	0.000438	1.8
352	-0.976582	0.894197	92.947127	0.000384	1.8
353	-0.972876	0.757214	93.532321	0.000343	1.9
354	-0.972037	0.622212	94.116308	0.000576	1.8
355	-0.974470	0.481922	94.730943	0.000514	1.8
356	-0.977095	0.340322	95.359515	0.000454	1.8
357	-0.975393	0.716089	93.709451	0.000433	1.8
358	-0.972872	0.574661	94.323741	0.000577	1.8
359	-0.975274	0.444262	94.897307	0.000387	1.8
360	-0.971950	0.581072	94.295722	0.000582	1.8
361	-0.976106	0.439671	94.917629	0.000645	1.8
362	-0.974349	1.434605	90.708204	0.000585	1.8
363	-0.972899	2.321105	87.260133	0.000599	2.1
364	-0.975233	3.305983	83.724353	0.000542	1.8
365	-0.975454	3.164377	84.214989	0.000355	1.9
366	-0.974789	3.038415	84.656278	0.000740	1.8
367	-0.976437	2.898874	85.150570	0.000434	1.8
368	-0.978021	2.757250	85.658178	0.000376	1.8
369	-0.974672	2.619024	86.159477	0.000394	1.7
370	-0.970278	2.478547	86.674986	0.000419	1.8
371	-0.973556	2.368551	87.082967	0.000454	1.9
372	-0.974491	2.305035	87.320304	0.000310	1.8
373	-0.975870	2.173735	87.815051	0.000524	1.9
374	-0.974975	2.032532	88.353410	0.000450	2.1
375	-0.974551	1.895536	88.882073	0.000553	1.8
376	-0.973557	1.758305	89.418027	0.000551	1.8
377	-0.975459	2.537196	86.459011	0.000431	1.8
378	-0.972899	2.408024	86.936117	0.000481	1.8
379	-0.973520	2.286550	87.389620	0.000398	1.8
380	-0.974612	2.145327	87.922835	0.000373	1.9
381	-0.975792	2.005662	88.456603	0.000473	2.1
382	-0.971808	1.889676	88.904830	0.000437	1.8
383	-0.976504	2.019087	88.405015	0.000366	1.8
384	-0.975106	1.936158	88.724656	0.000461	1.8
385	-0.972705	1.795222	89.273215	0.000487	1.8
386	-0.975971	1.821793	89.169273	0.000575	1.8
387	-0.972646	1.680374	89.725270	0.000421	1.8
388	-0.976463	1.974339	88.577206	0.000699	1.7
389	-0.972914	2.325542	87.243535	0.000451	1.8
390	-0.975319	2.933330	85.027981	0.000447	1.8
391	-0.975280	2.841363	85.355972	0.000497	1.8
392	-0.976350	2.701068	85.861226	0.000494	1.7
393	-0.974749	3.061890	84.573685	0.000616	1.8
394	-0.973676	3.872308	81.818009	0.000420	1.8
395	-0.975019	4.016418	81.346686	0.000447	1.7
396	-0.976676	3.888287	81.765478	0.000610	2.0
397	-0.973478	3.781041	82.119339	0.000778	1.9
398	-0.974875	3.639412	82.591369	0.000610	1.8
399	-0.975718	4.639408	79.370113	0.000378	1.8
400	-0.977556	4.498596	79.808422	0.000335	1.8
401	-0.975760	4.363583	80.233252	0.000330	1.8
402	-0.972510	4.229141	80.660801	0.000308	1.8
403	-0.971267	4.090441	81.106694	0.000441	1.8
404	-0.973352	3.959482	81.532252	0.000544	1.8
405	-0.973532	4.242196	80.619085	0.000699	1.8
406	-0.973354	4.109021	81.046677	0.000565	1.8
407	-0.973374	3.967391	81.506422	0.000601	1.8
408	-0.974774	4.364091	80.231646	0.000333	1.7
409	-0.971739	4.245653	80.608045	0.000458	1.8
410	-0.976424	4.107331	81.052133	0.000614	1.8
411	-0.974100	4.903649	78.560464	0.000448	1.8
412	-0.973580	5.735986	76.114745	0.000463	1.8
413	-0.972998	5.595611	76.516488	0.000328	1.8
414	-0.974848	5.455835	76.920753	0.000403	1.8
415	-0.972118	5.327354	77.296137	0.000522	1.8
416	-0.971441	5.311443	77.342878	0.000422	1.8
417	-0.973946	5.169867	77.761294	0.000774	1.8
418	-0.976529	5.825642	75.860356	0.000596	1.8
419	-0.975115	6.269846	74.624650	0.000444	1.8
420	-0.973461	6.766056	73.291027	0.000571	1.8
421	-0.974534	6.646167	73.608856	0.000588	1.8
422	-0.974708	6.852404	73.063808	0.000398	1.8
423	-0.976726	6.715452	73.424843	0.000326	1.9
424	-0.976111	6.585523	73.770677	0.000343	1.8
425	-0.972749	6.455239	74.120745	0.000464	1.8
426	-0.973262	6.315908	74.498812	0.000492	1.8
427	-0.974531	6.191180	74.840546	0.000431	1.8
428	-0.976011	6.055334	75.216323	0.000586	1.8
429	-0.972242	5.913973	75.611383	0.000594	1.8
430	-0.973960	5.904710	75.637415	0.000690	1.8
431	-0.973003	5.763098	76.037637	0.000486	1.8
432	-0.974351	6.733655	73.376650	0.000432	1.8
433	-0.976149	6.592322	73.752501	0.000470	1.7
434	-0.974458	6.501423	73.996270	0.000439	1.8
435	-0.973076	6.359888	74.379059	0.000505	1.8
436	-0.974430	6.332207	74.454386	0.000783	1.8
437	-0.974061	6.870515	73.016330	0.000407	1.8
438	-0.973720	6.729276	73.388238	0.000612	1.8
439	-0.975073	6.833349	73.113830	0.000506	1.8
440	-0.971362	6.691917	73.487247	0.000530	1.8
441	-0.973589	6.550288	73.865025	0.000672	1.8
442	-0.977034	6.408664	74.246697	0.000399	1.8
443	-0.974356	6.267986	74.629741	0.000494	1.8
444	-0.975487	6.134326	74.997356	0.000693	1.8
445	-0.975401	5.993301	75.389175	0.000657	1.8
446	-0.972834	6.993281	72.696114	0.000631	1.8
447	-0.973418	7.986068	70.206235	0.000646	1.8
448	-0.973186	7.844439	70.550957	0.000521	1.8
449	-0.974105	8.196954	69.699146	0.000443	1.9
450	-0.975677	8.299417	69.455401	0.000406	2.1
451	-0.976753	8.167345	69.769900	0.000465	1.8
452	-0.977169	8.100861	69.929295	0.000640	1.9
453	-0.973975	7.961473	70.265859	0.000672	1.8
454	-0.975151	7.846174	70.546711	0.000406	1.8
455	-0.975684	8.564924	68.831658	0.000437	1.8
456	-0.975540	8.424882	69.159249	0.000358	1.8
457	-0.972865	8.292680	69.471374	0.000499	1.8
458	-0.975759	8.288749	69.480698	0.000373	1.8
459	-0.977875	8.357058	69.319028	0.000312	1.8
460	-0.973959	8.221351	69.640952	0.000550	1.8
461	-0.975600	8.082104	69.974399	0.000467	1.8
462	-0.973323	7.940482	70.316822	0.000346	1.8
463	-0.973594	7.805489	70.646353	0.000403	1.8
464	-0.975089	7.665064	70.992437	0.000416	1.8
465	-0.969855	7.525140	71.340674	0.001190	1.8
466	-0.974890	7.384420	71.694358	0.000741	1.8
467	-0.973533	7.242790	72.053885	0.000393	1.8
468	-0.976390	7.101162	72.417030	0.000460	1.8
469	-0.975692	6.968196	72.761315	0.000367	1.8
470	-0.975049	6.939271	72.836644	0.000537	1.8
471	-0.972109	6.810638	73.173537	0.000365	1.8
472	-0.976043	6.671783	73.540716	0.000374	1.8
473	-0.976541	6.536652	73.901604	0.000372	1.8
474	-0.975360	6.398018	74.275546	0.000360	1.8
475	-0.972050	6.259679	74.652485	0.000455	1.8
476	-0.975616	6.176309	74.881497	0.000525	1.9
477	-0.970677	6.037043	75.267207	0.000415	1.8
478	-0.973740	5.996712	75.379652	0.000393	1.8
479	-0.972366	5.860716	75.761299	0.000648	1.7
480	-0.970684	5.895552	75.663169	0.000398	1.8
481	-0.973943	5.755097	76.060376	0.000659	1.8
482	-0.977477	5.613663	76.464586	0.000636	1.8
483	-0.972029	5.472033	76.873684	0.000637	1.8
484	-0.976621	6.379664	74.325337	0.000589	1.8
485	-0.974987	7.377894	71.710845	0.000369	1.8
486	-0.974695	7.240449	72.059856	0.000632	1.8
487	-0.973246	7.127105	72.350239	0.000512	1.8
488	-0.974250	6.985482	72.716374	0.000449	1.8
489	-0.975650	7.291063	71.930938	0.000292	1.8
490	-0.972543	7.151931	72.286436	0.000472	1.8
491	-0.974802	7.016865	72.634920	0.000499	1.9
492	-0.975936	7.322067	71.852198	0.000445	1.8
493	-0.978152	7.184404	72.203148	0.000425	1.8
494	-0.977425	7.170193	72.239573	0.000421	1.8
495	-0.973553	7.033757	72.591152	0.000343	2.1
496	-0.976931	6.951084	72.805861	0.000686	1.7
497	-0.974469	6.838100	73.101350	0.000546	1.8
498	-0.977064	6.760302	73.306218	0.000343	1.8
499	-0.975845	6.619357	73.680307	0.000356	1.8
500	-0.978558	6.482196	74.048039	0.000421	1.8
501	-0.974874	6.348026	74.411321	0.000483	1.8
502	-0.975517	6.326996	74.468586	0.000662	1.9
503	-0.976011	6.316215	74.497976	0.000654	1.8
504	-0.974483	6.936079	72.844966	0.000307	1.9
505	-0.973467	6.802343	73.195369	0.000689	1.9
506	-0.975626	6.691796	73.487567	0.000401	1.9
507	-0.974196	7.044902	72.562305	0.000521	1.8
508	-0.974813	6.908619	72.916640	0.000467	1.8
509	-0.975285	7.764931	70.745962	0.000784	1.8
510	-0.973566	8.747432	68.409358	0.000558	1.8
511	-0.972850	8.605803	68.736616	0.000463	1.8
512	-0.975165	8.464186	69.066993	0.000763	1.8
513	-0.975755	8.323185	69.399102	0.000616	1.8
514	-0.973784	8.183896	69.730332	0.000392	1.8
515	-0.974866	8.045813	70.061828	0.000379	1.8
516	-0.973545	7.915131	70.378471	0.000684	1.8
517	-0.973486	7.787066	70.691564	0.000380	1.8
518	-0.973101	7.645477	71.040980	0.000406	1.8
519	-0.975839	7.504979	71.391132	0.000354	1.8
520	-0.975074	7.365592	71.741945	0.000580	1.8
521	-0.975550	7.423714	71.595243	0.000484	1.8
522	-0.978095	7.301836	71.903559	0.000332	2.0
523	-0.976624	7.164134	72.255114	0.000488	1.8
524	-0.976179	7.048447	72.553134	0.000530	1.8
525	-0.974976	6.925562	72.872400	0.000570	1.9
526	-0.975359	7.221009	72.109496	0.000429	3.2
527	-0.975012	8.045016	70.063749	0.000493	2.2
528	-0.975683	7.954597	70.282544	0.000456	1.8
529	-0.974263	7.813130	70.627617	0.000378	1.8
530	-0.974678	7.721956	70.851815	0.000368	1.8
531	-0.973907	7.586090	71.188565	0.000578	1.8
532	-0.975009	7.444767	71.542254	0.000291	1.8
533	-0.975401	7.313033	71.875123	0.000390	2.7
534	-0.977560	7.224898	72.099561	0.000337	1.8
535	-0.977564	7.084790	72.459247	0.000374	1.9
536	-0.974391	6.949130	72.810950	0.000321	1.8
537	-0.975372	6.829682	73.123463	0.000397	1.8
538	-0.977353	6.694110	73.481427	0.000519	1.8
539	-0.974879	6.552505	73.859082	0.000391	1.8
540	-0.974689	6.426449	74.198549	0.000460	1.8
541	-0.976666	6.295141	74.555495	0.000420	1.8
542	-0.975768	6.317433	74.494654	0.000587	1.8
543	-0.973113	6.209550	74.790018	0.000348	1.9
544	-0.973283	6.069234	75.177700	0.000676	1.8
545	-0.975096	5.939649	75.539318	0.000493	1.8
546	-0.976599	5.826926	75.856725	0.000396	1.8
547	-0.974908	5.767256	76.025826	0.000374	1.8
548	-0.975247	5.737165	76.111388	0.000385	2.1
549	-0.976050	5.648578	76.364403	0.000357	1.8
550	-0.974736	5.507716	76.770203	0.000417	1.8
551	-0.974283	5.374401	77.158253	0.000439	1.8
552	-0.974692	5.235311	77.567318	0.000561	1.9
553	-0.974486	5.094405	77.986170	0.000440	1.8
554	-0.976104	5.256079	77.505964	0.000454	1.8
555	-0.976210	5.114497	77.926171	0.000348	2.1
556	-0.973951	5.029267	78.181332	0.000463	2.0
557	-0.976191	4.888004	78.607943	0.000411	2.0
558	-0.975923	4.769398	78.969743	0.000344	2.0
559	-0.977231	4.632777	79.390647	0.000519	2.0
560	-0.977467	4.492459	79.827635	0.000495	2.4
561	-0.976739	4.613220	79.451266	0.000377	1.9
562	-0.976254	4.472253	79.890959	0.000431	1.8
563	-0.974239	4.412095	80.080085	0.000543	1.8
564	-0.976433	4.270471	80.528879	0.000717	1.8
565	-0.977355	5.269995	77.464909	0.000531	1.9
566	-0.975016	5.128366	77.884805	0.000807	1.8
567	-0.974708	6.073469	75.165939	0.000534	1.8
568	-0.976124	7.060385	72.522268	0.000511	1.8
569	-0.971398	6.939932	72.834920	0.000850	1.8
570	-0.972693	7.938368	70.321959	0.000469	1.8
571	-0.977872	7.805209	70.647039	0.000705	1.8
572	-0.974848	7.663582	70.996106	0.000364	1.8
573	-0.974989	7.526982	71.336068	0.000387	1.8
574	-0.974229	7.386505	71.689092	0.000411	1.8
575	-0.975429	7.298259	71.912649	0.000444	1.8
576	-0.973461	7.172001	72.234937	0.000469	1.9
577	-0.977285	7.261620	72.005876	0.000552	1.8
578	-0.974458	7.162908	72.258261	0.000277	1.8
579	-0.974460	7.047308	72.556080	0.000597	1.9
580	-0.973285	7.040958	72.572511	0.000409	1.8
581	-0.977529	6.899648	72.940087	0.000334	1.8
582	-0.977202	6.760223	73.306425	0.000508	1.8
583	-0.974788	6.620723	73.676664	0.000568	1.8
584	-0.975910	7.549113	71.280770	0.000618	1.8
585	-0.974720	7.407553	71.635975	0.000375	1.8
586	-0.974689	7.382459	71.699310	0.000445	3.0
587	-0.973848	7.275420	71.970734	0.000512	2.6
588	-0.974608	7.140196	72.316579	0.000304	6.4
589	-0.976451	7.011983	72.647577	0.000421	3.8
590	-0.975531	6.877732	72.997429	0.000378	2.7
591	-0.975671	6.880393	72.990460	0.000548	3.2
592	-0.975142	7.485784	71.439239	0.000383	1.9
593	-0.977593	7.530051	71.328394	0.000484	1.8
594	-0.975225	7.390408	71.679234	0.000370	1.8
595	-0.975796	7.322435	71.851263	0.000438	2.3
596	-0.973087	7.186759	72.197116	0.000568	2.0
597	-0.975373	7.045991	72.559488	0.000316	2.1
598	-0.976025	6.914180	72.902114	0.000416	2.0
599	-0.973324	6.785369	73.240083	0.000470	1.9
600	-0.973673	6.647520	73.605253	0.000628	1.9
601	-0.975406	6.508936	73.976061	0.000538	3.1
602	-0.975916	7.506743	71.386716	0.000569	2.3
603	-0.976872	7.365114	71.743155	0.000328	2.1
604	-0.974286	7.228872	72.089411	0.000380	2.5
605	-0.976969	7.098321	72.424353	0.000373	1.8
606	-0.977347	7.002206	72.672942	0.000579	2.0
607	-0.975398	6.860663	73.042149	0.000499	1.8
608	-0.973354	6.719445	73.414266	0.000609	1.8
609	-0.974754	6.585463	73.770838	0.000410	1.8
610	-0.975487	6.443836	74.151540	0.000433	1.8
611	-0.970877	6.326227	74.470680	0.000689	1.8
612	-0.978128	6.191211	74.840461	0.000318	1.8
613	-0.976314	6.050116	75.230833	0.000325	1.8
614	-0.974335	5.916682	75.603774	0.000425	1.8
615	-0.975765	5.939043	75.541018	0.000418	1.8
616	-0.976485	5.802772	75.925086	0.000419	2.1
617	-0.974228	5.669490	76.304524	0.000436	1.8
618	-0.974630	5.546354	76.658465	0.000323	1.8
619	-0.973131	5.448364	76.942480	0.000667	1.9
620	-0.974967	5.364623	77.186870	0.000405	1.8
621	-0.974412	5.702278	76.210828	0.000544	1.8
622	-0.975738	5.578615	76.565416	0.000363	3.0
623	-0.975885	5.752080	76.068954	0.000391	1.9
624	-0.974590	5.640692	76.387006	0.000507	2.4
625	-0.974033	5.687698	76.252465	0.000422	1.9
626	-0.973346	6.235186	74.719620	0.000368	1.9
627	-0.977185	6.150494	74.952695	0.000603	1.9
628	-0.975047	6.016531	75.324354	0.000564	2.4
629	-0.975622	7.013985	72.642387	0.000732	1.8
630	-0.975967	8.013742	70.139273	0.000579	1.8
631	-0.974553	8.711101	68.493009	0.000429	1.8
632	-0.975533	8.730120	68.449194	0.000491	1.8
633	-0.974355	9.007601	67.816242	0.000372	1.9
634	-0.974664	9.091239	67.627748	0.000445	2.1
635	-0.974717	8.949886	67.946928	0.000478	2.6
636	-0.978420	8.895927	68.069565	0.000248	1.8
637	-0.973203	8.759978	68.380520	0.000403	1.8
638	-0.974840	8.646522	68.642208	0.000536	1.8
639	-0.973825	8.506625	68.967656	0.000535	1.8
640	-0.977535	9.335079	67.084142	0.000336	1.8
641	-0.978029	9.333253	67.088179	0.000412	1.8
642	-0.975024	9.272386	67.223070	0.000906	1.8
643	-0.976769	9.130756	67.539052	0.000298	1.8
644	-0.974662	8.989661	67.856811	0.000347	1.8
645	-0.976605	8.851394	68.171111	0.000457	2.0
646	-0.976428	8.735417	68.436999	0.000473	1.9
647	-0.974571	8.625744	68.690351	0.000580	2.8
648	-0.976833	8.484944	69.018368	0.000683	3.0
649	-0.975513	9.484740	66.754800	0.000373	2.0
650	-0.978531	9.343932	67.064570	0.000374	3.1
651	-0.973555	9.210278	67.361271	0.000446	2.4
652	-0.975834	9.070165	67.675144	0.000430	1.8
653	-0.974463	8.929046	67.994240	0.000459	1.8
654	-0.977177	8.795350	68.299340	0.000412	2.0
655	-0.976141	8.653808	68.625343	0.000527	1.8
656	-0.973302	8.542739	68.883346	0.000532	2.1
657	-0.976636	8.401191	69.214976	0.000669	2.1
658	-0.975937	8.314921	69.418667	0.000630	1.8
659	-0.975596	8.174825	69.752011	0.000392	2.2
660	-0.975250	8.049054	70.054011	0.000512	2.3
661	-0.975319	7.909233	70.392829	0.000498	1.8
662	-0.976670	8.339375	69.360806	0.000497	1.9
663	-0.975182	8.197902	69.696882	0.000450	1.8
664	-0.976748	8.057325	70.034070	0.000491	1.8
665	-0.974470	7.978573	70.224395	0.000339	2.0
666	-0.976051	7.854775	70.525683	0.000489	1.8
667	-0.974898	7.775779	70.719292	0.000549	2.2
668	-0.976567	7.701660	70.901917	0.000557	2.3
669	-0.976507	8.686422	68.549950	0.000450	2.0
670	-0.975339	8.545319	68.877332	0.000370	2.2
671	-0.974704	8.702995	68.511701	0.000453	2.9
672	-0.977705	8.561499	68.839633	0.000344	2.3
673	-0.975967	8.421092	69.168159	0.000347	2.0
674	-0.974316	8.285483	69.488447	0.000560	2.2
675	-0.975166	8.144438	69.824738	0.000333	2.1
676	-0.973164	8.058639	70.030903	0.000555	2.3
677	-0.975020	7.965868	70.255197	0.000387	2.1
678	-0.975776	7.955323	70.280781	0.000513	2.0
679	-0.976604	7.814083	70.625283	0.000362	2.1
680	-0.974673	7.713904	70.871685	0.000412	1.8
681	-0.976086	7.583394	71.195279	0.000404	1.8
682	-0.975672	7.442279	71.548512	0.000384	1.8
683	-0.976332	7.338735	71.809936	0.000776	1.8
684	-0.973510	7.219791	72.112609	0.000390	1.8
685	-0.975647	7.079046	72.474069	0.000611	1.8
686	-0.977424	7.001961	72.673579	0.000327	1.8
687	-0.974595	7.286541	71.942438	0.000707	1.8
688	-0.976531	7.147040	72.298995	0.000731	1.8
689	-0.975454	7.005411	72.664628	0.000754	1.8
690	-0.977027	8.005409	70.159421	0.000355	1.8
691	-0.977730	7.932138	70.337103	0.000608	2.0
692	-0.974776	7.794990	70.672111	0.000383	1.9
693	-0.976048	7.763379	70.749781	0.000581	2.0
694	-0.977022	7.668793	70.983202	0.000527	2.9
695	-0.976288	7.527166	71.335609	0.000503	2.6
696	-0.976785	8.158895	69.790118	0.000358	2.3
697	-0.974414	8.017509	70.130167	0.000365	2.8
698	-0.974744	7.881560	70.460278	0.000575	1.8
699	-0.977214	8.002406	70.166686	0.000410	1.8
700	-0.976905	8.116727	69.891192	0.000372	1.8
701	-0.975873	7.979012	70.223330	0.000441	1.8
702	-0.975589	7.913307	70.382912	0.000389	1.8
703	-0.978027	7.782301	70.703267	0.000385	1.8
704	-0.974141	7.684787	70.943623	0.000612	1.8
705	-0.978945	7.549291	71.280325	0.000364	1.8
706	-0.975033	7.627514	71.085556	0.000648	1.7
707	-0.974842	7.485898	71.438954	0.000538	2.2
708	-0.976523	7.344268	71.795918	0.000502	2.9
709	-0.974471	7.202689	72.156338	0.000405	2.6
710	-0.978823	7.535110	71.315748	0.000430	2.6
711	-0.976478	7.405877	71.640200	0.000772	4.0
712	-0.976336	7.264657	71.998140	0.000422	2.2
713	-0.977174	7.123081	72.360591	0.000400	1.9
714	-0.977637	7.122549	72.361959	0.000372	2.8
715	-0.976255	7.007156	72.660099	0.000559	1.9
716	-0.976306	6.865562	73.029308	0.000595	2.2
717	-0.975956	6.741695	73.355386	0.000458	3.8
718	-0.975220	6.623718	73.668676	0.000435	1.9
719	-0.975564	6.482133	74.048209	0.000554	1.9
720	-0.974539	6.340579	74.431589	0.000497	1.8
721	-0.976917	7.009183	72.654841	0.000470	1.8
722	-0.979053	6.997418	72.685372	0.000561	1.8
723	-0.974469	6.864279	73.032671	0.000383	1.8
724	-0.976122	6.723467	73.403615	0.000418	1.9
725	-0.974394	6.602811	73.724473	0.000694	1.8
726	-0.979873	6.922562	72.880229	0.000452	1.8
727	-0.974709	7.832474	70.580232	0.000620	1.8
728	-0.974414	7.690857	70.928615	0.000803	1.8
729	-0.976242	8.690817	68.539802	0.000380	1.8
730	-0.975145	8.749295	68.405075	0.000358	1.8
731	-0.974371	8.618710	68.706663	0.000552	1.7
732	-0.977423	8.515506	68.946903	0.000426	2.0
733	-0.977539	8.378036	69.269529	0.000492	1.8
734	-0.973559	8.236421	69.605057	0.000489	1.8
735	-0.975263	8.095143	69.943040	0.000383	1.9
736	-0.974814	8.371005	69.286112	0.000376	1.8
737	-0.978077	8.241791	69.592274	0.000519	2.4
738	-0.976856	8.103293	69.923454	0.000570	2.0
739	-0.973769	7.961723	70.265251	0.000308	2.2
740	-0.975457	7.922297	70.361033	0.000528	2.1
741	-0.977143	7.994114	70.186754	0.000608	2.0
742	-0.975337	8.669746	68.588478	0.000723	2.1
743	-0.976946	9.669717	66.352184	0.000515	3.2
744	-0.974062	10.126165	65.379166	0.000372	3.0
745	-0.975089	9.986428	65.674003	0.000655	1.8
746	-0.974791	9.851924	65.960318	0.000441	1.8
747	-0.978596	9.712697	66.259329	0.000354	1.8
748	-0.972649	9.572676	66.562795	0.000387	1.8
749	-0.977450	9.456056	66.817672	0.000602	1.9
750	-0.976588	9.924217	65.806120	0.000622	2.1
751	-0.975802	9.782870	66.108284	0.000690	1.8
752	-0.972442	10.782147	64.029743	0.000442	1.8
753	-0.977824	10.640541	64.316306	0.000712	1.8
754	-0.976951	10.516165	64.570125	0.000374	1.8
755	-0.977386	11.419842	62.770285	0.000496	1.8
756	-0.973918	11.295837	63.011301	0.000701	1.8
757	-0.975872	11.154613	63.288049	0.000417	2.3
758	-0.973875	11.053409	63.487872	0.000430	1.9
759	-0.978447	10.915764	63.761680	0.000294	1.8
760	-0.974442	10.778691	64.036707	0.000508	3.2
761	-0.976009	10.641950	64.313443	0.000446	2.5
762	-0.976564	10.545497	64.510087	0.000428	2.0
763	-0.974058	10.487034	64.629864	0.000688	3.2
764	-0.976000	10.563711	64.472861	0.000384	3.2
765	-0.976283	10.533185	64.535274	0.000292	2.0
766	-0.973672	10.393175	64.823093	0.000458	1.8
767	-0.975575	10.268106	65.082379	0.000391	1.8
768	-0.975557	10.382384	64.845384	0.000373	1.8
769	-0.977953	10.246364	65.127666	0.000364	1.8
770	-0.976605	10.115035	65.402553	0.000589	1.8
771	-0.974796	9.973439	65.701543	0.000365	1.8
772	-0.975507	9.867253	65.927561	0.000329	1.8
773	-0.974130	9.741599	66.197036	0.000751	1.8
774	-0.974586	9.606540	66.489147	0.000424	2.3
775	-0.977625	9.465641	66.796649	0.000356	3.0
776	-0.976479	9.325730	67.104822	0.000355	2.8
777	-0.973867	9.264127	67.241415	0.000562	1.8
778	-0.976880	9.122962	67.556528	0.000330	2.4
779	-0.977588	9.066785	67.682752	0.000607	2.1
780	-0.977112	8.928274	67.995994	0.000488	4.0
781	-0.973498	8.786801	68.318942	0.000621	1.9
782	-0.976820	9.718385	66.247061	0.000386	1.9
783	-0.977855	9.696754	66.293744	0.000669	1.9
784	-0.975474	9.753331	66.171783	0.000619	2.0
785	-0.977114	9.611703	66.477932	0.000740	2.2
786	-0.973965	9.470074	66.786932	0.000561	3.3
787	-0.976338	10.434610	64.737648	0.000418	2.1
788	-0.975755	10.319020	64.976578	0.000359	1.9
789	-0.975496	10.179171	65.268020	0.000608	1.7
790	-0.974287	10.090398	65.454381	0.000835	1.8
791	-0.973902	9.948775	65.753903	0.000498	1.8
792	-0.974739	10.941642	63.710023	0.000472	1.9
793	-0.975161	10.800133	63.993530	0.000610	1.8
794	-0.978051	10.658702	64.279411	0.000405	1.8
795	-0.977989	10.517973	64.566422	0.000390	1.8
796	-0.977517	10.530720	64.540319	0.000536	1.8
797	-0.973553	10.395782	64.817711	0.000468	1.8
798	-0.977230	10.290640	65.035511	0.000391	1.8
799	-0.975876	10.155886	65.316798	0.000526	3.3
800	-0.978683	10.019792	65.603365	0.000312	3.0
801	-0.976357	9.881259	65.897661	0.000371	2.5
802	-0.976817	9.759814	66.157836	0.000680	2.7
803	-0.977541	9.641571	66.413133	0.000346	2.6
804	-0.977455	9.501400	66.718338	0.000254	2.8
805	-0.974243	9.396077	66.949519	0.000466	2.3
806	-0.972862	9.266222	67.236761	0.000623	1.9
807	-0.974522	9.124611	67.552831	0.000544	3.2
808	-0.975889	8.982981	67.871928	0.000359	2.1
809	-0.976903	9.170423	67.450255	0.000331	1.8
810	-0.974957	9.285890	67.193096	0.000465	1.8
811	-0.976054	9.169608	67.452078	0.000498	1.8
812	-0.975879	9.047115	67.727060	0.000525	1.8
813	-0.976201	8.905494	68.047789	0.000601	2.4
814	-0.976183	9.899174	65.859454	0.000510	1.9
815	-0.973891	9.757546	66.162715	0.000364	1.7
816	-0.975337	9.814194	66.041084	0.000506	1.8
817	-0.977594	9.840256	65.985273	0.000343	2.1
818	-0.978631	10.419728	64.768312	0.000509	1.8
819	-0.976587	10.558771	64.482952	0.000368	1.7
820	-0.978564	10.808909	63.975874	0.000410	1.8
821	-0.975320	10.700460	64.194739	0.000388	1.7
822	-0.976017	10.566272	64.467629	0.000302	1.8
823	-0.977432	10.428748	64.749722	0.000579	1.8
824	-0.974367	10.472351	64.660016	0.000310	1.8
825	-0.976152	10.332550	64.948519	0.000568	1.8
826	-0.977194	10.206240	65.211405	0.000348	2.7
827	-0.976825	10.064884	65.508139	0.000442	2.0
828	-0.974938	10.083701	65.468483	0.000496	1.9
829	-0.976877	9.942195	65.767886	0.000623	1.9
830	-0.979022	10.001511	65.642050	0.000284	1.9
831	-0.974608	10.036008	65.569088	0.000401	1.9
832	-0.972485	9.899571	65.858607	0.000402	2.1
833	-0.976997	9.917519	65.820376	0.000546	1.8
834	-0.972822	9.782243	66.109632	0.000532	1.9
835	-0.977070	9.735196	66.210826	0.000452	1.8
836	-0.976570	9.605382	66.491663	0.000365	1.8
837	-0.975784	9.485531	66.753068	0.000707	1.9
838	-0.975847	9.344985	67.062243	0.000495	1.8
839	-0.973829	10.308875	64.997632	0.000300	1.8
840	-0.975592	10.176720	65.273150	0.000443	1.8
841	-0.974474	10.046023	65.547936	0.000405	1.8
842	-0.976440	9.956667	65.737140	0.000430	1.8
843	-0.976036	9.815940	66.037341	0.000350	1.8
844	-0.976882	9.767408	66.141507	0.000698	1.8
845	-0.973380	9.626182	66.446505	0.000413	2.4
846	-0.976025	10.584247	64.430941	0.000443	3.1
847	-0.974923	10.580103	64.439395	0.000390	2.5
848	-0.977547	10.447403	64.711313	0.000326	2.6
849	-0.975912	10.307834	64.999794	0.000311	5.5
850	-0.976013	10.240252	65.140407	0.000272	3.3
851	-0.975756	10.111562	65.409855	0.000483	2.5
852	-0.974019	9.978959	65.689836	0.000741	3.6
853	-0.973662	9.870675	65.920255	0.000338	2.2
854	-0.977067	9.729071	66.224023	0.000471	1.8
855	-0.976151	9.634867	66.427667	0.000359	2.0
856	-0.977905	9.662811	66.367129	0.000330	1.9
857	-0.977526	9.546525	66.619779	0.000421	2.0
858	-0.978755	9.413710	66.910703	0.000371	1.8
859	-0.975529	9.276089	67.214849	0.000330	1.8
860	-0.974958	9.208114	67.366096	0.000839	1.8
861	-0.977033	9.071205	67.672804	0.000331	1.8
862	-0.973378	9.149341	67.497419	0.000480	2.2
863	-0.976658	9.013093	67.803832	0.000472	1.8
864	-0.975522	8.871789	68.124567	0.000410	1.8
865	-0.976433	8.734486	68.439143	0.000522	1.9
866	-0.975110	8.592979	68.766404	0.000568	1.8
867	-0.978163	8.451383	69.097018	0.000724	1.7
868	-0.977306	8.467609	69.058971	0.000395	1.8
869	-0.974595	8.326650	69.390902	0.000428	1.8
870	-0.974556	8.507427	68.965780	0.000803	1.8
871	-0.976417	8.369758	69.289053	0.000481	2.0
872	-0.977367	9.364221	67.019758	0.000592	2.0
873	-0.975069	10.357124	64.897621	0.000425	2.4
874	-0.979279	11.307400	62.988750	0.000620	3.0
875	-0.979206	11.165773	63.266091	0.000246	1.8
876	-0.975826	11.028973	63.536308	0.000407	2.2
877	-0.979372	10.897366	63.798457	0.000342	2.5
878	-0.975501	10.818765	63.956056	0.000356	1.8
879	-0.975995	10.778126	64.037845	0.000443	1.8
880	-0.975989	11.288975	63.024693	0.000394	1.8
881	-0.978466	11.283852	63.034693	0.000362	1.8
882	-0.976252	11.142693	63.311519	0.000309	1.8
883	-0.977553	11.034203	63.525936	0.000532	1.8
884	-0.973260	10.893185	63.806820	0.000842	1.8
885	-0.976040	10.751555	64.091435	0.000352	1.8
886	-0.974036	10.609937	64.378575	0.000523	1.8
887	-0.977019	10.480230	64.643834	0.000583	1.8
888	-0.977216	10.561017	64.478363	0.000366	1.8
889	-0.976994	10.469862	64.665131	0.000597	1.8
890	-0.974542	10.348070	64.916364	0.000558	1.8
891	-0.979397	11.056293	63.482160	0.000274	1.8
892	-0.976735	10.928844	63.735560	0.000483	1.8
893	-0.974768	10.817669	63.958260	0.000365	2.2
894	-0.978857	10.678328	64.239587	0.000375	3.7
895	-0.975550	10.558384	64.483743	0.000335	3.2
896	-0.976634	10.426221	64.754929	0.000497	3.3
897	-0.976198	10.499932	64.603400	0.000595	3.9
898	-0.977056	11.271653	63.058522	0.000661	2.2
899	-0.974519	11.132062	63.332466	0.000421	1.9
900	-0.977702	10.990645	63.612433	0.000340	1.8
901	-0.975973	10.849663	63.894010	0.000559	1.8
902	-0.978798	10.709711	64.176010	0.000923	1.8
903	-0.978081	10.568081	64.463935	0.000477	1.8
904	-0.977981	11.525501	62.566377	0.000385	2.8
905	-0.976267	11.399905	62.808910	0.000572	2.5
906	-0.977228	11.258329	63.084567	0.000352	1.9
907	-0.974337	11.128856	63.338786	0.000603	1.9
908	-0.979847	11.153658	63.289929	0.000350	1.8
909	-0.976013	11.017953	63.558178	0.000337	1.7
910	-0.976509	10.971362	63.650800	0.000430	1.8
911	-0.979460	10.854383	63.884545	0.000476	1.8
912	-0.977329	10.712785	64.169788	0.000498	1.8
913	-0.978961	10.754006	64.086489	0.000557	1.8
914	-0.975336	10.656725	64.283427	0.000549	1.8
915	-0.975775	10.515097	64.572315	0.000434	1.8
916	-0.975588	10.373503	64.863739	0.000434	1.9
917	-0.976914	10.237197	65.146778	0.000420	2.6
918	-0.976367	10.190606	65.244091	0.000431	3.0
919	-0.976417	10.947560	63.698220	0.000691	3.2
920	-0.976903	11.342913	62.919587	0.000324	1.8
921	-0.976785	11.201603	63.195696	0.000456	1.9
922	-0.978623	11.087600	63.420223	0.000509	1.9
923	-0.978069	10.946013	63.701305	0.000697	1.8
924	-0.975038	10.820558	63.952453	0.000405	1.8
925	-0.976440	10.702213	64.191188	0.000239	1.8
926	-0.978183	10.579772	64.440070	0.000356	1.8
927	-0.975861	10.473123	64.658431	0.000475	1.8
928	-0.979264	10.339041	64.935067	0.000318	1.8
929	-0.977472	10.207158	65.209486	0.000378	1.8
930	-0.976805	10.079331	65.477688	0.000373	1.9
931	-0.979261	10.297589	65.021070	0.000350	2.6
932	-0.976082	10.259238	65.100843	0.000370	1.9
933	-0.974595	10.119132	65.393942	0.000386	1.8
934	-0.978090	10.234490	65.152424	0.000501	1.8
935	-0.975617	10.093709	65.447411	0.000333	1.8
936	-0.974972	9.984668	65.677733	0.000454	1.8
937	-0.976503	9.851594	65.961025	0.000727	1.8
938	-0.976999	9.709974	66.265206	0.000426	1.8
939	-0.976146	9.568344	66.572226	0.000369	1.8
940	-0.977908	9.783640	66.106632	0.000340	3.0
941	-0.976850	9.643806	66.408289	0.000542	3.3
942	-0.978014	9.506742	66.706655	0.000467	2.0
943	-0.978084	9.368037	67.011337	0.000392	3.2
944	-0.974891	9.234470	67.307373	0.000511	2.0
945	-0.977622	9.097915	67.612748	0.000559	2.3
946	-0.973564	10.087202	65.461109	0.000623	1.8
947	-0.975940	10.081030	65.474109	0.000338	1.8
948	-0.975980	9.941439	65.769493	0.000604	1.8
949	-0.976837	9.801944	66.067348	0.000455	1.8
950	-0.976893	9.676418	66.337691	0.000372	1.8
951	-0.977677	9.540946	66.631948	0.000735	1.9
952	-0.976213	9.399358	66.942294	0.000383	1.8
953	-0.975645	9.367113	67.013376	0.000550	1.8
954	-0.976301	9.258216	67.254551	0.000335	1.8
955	-0.976647	9.123052	67.556326	0.000525	1.8
956	-0.978004	8.982500	67.873016	0.000362	1.8
957	-0.977237	9.227497	67.322898	0.000331	1.8
958	-0.976654	9.163486	67.465767	0.000583	1.8
959	-0.975527	9.049549	67.721573	0.000831	1.8
960	-0.978746	10.019969	65.602990	0.000430	1.8
961	-0.977172	10.419767	64.768232	0.000438	1.8
962	-0.974782	10.278696	65.060345	0.000433	1.8
963	-0.976285	10.424888	64.757677	0.000331	2.3
964	-0.976580	10.315444	64.983998	0.000436	2.7
965	-0.976227	10.275041	65.067948	0.000326	1.9
966	-0.975993	10.153334	65.322149	0.000333	2.8
967	-0.976871	10.028584	65.584776	0.000357	1.8
968	-0.973171	9.901993	65.853445	0.000780	2.1
969	-0.977442	9.760499	66.156362	0.000308	1.9
970	-0.978864	9.655985	66.381906	0.000394	2.2
971	-0.975915	9.522115	66.673058	0.000312	1.8
972	-0.978921	9.418463	66.900248	0.000305	1.8
973	-0.975483	9.283106	67.199274	0.000440	1.8
974	-0.974277	9.148956	67.498282	0.000429	2.1
975	-0.975494	9.183629	67.420745	0.000682	1.8
976	-0.977899	9.042287	67.737944	0.000432	1.9
977	-0.978503	9.212995	67.355214	0.000534	1.8
978	-0.977997	9.087546	67.636048	0.000605	1.8
979	-0.976788	10.010283	65.623481	0.000561	1.8
980	-0.976294	9.868654	65.924569	0.000602	1.8
981	-0.975978	10.859881	63.873520	0.000582	1.8
982	-0.976896	11.858930	61.931498	0.000284	3.0
983	-0.977304	11.730207	62.175065	0.000454	2.9
984	-0.976637	11.595612	62.431801	0.000455	2.6
985	-0.975202	11.648541	62.330587	0.000395	4.5
986	-0.975255	12.170092	61.350530	0.000448	2.2
987	-0.977481	12.185180	61.322637	0.000761	2.6
988	-0.975150	12.872452	60.078400	0.000695	1.9
989	-0.976002	13.872449	58.355601	0.000348	2.7
990	-0.976664	13.731351	58.592674	0.000741	2.8
991	-0.976261	13.589976	58.832152	0.000446	2.2
992	-0.976476	13.548525	58.902739	0.000472	1.8
993	-0.976729	14.363157	57.545845	0.000500	1.8
994	-0.974150	14.251521	57.728084	0.000642	1.7
995	-0.978235	15.012698	56.507922	0.000386	1.8
996	-0.976858	15.989187	55.016152	0.000523	1.8
997	-0.976955	15.890552	55.163249	0.000393	1.8
998	-0.976342	15.754949	55.366768	0.000438	1.8
999	-0.976241	15.620399	55.570196	0.000600	1.8
