1:ItNr	2:Metric	3a:Time	3b:StepSize	4:||Gradient||	Time[ms]
0	-1.192251	0.000000	1237.345699	0.004973	1433.6
1	-1.224634	0.000000	1237.345699	0.005363	7.5
2	-1.184446	1.000000	1181.102713	0.003709	8.0
3	-1.237907	0.260181	1222.203140	0.005096	7.4
4	-1.200771	1.051186	1178.361096	0.005092	7.5
5	-1.196261	0.311380	1219.266847	0.004319	10.5
6	-1.217479	0.000000	1237.345699	0.005574	11.8
7	-1.218149	1.000000	1181.102713	0.005125	14.1
8	-1.236799	0.260181	1222.203130	0.005040	10.4
9	-1.224814	1.260181	1167.297781	0.004440	7.5
10	-1.230424	2.260181	1117.113399	0.005286	10.1
11	-1.228358	3.260181	1071.066199	0.004977	7.4
12	-1.221177	4.259745	1028.682593	0.005119	10.8
13	-1.263391	3.519925	1059.720174	0.005533	13.9
14	-1.243074	4.519925	1018.194967	0.004329	13.0
15	-1.238789	5.519925	979.801384	0.004308	13.1
16	-1.243780	4.780106	1007.919030	0.005895	12.3
17	-1.209459	5.780106	970.282173	0.005138	11.0
18	-1.213971	6.779330	935.381081	0.004058	7.5
19	-1.229979	6.039511	960.973735	0.005134	12.9
20	-1.250349	5.900187	965.950897	0.005231	8.4
21	-1.261314	6.900187	931.329233	0.005423	11.7
22	-1.224780	7.900187	899.103516	0.005395	14.4
23	-1.216537	8.900187	869.033353	0.004384	10.5
24	-1.198916	8.368720	884.759682	0.005289	11.9
25	-1.214050	9.368720	855.625769	0.005377	12.9
26	-1.233559	10.368720	828.349368	0.004705	10.4
27	-1.245809	11.368720	802.758324	0.004639	8.1
28	-1.234673	10.638495	821.286201	0.004644	11.2
29	-1.201760	10.531952	824.061234	0.004431	10.0
30	-1.274864	11.531952	798.730408	0.004620	11.9
31	-1.221353	10.792133	817.317274	0.004870	13.3
32	-1.280757	11.790776	792.425882	0.006366	9.9
33	-1.235377	12.790776	768.974930	0.004446	12.1
34	-1.241649	13.790776	746.872091	0.005310	11.8
35	-1.233807	14.789949	726.021144	0.005742	12.4
36	-1.269511	15.789949	706.286919	0.005370	9.6
37	-1.242378	16.789949	687.597110	0.005315	10.0
38	-1.247862	17.789949	669.870943	0.005438	11.7
39	-1.271955	17.050130	682.895430	0.005943	13.3
40	-1.249752	18.050130	665.407769	0.005311	8.1
41	-1.282879	17.310310	678.257612	0.005376	9.0
42	-1.244034	18.310310	661.003675	0.005148	10.9
43	-1.257396	19.310310	644.605794	0.004638	12.0
44	-1.238418	18.570491	656.657496	0.005502	13.9
45	-1.278191	17.830672	669.168426	0.004426	9.3
46	-1.264753	18.828557	652.402737	0.006071	7.5
47	-1.273726	19.828557	636.423658	0.005689	9.9
48	-1.248885	20.828557	621.208606	0.005804	7.9
49	-1.248097	21.828557	606.704064	0.004991	11.1
50	-1.243318	22.828557	592.861399	0.005113	12.0
51	-1.281494	22.088740	603.040602	0.005969	15.2
52	-1.252346	23.088740	589.362720	0.005131	12.6
53	-1.199640	24.088740	576.291547	0.005025	12.1
54	-1.248479	25.088740	563.787591	0.004957	10.8
55	-1.292680	24.348922	572.985170	0.005907	7.4
56	-1.234461	25.348922	560.622743	0.004681	13.6
57	-1.312571	25.652970	556.969040	0.006191	9.0
58	-1.272836	26.652969	545.281028	0.004563	11.9
59	-1.223361	26.127774	551.357672	0.005908	13.8
60	-1.285574	25.387955	560.151011	0.004474	12.0
61	-1.260491	26.387955	548.330475	0.005856	12.0
62	-1.256420	25.648135	557.026759	0.005016	12.4
63	-1.264426	26.648135	545.336338	0.004783	11.2
64	-1.305558	25.908316	553.937165	0.004463	9.7
65	-1.219390	26.908316	542.374722	0.004948	12.1
66	-1.302720	26.168497	550.881655	0.005114	10.6
67	-1.300116	27.168497	539.445100	0.006054	14.1
68	-1.273816	28.168497	528.473744	0.004820	9.0
69	-1.299340	29.168497	517.939768	0.005675	9.6
70	-1.250514	28.467138	525.283261	0.005442	11.8
71	-1.223888	29.467138	514.874839	0.004024	12.5
72	-1.283094	28.727319	522.534900	0.005735	10.5
73	-1.267291	27.987501	530.426317	0.006018	9.2
74	-1.287581	28.987501	519.815138	0.004476	10.0
75	-1.278967	29.987501	509.620186	0.005943	11.9
76	-1.278368	30.987501	499.817441	0.005892	13.7
77	-1.252344	31.987501	490.384699	0.004153	12.6
78	-1.253189	31.307345	496.761203	0.005200	8.5
79	-1.259432	32.307219	487.443547	0.005075	12.4
80	-1.269010	31.567399	494.303694	0.005975	11.9
81	-1.267968	32.567399	485.075998	0.005093	14.1
82	-1.281855	31.831007	491.837293	0.005873	8.2
83	-1.266682	32.831007	482.700602	0.005240	10.2
84	-1.284737	33.831007	473.897178	0.005594	7.4
85	-1.312387	34.825133	465.458085	0.004551	9.9
86	-1.297738	35.825133	457.267025	0.005686	11.8
87	-1.283901	35.189043	462.443532	0.003816	10.7
88	-1.258868	36.174934	454.469433	0.006101	13.9
89	-1.292252	35.435114	460.427164	0.006058	12.8
90	-1.316189	36.435112	452.410708	0.005950	12.9
91	-1.284977	37.435112	444.668604	0.003879	9.0
92	-1.243554	36.829846	449.322650	0.004916	12.3
93	-1.308674	37.829846	441.684985	0.005159	7.5
94	-1.273175	38.829846	434.302633	0.004785	12.0
95	-1.261998	39.829846	427.163002	0.005592	10.9
96	-1.271031	40.829846	420.254316	0.004728	12.9
97	-1.283915	40.104189	425.245147	0.005534	11.9
98	-1.284436	39.364369	430.456906	0.005562	12.7
99	-1.269509	40.364369	423.442137	0.004716	12.6
100	-1.272345	41.306863	417.036881	0.005810	11.6
101	-1.264415	42.306431	410.452136	0.004705	11.5
102	-1.266079	41.949889	412.776898	0.005406	11.7
103	-1.292415	42.949889	406.322205	0.004618	13.0
104	-1.243280	42.210069	411.077855	0.004776	10.9
105	-1.331970	41.470925	415.941653	0.005093	10.7
106	-1.261345	40.788140	420.537985	0.006315	11.9
107	-1.271299	41.788140	413.840255	0.005240	12.0
108	-1.247741	42.788140	407.352524	0.004872	13.0
109	-1.310187	42.048320	412.132465	0.006191	9.9
110	-1.329091	42.707473	407.868317	0.005649	11.7
111	-1.285557	43.707473	401.565052	0.004884	11.8
112	-1.272160	42.997746	406.018356	0.004755	13.7
113	-1.245363	42.257927	410.766855	0.004147	9.9
114	-1.294195	43.257927	404.374387	0.005752	8.7
115	-1.275584	44.257927	398.177831	0.005148	11.8
116	-1.328742	45.257926	392.168320	0.005163	11.7
117	-1.263357	44.518107	396.596618	0.004436	13.3
118	-1.254993	44.131405	398.951315	0.004869	7.4
119	-1.270717	43.567453	402.435876	0.006146	12.4
120	-1.295909	42.827634	407.100467	0.006079	8.2
121	-1.286975	43.827634	400.820730	0.005005	10.4
122	-1.275882	44.827634	394.731787	0.004789	11.9
123	-1.284841	44.087815	399.218497	0.004918	14.4
124	-1.251911	43.425358	403.323480	0.004861	11.8
125	-1.283583	44.425358	397.158845	0.005007	13.3
126	-1.289337	45.425344	391.179905	0.004880	12.3
127	-1.274443	44.685525	395.585783	0.005242	7.4
128	-1.254174	45.685525	389.653674	0.004839	12.6
129	-1.274009	46.685481	383.897099	0.005510	7.7
130	-1.288957	47.685481	378.307896	0.005663	11.7
131	-1.262215	48.685481	372.879105	0.005300	12.3
132	-1.267880	49.685481	367.603919	0.004423	11.7
133	-1.266114	48.946153	371.489474	0.005429	12.2
134	-1.241843	49.946153	366.253256	0.005182	12.8
135	-1.260474	50.946153	361.162598	0.005366	14.6
136	-1.287975	50.206334	364.915004	0.004389	9.1
137	-1.296282	51.206301	359.861387	0.005511	12.6
138	-1.282931	52.206301	354.945671	0.004062	11.7
139	-1.309058	53.206297	350.162464	0.004841	13.0
140	-1.274541	54.206297	345.506439	0.005194	7.9
141	-1.263185	55.206297	340.972608	0.004792	10.4
142	-1.311410	55.710698	338.730587	0.006155	11.9
143	-1.292669	56.138475	336.852132	0.005050	11.9
144	-1.260651	55.399594	340.109920	0.005882	13.2
145	-1.318795	56.399594	335.715712	0.005281	9.5
146	-1.344002	55.660184	338.953787	0.006131	10.3
147	-1.319059	56.660184	334.589211	0.005521	11.8
148	-1.312943	55.936691	337.735604	0.005299	12.5
149	-1.265202	56.936691	333.402143	0.005615	11.2
150	-1.301315	57.936691	329.178478	0.004290	7.5
151	-1.296311	58.936691	325.060488	0.004990	13.2
152	-1.300473	58.196871	328.097048	0.006301	7.6
153	-1.273778	57.457054	331.190866	0.005254	11.7
154	-1.266164	58.457054	327.022692	0.004600	7.8
155	-1.279253	59.457054	322.958129	0.005070	7.6
156	-1.279844	58.717235	325.955356	0.005115	14.7
157	-1.287055	57.977416	329.008736	0.005265	12.8
158	-1.305781	58.977416	324.894965	0.006502	12.6
159	-1.288900	58.238040	327.926584	0.005903	13.4
160	-1.291759	59.238040	323.839663	0.005199	14.2
161	-1.325655	60.238026	319.853410	0.005785	12.1
162	-1.304567	59.963090	320.939574	0.006374	12.8
163	-1.314947	60.963090	317.023914	0.005005	10.5
164	-1.253274	61.963090	313.202650	0.004218	13.2
165	-1.292776	61.223271	316.020749	0.004928	11.9
166	-1.279308	62.222593	312.226028	0.005792	15.2
167	-1.289593	63.222593	308.518875	0.004977	9.7
168	-1.286755	64.222593	304.898721	0.004681	14.7
169	-1.298272	63.482774	307.568733	0.004858	13.2
170	-1.254454	62.743255	310.284806	0.005268	16.3
171	-1.283946	63.743183	306.623600	0.004528	12.5
172	-1.293230	63.003363	309.324039	0.004900	14.5
173	-1.302116	64.003363	305.685077	0.004812	14.8
174	-1.288876	65.003350	302.130784	0.005904	13.1
175	-1.307261	64.362650	304.398466	0.005270	12.2
176	-1.286941	63.622831	307.059685	0.004411	14.4
177	-1.283958	64.359757	304.408783	0.004667	13.7
178	-1.298279	63.619943	307.070164	0.005624	15.1
179	-1.303894	64.619875	303.483971	0.005005	13.4
180	-1.297469	63.880056	306.129154	0.006424	9.3
181	-1.323332	64.880056	302.564541	0.004635	9.2
182	-1.265155	65.877487	299.090831	0.005392	14.9
183	-1.311319	66.697678	296.293586	0.005590	15.9
184	-1.281168	67.697678	292.953098	0.004933	10.2
185	-1.311848	68.697678	289.687092	0.004964	13.4
186	-1.299735	67.957859	292.096279	0.005060	14.0
187	-1.299107	67.218040	294.545874	0.004955	8.3
188	-1.301509	68.218040	291.244458	0.004844	11.4
189	-1.294938	69.218040	288.016229	0.005955	8.9
190	-1.264034	70.217782	284.859588	0.005256	11.8
191	-1.303861	71.217782	281.770601	0.005122	13.8
192	-1.267603	72.217782	278.747888	0.005164	12.0
193	-1.310991	73.217782	275.789339	0.004795	11.8
194	-1.289701	74.217782	272.892933	0.006195	13.5
195	-1.326411	75.217782	270.056732	0.005990	9.8
196	-1.319340	76.161399	267.433981	0.005879	11.6
197	-1.328208	77.161399	264.709550	0.005188	9.2
198	-1.272902	78.161395	262.040079	0.004845	11.7
199	-1.321347	77.421652	264.009586	0.005549	16.1
200	-1.336292	76.681833	266.009133	0.005776	9.7
201	-1.314369	77.681833	263.313509	0.005625	12.7
202	-1.331109	78.070230	262.281210	0.004960	11.9
203	-1.291258	79.070230	259.660238	0.004082	12.6
204	-1.261257	80.070206	257.091191	0.005745	7.6
205	-1.305599	79.330388	258.986934	0.005084	10.4
206	-1.315220	80.314513	256.471249	0.004911	10.8
207	-1.319027	81.314513	253.964554	0.006153	11.8
208	-1.304463	82.314513	251.506385	0.004490	13.6
209	-1.314438	83.276717	249.185632	0.004905	9.6
210	-1.321097	84.276716	246.818677	0.006101	10.9
211	-1.302319	84.159615	247.093523	0.005739	11.8
212	-1.286032	85.159615	244.765957	0.004836	13.8
213	-1.288003	86.159615	242.481832	0.004893	9.2
214	-1.286157	87.159615	240.239943	0.005743	8.3
215	-1.290454	88.159615	238.039130	0.005387	12.0
216	-1.273307	89.159615	235.878273	0.004800	12.2
217	-1.303866	90.159615	233.756295	0.005184	12.8
218	-1.276169	91.016726	231.967677	0.005708	9.8
219	-1.318058	92.016726	229.915169	0.004838	10.6
220	-1.318081	93.016726	227.898665	0.004829	7.5
221	-1.288467	94.016726	225.917226	0.004314	8.2
222	-1.316745	93.376956	227.180899	0.005976	11.6
223	-1.300616	92.637144	228.659915	0.006057	13.6
224	-1.317084	93.637144	226.665275	0.006216	12.5
225	-1.309515	92.897325	228.137577	0.004763	12.3
226	-1.323400	92.162469	229.619059	0.004726	14.0
227	-1.299858	91.430273	231.114441	0.006118	7.4
228	-1.310116	92.430273	229.076939	0.006569	9.7
229	-1.323858	93.430273	227.075048	0.004702	11.3
230	-1.281634	94.430273	225.107843	0.004536	12.7
231	-1.323921	93.690454	226.559917	0.004523	11.9
232	-1.329849	93.032421	227.867299	0.005891	12.8
233	-1.280491	94.032421	225.886402	0.004562	13.0
234	-1.316423	93.292602	227.348571	0.003993	11.7
235	-1.288584	92.552834	228.829690	0.004362	13.6
236	-1.284614	91.813599	230.329145	0.005391	7.5
237	-1.330512	91.073779	231.849589	0.006089	12.4
238	-1.280255	92.073779	229.799162	0.005381	7.7
239	-1.281667	93.073779	227.784683	0.004987	11.6
240	-1.285023	92.355743	229.227553	0.006453	13.0
241	-1.326078	93.355743	227.223040	0.005351	12.8
242	-1.280374	94.355743	225.253281	0.005812	12.6
243	-1.313107	95.350365	223.327703	0.005082	11.9
244	-1.268120	96.350365	221.424618	0.005083	13.7
245	-1.311603	95.610546	222.829415	0.005216	9.4
246	-1.328147	94.870730	224.252145	0.004885	10.5
247	-1.282766	94.130911	225.693166	0.005459	11.9
248	-1.311509	95.130911	223.749728	0.004149	12.6
249	-1.261540	94.391093	225.184275	0.005081	13.0
250	-1.306647	95.391093	223.249554	0.005222	8.3
251	-1.328410	94.651274	224.677677	0.004702	12.2
252	-1.341966	95.651274	222.751615	0.004466	12.1
253	-1.296509	96.651274	220.858294	0.005390	13.7
254	-1.264593	97.651274	218.996887	0.004367	9.6
255	-1.300936	98.605934	217.248917	0.004855	10.6
256	-1.313982	97.866115	218.601068	0.006044	8.2
257	-1.291221	98.865649	216.778200	0.003944	8.5
258	-1.320425	99.865649	214.984653	0.005325	11.6
259	-1.306822	100.865649	213.220542	0.004499	13.8
260	-1.311935	101.865649	211.485146	0.006481	13.8
261	-1.299557	102.865649	209.777771	0.004704	11.7
262	-1.271562	102.125829	211.038251	0.005334	13.3
263	-1.301935	103.125829	209.338055	0.005800	7.4
264	-1.317020	104.125829	207.665035	0.005815	10.6
265	-1.291789	103.386010	208.900178	0.006417	9.6
266	-1.293719	102.646793	210.149078	0.004796	10.0
267	-1.302762	103.646793	208.463122	0.005222	12.0
268	-1.328687	104.646793	206.804002	0.005663	13.7
269	-1.294756	105.646793	205.171083	0.005195	13.4
270	-1.294131	106.646793	203.563748	0.004983	11.7
271	-1.264178	107.638914	201.993773	0.004155	13.9
272	-1.303066	107.348563	202.450726	0.004513	7.8
273	-1.324925	108.348120	200.886258	0.005119	12.1
274	-1.300172	109.325893	199.379103	0.005353	7.9
275	-1.269174	108.586074	200.517377	0.004592	11.7
276	-1.296925	107.846255	201.668723	0.006018	12.6
277	-1.309467	108.846255	200.115589	0.004962	12.7
278	-1.287391	109.846255	198.586194	0.005158	12.2
279	-1.320657	110.846255	197.079999	0.005094	10.6
280	-1.331558	110.108044	198.189667	0.006058	15.3
281	-1.321992	111.108044	196.689458	0.004931	9.9
282	-1.304145	110.368225	197.797144	0.005109	9.1
283	-1.315396	111.367607	196.303765	0.005661	12.4
284	-1.350850	110.834913	197.096954	0.005717	12.3
285	-1.317584	111.834913	195.613180	0.004910	12.1
286	-1.353732	112.834913	194.151579	0.005813	8.6
287	-1.292593	113.834777	192.711853	0.005750	10.5
288	-1.299983	114.834777	191.293131	0.005429	7.4
289	-1.297023	115.834777	189.895145	0.005251	8.3
290	-1.312993	116.834777	188.517443	0.005259	11.7
291	-1.330244	116.094957	189.534759	0.005758	12.4
292	-1.296230	115.355138	190.563114	0.004838	14.7
293	-1.330230	114.685051	191.504218	0.006058	11.9
294	-1.280152	113.945232	192.554115	0.005251	14.4
295	-1.337149	114.945232	191.137705	0.005531	7.7
296	-1.320674	115.945232	189.741982	0.004976	11.4
297	-1.276596	115.205413	190.772592	0.004517	9.3
298	-1.302513	114.468905	191.809772	0.005301	11.3
299	-1.302615	115.468692	190.404549	0.004813	12.2
300	-1.327392	116.466390	189.022638	0.004956	13.6
301	-1.291254	115.727620	190.043970	0.004933	12.9
302	-1.281428	116.527372	188.938823	0.004273	11.8
303	-1.306364	117.527372	187.574913	0.005156	14.8
304	-1.299132	118.518927	186.241826	0.005118	9.2
305	-1.281872	119.518927	184.916440	0.004904	11.3
306	-1.317133	120.518927	183.609785	0.005168	12.0
307	-1.310219	121.210497	182.716890	0.005090	13.1
308	-1.297458	120.490141	183.647140	0.005619	10.7
309	-1.315659	121.490141	182.358299	0.005330	10.4
310	-1.346969	122.490127	181.087439	0.004995	7.8
311	-1.309971	121.750308	182.025945	0.005015	7.5
312	-1.310708	122.750152	180.759876	0.004698	11.1
313	-1.308366	123.745801	179.516501	0.005476	7.7
314	-1.297761	123.010202	180.433464	0.005292	8.5
315	-1.308895	124.010202	179.189183	0.004875	12.6
316	-1.311190	123.270383	180.108066	0.005168	13.5
317	-1.292270	124.270383	178.868254	0.005521	10.4
318	-1.288719	125.270383	177.645393	0.006388	7.7
319	-1.331693	124.530564	178.548471	0.005517	7.7
320	-1.322147	123.790744	179.460778	0.004534	10.6
321	-1.313908	123.050925	180.382456	0.005333	9.2
322	-1.307667	122.311269	181.313443	0.005684	14.2
323	-1.293456	123.311269	180.057038	0.006688	11.7
324	-1.307658	122.571450	180.984866	0.005151	10.2
325	-1.320561	123.571450	179.732995	0.005936	9.5
326	-1.327453	124.571450	178.498323	0.005804	14.8
327	-1.311039	124.298726	178.833362	0.004955	7.4
328	-1.303180	125.298726	177.610977	0.005367	10.5
329	-1.296747	126.298726	176.405190	0.004637	8.1
330	-1.316649	125.558907	177.295671	0.006020	10.0
331	-1.300100	124.819087	178.195188	0.005003	12.4
332	-1.263244	124.165552	178.997423	0.005585	14.9
333	-1.318890	123.425733	179.914335	0.004149	9.9
334	-1.286587	124.425733	178.677179	0.004901	14.2
335	-1.280537	123.685913	179.590805	0.005025	13.0
336	-1.285699	124.685913	178.358079	0.005583	7.5
337	-1.318792	125.685913	177.142161	0.004306	10.5
338	-1.348811	126.685913	175.942709	0.005132	7.7
339	-1.294948	127.685913	174.759392	0.005267	9.7
340	-1.346123	127.307374	175.205446	0.004719	10.7
341	-1.306485	128.307374	174.031992	0.005104	15.0
342	-1.319664	127.571552	174.893910	0.005450	11.8
343	-1.303676	128.571300	173.724903	0.005893	17.5
344	-1.290045	129.571300	172.571132	0.004701	13.6
345	-1.256566	130.571300	171.432584	0.005770	14.4
346	-1.303830	131.571300	170.308961	0.004428	8.8
347	-1.285881	130.831481	171.138815	0.006191	10.7
348	-1.343362	130.151582	171.908618	0.005207	11.9
349	-1.317380	131.151582	170.778767	0.005971	13.3
350	-1.290736	132.151582	169.663671	0.004952	7.4
351	-1.315478	131.411764	170.487232	0.004565	9.8
352	-1.274399	130.671966	171.318803	0.006321	9.5
353	-1.306528	131.671966	170.196667	0.004089	11.6
354	-1.301413	130.947670	171.007950	0.005922	13.5
355	-1.286272	130.208224	171.844223	0.005840	8.2
356	-1.302929	131.207644	170.715866	0.005651	8.7
357	-1.296871	132.207644	169.601588	0.005052	12.0
358	-1.321436	133.207571	168.501841	0.004474	9.7
359	-1.306797	134.207571	167.416187	0.005425	13.9
360	-1.322204	135.207571	166.344432	0.005230	10.1
361	-1.311364	136.189091	165.305744	0.004878	9.2
362	-1.344051	135.449272	166.087444	0.004851	12.0
363	-1.282692	136.449272	165.032580	0.004554	12.1
364	-1.288186	135.709453	165.811693	0.005482	10.6
365	-1.285388	134.983461	166.583428	0.004161	7.9
366	-1.327174	134.245103	167.375713	0.005368	11.3
367	-1.319278	135.245103	166.304475	0.005773	7.6
368	-1.309720	134.505283	167.095671	0.005339	8.4
369	-1.277842	133.765911	167.893947	0.004820	11.7
370	-1.306827	133.026092	168.700377	0.005303	13.8
371	-1.327569	134.026067	167.612197	0.007564	11.1
372	-1.297666	134.962074	166.606272	0.005415	13.3
373	-1.307821	135.962074	165.544829	0.005300	13.8
374	-1.281570	136.957198	164.501903	0.005967	8.6
375	-1.309885	136.217379	165.276001	0.005167	10.7
376	-1.337438	137.217379	164.231388	0.006405	7.5
377	-1.303524	138.217379	163.199896	0.004554	8.6
378	-1.292141	137.477559	163.961761	0.005206	11.6
379	-1.305924	138.408299	163.004435	0.004325	14.2
380	-1.334730	139.408299	161.988250	0.005528	9.2
381	-1.310681	140.408299	160.984657	0.004207	13.5
382	-1.294427	139.703709	161.690478	0.004904	12.1
383	-1.335909	140.608011	160.785716	0.004469	12.2
384	-1.286320	141.608011	159.796923	0.005428	8.8
385	-1.307746	140.868215	160.527252	0.004716	9.6
386	-1.296816	140.264959	161.127748	0.005307	9.9
387	-1.285814	141.264645	160.135066	0.005071	11.8
388	-1.348047	140.524826	160.868520	0.005274	13.2
389	-1.312779	139.785007	161.608724	0.004468	8.6
390	-1.318545	139.045200	162.355758	0.004776	13.9
391	-1.293107	138.305383	163.109741	0.004876	12.5
392	-1.319148	139.305383	162.092247	0.005139	12.0
393	-1.325972	140.305383	161.087369	0.006282	7.6
394	-1.348657	139.565563	161.829592	0.005206	12.0
395	-1.324312	138.825744	162.578687	0.006063	11.9
396	-1.305623	139.825743	161.567789	0.005489	12.2
397	-1.310484	140.825743	160.569383	0.005800	11.4
398	-1.380391	141.825743	159.583240	0.005762	9.7
399	-1.347407	141.085941	160.311620	0.005934	12.8
400	-1.322174	140.346121	161.046696	0.004836	11.9
401	-1.358943	139.606302	161.788543	0.005681	11.8
402	-1.310664	138.931594	162.471086	0.005702	7.5
403	-1.302276	139.931594	161.461520	0.005454	12.7
404	-1.304214	140.928130	160.467855	0.005057	7.5
405	-1.308056	141.928130	159.482956	0.005066	7.9
406	-1.310554	142.928127	158.510075	0.005494	11.8
407	-1.315101	142.188308	159.228685	0.005101	14.0
408	-1.358733	143.188308	158.258892	0.006067	14.0
409	-1.344637	144.188206	157.300938	0.005029	12.9
410	-1.319040	143.448386	158.008602	0.004081	14.1
411	-1.263064	144.448374	157.053582	0.004407	9.5
412	-1.298941	143.753058	157.716403	0.004987	10.5
413	-1.330143	143.013278	158.427781	0.005195	7.5
414	-1.329955	142.273459	159.145644	0.005466	10.1
415	-1.310475	143.273458	158.176860	0.005213	9.5
416	-1.322311	142.991102	158.449204	0.004932	9.2
417	-1.295356	143.991102	157.488854	0.005176	15.3
418	-1.308706	143.269111	158.181046	0.006433	7.6
419	-1.345019	144.269111	157.223934	0.005072	9.1
420	-1.343192	143.658507	157.806968	0.005856	9.0
421	-1.358209	144.658506	156.854364	0.005456	9.5
422	-1.321546	145.658506	155.913192	0.005527	12.4
423	-1.328356	144.932108	156.595731	0.004518	10.2
424	-1.309151	144.192289	157.297050	0.006156	13.6
425	-1.340854	145.192289	156.350574	0.005008	10.4
426	-1.327056	146.192289	155.415420	0.005358	11.8
427	-1.307954	145.452469	156.106183	0.005377	9.4
428	-1.298556	146.397034	155.225329	0.005322	8.3
429	-1.314458	145.657215	155.914400	0.006271	9.1
430	-1.311983	146.657215	154.984441	0.005971	9.9
431	-1.284120	147.657215	154.065509	0.005027	11.4
432	-1.321580	147.678470	154.046095	0.005375	8.6
433	-1.336288	148.678470	153.138225	0.004808	14.3
434	-1.331617	147.938651	153.808850	0.004829	10.7
435	-1.312711	148.938651	152.903766	0.005363	7.5
436	-1.295442	148.198832	153.572335	0.005449	8.8
437	-1.332011	147.459013	154.246777	0.004845	7.6
438	-1.315786	146.719193	154.927168	0.005294	8.0
439	-1.308074	147.719193	154.008914	0.005642	9.1
440	-1.308694	146.979374	154.687204	0.004430	7.7
441	-1.333085	147.973369	153.777248	0.004808	7.4
442	-1.362979	148.973369	152.872534	0.005065	14.0
443	-1.350672	148.233575	153.540807	0.005328	12.3
444	-1.295286	149.233575	152.638865	0.004388	18.7
445	-1.287861	148.493756	153.305115	0.005290	12.6
446	-1.309368	147.753937	153.977206	0.005097	15.0
447	-1.313221	148.753937	153.070145	0.005781	14.1
448	-1.327519	149.753643	152.173970	0.005178	10.3
449	-1.300416	150.753643	151.287968	0.004601	11.8
450	-1.355870	150.013824	151.942451	0.006292	12.5
451	-1.337343	151.013824	151.059136	0.005145	10.0
452	-1.295232	150.393226	151.606106	0.004685	12.6
453	-1.316880	149.788696	152.142737	0.004514	11.9
454	-1.287585	149.967839	151.983320	0.004566	12.9
455	-1.338484	150.967839	151.099530	0.005501	7.5
456	-1.307049	150.228678	151.751798	0.006126	12.2
457	-1.307388	149.488859	152.410309	0.006087	7.4
458	-1.273897	150.475724	151.533168	0.006419	8.1
459	-1.284553	151.473111	150.656873	0.004234	11.6
460	-1.316249	150.733292	151.305896	0.005497	12.6
461	-1.305815	151.733292	150.429945	0.005589	13.8
462	-1.329176	152.733292	149.564078	0.005696	13.3
463	-1.345937	153.733292	148.708122	0.005382	13.5
464	-1.320616	152.993473	149.340428	0.004749	11.2
465	-1.311979	153.993473	148.487022	0.005081	10.5
466	-1.286493	154.993473	147.643315	0.004591	7.3
467	-1.293207	154.264212	148.257647	0.004062	8.2
468	-1.328576	153.524504	148.886025	0.004068	11.8
469	-1.328359	154.044121	148.444058	0.004874	9.8
470	-1.337138	153.307509	149.071373	0.004706	16.7
471	-1.319412	154.307509	148.221030	0.004618	12.9
472	-1.301685	153.567690	148.849192	0.005619	9.7
473	-1.349473	154.567690	148.001376	0.004658	13.7
474	-1.318420	155.530210	147.194407	0.004453	9.6
475	-1.350599	154.790391	147.813879	0.005744	9.8
476	-1.310789	154.050572	148.438588	0.005287	11.7
477	-1.310723	153.310753	149.068599	0.005411	12.5
478	-1.323640	154.310753	148.218288	0.005707	10.3
479	-1.321540	155.310753	147.377623	0.004851	11.0
480	-1.270789	156.308624	146.548200	0.004660	8.4
481	-1.332331	155.568806	147.162233	0.005182	9.8
482	-1.308885	156.568806	146.333471	0.005711	9.9
483	-1.307965	155.828986	146.945703	0.005234	13.9
484	-1.341157	156.828986	146.119371	0.005621	10.9
485	-1.321600	157.828986	145.302281	0.005633	10.0
486	-1.353071	157.089167	145.905897	0.005604	12.0
487	-1.308940	158.089167	145.091186	0.005161	7.9
488	-1.341664	159.089167	144.285523	0.005138	15.2
489	-1.331194	158.365555	144.867612	0.004896	11.7
490	-1.319734	159.365555	144.064423	0.005494	8.8
491	-1.305810	160.365555	143.270091	0.005394	9.9
492	-1.293174	161.365555	142.484471	0.005831	7.5
493	-1.304424	162.365555	141.707420	0.005165	12.8
494	-1.329444	161.625736	142.281478	0.004038	13.7
495	-1.313328	160.885917	142.860207	0.006937	10.6
496	-1.297597	160.146097	143.443663	0.004600	13.2
497	-1.318545	161.146027	142.656198	0.006814	10.9
498	-1.307999	162.146027	141.877277	0.004988	13.9
499	-1.309882	163.146027	141.106817	0.005715	11.9
500	-1.309860	164.146027	140.344679	0.004185	11.1
501	-1.322222	165.146027	139.590729	0.005938	10.1
502	-1.325459	164.470374	140.099247	0.004846	10.1
503	-1.342974	165.470374	139.347925	0.005846	9.5
504	-1.319886	166.470374	138.604618	0.006217	8.2
505	-1.326437	167.470374	137.869200	0.005349	11.7
506	-1.320778	166.747653	138.399917	0.005658	13.4
507	-1.320502	167.747653	137.666664	0.004870	14.9
508	-1.309645	167.007834	138.208388	0.005139	12.0
509	-1.326496	166.268015	138.754393	0.005015	12.9
510	-1.347548	167.268015	138.017388	0.004438	7.9
511	-1.368395	168.268015	137.288172	0.005171	10.5
512	-1.348042	169.268013	136.566621	0.007025	8.0
513	-1.314818	168.528194	137.099706	0.004591	9.9
514	-1.317676	169.528194	136.380129	0.005192	11.9
515	-1.345036	170.528194	135.668066	0.004384	13.4
516	-1.337536	171.514852	134.972754	0.005685	14.4
517	-1.350858	170.775032	135.493444	0.005307	12.1
518	-1.296534	170.042964	136.012650	0.004493	12.8
519	-1.354994	171.042964	135.304409	0.005500	7.5
520	-1.326997	170.303145	135.827666	0.005469	12.7
521	-1.337275	169.563327	136.354985	0.007116	7.6
522	-1.324185	168.823508	136.886416	0.004944	11.5
523	-1.341359	169.823508	136.169070	0.004867	13.3
524	-1.311564	169.083689	136.699050	0.004881	8.7
525	-1.357016	170.061384	135.999537	0.004898	11.8
526	-1.300859	171.061375	135.291438	0.005188	11.3
527	-1.321750	171.965058	134.657849	0.004594	13.0
528	-1.313070	171.225364	135.176020	0.005247	7.7
529	-1.334188	171.045602	135.302550	0.004615	10.4
530	-1.325447	170.306653	135.825176	0.004213	10.2
531	-1.375580	169.865079	136.139412	0.005236	12.0
532	-1.342423	170.862889	135.431400	0.006315	13.7
533	-1.329935	171.862889	134.729184	0.005626	9.4
534	-1.298861	172.862889	134.034213	0.005064	10.3
535	-1.305400	172.123069	134.547673	0.004979	11.9
536	-1.287022	173.123069	133.854568	0.005719	12.8
537	-1.361402	172.383250	134.366651	0.007227	9.5
538	-1.286467	173.383250	133.675405	0.006194	9.2
539	-1.344777	174.383250	132.991235	0.004228	9.8
540	-1.309809	175.383250	132.314032	0.004812	11.8
541	-1.341782	174.643431	132.814373	0.005276	14.2
542	-1.324715	175.643431	132.138966	0.004373	7.8
543	-1.331084	174.903612	132.637982	0.005974	9.3
544	-1.344007	174.163792	133.140781	0.005073	10.6
545	-1.328798	175.163792	132.462058	0.004677	8.5
546	-1.372746	176.163792	131.790220	0.006190	10.0
547	-1.317303	177.163792	131.125163	0.004451	12.0
548	-1.287839	176.423989	131.616526	0.004873	12.6
549	-1.316808	175.684290	132.111516	0.004898	14.5
550	-1.321421	176.684290	131.443220	0.005587	12.0
551	-1.334251	177.684290	130.781652	0.005558	13.3
552	-1.305925	178.670685	130.135576	0.004792	7.5
553	-1.322333	179.670685	129.487073	0.004856	12.8
554	-1.312849	178.935365	129.963299	0.004717	7.5
555	-1.334104	179.935365	129.316508	0.005475	11.8
556	-1.338244	180.935365	128.676122	0.004610	13.5
557	-1.334909	181.922578	128.050116	0.006108	11.2
558	-1.306086	182.922578	127.422181	0.005288	13.3
559	-1.325848	182.214758	127.866007	0.004662	12.3
560	-1.324124	183.214675	127.239923	0.006082	12.1
561	-1.342297	182.474872	127.702548	0.005408	7.7
562	-1.318927	183.474870	127.078010	0.007468	12.8
563	-1.317471	182.736343	127.538658	0.004384	10.1
564	-1.327893	182.669126	127.580749	0.005366	9.4
565	-1.294152	181.996719	128.003348	0.005066	7.5
566	-1.336707	182.996719	127.375871	0.004810	10.3
567	-1.357304	182.270075	127.831210	0.005434	14.3
568	-1.338265	183.270075	127.205415	0.004928	12.8
569	-1.308382	184.270075	126.585717	0.004853	12.8
570	-1.333827	185.270075	125.972028	0.005345	13.2
571	-1.330539	184.530256	126.425472	0.005222	10.1
572	-1.324735	185.530256	125.813332	0.007104	10.7
573	-1.324616	186.530253	125.207093	0.005919	12.3
574	-1.364205	187.530253	124.606666	0.004306	11.7
575	-1.332332	186.790434	125.050317	0.004485	10.0
576	-1.330529	186.050615	125.497139	0.004222	11.9
577	-1.316476	185.310795	125.947165	0.005246	12.1
578	-1.361829	184.570976	126.400429	0.006314	13.1
579	-1.304708	185.140870	126.050985	0.004766	9.6
580	-1.337493	184.401051	126.504999	0.004506	10.3
581	-1.307906	185.401051	125.892090	0.004669	11.7
582	-1.310711	186.397373	125.287314	0.006122	13.8
583	-1.306552	187.397373	124.686119	0.005441	9.2
584	-1.309582	188.397373	124.090667	0.005034	8.5
585	-1.311129	189.397373	123.500875	0.004675	11.1
586	-1.341240	190.397370	122.916665	0.005470	7.4
587	-1.325545	191.376420	122.350022	0.004438	10.5
588	-1.291272	190.636601	122.777722	0.004836	11.8
589	-1.296654	191.636600	122.200316	0.005443	14.3
590	-1.349449	192.636600	121.628315	0.005172	12.5
591	-1.322023	193.636600	121.061644	0.005569	10.5
592	-1.323480	192.896781	121.480368	0.005807	13.5
593	-1.328934	193.896781	120.915072	0.004772	7.5
594	-1.329669	194.896781	120.355012	0.005026	12.7
595	-1.326425	194.157303	120.768662	0.005137	7.4
596	-1.387937	193.417484	121.185359	0.005461	11.9
597	-1.371111	194.417484	120.622798	0.005234	12.3
598	-1.330037	193.677665	121.038487	0.005369	13.6
599	-1.319214	194.677665	120.477286	0.005289	12.6
600	-1.317208	195.677665	119.921265	0.004772	12.2
601	-1.352213	194.937845	120.332124	0.005367	10.9
602	-1.306814	195.937312	119.777734	0.004961	7.5
603	-1.319446	196.937312	119.228137	0.005229	12.5
604	-1.294991	197.937312	118.683561	0.004797	9.1
605	-1.333506	198.937312	118.143936	0.005815	11.8
606	-1.346268	198.197492	118.542687	0.005180	13.4
607	-1.299571	199.197492	118.004340	0.004521	10.9
608	-1.368050	200.197492	117.470860	0.005113	12.0
609	-1.348461	201.197491	116.942183	0.006756	11.8
610	-1.310210	200.457683	117.332843	0.005052	12.6
611	-1.334465	201.457683	116.805404	0.005313	9.0
612	-1.314796	200.717864	117.195156	0.004902	11.1
613	-1.325756	201.717859	116.668954	0.005011	11.7
614	-1.359091	200.978040	117.057794	0.005092	13.3
615	-1.329843	200.238225	117.449232	0.005746	7.7
616	-1.324353	201.238225	116.920749	0.006394	10.1
617	-1.321712	202.238225	116.397000	0.004850	10.2
618	-1.314343	201.498406	116.784026	0.005170	11.8
619	-1.360976	202.498406	116.261499	0.005833	12.5
620	-1.334771	201.758587	116.647623	0.005232	11.9
621	-1.289970	202.758552	116.126331	0.005008	10.4
622	-1.321351	203.758542	115.609665	0.004727	11.8
623	-1.309481	203.018724	115.991464	0.004858	12.5
624	-1.306956	202.278905	116.375793	0.005851	11.9
625	-1.342588	203.278905	115.856904	0.005047	9.1
626	-1.317316	202.539086	116.240342	0.004717	12.5
627	-1.314963	203.539086	115.722657	0.004208	11.7
628	-1.303062	204.537444	115.210402	0.004835	7.6
629	-1.315213	205.537444	114.701831	0.004948	7.6
630	-1.377263	206.429283	114.252041	0.005346	12.0
631	-1.326216	205.689464	114.624911	0.005238	9.6
632	-1.335723	204.949645	115.000224	0.006072	7.9
633	-1.369898	205.915480	114.510740	0.005516	9.3
634	-1.320425	205.175662	114.885304	0.004460	7.7
635	-1.329559	204.435860	115.262317	0.005664	11.6
636	-1.295082	205.435860	114.753289	0.004273	15.2
637	-1.326953	206.435860	114.248736	0.006410	13.3
638	-1.356247	205.696041	114.621586	0.004543	11.9
639	-1.335134	205.107107	114.920137	0.004885	12.7
640	-1.335064	204.367288	115.297388	0.005710	13.4
641	-1.304138	203.627469	115.677125	0.005524	9.9
642	-1.320477	202.887649	116.059371	0.004754	8.2
643	-1.321137	203.887649	115.543294	0.004841	7.8
644	-1.354816	204.887649	115.031786	0.004951	7.6
645	-1.318331	205.886837	114.525197	0.004911	7.9
646	-1.339946	206.886837	114.022644	0.005826	15.7
647	-1.322499	207.542310	113.695620	0.004791	12.3
648	-1.318719	208.542219	113.200351	0.006411	10.6
649	-1.303637	209.542136	112.709374	0.004167	7.9
650	-1.291216	208.802319	113.072226	0.004984	14.9
651	-1.351174	209.217857	112.868133	0.006110	12.7
652	-1.347774	210.217857	112.379987	0.005330	11.8
653	-1.324851	211.217842	111.896052	0.005159	11.7
654	-1.309252	212.217842	111.416260	0.004898	11.6
655	-1.326161	211.478023	111.770822	0.004986	14.3
656	-1.350268	212.475204	111.293444	0.005127	12.4
657	-1.339691	212.838433	111.120569	0.005663	8.0
658	-1.352091	212.098613	111.473249	0.004926	9.2
659	-1.339338	213.053591	111.018419	0.006128	13.3
660	-1.310291	214.046639	110.549378	0.004645	10.6
661	-1.309483	215.046480	110.081115	0.005139	7.9
662	-1.282522	215.969659	109.652265	0.005215	7.7
663	-1.329205	215.229839	109.995671	0.004827	7.7
664	-1.328573	216.221758	109.535735	0.004964	9.8
665	-1.330370	215.481939	109.878411	0.005695	10.0
666	-1.345453	214.742120	110.223238	0.005694	15.1
667	-1.278498	215.742120	109.757654	0.005304	13.2
668	-1.337370	215.002300	110.101722	0.005912	11.5
669	-1.327914	214.262481	110.447954	0.004938	13.9
670	-1.315011	215.262481	109.980474	0.005226	12.6
671	-1.322714	216.262481	109.516935	0.004970	14.9
672	-1.322192	217.262481	109.057287	0.005272	14.8
673	-1.350953	218.260754	108.602264	0.005154	11.9
674	-1.341904	219.260754	108.150246	0.005465	11.8
675	-1.338787	218.520935	108.484295	0.005826	14.5
676	-1.338194	217.781116	108.820413	0.005636	13.6
677	-1.320357	218.781116	108.366581	0.004837	11.9
678	-1.332367	218.041297	108.701969	0.004687	15.1
679	-1.321477	219.041297	108.249122	0.005075	7.6
680	-1.346679	220.041252	107.800053	0.006432	11.0
681	-1.362329	219.301433	108.131938	0.004654	8.1
682	-1.337532	220.035614	107.802574	0.005970	11.7
683	-1.324242	221.035614	107.357175	0.005526	14.2
684	-1.352384	220.295795	107.686335	0.004627	8.4
685	-1.343020	219.555976	108.017519	0.005859	10.3
686	-1.355234	220.555976	107.570345	0.005796	12.1
687	-1.339765	221.555946	107.126872	0.004323	14.0
688	-1.307783	220.816127	107.454619	0.004964	7.7
689	-1.369927	220.076308	107.784377	0.004654	9.8
690	-1.314831	219.336489	108.116166	0.006622	10.0
691	-1.320709	219.375178	108.098764	0.005995	12.5
692	-1.314923	220.375178	107.650919	0.005075	14.2
693	-1.338222	221.375178	107.206769	0.005238	9.0
694	-1.373020	222.375173	106.766271	0.005973	8.2
695	-1.330634	223.375170	106.329377	0.004686	12.1
696	-1.344603	222.635351	106.652255	0.004832	12.5
697	-1.325763	221.895545	106.977094	0.004593	11.5
698	-1.323154	222.895545	106.538476	0.005324	9.1
699	-1.302100	222.155726	106.862627	0.004808	8.7
700	-1.341000	223.155726	106.424945	0.004933	8.4
701	-1.361778	222.415907	106.748404	0.005627	7.4
702	-1.293373	223.415484	106.311839	0.004499	10.1
703	-1.305307	224.415484	105.878648	0.005027	9.4
704	-1.326014	225.415484	105.448973	0.005180	7.5
705	-1.333473	224.675664	105.766518	0.004816	8.4
706	-1.341366	223.938407	106.084873	0.005042	8.9
707	-1.338027	224.818864	105.704905	0.005149	14.5
708	-1.310884	225.818864	105.276636	0.006029	13.0
709	-1.344743	226.818864	104.851823	0.004995	15.5
710	-1.341894	226.089623	105.161275	0.004672	11.7
711	-1.334034	225.349804	105.477087	0.005532	14.2
712	-1.332017	224.609984	105.794802	0.005704	10.4
713	-1.324950	225.609984	105.365806	0.005922	7.5
714	-1.329387	225.990475	105.203489	0.004815	12.9
715	-1.309797	226.990475	104.779265	0.004445	9.3
716	-1.290891	227.881641	104.404084	0.005777	12.0
717	-1.340523	227.141841	104.715350	0.005154	13.3
718	-1.356023	228.005481	104.352159	0.005894	10.4
719	-1.280622	229.005481	103.934760	0.005224	11.8
720	-1.337956	230.005481	103.520686	0.005256	12.1
721	-1.340587	231.005481	103.109899	0.005459	11.3
722	-1.325694	230.265675	103.413487	0.005178	8.3
723	-1.338295	229.525856	103.718874	0.005686	11.3
724	-1.336710	230.513193	103.311716	0.005155	10.1
725	-1.311634	231.513193	102.902582	0.005265	12.1
726	-1.353735	232.513180	102.496682	0.005328	12.9
727	-1.309218	233.513180	102.093965	0.005514	9.1
728	-1.350253	234.513180	101.694401	0.004782	12.0
729	-1.367488	235.508688	101.299726	0.005982	11.6
730	-1.342403	234.768868	101.592738	0.004690	13.7
731	-1.310905	235.768868	101.197080	0.004550	9.9
732	-1.321204	235.029049	101.489498	0.004732	10.4
733	-1.324489	234.289408	101.783540	0.005295	11.7
734	-1.334895	233.549589	102.079362	0.005441	14.4
735	-1.278846	232.809773	102.376908	0.004442	8.1
736	-1.320427	232.069954	102.676194	0.004205	8.9
737	-1.283154	233.059645	102.276218	0.004326	11.9
738	-1.332282	234.059644	101.875229	0.006012	11.8
739	-1.334302	235.032783	101.488018	0.005294	13.6
740	-1.300034	234.292964	101.782122	0.004769	9.6
741	-1.339114	235.292964	101.384990	0.005176	9.7
742	-1.301691	236.292964	100.990945	0.004786	7.5
743	-1.308105	235.553145	101.282172	0.005978	7.5
744	-1.353953	236.345178	100.970455	0.005423	11.9
745	-1.338802	237.344363	100.579937	0.005252	12.7
746	-1.351571	236.604544	100.868794	0.005801	13.3
747	-1.358082	237.604544	100.478744	0.005269	13.2
748	-1.338393	236.865275	100.766804	0.005126	12.8
749	-1.364775	237.613194	100.475383	0.005617	10.4
750	-1.324876	236.917021	100.746588	0.006410	7.4
751	-1.339640	236.177201	101.036404	0.005304	13.3
752	-1.332200	237.177201	100.645059	0.006105	9.9
753	-1.318311	238.177201	100.256734	0.005111	11.8
754	-1.320659	239.177201	99.871394	0.005248	13.7
755	-1.309382	240.176070	99.489435	0.006107	11.5
756	-1.306823	239.436251	99.772054	0.005104	11.9
757	-1.350575	238.696432	100.056283	0.005239	12.3
758	-1.295645	239.696431	99.672479	0.004834	11.1
759	-1.313462	240.695421	99.291992	0.005732	9.6
760	-1.309277	239.955602	99.573489	0.004787	12.2
761	-1.331200	240.955331	99.193475	0.004809	11.8
762	-1.316208	240.215582	99.474386	0.005507	14.6
763	-1.324298	241.215582	99.095025	0.005507	9.6
764	-1.314456	240.475762	99.375405	0.004580	10.5
765	-1.308336	241.475747	98.996803	0.005698	11.7
766	-1.329440	242.474619	98.621491	0.004991	12.6
767	-1.320643	243.474619	98.248595	0.004595	10.3
768	-1.350600	242.734800	98.524198	0.005962	9.9
769	-1.321620	241.994981	98.801352	0.005529	12.0
770	-1.315084	242.994981	98.427097	0.004798	11.9
771	-1.280393	242.255620	98.703533	0.005761	13.3
772	-1.344277	243.255620	98.330017	0.005317	9.5
773	-1.338413	242.515801	98.606078	0.004297	10.5
774	-1.351210	243.136917	98.374207	0.006415	11.6
775	-1.321986	244.136917	98.003175	0.004694	13.2
776	-1.336746	245.136917	97.634932	0.005498	12.2
777	-1.363040	244.397098	97.907098	0.005464	8.8
778	-1.333141	245.396856	97.539663	0.004433	9.5
779	-1.339281	244.657798	97.811018	0.006352	7.4
780	-1.348310	243.917979	98.084168	0.005353	11.1
781	-1.313084	244.917979	97.715317	0.005753	11.9
782	-1.344458	245.917979	97.349230	0.006005	13.9
783	-1.337081	246.916233	96.986507	0.005123	13.0
784	-1.360439	246.188175	97.250785	0.006878	11.9
785	-1.360958	247.188175	96.888163	0.005578	12.3
786	-1.295324	248.188175	96.528236	0.006264	7.4
787	-1.323437	249.188175	96.170973	0.005585	14.4
788	-1.328464	250.168631	95.823251	0.005848	9.8
789	-1.316139	249.428811	96.085397	0.004451	12.0
790	-1.308927	248.688992	96.348981	0.005560	13.5
791	-1.344006	249.688992	95.993042	0.004441	10.6
792	-1.345957	248.949173	96.256119	0.004801	11.6
793	-1.307103	249.949173	95.900864	0.004764	10.0
794	-1.297851	249.837325	95.940468	0.005235	13.0
795	-1.310470	249.954878	95.898844	0.005316	9.0
796	-1.336545	250.954878	95.546217	0.005580	10.3
797	-1.336991	250.280803	95.783628	0.005616	11.9
798	-1.387967	251.280803	95.431846	0.005672	12.0
799	-1.362523	252.280803	95.082638	0.005211	12.4
800	-1.327211	251.540984	95.340742	0.004674	9.6
801	-1.304365	250.938474	95.551980	0.004493	10.3
802	-1.351756	250.198656	95.812642	0.005433	11.7
803	-1.351427	251.171364	95.470219	0.004633	12.9
804	-1.329745	250.431544	95.730435	0.004132	9.7
805	-1.319834	249.695071	95.990886	0.004868	9.7
806	-1.344188	250.694543	95.637768	0.004907	11.5
807	-1.299627	251.694543	95.287054	0.004542	12.0
808	-1.350874	251.095284	95.496913	0.005830	11.2
809	-1.329343	250.390575	95.744886	0.005875	9.5
810	-1.334825	251.390575	95.393387	0.006848	9.7
811	-1.337700	250.650756	95.653184	0.004926	7.5
812	-1.356488	251.650756	95.302357	0.005816	9.7
813	-1.321182	250.915768	95.559959	0.005692	11.9
814	-1.356376	251.915768	95.209815	0.006222	11.7
815	-1.348853	252.915768	94.862227	0.005262	12.9
816	-1.289941	252.176514	95.118937	0.004960	10.4
817	-1.344934	253.176514	94.772011	0.004599	13.8
818	-1.348289	254.176514	94.427607	0.005599	15.8
819	-1.355902	253.564031	94.638251	0.005437	12.2
820	-1.335637	254.564031	94.294816	0.005096	7.8
821	-1.344988	255.564031	93.953865	0.006030	7.6
822	-1.363732	256.564031	93.615371	0.006835	9.6
823	-1.340873	257.564031	93.279307	0.005051	9.3
824	-1.344284	258.564031	92.945647	0.005105	8.0
825	-1.338599	259.563978	92.614383	0.004680	14.3
826	-1.330155	260.340105	92.358890	0.004426	13.8
827	-1.338558	259.600285	92.602399	0.005440	9.8
828	-1.337028	258.860471	92.847195	0.006627	14.6
829	-1.326493	259.860471	92.516614	0.005126	10.8
830	-1.351588	259.120652	92.760957	0.005308	9.5
831	-1.309897	258.381112	93.006501	0.003953	13.0
832	-1.272969	257.641293	93.253442	0.004931	11.1
833	-1.324346	257.762724	93.212820	0.004789	9.8
834	-1.353680	258.762724	92.879635	0.006704	9.5
835	-1.328060	259.762724	92.548823	0.004515	9.9
836	-1.359342	260.762724	92.220359	0.004716	11.0
837	-1.342681	260.022906	92.463138	0.005286	12.7
838	-1.332493	261.022906	92.135281	0.004398	8.4
839	-1.326618	262.022906	91.809741	0.004638	11.5
840	-1.361411	261.283090	92.050359	0.005315	7.8
841	-1.322049	262.283090	91.725417	0.004376	16.0
842	-1.346606	263.283090	91.402762	0.004816	12.0
843	-1.350000	262.543323	91.641233	0.005559	10.4
844	-1.338864	261.888196	91.853460	0.003909	13.4
845	-1.345468	261.148377	92.094309	0.005432	12.5
846	-1.347487	262.100801	91.784479	0.005483	11.8
847	-1.306756	263.100801	91.461409	0.005550	13.6
848	-1.335708	264.100801	91.140606	0.004860	7.6
849	-1.332307	263.360982	91.377725	0.005270	9.9
850	-1.306456	262.621163	91.616082	0.004543	12.5
851	-1.332413	261.881349	91.855684	0.004754	12.2
852	-1.302125	262.782938	91.563855	0.004960	11.1
853	-1.312964	263.782797	91.242378	0.005243	8.1
854	-1.296910	264.782797	90.923107	0.004563	11.1
855	-1.341629	265.249471	90.774874	0.005174	7.5
856	-1.313434	266.124168	90.498337	0.004611	7.4
857	-1.303857	265.384349	90.732122	0.005367	7.5
858	-1.333632	264.644530	90.967118	0.004483	10.1
859	-1.335634	265.644530	90.649766	0.005887	9.3
860	-1.339061	264.913874	90.881423	0.005306	15.5
861	-1.351792	265.913874	90.564668	0.005526	10.6
862	-1.307124	265.208261	90.787945	0.004808	9.6
863	-1.350284	264.468502	91.023211	0.005216	13.0
864	-1.306280	263.730389	91.259173	0.004268	11.0
865	-1.307339	262.990741	91.496855	0.005489	13.7
866	-1.344038	263.990741	91.175803	0.004955	7.5
867	-1.367245	264.990741	90.856996	0.004926	7.8
868	-1.322540	264.250922	91.092641	0.004593	13.8
869	-1.326418	265.250922	90.774414	0.003941	13.3
870	-1.321660	266.250866	90.458421	0.004334	12.1
871	-1.318503	267.250806	90.144621	0.004746	14.6
872	-1.302119	266.510986	90.376580	0.004949	7.4
873	-1.340137	267.510986	90.063328	0.004952	8.0
874	-1.369710	268.413273	89.782543	0.004807	11.8
875	-1.331836	269.413126	89.473434	0.005562	9.9
876	-1.322315	270.413126	89.166401	0.005485	7.8
877	-1.346902	269.673307	89.393347	0.004920	7.4
878	-1.367726	270.673307	89.086862	0.005073	8.1
879	-1.307196	271.673306	88.782472	0.005043	13.0
880	-1.369156	272.671478	88.480706	0.005015	15.8
881	-1.335642	271.931816	88.704122	0.005272	12.5
882	-1.338885	272.930874	88.402621	0.005676	11.1
883	-1.311828	273.930874	88.102881	0.004918	12.3
884	-1.344533	274.930874	87.805167	0.004762	11.7
885	-1.326427	274.191055	88.025227	0.004819	14.2
886	-1.328147	275.191054	87.728037	0.005487	7.7
887	-1.335101	276.191054	87.432846	0.004478	10.1
888	-1.324249	275.451254	87.651037	0.006422	10.1
889	-1.283232	276.451254	87.356363	0.005289	7.4
890	-1.338596	275.711435	87.574177	0.005365	10.0
891	-1.347941	276.711435	87.280019	0.005269	11.9
892	-1.332815	277.711435	86.987831	0.004795	13.4
893	-1.308513	277.304300	87.106554	0.006291	13.8
894	-1.325315	276.564480	87.323123	0.004489	12.1
895	-1.327615	277.564480	87.030646	0.005316	11.9
896	-1.341719	278.564480	86.740122	0.005773	9.9
897	-1.346585	277.824661	86.954870	0.004316	11.4
898	-1.322606	278.824661	86.664851	0.006800	7.6
899	-1.340966	279.824661	86.376760	0.005305	11.8
900	-1.365760	280.824661	86.090578	0.005149	14.7
901	-1.329044	280.084842	86.302118	0.005904	9.0
902	-1.329093	279.345023	86.514700	0.004653	13.7
903	-1.344071	279.190330	86.559283	0.004667	12.3
904	-1.344485	278.450777	86.773058	0.005260	11.9
905	-1.327170	279.450763	86.484253	0.005939	8.8
906	-1.312333	280.450763	86.197359	0.004356	9.7
907	-1.308238	281.450763	85.912363	0.005640	8.6
908	-1.321261	280.711063	86.122993	0.005347	11.6
909	-1.315659	279.971244	86.334692	0.004713	13.2
910	-1.293976	279.231425	86.547435	0.004098	7.9
911	-1.346303	280.209876	86.266294	0.005553	13.9
912	-1.357710	279.470057	86.478699	0.004686	11.8
913	-1.354297	280.470057	86.191843	0.005564	13.9
914	-1.338762	281.469255	85.907110	0.005166	7.6
915	-1.340443	282.469028	85.624091	0.005584	12.0
916	-1.357434	283.469028	85.342867	0.005521	11.8
917	-1.359749	282.729210	85.550743	0.005270	10.1
918	-1.349274	281.989391	85.759635	0.004884	13.4
919	-1.334198	282.983006	85.479317	0.005167	8.9
920	-1.350701	282.456470	85.627635	0.005534	12.1
921	-1.365065	281.717066	85.836785	0.005019	11.9
922	-1.339508	280.977246	86.047078	0.005300	13.7
923	-1.335758	280.237578	86.258361	0.005642	7.8
924	-1.310016	281.237577	85.972962	0.005199	13.7
925	-1.337824	282.237577	85.689445	0.004711	11.7
926	-1.288863	281.497758	85.899016	0.004436	12.9
927	-1.301375	282.497755	85.615987	0.004908	8.5
928	-1.350242	282.165663	85.709771	0.006163	9.8
929	-1.313570	283.165663	85.427985	0.005040	12.0
930	-1.365288	282.426369	85.636129	0.005054	12.0
931	-1.332549	281.686550	85.845439	0.005675	13.2
932	-1.292177	282.686550	85.562761	0.004961	10.5
933	-1.330221	283.686550	85.281939	0.005083	10.2
934	-1.350379	282.946843	85.489487	0.005178	7.6
935	-1.331203	283.946843	85.209145	0.007273	9.9
936	-1.354527	284.779561	84.977098	0.005800	11.9
937	-1.355741	285.779561	84.700101	0.005048	13.2
938	-1.356044	286.779561	84.424903	0.005523	14.5
939	-1.340021	287.294170	84.283980	0.005326	12.3
940	-1.334486	286.554351	84.486724	0.005773	14.1
941	-1.361453	285.814531	84.690447	0.005870	7.4
942	-1.309611	285.074712	84.895154	0.003782	12.4
943	-1.311696	284.428894	85.074661	0.005286	9.2
944	-1.333770	285.428894	84.797029	0.005109	11.6
945	-1.352940	286.312792	84.553134	0.005617	9.3
946	-1.339274	287.312520	84.278964	0.005729	7.7
947	-1.305403	286.572701	84.481684	0.003818	14.7
948	-1.358537	287.572701	84.207902	0.005516	10.2
949	-1.310981	286.850659	84.405405	0.004924	13.0
950	-1.315584	287.850631	84.132124	0.005051	14.1
951	-1.327522	287.110965	84.334096	0.004935	11.8
952	-1.374856	286.371146	84.537082	0.005452	9.7
953	-1.305091	287.371123	84.262947	0.005052	9.9
954	-1.368622	288.371123	83.990579	0.005870	10.5
955	-1.317721	289.371123	83.719965	0.004726	15.5
956	-1.328788	288.644900	83.916317	0.005418	12.5
957	-1.327407	289.644900	83.646181	0.005128	12.0
958	-1.329492	288.905083	83.845865	0.005977	12.7
959	-1.315702	288.165347	84.046482	0.004659	8.0
960	-1.369524	287.425552	84.248077	0.005876	13.2
961	-1.308011	288.425552	83.975805	0.004207	10.9
962	-1.315050	289.425287	83.705358	0.004560	12.9
963	-1.337425	288.685468	83.905325	0.005201	10.3
964	-1.359960	289.685457	83.635262	0.005544	12.6
965	-1.323336	288.945638	83.834894	0.004640	7.5
966	-1.352307	288.210615	84.034177	0.004807	7.5
967	-1.314954	287.470796	84.235720	0.005048	11.8
968	-1.364734	288.470796	83.963528	0.004797	12.4
969	-1.319949	289.470796	83.693088	0.005778	13.3
970	-1.316921	289.214998	83.762100	0.005776	14.0
971	-1.331683	288.475179	83.962338	0.005458	11.8
972	-1.344637	287.735360	84.163536	0.004823	13.4
973	-1.345475	288.735360	83.891809	0.005362	11.0
974	-1.365173	287.995541	84.092669	0.005617	7.6
975	-1.319105	288.995541	83.821398	0.005629	9.8
976	-1.336675	288.255721	84.021921	0.004898	12.0
977	-1.298647	287.516733	84.223178	0.005521	14.1
978	-1.281551	286.777524	84.425462	0.004507	13.7
979	-1.346884	286.037725	84.628883	0.004640	11.7
980	-1.303165	287.037479	84.354215	0.005053	14.0
981	-1.342478	288.037479	84.081257	0.004587	7.4
982	-1.330126	287.297660	84.283026	0.005788	11.4
983	-1.359572	287.525935	84.220666	0.004852	8.5
984	-1.355436	286.786116	84.423105	0.005692	11.7
985	-1.337910	287.786116	84.149702	0.005234	12.6
986	-1.347366	287.046303	84.351798	0.004867	11.4
987	-1.309213	288.045723	84.079014	0.005290	13.8
988	-1.346918	289.045723	83.807831	0.005327	11.6
989	-1.332247	288.305904	84.008289	0.005280	14.2
990	-1.331869	289.305904	83.737561	0.004965	7.8
991	-1.364707	288.569689	83.936705	0.004878	11.6
992	-1.347366	287.829870	84.137780	0.004379	11.8
993	-1.326546	287.097697	84.337728	0.004619	12.1
994	-1.351176	286.357877	84.540731	0.005054	12.3
995	-1.324156	287.357877	84.266567	0.004941	9.6
996	-1.335124	288.357877	83.994175	0.004852	11.0
997	-1.343606	289.357877	83.723538	0.004902	7.5
998	-1.314712	288.618060	83.923592	0.005362	8.5
999	-1.322315	287.878603	84.124505	0.004748	7.5
