1:ItNr	2:Metric	3a:Time	3b:StepSize	4:||Gradient||	Time[ms]
0	-1.154353	0.000000	731.873122	0.003967	2886.1
1	-1.150887	0.000000	731.873122	0.004922	21.2
2	-1.137480	0.000000	731.873122	0.005179	20.9
3	-1.140625	1.000000	698.606162	0.007796	22.0
4	-1.123726	2.000000	668.231981	0.007819	22.5
5	-1.147902	3.000000	640.388981	0.005539	26.1
6	-1.155848	4.000000	614.773422	0.006983	20.0
7	-1.143518	5.000000	591.128291	0.007607	22.1
8	-1.164859	6.000000	569.234650	0.008388	20.7
9	-1.158879	7.000000	548.904841	0.009731	21.5
10	-1.163891	8.000000	529.977088	0.008464	20.0
11	-1.153989	9.000000	512.311185	0.008731	21.7
12	-1.155083	10.000000	495.785018	0.008689	22.0
13	-1.149736	11.000000	480.291736	0.006896	22.8
14	-1.149083	12.000000	465.737441	0.006509	18.7
15	-1.161866	13.000000	452.039281	0.007596	21.3
16	-1.155736	14.000000	439.123873	0.006878	20.0
17	-1.156163	15.000000	426.925988	0.004676	23.4
18	-1.191911	16.000000	415.387447	0.005211	20.0
19	-1.192280	17.000000	404.456199	0.006335	22.1
20	-1.176381	18.000000	394.085527	0.004686	20.4
21	-1.167427	19.000000	384.233389	0.003571	21.4
22	-1.163780	20.000000	374.861843	0.003353	20.3
23	-1.193089	21.000000	365.936561	0.004441	22.0
24	-1.166313	22.000000	357.426408	0.003297	20.0
25	-1.162168	23.000000	349.303081	0.003033	21.6
26	-1.164997	22.783926	351.026894	0.003085	20.2
27	-1.188430	23.783922	343.188693	0.003560	23.8
28	-1.162421	24.783921	335.692867	0.003394	20.7
29	-1.174831	25.783921	328.517477	0.004152	23.0
30	-1.167553	26.783921	321.642414	0.004634	19.7
31	-1.174064	27.783921	315.049208	0.004984	21.8
32	-1.174353	28.783921	308.720876	0.004678	20.0
33	-1.154156	29.783921	302.641769	0.004031	22.2
34	-1.191910	30.783921	296.797449	0.003469	19.9
35	-1.188392	31.783921	291.174573	0.003291	21.8
36	-1.197353	32.783921	285.760788	0.003126	20.2
37	-1.203324	32.966070	284.796270	0.002864	22.7
38	-1.180042	33.964114	279.624913	0.003035	20.2
39	-1.181264	33.748040	280.728508	0.003263	22.4
40	-1.186827	33.535581	281.822163	0.003466	19.6
41	-1.175858	34.535581	276.747540	0.003272	22.2
42	-1.184731	35.535581	271.852436	0.003353	20.1
43	-1.191819	36.535581	267.127491	0.003148	23.7
44	-1.162618	37.535581	262.563985	0.003078	20.1
45	-1.186797	38.535581	258.153782	0.003086	21.0
46	-1.195823	39.535569	253.889339	0.003250	20.3
47	-1.182312	40.535569	249.763444	0.002497	22.1
48	-1.187659	40.516823	249.839554	0.003642	21.9
49	-1.206705	41.516823	245.843197	0.002795	23.4
50	-1.203014	42.516823	241.972676	0.003117	18.9
51	-1.202070	43.516812	238.222177	0.002538	22.3
52	-1.194414	44.499918	234.646637	0.002853	20.0
53	-1.195719	45.499853	231.118339	0.003808	22.4
54	-1.181694	46.499853	227.694356	0.002925	19.9
55	-1.177573	46.816365	226.631662	0.002857	22.4
56	-1.188412	47.816360	223.338397	0.002772	20.3
57	-1.175971	47.600286	224.041858	0.003172	21.7
58	-1.182461	48.600286	220.822879	0.002420	20.3
59	-1.203944	48.387546	221.499914	0.002560	23.3
60	-1.194612	48.196848	222.110343	0.003594	20.3
61	-1.203309	47.980774	222.806077	0.003360	21.9
62	-1.186183	48.980774	219.622258	0.003174	20.1
63	-1.172524	49.980774	216.528149	0.002930	22.6
64	-1.164469	49.778635	217.146539	0.003575	19.3
65	-1.216390	50.778635	214.121313	0.002780	22.4
66	-1.184276	51.778635	211.179223	0.004123	20.5
67	-1.184644	52.778520	208.317212	0.004096	21.4
68	-1.194122	53.778520	205.531423	0.002350	20.3
69	-1.193889	53.655852	205.869133	0.003065	22.7
70	-1.187282	53.439781	206.466694	0.002786	20.0
71	-1.223417	54.422382	203.776852	0.002653	22.1
72	-1.176682	54.208530	204.356282	0.003305	19.9
73	-1.175797	55.208529	201.674744	0.002853	22.5
74	-1.186302	54.993346	202.245805	0.002529	20.4
75	-1.186294	54.777272	202.822496	0.003003	23.3
76	-1.195384	54.561302	203.402208	0.003501	20.7
77	-1.207239	55.561302	200.745484	0.004582	22.7
78	-1.172307	56.561302	198.157267	0.004214	20.6
79	-1.215751	57.561302	195.634941	0.003172	22.1
80	-1.222070	58.561301	193.176020	0.003395	19.8
81	-1.200114	58.345227	193.702079	0.003677	22.0
82	-1.197234	59.345227	191.291207	0.002883	19.8
83	-1.193556	60.345227	188.939610	0.002845	21.9
84	-1.179965	60.129169	189.442783	0.002483	19.9
85	-1.179668	61.129169	187.136140	0.002331	22.7
86	-1.194010	60.913099	187.629765	0.002511	20.2
87	-1.204113	60.697938	188.123910	0.003021	23.5
88	-1.210687	60.481866	188.622774	0.002813	19.4
89	-1.208500	60.265792	189.124295	0.003111	21.7
90	-1.194773	61.265792	186.825353	0.002722	20.4
91	-1.202719	61.049718	187.317349	0.002458	21.8
92	-1.241833	60.833651	187.811925	0.003119	19.8
93	-1.206064	61.833526	185.544868	0.002509	22.3
94	-1.196326	61.617452	186.030132	0.002561	19.9
95	-1.211731	61.401400	186.517893	0.003196	22.4
96	-1.222631	62.401185	184.281981	0.002960	19.9
97	-1.204286	63.401185	182.098575	0.002579	21.0
98	-1.218142	63.185111	182.565959	0.002230	20.6
99	-1.222297	62.969038	183.035747	0.002597	23.1
100	-1.192129	62.752964	183.507960	0.002199	20.1
101	-1.202723	62.536890	183.982616	0.002618	22.2
102	-1.181960	62.321875	184.457391	0.002560	20.3
103	-1.193841	62.105801	184.936977	0.002007	22.1
104	-1.226971	61.889921	185.418630	0.003377	20.0
105	-1.210616	61.673847	185.903235	0.003118	22.8
106	-1.196442	62.673847	183.681474	0.002913	18.7
107	-1.183992	63.673369	181.513216	0.002343	21.3
108	-1.203775	64.672768	179.395809	0.002550	20.4
109	-1.209412	64.456703	179.849385	0.002895	22.8
110	-1.205925	65.456400	177.769783	0.003166	19.7
111	-1.209394	66.456319	175.737279	0.002526	21.9
112	-1.196651	67.455197	173.752770	0.002849	20.8
113	-1.217408	67.239123	174.178244	0.002939	23.1
114	-1.219963	68.239121	172.226434	0.002160	19.9
115	-1.235776	68.023047	172.644457	0.001959	22.1
116	-1.226155	67.807536	173.063416	0.002751	20.2
117	-1.222641	67.591526	173.485392	0.002631	20.8
118	-1.225444	67.375452	173.909554	0.002995	20.1
119	-1.211106	68.375452	171.963723	0.002716	22.0
120	-1.212466	69.375452	170.060953	0.002112	19.9
121	-1.207046	70.375429	168.199872	0.002364	21.9
122	-1.205565	70.159355	168.598555	0.002897	20.0
123	-1.199856	69.943281	168.999131	0.002921	23.4
124	-1.232089	70.943281	167.161051	0.002186	19.2
125	-1.196742	70.727309	167.554632	0.002455	22.1
126	-1.204989	70.511235	167.950258	0.003037	20.1
127	-1.222174	70.495553	167.979044	0.002904	22.2
128	-1.212482	71.495553	166.162967	0.002416	19.6
129	-1.204243	72.494583	164.387443	0.002034	22.0
130	-1.224048	72.278511	164.768235	0.002656	21.2
131	-1.198683	73.243746	163.080694	0.002244	23.2
132	-1.190584	74.243726	161.368482	0.003014	20.3
133	-1.199939	75.243726	159.691817	0.002641	21.0
134	-1.169990	76.243726	158.049636	0.002098	20.0
135	-1.212902	76.027652	158.401602	0.002378	22.2
136	-1.220363	75.811597	158.755108	0.002438	20.2
137	-1.206488	75.595871	159.109653	0.002320	23.2
138	-1.210562	75.379815	159.466332	0.003185	19.2
139	-1.203018	76.379815	157.828761	0.003065	21.5
140	-1.201851	77.379802	156.224502	0.002514	19.9
141	-1.215242	78.379802	154.652507	0.002396	21.3
142	-1.230574	78.163728	154.989489	0.002681	20.8
143	-1.200914	79.154144	153.456812	0.003020	23.2
144	-1.201680	80.154013	151.939949	0.002508	19.8
145	-1.207381	81.154013	150.452588	0.002381	22.5
146	-1.241239	80.937940	150.771494	0.002727	21.3
147	-1.204846	81.937935	149.306818	0.002703	23.1
148	-1.218283	81.721965	149.620731	0.002637	20.4
149	-1.215543	81.505922	149.936075	0.002844	22.1
150	-1.210159	81.290277	150.252165	0.002659	20.0
151	-1.215223	82.290263	148.797525	0.003533	21.9
152	-1.199728	83.290262	147.370764	0.002719	19.8
153	-1.226426	84.290262	145.971102	0.002722	21.9
154	-1.213663	84.074188	146.271276	0.002976	20.1
155	-1.204131	84.573372	145.579659	0.002307	22.2
156	-1.210710	84.357298	145.878224	0.002123	20.1
157	-1.221589	84.141291	146.177924	0.002597	22.6
158	-1.206578	85.140594	144.801673	0.002473	20.1
159	-1.225621	84.950634	145.061290	0.002413	23.4
160	-1.214942	84.924581	145.096968	0.003013	20.9
161	-1.229824	84.708507	145.393554	0.002357	22.1
162	-1.212584	84.492433	145.691355	0.002557	19.9
163	-1.214699	84.276364	145.990372	0.002061	21.0
164	-1.216146	84.829714	145.227035	0.002366	19.8
165	-1.233981	84.613641	145.524152	0.003010	22.1
166	-1.226559	85.613640	144.159186	0.002630	20.2
167	-1.205027	85.397566	144.451947	0.002600	22.0
168	-1.208308	85.181492	144.745899	0.002180	19.9
169	-1.231317	86.048985	143.572922	0.002613	21.8
170	-1.197217	85.832998	143.863186	0.002502	20.0
171	-1.232247	86.538737	142.919063	0.002393	22.6
172	-1.228332	86.322663	143.206804	0.003456	20.6
173	-1.198721	86.106589	143.495705	0.003446	22.4
174	-1.220141	87.104193	142.171503	0.003698	20.2
175	-1.221920	88.104193	140.868423	0.002573	22.0
176	-1.256864	87.888124	141.147951	0.003134	19.7
177	-1.236976	88.888124	139.863481	0.002737	22.5
178	-1.182321	89.886362	138.604381	0.002697	20.0
179	-1.221292	89.670288	138.874994	0.002396	22.1
180	-1.187901	90.670288	137.631377	0.002730	20.3
181	-1.207004	91.661958	136.419923	0.002370	22.4
182	-1.218998	91.445884	136.682065	0.002854	20.1
183	-1.206138	92.445480	135.477726	0.002547	21.9
184	-1.209707	92.733689	135.134416	0.001791	20.7
185	-1.247326	92.517615	135.391636	0.003067	22.9
186	-1.199863	92.301541	135.649837	0.002400	19.7
187	-1.207468	93.301539	134.463068	0.002767	22.3
188	-1.245343	94.301309	133.297147	0.002795	20.8
189	-1.220103	95.301309	132.151010	0.002545	22.4
190	-1.211065	95.407742	132.030184	0.002979	21.3
191	-1.261024	95.204302	132.261330	0.002653	23.1
192	-1.253136	96.204302	131.132862	0.002533	20.9
193	-1.226510	97.080429	130.159889	0.001990	21.5
194	-1.202637	96.864879	130.397925	0.002828	19.8
195	-1.216916	96.648805	130.637414	0.002534	22.5
196	-1.212518	96.727903	130.549641	0.002322	19.7
197	-1.236812	96.511829	130.789688	0.002248	21.3
198	-1.216662	96.295755	131.030620	0.002564	20.1
199	-1.216190	96.079694	131.272426	0.001859	22.4
200	-1.227158	95.863625	131.515137	0.002539	20.2
201	-1.206083	95.647551	131.758751	0.002218	21.1
202	-1.214943	95.433781	132.000657	0.002050	19.9
203	-1.213148	95.217715	132.246065	0.003251	21.6
204	-1.234380	95.001641	132.492397	0.002568	20.0
205	-1.238897	94.785567	132.739649	0.002579	22.1
206	-1.254395	94.569493	132.987825	0.003537	20.4
207	-1.203699	94.353419	133.236931	0.002846	21.8
208	-1.223292	95.353419	132.091825	0.002414	21.4
209	-1.205644	95.137357	132.337570	0.002699	23.1
210	-1.232004	96.137166	131.208020	0.002384	20.1
211	-1.236924	97.137147	130.097399	0.002283	23.4
212	-1.210872	96.921073	130.335784	0.002346	19.0
213	-1.238762	96.705364	130.574640	0.002322	21.4
214	-1.240711	96.490061	130.813921	0.004401	20.1
215	-1.229458	96.366153	130.952026	0.002523	22.3
216	-1.220707	97.366153	129.845696	0.002828	19.7
217	-1.211573	98.366093	128.757968	0.002765	22.4
218	-1.233791	99.366002	127.688345	0.002570	20.2
219	-1.216205	99.869715	127.156216	0.002514	24.3
220	-1.235828	99.717157	127.316911	0.002921	22.2
221	-1.218407	100.717157	126.270905	0.002766	23.4
222	-1.234809	101.717157	125.241946	0.002174	21.1
223	-1.244801	101.501084	125.462853	0.002855	22.4
224	-1.210516	102.500967	124.447086	0.001941	19.7
225	-1.224058	102.284893	124.665197	0.002815	21.8
226	-1.235112	102.068843	124.884050	0.002171	20.0
227	-1.239232	101.852831	125.103634	0.002615	22.0
228	-1.238834	102.852734	124.093632	0.002672	19.8
229	-1.253250	102.636696	124.310468	0.002941	21.4
230	-1.232314	103.636695	123.313086	0.002814	22.6
231	-1.235893	103.422258	123.525612	0.002652	24.0
232	-1.231486	103.206184	123.740502	0.002905	19.0
233	-1.215574	104.171316	122.786402	0.002875	21.9
234	-1.212721	105.107996	121.874393	0.002758	19.8
235	-1.237602	106.107996	120.915568	0.002321	22.8
236	-1.222546	107.107906	119.971796	0.002388	19.7
237	-1.219684	106.891834	120.174487	0.002411	22.3
238	-1.216538	107.832547	119.296994	0.002822	19.6
239	-1.212627	107.616473	119.497411	0.002773	22.4
240	-1.238182	108.616426	118.575524	0.002412	26.6
241	-1.225600	109.597517	117.684745	0.002670	22.9
242	-1.248858	109.386167	117.875507	0.002316	19.6
243	-1.226242	109.405721	117.857832	0.001848	25.1
244	-1.204030	109.189650	118.053436	0.002265	20.0
245	-1.231892	108.973576	118.249694	0.002694	21.7
246	-1.200413	109.851295	117.456503	0.002544	20.2
247	-1.226127	110.819159	116.594095	0.002605	22.0
248	-1.232763	110.603085	116.785527	0.002112	23.1
249	-1.261993	111.603084	115.904812	0.003012	22.0
250	-1.224576	111.705891	115.815021	0.002152	19.8
251	-1.221800	112.705891	114.948829	0.002118	22.0
252	-1.238975	112.489820	115.134888	0.002295	20.2
253	-1.233098	112.273746	115.321554	0.002236	22.8
254	-1.238312	112.057672	115.508826	0.002436	19.9
255	-1.231581	113.057579	114.647270	0.002209	21.9
256	-1.228295	112.841506	114.832357	0.002559	20.2
257	-1.224688	112.625432	115.018042	0.002487	22.3
258	-1.245467	112.409358	115.204329	0.002559	21.9
259	-1.213079	112.244573	115.346803	0.002104	22.8
260	-1.230202	112.860469	114.816090	0.002470	19.6
261	-1.226919	112.644395	115.001722	0.002893	22.4
262	-1.233291	113.639112	114.152086	0.001969	22.8
263	-1.231325	113.423038	114.335576	0.002745	23.9
264	-1.224367	113.207165	114.519486	0.002370	19.8
265	-1.233806	112.991093	114.704159	0.002573	21.4
266	-1.248409	112.775575	114.888952	0.003427	20.0
267	-1.242495	113.775575	114.036505	0.002764	22.3
268	-1.216310	113.559501	114.219624	0.002368	20.2
269	-1.235027	114.547971	113.386688	0.002818	21.8
270	-1.248433	114.331991	113.567645	0.002729	19.9
271	-1.235264	114.115917	113.749259	0.002573	22.6
272	-1.232409	115.115917	112.913580	0.001950	18.8
273	-1.208622	114.899843	113.093107	0.003484	21.0
274	-1.227371	114.683769	113.273206	0.002730	20.0
275	-1.242365	115.683769	112.444481	0.002350	21.4
276	-1.242349	115.468943	112.621489	0.002917	19.6
277	-1.242549	116.427720	111.835775	0.002697	21.9
278	-1.258964	116.211648	112.011887	0.002939	19.7
279	-1.233403	117.211648	111.201449	0.002762	21.6
280	-1.236515	118.211648	110.402655	0.003015	20.2
281	-1.243773	117.995574	110.574280	0.002629	22.6
282	-1.198710	118.995555	109.784454	0.002371	19.7
283	-1.225223	118.779492	109.954152	0.002275	21.7
284	-1.217607	118.563429	110.124376	0.003107	19.6
285	-1.237122	119.075530	109.721773	0.003803	22.4
286	-1.235145	120.071029	108.947497	0.002882	19.5
287	-1.232776	119.854955	109.114625	0.002709	21.4
288	-1.260807	119.638924	109.282233	0.003349	19.8
289	-1.245078	120.292647	108.776613	0.002187	22.0
290	-1.223629	120.076573	108.943216	0.002297	19.9
291	-1.220252	120.960974	108.264512	0.001992	21.9
292	-1.205056	120.746003	108.428705	0.002484	20.0
293	-1.209599	120.602087	108.538906	0.002958	21.8
294	-1.216850	121.602087	107.777775	0.002451	19.6
295	-1.225561	122.601478	107.027697	0.001856	21.9
296	-1.229237	122.385404	107.188982	0.003364	22.3
297	-1.223670	123.382197	106.448966	0.002675	22.5
298	-1.263565	123.166123	106.608510	0.002010	20.0
299	-1.224564	122.960179	106.761020	0.002153	21.4
300	-1.239519	122.744105	106.921502	0.003059	19.8
301	-1.208182	122.528031	107.082466	0.002149	22.0
302	-1.199391	122.311984	107.243896	0.002803	19.8
303	-1.216007	122.180314	107.342518	0.001927	22.9
304	-1.226939	121.966688	107.502914	0.002719	19.9
305	-1.247320	121.767291	107.653059	0.002219	22.7
306	-1.268927	122.366307	107.203260	0.002584	21.6
307	-1.233932	123.366105	106.460832	0.002459	22.9
308	-1.248669	124.366105	105.728468	0.002484	21.1
309	-1.225154	124.152715	105.883900	0.002595	22.6
310	-1.223873	125.152649	105.159473	0.002893	19.6
311	-1.243043	126.147271	104.448662	0.002476	21.6
312	-1.231632	125.931202	104.602258	0.002734	20.1
313	-1.204576	125.860609	104.652539	0.002294	22.7
314	-1.256192	125.644535	104.806739	0.003106	19.6
315	-1.247862	125.428461	104.961395	0.002492	21.8
316	-1.245035	125.212387	105.116508	0.002507	20.1
317	-1.220403	126.212078	104.402680	0.002798	22.2
318	-1.233191	125.998516	104.554359	0.002279	19.7
319	-1.212257	125.782442	104.708270	0.002286	21.8
320	-1.231658	125.566377	104.862628	0.002040	19.7
321	-1.223703	126.564822	104.153113	0.002114	22.4
322	-1.255909	126.348791	104.305814	0.002986	19.7
323	-1.228044	126.132988	104.458801	0.002424	21.9
324	-1.232894	125.916919	104.612427	0.002287	20.7
325	-1.248855	125.700845	104.766510	0.002429	23.6
326	-1.251473	125.514715	104.899604	0.002685	19.9
327	-1.266935	126.514715	104.188491	0.003105	21.8
328	-1.242498	126.355905	104.300778	0.002777	20.5
329	-1.237489	127.355432	103.598064	0.002044	22.1
330	-1.238833	127.753415	103.320892	0.002106	20.1
331	-1.227419	127.537341	103.471191	0.002277	23.1
332	-1.218799	127.328181	103.617097	0.002924	19.6
333	-1.229132	127.112108	103.768259	0.002174	21.8
334	-1.234822	126.957382	103.876774	0.002478	20.2
335	-1.234606	126.741309	104.028695	0.002130	21.1
336	-1.246522	126.525235	104.181061	0.002199	19.9
337	-1.222617	126.310043	104.333250	0.001968	22.0
338	-1.239825	126.107877	104.476632	0.002498	22.2
339	-1.231616	125.891985	104.630185	0.002383	22.0
340	-1.226903	126.528271	104.178917	0.002593	20.1
341	-1.222365	126.312197	104.331724	0.002654	21.9
342	-1.247826	127.311005	103.629097	0.002650	19.7
343	-1.247903	127.094931	103.780295	0.003179	21.5
344	-1.254386	126.878857	103.931934	0.002731	19.8
345	-1.242763	126.662785	104.084015	0.002418	20.9
346	-1.247548	127.659094	103.386447	0.002716	19.6
347	-1.235306	127.443047	103.536918	0.002528	22.5
348	-1.240607	127.521674	103.482106	0.002451	20.1
349	-1.243767	127.305654	103.632836	0.002929	21.9
350	-1.245446	127.089580	103.784044	0.004784	19.7
351	-1.247718	128.089580	103.087926	0.002285	21.6
352	-1.243313	128.810847	102.591607	0.002462	20.1
353	-1.259211	128.594778	102.739787	0.002588	23.3
354	-1.246963	129.594778	102.057560	0.002612	20.8
355	-1.255383	130.594778	101.384334	0.002462	22.6
356	-1.235538	131.587509	100.724729	0.001941	20.3
357	-1.250507	131.371449	100.867555	0.002023	24.9
358	-1.222347	131.160089	101.007667	0.002025	19.7
359	-1.234286	130.944045	101.151286	0.002577	21.8
360	-1.226639	130.727971	101.295334	0.002738	20.3
361	-1.236283	131.727971	100.632094	0.002841	22.4
362	-1.256854	131.511897	100.774667	0.002095	19.6
363	-1.226233	131.312965	100.906285	0.001845	22.2
364	-1.248633	131.097073	101.049515	0.002853	19.7
365	-1.257765	130.881000	101.193273	0.002230	21.4
366	-1.248466	130.664935	101.337435	0.003098	20.0
367	-1.222981	131.626047	100.699297	0.002260	21.8
368	-1.257771	131.409973	100.842060	0.002289	20.6
369	-1.235346	131.570394	100.736029	0.003037	22.2
370	-1.268749	132.570386	100.080074	0.002490	20.2
371	-1.248312	133.570382	99.432603	0.003166	22.3
372	-1.256197	134.570382	98.793455	0.002510	20.1
373	-1.229677	134.354308	98.930861	0.002646	21.2
374	-1.270604	135.331809	98.312273	0.002575	32.4
375	-1.254854	136.331691	97.687475	0.002071	33.5
376	-1.213957	136.124368	97.816371	0.002142	30.7
377	-1.240056	135.908294	97.951071	0.002432	23.0
378	-1.241398	135.719564	98.069030	0.002904	20.5
379	-1.239476	135.503490	98.204427	0.002549	20.1
380	-1.207613	135.287444	98.340181	0.003020	21.6
381	-1.232695	136.287444	97.714955	0.002631	19.9
382	-1.232576	136.071370	97.849376	0.002484	22.0
383	-1.216420	135.887545	97.964026	0.002093	19.8
384	-1.243328	135.671471	98.099133	0.001861	22.6
385	-1.216430	135.455903	98.234297	0.002108	19.7
386	-1.253190	135.239989	98.370050	0.002248	21.7
387	-1.266892	135.023933	98.506269	0.001971	19.8
388	-1.223066	136.017650	97.882853	0.002074	22.1
389	-1.242112	136.561649	97.544902	0.002816	19.7
390	-1.243289	137.561643	96.929719	0.002177	21.8
391	-1.227679	138.561541	96.322306	0.002426	19.9
392	-1.203480	138.780486	96.190317	0.002392	22.7
393	-1.241690	139.778980	95.592941	0.002590	20.1
394	-1.231460	139.562910	95.721580	0.001852	21.8
395	-1.253203	139.346836	95.850569	0.003318	19.7
396	-1.265380	139.702614	95.638367	0.002235	21.5
397	-1.249028	140.702614	95.046921	0.002644	19.7
398	-1.246729	140.490084	95.172008	0.002139	22.0
399	-1.269000	141.490083	94.586299	0.002759	20.3
400	-1.234499	141.274009	94.712244	0.003419	22.5
401	-1.251225	142.274009	94.132162	0.002152	19.7
402	-1.233736	143.244070	93.576198	0.002844	22.3
403	-1.243557	143.028021	93.699451	0.003310	20.3
404	-1.251830	144.028021	93.131672	0.002280	22.6
405	-1.247416	143.811965	93.253761	0.002257	19.7
406	-1.251422	143.595891	93.376180	0.002502	22.1
407	-1.247928	143.389315	93.493519	0.002155	19.7
408	-1.229850	143.304745	93.541641	0.002449	21.6
409	-1.252093	143.089131	93.664556	0.002670	19.7
410	-1.247621	144.089131	93.097198	0.002455	21.8
411	-1.237480	143.873059	93.219206	0.002875	22.3
412	-1.262931	144.873059	92.657214	0.003220	22.8
413	-1.242912	145.873059	92.101959	0.002308	20.0
414	-1.243672	146.867448	91.556378	0.002058	21.9
415	-1.221423	146.651374	91.674378	0.002716	21.7
416	-1.233138	146.469499	91.773939	0.002710	23.5
417	-1.251364	146.253426	91.892500	0.002266	19.7
418	-1.240900	146.037539	92.011267	0.002842	22.0
419	-1.248038	145.821843	92.130235	0.002904	19.7
420	-1.240743	146.821843	91.581258	0.002531	23.6
421	-1.230292	146.671458	91.663398	0.002714	21.2
422	-1.259460	146.455384	91.781674	0.002406	23.3
423	-1.219112	146.323498	91.854018	0.002362	18.8
424	-1.240141	147.205420	91.372416	0.002765	22.0
425	-1.236951	146.989581	91.489814	0.002438	19.7
426	-1.256379	146.773647	91.607567	0.003128	21.6
427	-1.217074	147.773647	91.064783	0.002514	19.7
428	-1.245706	148.773647	90.528394	0.001962	22.0
429	-1.237244	149.773253	89.998494	0.001847	19.5
430	-1.263895	149.557179	90.112510	0.001777	21.4
431	-1.229718	149.341123	90.226807	0.001737	19.7
432	-1.226873	149.125123	90.341364	0.002338	22.4
433	-1.247875	148.909049	90.456251	0.002735	19.9
434	-1.243388	149.731391	90.020561	0.002911	21.9
435	-1.241536	150.731385	89.496370	0.002532	19.8
436	-1.264389	151.731385	88.978245	0.002400	21.9
437	-1.271696	151.619964	89.035678	0.002430	19.8
438	-1.273423	152.613809	88.525997	0.002572	21.9
439	-1.212997	152.397735	88.636311	0.002590	19.7
440	-1.245072	152.184924	88.745228	0.002528	22.0
441	-1.252855	151.968850	88.856089	0.002119	19.9
442	-1.242577	152.566713	88.550018	0.002291	25.5
443	-1.240446	152.350764	88.660328	0.003344	19.8
444	-1.247651	153.350764	88.151811	0.002516	21.7
445	-1.256917	153.134690	88.261194	0.002831	19.5
446	-1.255492	152.920832	88.369722	0.003036	21.7
447	-1.262876	153.920832	87.864523	0.002789	19.9
448	-1.236651	154.920818	87.365076	0.001976	22.1
449	-1.253938	154.704795	87.472488	0.002709	19.6
450	-1.250641	154.488766	87.580167	0.002554	22.0
451	-1.243474	155.437736	87.109118	0.002325	19.8
452	-1.233488	155.237085	87.208294	0.002488	21.7
453	-1.251125	155.021011	87.315346	0.002081	19.7
454	-1.253945	154.830830	87.409788	0.002502	21.8
455	-1.249378	154.636712	87.506395	0.002214	20.1
456	-1.246824	154.420638	87.614181	0.002225	23.0
457	-1.250477	154.204705	87.722162	0.002797	20.0
458	-1.220075	155.204705	87.224320	0.002002	21.1
459	-1.254069	156.204290	86.732300	0.002987	19.9
460	-1.252229	157.109100	86.291692	0.002846	21.9
461	-1.265116	158.109100	85.809909	0.002650	20.1
462	-1.247211	157.894441	85.912874	0.002250	21.3
463	-1.267954	158.891895	85.436509	0.002413	19.7
464	-1.247420	159.891892	84.964204	0.002492	21.7
465	-1.273239	160.891204	84.497410	0.002810	19.9
466	-1.247673	161.890495	84.035726	0.002235	21.7
467	-1.258585	162.890484	83.578743	0.002780	20.2
468	-1.241864	162.674410	83.677065	0.002489	21.9
469	-1.257762	163.674379	83.223973	0.002048	19.7
470	-1.234127	163.458305	83.321461	0.002183	21.8
471	-1.239093	163.740973	83.193973	0.002613	19.7
472	-1.244134	163.553600	83.278438	0.002719	21.9
473	-1.246554	163.337534	83.376050	0.002322	19.7
474	-1.254476	164.337534	82.926190	0.002171	21.2
475	-1.266489	164.123493	83.022070	0.002722	19.7
476	-1.238645	165.122799	82.576319	0.002315	22.0
477	-1.234558	165.456740	82.428426	0.002190	20.4
478	-1.237460	165.850148	82.254875	0.002120	21.8
479	-1.261607	165.634074	82.350105	0.002850	20.2
480	-1.243996	165.418000	82.445555	0.002678	22.1
481	-1.243496	166.417998	82.005654	0.001881	20.0
482	-1.247877	166.201966	82.100289	0.002233	22.4
483	-1.240033	165.985892	82.195161	0.002776	18.9
484	-1.262928	166.985046	81.758288	0.002079	22.0
485	-1.256772	167.982726	81.326669	0.002557	20.0
486	-1.276396	168.958520	80.908903	0.002622	21.2
487	-1.262623	169.958473	80.485224	0.002077	19.6
488	-1.267256	169.742458	80.576374	0.002112	21.9
489	-1.260480	169.526419	80.667740	0.002151	20.0
490	-1.265295	169.310362	80.759321	0.002087	22.4
491	-1.225255	169.096633	80.850120	0.002481	18.9
492	-1.238100	168.880559	80.942123	0.002822	21.2
493	-1.258009	169.880559	80.518077	0.002456	19.7
494	-1.237439	169.664485	80.609326	0.002136	22.2
495	-1.241969	169.581551	80.644404	0.003679	19.9
496	-1.238684	170.581551	80.223464	0.002101	25.1
497	-1.226295	170.590087	80.219889	0.002442	20.0
498	-1.232080	170.374013	80.310463	0.002701	21.1
499	-1.246929	171.374013	79.892992	0.002156	19.7
