1:ItNr	2:Metric	3a:Time	3b:StepSize	4:||Gradient||	Time[ms]
0	-0.860656	0.000000	4920.523288	0.005941	46006.6
1	-0.862794	0.000000	4920.523288	0.006590	31.1
2	-0.842765	1.000000	4696.863139	0.005745	31.9
3	-0.856648	2.000000	4492.651698	0.005198	31.6
4	-0.850007	3.000000	4305.457877	0.006778	24.2
5	-0.868736	3.987478	4135.310835	0.004907	30.3
6	-0.852103	4.987478	3976.183781	0.005937	25.7
7	-0.859458	4.076795	4120.581915	0.004496	30.2
8	-0.841685	5.055974	3965.731200	0.006793	28.0
9	-0.847150	4.145291	4109.357442	0.004005	31.9
10	-0.847628	5.145291	3952.183539	0.006638	26.4
11	-0.850131	6.144913	3806.642846	0.005647	31.5
12	-0.851239	7.144913	3671.391305	0.005942	26.0
13	-0.839333	8.144913	3545.421079	0.004537	38.2
14	-0.866276	9.144913	3427.808496	0.004691	25.8
15	-0.847032	10.143482	3317.901017	0.004091	36.0
16	-0.845098	9.319489	3408.071570	0.004071	26.2
17	-0.846718	10.319489	3299.255249	0.005266	33.7
18	-0.849424	11.319489	3197.172718	0.007135	26.9
19	-0.850206	10.408806	3289.873172	0.005715	32.4
20	-0.831292	11.408806	3188.361472	0.004560	23.7
21	-0.862593	12.408806	3092.926710	0.005523	31.1
22	-0.870299	13.408806	3003.039060	0.005948	28.1
23	-0.847713	12.499394	3084.562929	0.005384	38.6
24	-0.827485	12.983024	3040.664954	0.006876	29.0
25	-0.851814	13.983024	2953.746654	0.005917	39.5
26	-0.830525	14.983024	2871.659426	0.004618	28.9
27	-0.840582	15.983012	2794.012277	0.003323	36.2
28	-0.844577	15.072425	2864.542332	0.005400	27.5
29	-0.816773	14.161742	2938.733473	0.005947	30.2
30	-0.838240	15.161742	2857.467104	0.004903	26.8
31	-0.832102	14.313224	2926.127284	0.003783	33.7
32	-0.845729	13.504545	2994.706647	0.004969	25.2
33	-0.860574	13.737780	2974.599700	0.006351	33.3
34	-0.840391	14.737780	2891.365662	0.005235	23.7
35	-0.822343	15.737780	2812.662875	0.004501	29.1
36	-0.842530	16.737780	2738.131122	0.004062	27.2
37	-0.853823	15.841882	2804.715240	0.006215	35.0
38	-0.843533	16.841882	2730.598545	0.006570	24.0
39	-0.842534	15.931200	2797.932113	0.006414	33.2
40	-0.853118	16.931200	2724.168769	0.007713	26.5
41	-0.850287	17.931200	2654.194845	0.005819	33.9
42	-0.856867	17.020517	2717.769203	0.004517	23.8
43	-0.827108	16.109834	2784.463816	0.005597	31.6
44	-0.842678	17.109834	2711.399634	0.004277	23.7
45	-0.857941	16.199151	2777.778174	0.005251	28.7
46	-0.845340	15.296184	2846.882984	0.004828	24.5
47	-0.845605	16.295979	2770.566459	0.005361	26.8
48	-0.821336	15.385296	2839.910610	0.005239	24.8
49	-0.855837	16.098818	2785.290578	0.005826	38.0
50	-0.838312	17.098776	2712.186587	0.003730	36.3
51	-0.841094	18.098776	2642.819030	0.005145	47.6
52	-0.867925	17.748586	2666.703449	0.006002	41.5
53	-0.822709	18.748586	2599.614184	0.007002	30.7
54	-0.864636	19.748586	2535.817758	0.005785	52.4
55	-0.845385	20.748586	2475.077551	0.004667	30.6
56	-0.855409	21.748581	2417.179393	0.004678	36.7
57	-0.851046	22.748581	2361.927786	0.003810	32.5
58	-0.851928	23.748579	2309.145693	0.005803	44.9
59	-0.854122	22.837897	2357.115578	0.005944	30.3
60	-0.850353	23.837897	2304.545860	0.004879	44.1
61	-0.865193	22.927314	2352.317470	0.006643	32.6
62	-0.855400	23.927314	2299.959177	0.004651	38.2
63	-0.858277	24.914751	2250.496554	0.004351	33.1
64	-0.864037	25.914751	2202.526640	0.006348	48.3
65	-0.855316	25.004068	2246.127206	0.004736	31.5
66	-0.851788	24.109476	2290.671443	0.004876	42.1
67	-0.855253	25.108933	2241.018889	0.006664	33.6
68	-0.847060	26.108933	2193.447892	0.006523	32.6
69	-0.852467	25.198250	2236.686229	0.005742	22.0
70	-0.856851	26.139750	2192.013952	0.004777	27.6
71	-0.847388	25.229072	2235.194951	0.005126	24.8
72	-0.841936	24.318511	2280.105560	0.004187	29.1
73	-0.851935	25.318511	2230.878901	0.004332	24.4
74	-0.848642	24.409537	2275.534971	0.004840	29.4
75	-0.857461	25.409537	2226.503347	0.005388	24.3
76	-0.863976	26.088049	2194.420687	0.004826	29.2
77	-0.869180	25.177367	2237.697740	0.004883	26.8
78	-0.842319	26.177367	2190.266146	0.005196	30.7
79	-0.837881	27.177367	2144.803591	0.005917	37.7
80	-0.868090	26.266684	2186.127328	0.005185	44.9
81	-0.866121	25.356001	2229.074695	0.004923	30.8
82	-0.831301	26.323914	2183.483572	0.006135	25.1
83	-0.855216	27.323914	2138.299244	0.004682	27.2
84	-0.850045	28.323914	2094.947064	0.006115	27.5
85	-0.856171	27.413249	2134.353530	0.005953	24.1
86	-0.845620	28.410795	2091.263429	0.005769	32.9
87	-0.848452	27.500112	2130.530924	0.004697	24.2
88	-0.868145	26.601189	2170.764880	0.005181	29.0
89	-0.855244	25.690787	2213.091629	0.005558	24.4
90	-0.862108	26.685529	2166.925498	0.004819	30.0
91	-0.865483	27.685529	2122.416883	0.004788	23.8
92	-0.846474	28.685529	2079.699880	0.006499	28.7
93	-0.850078	27.774847	2118.530254	0.005447	23.9
94	-0.880155	28.774847	2075.967989	0.006057	29.7
95	-0.874897	29.761345	2035.623538	0.005699	26.6
96	-0.872125	28.850663	2072.810725	0.004817	28.1
97	-0.842382	27.939980	2111.381916	0.005530	25.5
98	-0.849782	28.168691	2101.560690	0.005599	29.6
99	-0.867305	29.164744	2059.832861	0.005953	24.5
100	-0.855360	28.254062	2097.918139	0.004215	29.2
101	-0.858731	27.343379	2137.438302	0.005461	26.6
102	-0.884350	26.433003	2178.461905	0.005429	28.9
103	-0.837891	27.433003	2133.483032	0.004881	23.8
104	-0.870112	28.433002	2090.323980	0.005603	28.5
105	-0.846535	27.537512	2128.889273	0.005392	23.7
106	-0.849978	28.537512	2085.913977	0.005198	28.1
107	-0.879073	27.626893	2124.976185	0.005047	23.9
108	-0.851635	28.626893	2082.157140	0.004772	29.3
109	-0.851070	29.626821	2041.032526	0.004905	24.8
110	-0.850076	28.716138	2078.419450	0.004283	38.6
111	-0.857338	29.716138	2037.438028	0.004679	27.7
112	-0.871838	30.715994	1998.047033	0.005314	32.9
113	-0.834149	29.947117	2028.200924	0.004271	27.9
114	-0.847624	29.036434	2065.114984	0.007174	35.1
115	-0.832358	30.036434	2024.651440	0.004582	23.5
116	-0.850522	31.036434	1985.743096	0.005791	39.5
117	-0.858965	30.125751	2021.114358	0.004459	29.1
118	-0.850579	29.215068	2057.768582	0.005134	30.8
119	-0.854007	28.325692	2094.871563	0.005658	26.4
120	-0.854268	27.415009	2134.275951	0.004568	32.8
121	-0.837892	28.303243	2095.825396	0.004955	26.6
122	-0.871483	27.392560	2135.266012	0.004173	31.9
123	-0.851213	28.392560	2092.035493	0.005732	23.7
124	-0.882856	27.482029	2131.325594	0.004249	29.2
125	-0.857630	27.222093	2142.814275	0.005165	26.2
126	-0.847898	28.221378	2099.311192	0.005792	30.2
127	-0.871189	29.221378	2057.510046	0.005585	23.5
128	-0.859868	30.221372	2017.341283	0.004607	28.8
129	-0.863007	29.310720	2053.856316	0.004854	24.2
130	-0.868955	28.400040	2091.718717	0.004595	29.0
131	-0.863889	29.400040	2050.216395	0.004014	25.8
132	-0.848178	28.489357	2087.943639	0.007653	32.7
133	-0.857390	27.578675	2127.085394	0.005269	26.7
134	-0.865610	26.676889	2167.318214	0.004637	42.9
135	-0.863358	27.676889	2122.793630	0.004708	24.2
136	-0.847045	27.736224	2120.209149	0.005728	34.9
137	-0.864333	28.736224	2077.580075	0.005517	23.7
138	-0.852093	29.736224	2036.631422	0.004614	33.8
139	-0.865722	30.736224	1997.265747	0.004776	26.7
140	-0.862451	31.736224	1959.392998	0.004156	32.9
141	-0.853649	30.825542	1993.823622	0.003227	26.3
142	-0.863885	31.825541	1956.080107	0.005001	34.5
143	-0.866030	30.914858	1990.393381	0.006607	24.9
144	-0.876222	31.914858	1952.778362	0.005860	33.4
145	-0.874900	32.914857	1916.558731	0.005190	25.8
146	-0.866549	32.004174	1949.487784	0.007001	34.6
147	-0.850929	31.093491	1983.568150	0.006620	24.5
148	-0.860872	32.093491	1946.208238	0.005548	31.1
149	-0.855728	31.182808	1980.173037	0.005340	26.5
150	-0.860256	32.144619	1944.335860	0.005292	34.3
151	-0.865393	31.235677	1978.168865	0.005484	24.7
152	-0.842969	32.235593	1941.013222	0.006427	32.1
153	-0.866009	33.235593	1905.224672	0.005020	26.3
154	-0.888124	34.235593	1870.731973	0.005305	33.7
155	-0.855748	33.756255	1887.108402	0.004793	25.4
156	-0.886226	34.244159	1870.441900	0.005860	31.3
157	-0.853169	33.333476	1901.792361	0.005523	25.1
158	-0.876628	34.333476	1867.422708	0.004317	33.1
159	-0.868973	33.422793	1898.671195	0.004009	22.5
160	-0.857205	34.370561	1866.171989	0.006074	29.1
161	-0.862154	35.370560	1833.066558	0.006428	24.5
162	-0.866243	34.459877	1863.166560	0.005518	31.4
163	-0.868438	35.459877	1830.166726	0.005504	24.5
164	-0.869013	36.459788	1798.318327	0.004747	30.5
165	-0.866669	37.459788	1767.556698	0.005562	25.5
166	-0.866948	38.459560	1737.836422	0.005497	38.9
167	-0.887138	37.548877	1764.867136	0.004826	26.9
168	-0.860258	38.548877	1735.229849	0.006339	33.4
169	-0.878871	37.643017	1762.033985	0.005363	26.0
170	-0.875918	38.574987	1734.469358	0.004596	33.9
171	-0.851682	39.574987	1705.835933	0.004203	24.4
172	-0.854064	40.574987	1678.132542	0.005609	32.0
173	-0.863520	41.572945	1651.368476	0.006732	27.6
174	-0.868154	40.662262	1675.757349	0.004496	34.0
175	-0.864746	39.751579	1700.877413	0.006211	23.1
176	-0.863576	38.841422	1726.746880	0.004205	31.9
177	-0.860811	39.841422	1698.365774	0.005093	25.4
178	-0.861339	38.933591	1724.091412	0.005630	34.6
179	-0.872100	39.933591	1695.796815	0.004889	24.2
180	-0.881763	40.933591	1668.415929	0.005635	33.3
181	-0.864108	40.022908	1693.314740	0.006554	25.9
182	-0.864578	41.021942	1666.039237	0.005099	33.2
183	-0.858373	41.933676	1641.902958	0.006508	26.7
184	-0.860144	41.022993	1666.011001	0.004857	30.0
185	-0.863884	40.112310	1690.837550	0.005375	28.0
186	-0.871908	39.201776	1716.410967	0.005906	33.4
187	-0.871498	40.201397	1688.376305	0.004129	26.0
188	-0.886543	41.201397	1661.232601	0.004501	36.6
189	-0.883133	42.201397	1634.947865	0.005619	25.3
190	-0.866859	41.290799	1658.848345	0.005688	30.5
191	-0.858603	40.563514	1678.445271	0.003974	27.0
192	-0.877639	39.681347	1702.845987	0.004638	33.7
193	-0.870185	38.777225	1728.601318	0.004437	24.1
194	-0.868361	39.480769	1708.493305	0.004849	31.5
195	-0.878815	40.478973	1680.753335	0.005006	26.3
196	-0.892798	41.478973	1653.852234	0.004595	35.2
197	-0.875973	42.478973	1627.798689	0.005188	24.0
198	-0.866498	43.478185	1602.572865	0.004660	30.3
199	-0.888242	42.567502	1625.531699	0.005534	25.4
200	-0.881732	43.567502	1600.356005	0.003743	35.3
201	-0.867839	42.659179	1623.190722	0.003958	23.6
202	-0.853365	43.659179	1598.086928	0.004672	33.5
203	-0.872591	44.332614	1581.614173	0.005421	28.4
204	-0.875392	43.421932	1603.972227	0.005743	32.5
205	-0.861516	44.421932	1579.454879	0.004789	27.0
206	-0.892849	45.421932	1555.675763	0.005340	35.2
207	-0.857097	46.421842	1532.604056	0.004146	24.3
208	-0.872795	47.421842	1510.204716	0.004217	32.5
209	-0.865473	48.421842	1488.450688	0.004110	25.5
210	-0.878941	47.895751	1499.816570	0.004893	34.7
211	-0.877278	46.985068	1519.907119	0.007243	26.6
212	-0.871688	47.985068	1497.874712	0.004709	32.1
213	-0.869176	48.398324	1488.955108	0.005555	26.4
214	-0.875166	49.221322	1471.504469	0.004589	32.4
215	-0.865586	50.221306	1450.843787	0.003964	26.1
216	-0.874027	51.221306	1430.754932	0.006436	32.0
217	-0.869674	52.094700	1413.659109	0.004323	25.5
218	-0.857387	53.094700	1394.580024	0.005130	31.9
219	-0.857761	54.094699	1376.009098	0.004918	27.6
220	-0.888052	54.890057	1361.587983	0.006256	32.2
221	-0.878688	55.890029	1343.880218	0.004630	26.0
222	-0.868276	56.890014	1326.626918	0.006240	32.0
223	-0.846203	57.890014	1309.810761	0.003936	31.9
224	-0.868142	57.166505	1321.934368	0.004092	50.4
225	-0.896690	57.878039	1310.009605	0.006259	38.8
226	-0.871562	56.967356	1325.310924	0.005722	72.5
227	-0.875207	56.056673	1340.973915	0.004952	58.0
228	-0.863779	55.145990	1357.011556	0.005355	48.4
229	-0.879204	56.145990	1339.421380	0.003764	46.8
230	-0.866492	56.885843	1326.697962	0.004784	46.0
231	-0.874428	55.984598	1342.229373	0.005782	59.7
232	-0.876523	56.984598	1325.017906	0.006365	63.4
233	-0.883420	57.984598	1308.242256	0.005897	77.6
234	-0.866953	57.134798	1322.470795	0.005509	63.1
235	-0.860841	57.999353	1307.997908	0.003966	40.0
236	-0.886736	57.088671	1323.251995	0.005256	42.9
237	-0.889954	56.178168	1338.862942	0.005092	46.3
238	-0.863787	55.549376	1349.860633	0.006692	44.3
239	-0.858615	56.549368	1332.454308	0.007182	47.6
240	-0.876078	57.549366	1315.491059	0.004909	56.1
241	-0.879860	56.638683	1330.921450	0.004885	57.5
242	-0.877220	55.728001	1346.718126	0.005706	55.7
243	-0.854642	54.817318	1362.894287	0.006483	60.8
244	-0.876734	53.906635	1379.463775	0.005185	50.7
245	-0.871753	54.004203	1377.669314	0.005481	56.9
246	-0.866063	55.004203	1359.543089	0.004731	46.1
247	-0.873361	54.093520	1376.030699	0.005000	37.0
248	-0.881908	55.093520	1357.947286	0.005293	51.2
249	-0.858092	56.093520	1340.333001	0.004568	49.4
250	-0.879815	55.182837	1356.355223	0.005961	49.6
251	-0.873574	56.182837	1338.781949	0.004793	46.1
252	-0.891213	55.272154	1354.766889	0.004061	39.4
253	-0.874693	54.361479	1371.138024	0.004613	39.3
254	-0.875455	55.361479	1353.182138	0.004461	66.5
255	-0.880040	56.361479	1335.690460	0.005437	41.2
256	-0.867052	55.450796	1351.601223	0.004846	43.5
257	-0.871053	56.450796	1334.150128	0.004895	41.3
258	-0.878867	57.450796	1317.143926	0.005408	31.3
259	-0.865586	57.653096	1313.756160	0.006482	33.0
260	-0.871436	58.650822	1297.299719	0.005312	23.3
261	-0.895904	57.740139	1312.303867	0.005553	32.1
262	-0.881340	58.728876	1296.029678	0.005269	29.5
263	-0.875301	57.818193	1311.004293	0.004553	35.0
264	-0.861388	58.817853	1294.584925	0.003464	39.2
265	-0.867761	59.817852	1278.566390	0.006807	33.7
266	-0.860986	60.817852	1262.939405	0.005675	32.8
267	-0.881557	61.817852	1247.689801	0.006542	28.6
268	-0.866347	62.817852	1232.804073	0.004607	34.9
269	-0.873561	61.907169	1246.345644	0.004742	25.1
270	-0.875032	60.996486	1260.188014	0.005702	30.9
271	-0.871157	60.085803	1274.341314	0.004339	25.8
272	-0.866201	59.175387	1288.811858	0.005747	29.6
273	-0.878130	58.264705	1303.619179	0.004220	28.5
274	-0.879795	59.264705	1287.377680	0.008119	32.1
275	-0.877199	58.359320	1302.064955	0.004287	27.9
276	-0.867307	59.358606	1285.873337	0.004885	31.6
277	-0.874978	58.799677	1294.879791	0.005288	26.7
278	-0.874776	59.799677	1278.853987	0.005843	34.8
279	-0.876458	60.799211	1263.227208	0.004674	25.4
280	-0.872416	59.888528	1277.449243	0.005573	34.8
281	-0.872171	58.977918	1291.993985	0.005824	28.2
282	-0.859203	58.067235	1306.874951	0.006517	33.1
283	-0.860528	57.156552	1322.102705	0.004610	31.4
284	-0.877517	57.816812	1311.027256	0.006888	33.3
285	-0.864235	58.808971	1294.728998	0.006043	25.7
286	-0.887726	59.808971	1278.706903	0.004390	33.4
287	-0.858561	58.898288	1293.281640	0.004912	25.6
288	-0.866990	59.898288	1277.295125	0.005013	31.7
289	-0.864623	60.898288	1261.699010	0.005948	27.3
290	-0.869153	61.898288	1246.479166	0.007576	32.3
291	-0.862518	60.987605	1260.324519	0.005299	27.0
292	-0.870728	61.987605	1245.137618	0.003900	32.6
293	-0.877505	61.076959	1258.952448	0.006351	25.9
294	-0.857070	62.076959	1243.798398	0.004724	31.1
295	-0.867513	61.166277	1257.583929	0.004417	26.9
296	-0.879311	60.255594	1271.678468	0.005424	30.6
297	-0.899437	61.255594	1256.218383	0.006972	27.5
298	-0.894401	60.344911	1270.282159	0.005497	35.5
299	-0.864168	60.737073	1264.187536	0.005956	24.8
300	-0.882576	59.826529	1278.429131	0.005490	31.5
301	-0.873236	58.915846	1292.997501	0.004807	25.7
302	-0.871904	58.005163	1307.901726	0.005419	34.3
303	-0.875456	58.036229	1307.387649	0.004599	25.3
304	-0.869818	57.125559	1322.627190	0.006474	31.5
305	-0.882582	57.239540	1320.700364	0.005217	26.9
306	-0.896434	58.239540	1304.033181	0.006264	32.6
307	-0.873067	57.965205	1308.563550	0.006365	26.0
308	-0.876465	57.054522	1323.830910	0.004848	32.7
309	-0.866712	58.054522	1307.085114	0.004223	26.8
310	-0.848378	57.143839	1322.317794	0.005904	31.2
311	-0.865669	56.234999	1337.877784	0.004801	25.9
312	-0.874411	57.229636	1320.867569	0.005226	31.3
313	-0.874845	58.229636	1304.196186	0.004323	25.0
314	-0.867575	57.318953	1319.361215	0.006351	34.1
315	-0.884371	57.817003	1311.024077	0.006081	39.3
316	-0.860570	58.816901	1294.600364	0.004309	42.7
317	-0.892965	59.816748	1278.583857	0.005404	41.8
318	-0.887188	58.912660	1293.049048	0.006002	25.0
319	-0.866380	59.912660	1277.068248	0.005314	31.9
320	-0.876715	60.912660	1261.477639	0.005131	21.8
321	-0.904369	61.563775	1251.529368	0.005779	28.9
322	-0.885871	60.653093	1265.487755	0.006205	25.3
323	-0.877895	59.742410	1279.761023	0.005087	32.6
324	-0.871774	58.831872	1294.357582	0.004479	27.6
325	-0.896645	59.524283	1283.227683	0.005846	33.2
326	-0.865617	60.524283	1267.487248	0.005414	26.6
327	-0.866372	59.613647	1281.805166	0.005437	36.6
328	-0.875190	60.613647	1266.099399	0.003834	24.3
329	-0.868842	61.613197	1250.780653	0.005491	30.6
330	-0.888374	62.609822	1235.871409	0.004308	25.6
331	-0.888974	63.609822	1221.264696	0.005849	28.9
332	-0.885039	64.609822	1206.999222	0.004105	26.0
333	-0.875603	63.700667	1219.954842	0.006813	29.8
334	-0.877605	62.789984	1233.214088	0.005470	26.7
335	-0.886568	61.879303	1246.764694	0.006216	31.1
336	-0.877248	60.968620	1260.616425	0.006078	26.1
337	-0.899372	61.968620	1245.422531	0.006456	29.6
338	-0.893555	62.968620	1230.590532	0.004927	24.8
339	-0.890426	62.059483	1244.060104	0.005519	29.5
340	-0.879735	63.059483	1229.260345	0.005764	24.7
341	-0.877449	62.148815	1242.723532	0.007453	31.3
342	-0.891009	61.238132	1256.485117	0.004668	24.6
343	-0.870005	60.327452	1270.554864	0.007352	29.6
344	-0.885574	59.416769	1284.943313	0.004916	25.6
345	-0.857204	60.416769	1269.161020	0.006699	29.6
346	-0.885256	59.601389	1282.000101	0.005669	24.4
347	-0.879032	58.695083	1296.579233	0.004421	28.3
348	-0.878410	59.695083	1280.511597	0.004139	25.1
349	-0.876590	60.695083	1264.837317	0.005456	31.1
350	-0.885432	59.784400	1279.095834	0.005220	24.6
351	-0.885325	60.784400	1263.455983	0.005029	29.7
352	-0.896311	61.784400	1248.193977	0.005621	25.0
353	-0.876167	62.784399	1233.296293	0.003830	29.9
354	-0.881843	63.784399	1218.750029	0.006521	24.5
355	-0.886655	64.784399	1204.542900	0.004615	30.3
356	-0.856394	65.784399	1190.663183	0.004374	24.9
357	-0.875393	64.873716	1203.290057	0.003857	30.3
358	-0.883757	63.963033	1216.187616	0.004968	25.8
359	-0.890799	63.946473	1216.424718	0.006930	30.9
360	-0.881925	64.946473	1202.271436	0.005915	24.7
361	-0.881163	65.946473	1188.443716	0.005338	29.4
362	-0.879128	65.035790	1201.023311	0.005420	25.2
363	-0.890102	66.035790	1187.224123	0.005684	30.9
364	-0.876728	65.176539	1199.061723	0.005033	26.0
365	-0.889499	64.283345	1211.619798	0.005957	30.1
366	-0.901925	63.372662	1224.697506	0.005257	26.3
367	-0.871642	62.461979	1238.060610	0.005607	32.3
368	-0.886711	61.551297	1251.718546	0.005029	23.1
369	-0.880674	62.535850	1236.965796	0.004113	29.9
370	-0.878035	63.534195	1222.357286	0.004235	25.3
371	-0.879591	64.534195	1208.066426	0.004789	32.1
372	-0.881159	63.637586	1220.864085	0.005268	24.7
373	-0.875143	64.637518	1206.608877	0.005212	31.6
374	-0.886234	65.637518	1192.681785	0.003237	25.0
375	-0.871884	64.726835	1205.351738	0.005743	31.6
376	-0.883867	63.816152	1218.293768	0.006122	25.4
377	-0.868443	64.816152	1204.097213	0.004493	34.5
378	-0.881173	63.905469	1217.012173	0.006561	25.7
379	-0.895305	64.894336	1203.001194	0.005253	33.0
380	-0.878081	65.894336	1189.156780	0.006511	25.5
381	-0.885088	64.983661	1201.751451	0.005121	31.4
382	-0.877322	65.983661	1187.935622	0.005273	25.2
383	-0.897060	66.983658	1174.433882	0.004727	31.0
384	-0.870981	66.072975	1186.717106	0.004143	24.6
385	-0.864704	65.162292	1199.259982	0.004826	33.2
386	-0.880944	66.162013	1185.504844	0.005330	23.2
387	-0.864972	65.320294	1197.064843	0.005761	30.9
388	-0.903271	66.319575	1183.365687	0.005375	25.1
389	-0.886839	65.408892	1195.837447	0.004794	43.8
390	-0.886503	66.408892	1182.156488	0.005523	23.9
391	-0.880307	67.408892	1168.785022	0.005859	32.6
392	-0.887319	68.408892	1155.712664	0.006766	25.3
393	-0.892119	69.329207	1143.937741	0.005995	32.3
394	-0.896025	70.329207	1131.412309	0.005532	28.9
395	-0.888614	71.329207	1119.158198	0.006355	35.1
396	-0.871211	70.418528	1130.306851	0.005228	23.7
397	-0.879200	69.525381	1141.458764	0.005267	30.3
398	-0.878736	70.525381	1128.987264	0.004381	27.4
399	-0.891492	69.614698	1140.333651	0.004690	30.2
400	-0.893781	68.704015	1151.910417	0.005527	25.9
401	-0.892007	67.793332	1163.724650	0.005894	29.7
402	-0.879992	68.793332	1150.764616	0.005193	25.4
403	-0.875390	69.793332	1138.090066	0.005699	30.1
404	-0.873625	70.793332	1125.691671	0.005346	24.9
405	-0.884622	71.793242	1113.561576	0.005652	31.2
406	-0.890773	72.791967	1101.704036	0.004730	24.8
407	-0.879913	71.881284	1112.506030	0.005212	29.6
408	-0.911515	71.343128	1118.989488	0.004322	23.7
409	-0.876105	71.168633	1121.107966	0.004989	28.4
410	-0.879010	70.259500	1132.276515	0.004621	24.0
411	-0.891322	69.349334	1143.682907	0.004942	29.5
412	-0.885456	68.438651	1155.328124	0.005571	24.0
413	-0.885282	69.438651	1142.553408	0.007066	28.7
414	-0.895537	68.527968	1154.175517	0.006146	25.3
415	-0.907703	67.617288	1166.036469	0.005817	29.8
416	-0.876961	68.617288	1153.025180	0.004983	24.0
417	-0.901969	69.617288	1140.301061	0.005780	29.4
418	-0.884424	68.758958	1151.205306	0.005276	24.0
419	-0.904014	67.855837	1162.906030	0.004920	29.3
420	-0.896587	66.945187	1174.947635	0.005401	24.5
421	-0.886504	66.034504	1187.241665	0.006131	29.1
422	-0.894502	67.034504	1173.755570	0.005961	24.4
423	-0.884434	68.034504	1160.572416	0.004366	29.6
424	-0.883030	69.034504	1147.682109	0.007460	24.7
425	-0.879105	70.034504	1135.074998	0.005622	29.1
426	-0.873901	71.034504	1122.741851	0.005887	24.7
427	-0.892308	70.123821	1133.962428	0.004616	29.7
428	-0.895277	69.213138	1145.409539	0.006539	24.4
429	-0.888144	70.213138	1132.852037	0.005408	29.1
430	-0.899018	69.302455	1144.276632	0.005261	24.2
431	-0.882293	69.993810	1135.582617	0.005363	29.3
432	-0.883292	70.993810	1123.238498	0.004551	24.8
433	-0.893444	71.966814	1111.482527	0.005275	32.5
434	-0.894383	71.375625	1118.595829	0.005296	23.4
435	-0.900027	70.464942	1129.733277	0.006444	28.3
436	-0.875444	69.554259	1141.094739	0.005733	24.4
437	-0.887706	70.554246	1128.631319	0.004394	32.6
438	-0.890387	71.554246	1116.437050	0.005216	22.1
439	-0.880455	72.554246	1104.503471	0.006426	27.2
440	-0.878901	73.002137	1099.240847	0.003710	24.9
441	-0.891578	72.091454	1109.994356	0.005625	29.4
442	-0.894162	73.091454	1098.197383	0.005803	24.0
443	-0.890265	74.091402	1086.649126	0.004610	29.1
444	-0.910786	73.180719	1097.156508	0.006722	23.5
445	-0.893562	72.315016	1107.335063	0.004635	28.6
446	-0.896540	71.404380	1118.247734	0.006126	23.4
447	-0.875513	72.377993	1106.588245	0.005339	27.3
448	-0.908736	73.377993	1094.863179	0.006072	24.7
449	-0.879823	72.467311	1105.530783	0.005771	31.1
450	-0.889642	71.556628	1116.408318	0.004247	24.3
451	-0.875073	70.645945	1127.502033	0.005639	29.1
452	-0.872395	69.741749	1138.737024	0.005073	23.8
453	-0.877452	70.741749	1126.324605	0.005924	28.7
454	-0.887384	69.831066	1137.617268	0.005976	24.6
455	-0.879012	70.831066	1125.229115	0.006597	28.3
456	-0.887904	71.831066	1113.107859	0.005226	24.1
457	-0.884528	72.831066	1101.244967	0.005964	29.4
458	-0.885024	73.828622	1089.660349	0.005572	24.1
459	-0.905273	72.917939	1100.226329	0.005579	31.2
460	-0.894543	72.007256	1110.999223	0.005325	23.5
461	-0.899415	72.234441	1108.292038	0.005115	29.1
462	-0.882600	71.323759	1119.224245	0.005668	23.6
463	-0.894315	72.323759	1107.231326	0.005472	28.6
464	-0.890833	73.323758	1095.492703	0.004849	24.2
465	-0.889536	74.323758	1084.000366	0.005562	27.8
466	-0.880185	73.413082	1094.456260	0.004831	24.7
467	-0.883849	74.413082	1082.985545	0.005690	30.2
468	-0.871532	75.412950	1071.754246	0.005598	24.4
469	-0.890254	76.412741	1060.754352	0.005680	28.4
470	-0.887551	77.412741	1049.975724	0.004339	24.4
471	-0.901821	77.847922	1045.353170	0.005534	28.9
472	-0.887390	78.847922	1034.883722	0.004855	23.4
473	-0.903004	79.847922	1024.621897	0.007342	28.2
474	-0.885137	80.847922	1014.561585	0.005051	23.8
475	-0.897429	81.847922	1004.696907	0.004406	29.8
476	-0.877752	82.847922	995.022213	0.005065	23.8
477	-0.881642	81.941417	1003.784403	0.005850	28.6
478	-0.892099	82.907112	994.455402	0.005223	24.0
479	-0.885610	81.996698	1003.245645	0.006510	27.8
480	-0.898303	81.086015	1012.195339	0.006285	24.2
481	-0.914700	82.086015	1002.376400	0.005734	29.0
482	-0.891455	83.086015	992.746130	0.006188	23.7
483	-0.884663	84.086015	983.299144	0.004515	27.3
484	-0.866173	83.175333	991.894973	0.005434	23.9
485	-0.884523	82.265872	1000.630577	0.003143	28.0
486	-0.892524	83.227206	991.401317	0.006488	24.0
487	-0.900522	82.689868	996.538922	0.005362	29.9
488	-0.879670	83.229976	991.374964	0.005266	23.9
489	-0.891586	84.227760	981.974612	0.005809	33.4
490	-0.886715	85.227215	972.735554	0.005379	38.6
491	-0.905012	84.316532	981.146899	0.005105	54.8
492	-0.906923	85.316532	971.918354	0.005016	56.4
493	-0.897913	86.316532	962.861796	0.004450	47.7
494	-0.875559	87.316509	953.972671	0.005979	61.7
495	-0.882485	86.405826	962.061306	0.005694	40.7
496	-0.901688	85.495148	970.288236	0.004844	31.8
497	-0.902210	86.495148	961.261891	0.005057	34.4
498	-0.898951	87.495148	952.401938	0.005509	43.8
499	-0.891409	88.495148	943.703818	0.006610	41.4
