1:ItNr	2:Metric	3a:Time	3b:StepSize	4:||Gradient||	Time[ms]
0	-0.875545	0.000000	3499.434875	0.004612	46658.8
1	-0.881785	0.000000	3499.434875	0.006556	33.2
2	-0.869031	1.000000	3340.369653	0.006497	27.1
3	-0.869896	2.000000	3195.136190	0.004685	22.8
4	-0.867106	3.000000	3062.005516	0.007394	22.4
5	-0.890464	2.193510	3168.478211	0.005502	34.3
6	-0.868763	3.193510	3037.514239	0.004298	25.1
7	-0.877963	2.256357	3159.915959	0.006078	25.3
8	-0.861327	3.256357	3029.644294	0.005388	24.6
9	-0.858466	4.256356	2909.688651	0.004350	27.3
10	-0.862462	5.256301	2798.876094	0.004613	35.5
11	-0.868154	4.319123	2902.475470	0.005544	27.0
12	-0.868937	5.319123	2792.195370	0.005431	24.8
13	-0.865525	6.319123	2689.988743	0.005684	23.7
14	-0.882425	7.319123	2595.000322	0.005573	31.7
15	-0.862777	6.381945	2683.817148	0.005153	32.5
16	-0.868606	5.444767	2778.929145	0.004026	23.3
17	-0.864102	5.328992	2791.148772	0.006134	25.7
18	-0.861250	6.328992	2689.017350	0.004867	23.2
19	-0.859144	7.328992	2594.096309	0.004859	23.7
20	-0.853819	8.328464	2505.693183	0.003753	24.9
21	-0.884615	9.328463	2423.074750	0.005084	25.6
22	-0.883491	10.328463	2345.730554	0.004585	34.7
23	-0.864900	11.327970	2273.205941	0.006642	28.0
24	-0.839137	12.327970	2204.998787	0.005842	26.0
25	-0.877190	13.327969	2140.765497	0.003566	25.5
26	-0.859342	14.327969	2080.168595	0.005070	26.9
27	-0.859546	15.309814	2023.919266	0.005779	24.9
28	-0.852199	14.372636	2077.541867	0.005268	22.9
29	-0.833351	15.372631	2020.423902	0.004367	25.5
30	-0.851474	16.372631	1966.362310	0.006677	24.4
31	-0.839780	15.454440	2015.889740	0.005418	25.7
32	-0.860891	16.454440	1962.067290	0.005613	23.0
33	-0.881250	17.454414	1911.045425	0.006116	24.9
34	-0.862274	18.454411	1862.608773	0.005753	24.4
35	-0.836196	19.454411	1816.566606	0.005348	24.4
36	-0.860460	20.454411	1772.745779	0.005060	22.7
37	-0.879553	21.454410	1730.989350	0.003995	22.1
38	-0.859242	20.527134	1769.641321	0.004676	22.6
39	-0.861263	21.513299	1728.591620	0.005071	24.9
40	-0.863272	22.513295	1688.866181	0.005002	22.4
41	-0.871425	21.576117	1726.041209	0.005885	22.3
42	-0.871814	21.585775	1725.649762	0.005505	24.7
43	-0.854942	22.585775	1686.057721	0.005312	22.6
44	-0.861623	21.687361	1721.543114	0.005508	24.4
45	-0.869941	20.756414	1759.924424	0.004724	23.2
46	-0.859505	20.869327	1755.178240	0.004999	25.4
47	-0.863588	21.429293	1732.014075	0.006002	27.9
48	-0.844123	22.372597	1694.344758	0.004300	26.8
49	-0.876833	21.435419	1731.764036	0.005905	23.9
50	-0.857068	20.595861	1766.717413	0.004537	28.1
51	-0.859035	21.595861	1725.241144	0.005278	28.0
52	-0.882034	20.658683	1764.053176	0.006711	26.4
53	-0.847306	21.658683	1722.700442	0.004594	26.5
54	-0.882417	22.658683	1683.242077	0.005767	29.5
55	-0.874893	21.721505	1720.167217	0.005864	29.2
56	-0.876973	22.721505	1680.823486	0.006295	28.2
57	-0.868435	23.721505	1643.239252	0.005704	31.4
58	-0.861466	24.721505	1607.299069	0.004589	36.3
59	-0.865645	24.363215	1619.993928	0.005957	27.3
60	-0.864317	25.363215	1585.052565	0.007044	37.7
61	-0.879755	24.426037	1617.753558	0.005314	29.9
62	-0.873846	25.426037	1582.907733	0.004995	25.9
63	-0.876423	26.426008	1549.532327	0.006117	27.9
64	-0.885600	27.426008	1517.534391	0.004777	22.0
65	-0.880552	26.489413	1547.463490	0.005465	24.5
66	-0.869506	25.552323	1578.613653	0.004882	34.7
67	-0.873552	24.704799	1607.886567	0.005582	24.5
68	-0.865016	25.704799	1573.459985	0.006006	23.9
69	-0.876955	26.704799	1540.476721	0.003426	24.3
70	-0.882074	27.704799	1508.847872	0.005663	25.1
71	-0.858850	28.566118	1482.628358	0.005137	28.0
72	-0.864206	29.380214	1458.670507	0.006456	29.1
73	-0.872835	30.380214	1430.280775	0.004845	28.2
74	-0.867022	29.456590	1456.462520	0.005506	24.6
75	-0.876443	30.456590	1428.157836	0.005069	25.1
76	-0.891551	29.558074	1453.539000	0.006396	25.6
77	-0.882300	29.293869	1461.174760	0.006604	26.8
78	-0.858193	30.293869	1432.688416	0.005547	24.1
79	-0.864495	29.356691	1459.351887	0.004073	25.8
80	-0.891405	30.356691	1430.935885	0.005840	23.6
81	-0.873319	31.356691	1403.605359	0.003991	24.5
82	-0.844942	30.423559	1429.075177	0.006451	24.7
83	-0.872338	31.210914	1407.524342	0.005719	29.3
84	-0.870669	32.210914	1381.072545	0.005073	23.2
85	-0.874893	33.210914	1355.596631	0.005908	24.1
86	-0.859996	34.210872	1331.044586	0.004509	23.2
87	-0.868363	35.210803	1307.366699	0.005691	24.3
88	-0.880609	34.274462	1329.513293	0.005457	24.9
89	-0.868617	35.274462	1305.887775	0.005589	24.5
90	-0.878182	36.274462	1283.087254	0.005498	25.1
91	-0.873083	37.274281	1261.073179	0.005543	23.3
92	-0.871890	38.008495	1245.382252	0.006589	26.1
93	-0.865475	37.071320	1265.480650	0.004527	23.0
94	-0.893629	37.883490	1248.026106	0.005892	23.4
95	-0.879727	38.866170	1227.540244	0.005112	23.0
96	-0.886631	37.928991	1247.062448	0.004790	23.1
97	-0.861505	36.991816	1267.215573	0.004118	22.6
98	-0.867481	37.991816	1245.734364	0.004409	22.7
99	-0.881387	37.055685	1265.821461	0.006575	26.6
100	-0.875660	38.055685	1244.387090	0.005532	25.5
101	-0.883356	39.055685	1223.666536	0.005519	25.7
102	-0.901954	38.122155	1242.988049	0.005985	25.8
103	-0.857173	37.184977	1263.008701	0.005972	23.7
104	-0.886526	38.184976	1241.668707	0.004834	24.8
105	-0.868101	37.247800	1261.646481	0.005946	24.4
106	-0.870597	38.247800	1240.352080	0.005687	25.4
107	-0.893477	39.247800	1219.764571	0.005890	26.5
108	-0.865870	40.247799	1199.849352	0.004986	26.0
109	-0.864667	41.247799	1180.573982	0.004849	24.1
110	-0.876824	42.243812	1161.981380	0.005674	25.8
111	-0.880962	41.955046	1167.311236	0.006539	25.5
112	-0.877987	42.030118	1165.920915	0.004681	25.3
113	-0.848325	41.153813	1182.359205	0.006855	24.1
114	-0.866765	42.153813	1163.637308	0.003976	23.2
115	-0.852755	43.153813	1145.499067	0.005023	24.6
116	-0.857757	42.368885	1159.687952	0.005355	22.9
117	-0.878776	41.431707	1177.096320	0.006389	22.4
118	-0.869910	40.494529	1195.035296	0.006402	26.0
119	-0.869687	39.558155	1213.513396	0.006691	23.2
120	-0.868816	40.558155	1193.800112	0.005501	23.5
121	-0.854639	39.620977	1212.255824	0.003997	23.7
122	-0.888373	40.620677	1192.588852	0.005036	24.9
123	-0.872953	39.683499	1211.006842	0.005823	27.8
124	-0.897737	40.682849	1191.386797	0.005294	25.7
125	-0.867593	41.647798	1173.036169	0.006524	23.4
126	-0.865803	42.018961	1166.127325	0.005630	23.2
127	-0.889802	41.081816	1183.730383	0.005082	23.6
128	-0.879988	42.081816	1164.965381	0.004945	24.0
129	-0.873042	43.081802	1146.786297	0.005320	24.4
130	-0.891670	42.146706	1163.768255	0.005473	24.5
131	-0.882773	41.209530	1181.300242	0.004275	24.7
132	-0.871973	40.272352	1199.368561	0.006717	27.1
133	-0.874831	41.272352	1180.108512	0.004628	29.6
134	-0.888028	42.272352	1161.457261	0.003617	28.6
135	-0.882713	43.272352	1143.386392	0.005343	26.7
136	-0.868335	42.340705	1160.203884	0.005910	32.3
137	-0.874812	43.340705	1142.171693	0.005104	36.0
138	-0.874993	42.403527	1159.054322	0.006279	34.6
139	-0.882992	43.403527	1141.057570	0.005030	25.7
140	-0.871253	42.560627	1156.189551	0.004965	26.8
141	-0.870499	43.536585	1138.705002	0.005326	25.6
142	-0.878039	43.436441	1140.474717	0.005768	24.2
143	-0.884127	44.436242	1123.049406	0.006457	23.2
144	-0.884368	43.499064	1139.367430	0.005877	23.5
145	-0.890398	44.498007	1121.990367	0.005203	25.8
146	-0.879323	45.497030	1105.134063	0.004853	25.1
147	-0.873569	46.497030	1088.760986	0.005013	39.8
148	-0.879191	47.497029	1072.865990	0.004630	23.5
149	-0.869741	48.497029	1057.428409	0.004832	34.3
150	-0.883529	49.497016	1042.428984	0.006394	30.4
151	-0.883330	49.302606	1045.311638	0.004745	23.6
152	-0.865457	48.365428	1059.434569	0.004769	27.2
153	-0.879199	47.462083	1073.413624	0.005084	23.1
154	-0.894243	46.524905	1088.311530	0.006015	23.9
155	-0.867249	47.524905	1072.429545	0.006476	27.9
156	-0.899402	48.524905	1057.004432	0.006294	24.1
157	-0.866614	47.587727	1071.447269	0.004510	22.1
158	-0.888540	48.587727	1056.050197	0.003913	24.3
159	-0.887337	49.587727	1041.089378	0.005757	26.7
160	-0.871126	48.650551	1055.097651	0.005440	22.9
161	-0.877483	47.713373	1069.488067	0.003602	34.7
162	-0.878144	46.898700	1082.320163	0.005589	24.1
163	-0.884404	47.816171	1067.890453	0.005224	23.7
164	-0.886962	48.816138	1052.595212	0.006929	25.6
165	-0.882380	47.902833	1066.547326	0.004605	25.6
166	-0.874853	46.965655	1081.253942	0.005260	26.4
167	-0.894849	46.035701	1096.253653	0.004133	24.1
168	-0.874217	47.035701	1080.140736	0.005564	22.5
169	-0.899996	46.098524	1095.227253	0.007028	28.9
170	-0.887059	45.268248	1108.949370	0.007724	35.9
171	-0.864017	46.268223	1092.464299	0.004215	26.3
172	-0.876935	47.268223	1076.461768	0.005431	26.4
173	-0.883847	46.331051	1091.444910	0.006328	23.9
174	-0.883697	46.948747	1081.523000	0.005243	23.8
175	-0.885385	46.011569	1096.648443	0.007235	25.5
176	-0.881925	47.010223	1080.545388	0.004433	38.0
177	-0.878717	47.993608	1065.144070	0.006453	25.7
178	-0.885497	48.993608	1049.926337	0.005939	23.9
179	-0.889192	49.993588	1035.137597	0.005435	32.8
180	-0.899529	49.056410	1048.985127	0.005168	33.0
181	-0.880120	48.119252	1063.207867	0.006680	35.8
182	-0.885276	49.119250	1048.045038	0.006157	22.5
183	-0.871739	48.182072	1062.242428	0.004597	25.3
184	-0.887358	49.168376	1047.311290	0.006074	25.7
185	-0.873642	48.231198	1061.488673	0.004787	26.5
186	-0.895889	47.308238	1075.831180	0.005415	24.2
187	-0.881168	48.308225	1060.308967	0.004452	37.7
188	-0.908699	49.308225	1045.228103	0.005635	47.4
189	-0.890874	50.308216	1030.570343	0.004832	36.1
190	-0.882945	51.308216	1016.317878	0.005751	29.3
191	-0.879366	50.371038	1029.663219	0.004421	25.4
192	-0.886912	49.441287	1043.253693	0.005699	22.1
193	-0.877534	50.441287	1028.650741	0.006467	37.7
194	-0.872917	51.441260	1014.451329	0.005522	28.1
195	-0.889900	52.441260	1000.638231	0.005870	26.7
196	-0.901864	53.441260	987.196247	0.005581	25.3
197	-0.889876	52.504082	999.783012	0.008329	23.4
198	-0.881030	53.504082	986.363842	0.006090	25.0
199	-0.893303	54.504082	973.300126	0.006663	24.4
200	-0.894088	53.566906	985.532805	0.004994	25.0
201	-0.890237	52.933735	993.972949	0.005870	25.7
202	-0.878926	53.933734	980.708266	0.006400	23.4
203	-0.885082	52.996556	993.129091	0.006794	36.5
204	-0.889297	53.996556	979.886761	0.005919	29.1
205	-0.877926	53.454474	987.021038	0.004550	25.9
206	-0.905977	53.178057	990.699075	0.005863	38.0
207	-0.863929	54.170689	977.616857	0.004794	26.7
208	-0.883011	53.233738	989.955975	0.004117	26.4
209	-0.881123	52.296561	1002.613651	0.004693	25.5
210	-0.889801	51.368159	1015.476057	0.006841	39.7
211	-0.894735	50.521475	1027.497439	0.006366	26.7
212	-0.887868	51.521475	1013.329257	0.006160	26.0
213	-0.889418	52.521474	999.546510	0.005011	25.7
214	-0.879227	51.584296	1012.452236	0.007480	23.1
215	-0.890352	52.036958	1006.177350	0.007442	33.9
216	-0.885165	51.100643	1019.243790	0.004344	27.9
217	-0.884976	52.100643	1005.300769	0.005791	27.4
218	-0.876593	51.163465	1018.356487	0.006048	24.7
219	-0.875842	52.163465	1004.437566	0.006019	23.1
220	-0.891780	53.163465	990.894003	0.006590	22.5
221	-0.896105	54.163465	977.710816	0.004929	24.4
222	-0.882374	55.163465	964.873811	0.005324	23.5
223	-0.861244	54.226614	976.890070	0.004768	38.5
224	-0.877300	53.289437	989.213746	0.005061	23.1
225	-0.907346	53.644018	984.514698	0.006351	29.4
226	-0.887693	54.644018	971.499595	0.006620	24.3
227	-0.888041	53.706841	983.686789	0.005041	24.7
228	-0.883045	52.769677	996.183466	0.005253	24.8
229	-0.894843	53.751518	983.098859	0.005350	25.7
230	-0.881378	54.751518	970.120916	0.006113	24.2
231	-0.884265	54.745517	970.197775	0.004673	27.3
232	-0.896722	55.745517	957.556023	0.005889	27.4
233	-0.897398	54.816636	969.287693	0.006871	34.6
234	-0.879688	54.072300	978.898110	0.005463	25.9
235	-0.875226	53.135122	991.272837	0.006348	24.8
236	-0.899694	52.219869	1003.663811	0.004497	27.0
237	-0.894552	53.219869	990.140966	0.005129	33.7
238	-0.880781	52.282692	1002.803400	0.006490	23.6
239	-0.875032	51.345514	1015.793914	0.006641	24.2
240	-0.888829	52.169752	1004.351258	0.004841	25.3
241	-0.884328	51.232574	1017.382165	0.003746	35.0
242	-0.894189	52.232574	1003.489684	0.005405	30.7
243	-0.857895	53.232574	989.971499	0.004688	24.3
244	-0.896020	52.470467	1000.240441	0.006223	36.0
245	-0.888803	53.470467	986.809070	0.004265	28.6
246	-0.878589	54.470467	973.733637	0.004718	24.4
247	-0.887539	55.463695	961.085284	0.005520	22.5
248	-0.894167	56.463695	948.678374	0.006355	24.0
249	-0.867190	57.463695	936.587707	0.006377	22.5
250	-0.891194	56.526517	947.909633	0.006987	23.8
251	-0.896819	55.589339	959.508636	0.006837	22.8
252	-0.887251	56.589339	947.142135	0.006011	26.7
253	-0.884795	56.973137	942.480126	0.006618	34.9
254	-0.889679	57.973137	930.545940	0.005065	26.4
255	-0.899190	58.973116	918.910459	0.005152	25.3
256	-0.875639	59.973116	907.562118	0.004649	23.5
257	-0.872076	59.387595	914.172543	0.006081	37.2
258	-0.895498	58.450845	924.950923	0.006080	25.7
259	-0.880430	59.450845	913.453829	0.005222	25.8
260	-0.884396	58.513667	924.220140	0.005724	26.3
261	-0.896124	59.513667	912.741093	0.005570	25.9
262	-0.896145	58.576489	923.490511	0.004564	35.2
263	-0.878697	59.576489	912.029469	0.005437	25.7
264	-0.884730	58.639585	922.758853	0.005223	25.6
265	-0.888723	59.639585	911.315852	0.006640	40.9
266	-0.866911	58.702407	922.031528	0.005443	26.7
267	-0.884319	57.765229	933.002203	0.004949	25.0
268	-0.874996	58.765226	921.305391	0.005817	26.0
269	-0.890718	59.765226	909.898188	0.007396	33.4
270	-0.889063	59.269946	915.512417	0.005293	27.8
271	-0.887792	58.332768	926.327597	0.005169	24.9
272	-0.877041	57.395590	937.401357	0.004422	26.8
273	-0.882713	58.387158	925.692947	0.006291	24.7
274	-0.900229	59.387158	914.177513	0.005784	27.9
275	-0.889824	58.449981	924.960986	0.004455	31.9
276	-0.877427	59.449981	913.463643	0.004631	23.6
277	-0.879340	60.449981	902.248617	0.006205	23.6
278	-0.892703	59.512807	912.750846	0.005167	24.8
279	-0.896121	60.512807	901.553209	0.006617	26.5
280	-0.884977	59.575671	912.038724	0.005029	25.1
281	-0.884573	60.575671	900.858445	0.005751	23.7
282	-0.871807	59.638493	911.328194	0.004493	24.5
283	-0.876196	58.701590	922.040977	0.005191	24.7
284	-0.890773	59.700405	910.629037	0.005466	22.1
285	-0.871944	58.763229	921.328455	0.006065	24.9
286	-0.894421	59.763229	909.920684	0.004038	23.2
287	-0.874688	58.830267	920.554759	0.005654	23.5
288	-0.878688	58.983184	918.794785	0.004780	22.6
289	-0.881706	58.046006	929.688116	0.004945	22.6
290	-0.881515	57.130239	940.585017	0.004666	23.4
291	-0.882895	58.129861	928.702915	0.006389	25.1
292	-0.887329	58.542495	923.885183	0.006425	24.2
293	-0.888987	57.605333	934.900082	0.006149	24.9
294	-0.869541	56.668155	946.180997	0.005075	28.4
295	-0.885889	55.730977	957.737478	0.004349	24.5
296	-0.897546	56.730977	945.416296	0.005969	23.3
297	-0.899551	57.730965	933.408247	0.005348	25.5
298	-0.903784	58.730965	921.701274	0.004273	25.3
299	-0.879566	57.793811	932.663761	0.004703	30.7
300	-0.885054	56.856634	943.890442	0.004004	24.7
301	-0.885503	55.919456	955.390698	0.005448	24.9
302	-0.870995	55.106318	965.598314	0.005479	25.6
303	-0.885011	54.169255	977.635502	0.005978	23.5
304	-0.885902	53.232077	989.978125	0.007619	26.5
305	-0.903236	53.672954	984.133184	0.006304	25.7
306	-0.902056	52.978258	993.374741	0.007364	24.5
307	-0.885079	53.978258	980.125903	0.005330	26.2
308	-0.887020	54.978258	967.225819	0.004054	24.7
309	-0.876845	55.978258	954.660897	0.005601	21.9
310	-0.860210	56.922903	943.087719	0.006230	26.5
311	-0.875915	57.922903	931.138238	0.005994	22.9
312	-0.897959	58.922903	919.487782	0.005949	22.3
313	-0.883847	57.985724	930.397650	0.005203	21.9
314	-0.874131	57.468338	936.532288	0.005214	22.1
315	-0.891212	58.468338	924.747314	0.004880	31.6
316	-0.877377	59.468338	913.255250	0.007802	27.1
317	-0.896673	58.531160	924.016853	0.004833	24.7
318	-0.894656	59.531160	912.542824	0.006038	22.8
319	-0.875532	58.593982	923.287545	0.005867	22.1
320	-0.888534	59.538345	912.461419	0.005035	23.5
321	-0.906616	60.538345	901.270838	0.005702	24.1
322	-0.887093	61.538345	890.351418	0.005267	33.6
323	-0.878475	62.538345	879.693422	0.004481	23.2
324	-0.887960	61.632019	889.342093	0.003754	22.2
325	-0.911493	60.694841	899.544352	0.006117	24.4
326	-0.880083	59.757662	909.983401	0.006152	22.8
327	-0.877848	58.820484	920.667582	0.006509	22.4
328	-0.888882	59.820483	909.276081	0.004129	23.3
329	-0.883937	58.883443	919.941976	0.006313	22.1
330	-0.900246	59.648705	911.212805	0.005331	24.0
331	-0.893414	58.790580	921.012635	0.006059	22.2
332	-0.894662	57.854029	931.951521	0.004879	24.9
333	-0.881424	56.916868	943.160759	0.006420	22.4
334	-0.888591	55.979729	954.642651	0.005759	24.2
335	-0.898642	55.046314	966.360218	0.006585	23.5
336	-0.883538	56.046314	953.817630	0.005722	24.2
337	-0.909673	57.046313	941.596459	0.006435	25.5
338	-0.901041	56.346141	950.120222	0.006533	27.0
339	-0.897967	57.346141	937.993010	0.005116	26.5
340	-0.892490	56.408963	949.349143	0.005898	25.8
341	-0.883874	57.366846	937.745185	0.004978	25.1
342	-0.905501	58.327362	926.390729	0.004094	27.8
343	-0.895841	57.524472	935.862805	0.005933	24.6
344	-0.892142	56.587294	947.167106	0.005725	22.9
345	-0.864137	55.650132	958.747634	0.005923	23.2
346	-0.900343	54.712954	970.615052	0.005416	24.0
347	-0.893037	53.775776	982.779942	0.005708	24.7
348	-0.878572	52.838597	995.253633	0.005343	24.9
349	-0.884952	51.901419	1008.048032	0.005005	25.4
350	-0.898993	51.555003	1012.860995	0.006043	23.8
351	-0.894637	52.555003	999.090878	0.005848	24.4
352	-0.913151	53.555003	985.690156	0.006694	23.2
353	-0.891936	52.654712	997.738374	0.008172	25.2
354	-0.893077	51.717537	1010.597104	0.006809	22.3
355	-0.897116	52.716792	996.898129	0.004484	24.3
356	-0.863751	53.702979	983.737647	0.006190	28.3
357	-0.895932	52.768436	996.200227	0.004383	27.5
358	-0.891785	53.768436	982.876420	0.003974	27.6
359	-0.891596	52.843468	995.187986	0.004504	24.5
360	-0.897452	51.906299	1007.980561	0.004617	24.2
361	-0.896165	51.151560	1018.524513	0.007175	30.2
362	-0.888607	50.336430	1030.162739	0.006395	24.0
363	-0.895974	49.399252	1043.876606	0.006621	22.8
364	-0.889724	48.606084	1055.771688	0.004465	23.6
365	-0.898390	49.504189	1042.322919	0.006050	24.8
366	-0.902520	50.504156	1027.746311	0.004053	25.5
367	-0.882253	51.053102	1019.916291	0.006175	23.0
368	-0.898632	50.115924	1033.356926	0.004645	27.3
369	-0.885267	51.115924	1019.027817	0.004648	22.6
370	-0.893709	50.382222	1029.501885	0.006233	23.2
371	-0.892537	51.382222	1015.278754	0.004597	22.3
372	-0.886648	50.455420	1028.447287	0.005781	22.7
373	-0.888648	49.518243	1042.115192	0.005817	24.7
374	-0.899956	50.518242	1027.543889	0.005178	28.3
375	-0.884315	51.225460	1017.482370	0.005380	30.2
376	-0.889511	52.225460	1003.587171	0.005051	23.3
377	-0.882160	53.009860	992.950566	0.007147	30.1
378	-0.896158	54.007433	979.744664	0.006451	25.1
379	-0.919026	55.007433	966.854548	0.005931	24.8
380	-0.892909	54.070255	978.924773	0.004776	22.3
381	-0.891799	55.070255	966.056080	0.004567	22.0
382	-0.876825	56.070255	953.521334	0.006401	22.8
383	-0.903422	55.556221	959.923717	0.005989	25.1
384	-0.886918	54.619043	971.820448	0.005440	22.7
385	-0.878385	53.681865	984.015761	0.006660	23.2
386	-0.893439	53.188819	990.555358	0.007196	23.4
387	-0.876633	54.188819	977.381128	0.003843	23.3
388	-0.912763	53.251678	989.716793	0.005024	22.9
389	-0.895268	54.248582	976.604883	0.004607	23.6
390	-0.897415	55.248572	963.796837	0.004717	22.9
391	-0.894305	54.311394	975.790364	0.005053	23.7
392	-0.903383	53.378396	988.030617	0.004827	23.9
393	-0.899500	54.378396	974.923007	0.004986	23.7
394	-0.903615	53.441244	987.196464	0.004752	24.8
395	-0.905504	54.441244	974.110830	0.004921	26.1
396	-0.881035	53.504066	986.364057	0.004894	22.6
397	-0.884556	52.566891	998.929429	0.005246	22.3
398	-0.897223	51.655265	1011.463276	0.005473	26.5
399	-0.895292	52.654539	997.740716	0.005399	26.2
400	-0.900870	51.759836	1010.009587	0.005232	27.6
401	-0.901583	50.822659	1023.188696	0.005293	26.0
402	-0.902931	51.813771	1009.261452	0.006547	24.4
403	-0.887581	50.876593	1022.420920	0.007022	37.6
404	-0.884597	51.876593	1008.391437	0.005286	27.9
405	-0.893604	50.940142	1021.517751	0.005867	27.5
406	-0.901960	51.940142	1007.512873	0.005445	22.2
407	-0.886461	52.938399	993.910250	0.004819	26.0
408	-0.925008	52.020260	1006.407426	0.004689	24.2
409	-0.894428	51.269736	1016.859013	0.005625	24.4
410	-0.882670	50.332558	1030.218654	0.006347	24.8
411	-0.896578	49.398376	1043.889603	0.005526	26.3
412	-0.893797	48.461203	1057.973795	0.007173	22.6
413	-0.895745	49.461203	1042.958812	0.006580	26.1
414	-0.905892	50.461203	1028.364056	0.006115	25.1
415	-0.916111	51.461203	1014.172129	0.007134	25.2
416	-0.886088	52.461203	1000.366582	0.005623	25.4
417	-0.915398	53.461203	986.931846	0.005572	24.5
418	-0.894676	53.360794	988.264496	0.007210	22.0
419	-0.912469	54.360794	975.150721	0.005128	25.9
420	-0.901894	55.115215	965.485443	0.005381	24.0
421	-0.888484	56.115215	952.965405	0.004231	22.0
422	-0.895743	55.178037	964.689234	0.006644	24.3
423	-0.892434	54.796652	969.543257	0.004826	22.0
424	-0.889915	55.796652	956.918445	0.004925	22.9
425	-0.885508	56.796569	944.619193	0.005252	24.5
426	-0.886093	55.952383	954.981896	0.005882	22.4
427	-0.907867	56.951834	942.737701	0.006617	29.9
428	-0.903841	56.014656	954.209714	0.008404	25.7
429	-0.895822	57.014656	941.978554	0.004698	29.2
430	-0.901537	58.014656	930.056986	0.004516	25.3
431	-0.888397	57.077477	941.220628	0.005793	27.1
432	-0.880439	56.140299	952.655525	0.004901	29.1
433	-0.902339	57.140294	940.463991	0.004511	25.0
434	-0.898548	56.224109	951.621629	0.005604	24.2
435	-0.905715	57.224109	939.456305	0.005095	26.6
436	-0.885882	58.224109	927.598092	0.005825	24.3
437	-0.901609	57.289319	938.673799	0.004307	22.8
438	-0.889278	58.289319	926.835209	0.005463	22.7
439	-0.894117	57.352150	937.921071	0.005682	23.2
440	-0.887883	56.414972	949.275452	0.005708	22.3
441	-0.898721	55.477794	960.908111	0.007255	23.0
442	-0.896987	54.540616	972.829407	0.006540	25.8
443	-0.891304	53.603438	985.050212	0.005054	31.0
444	-0.919139	52.666260	997.581966	0.007059	24.6
445	-0.905382	53.644659	984.506233	0.005740	31.2
446	-0.901949	54.644659	971.491352	0.006333	23.3
447	-0.884216	53.849428	981.812877	0.004488	24.0
448	-0.901868	54.849428	968.868642	0.004579	24.3
449	-0.887325	53.912270	980.989262	0.004071	25.6
450	-0.895203	54.778445	969.776198	0.004276	24.7
451	-0.879187	53.841267	981.919940	0.005279	25.2
452	-0.887950	52.904089	994.371671	0.005637	30.7
453	-0.890194	53.903713	981.101327	0.005826	23.6
454	-0.894867	54.903713	968.175723	0.006039	24.5
455	-0.885522	53.969583	980.239314	0.006614	24.7
456	-0.893344	54.967459	967.363312	0.006543	26.2
457	-0.893598	55.967459	954.794841	0.005093	23.0
458	-0.893101	56.965382	942.573874	0.005863	24.1
459	-0.916961	57.965382	930.637328	0.005276	26.6
460	-0.901473	58.965382	918.999326	0.005701	23.1
461	-0.894696	58.028205	929.897528	0.005843	24.9
462	-0.892056	57.091039	941.057169	0.004120	24.6
463	-0.904441	56.153861	952.488069	0.006166	25.8
464	-0.898664	57.153861	940.300724	0.004625	23.8
465	-0.898932	58.153739	928.422754	0.008278	27.2
466	-0.892151	58.408124	925.448538	0.005062	26.1
467	-0.899029	59.408124	913.939147	0.005067	27.3
468	-0.885791	58.470946	924.716969	0.005607	23.1
469	-0.900652	57.688577	933.911063	0.006703	27.8
470	-0.904673	57.117994	940.732452	0.005641	24.3
471	-0.906006	58.117939	928.842858	0.005888	26.7
472	-0.893456	59.117939	917.249414	0.004871	26.6
473	-0.910081	58.180761	928.105915	0.006127	24.1
474	-0.908492	59.069781	917.801093	0.006271	24.2
475	-0.908402	59.890697	908.486826	0.004470	22.4
476	-0.889947	59.008631	918.502565	0.004611	22.1
477	-0.893197	60.008630	907.164241	0.005733	24.6
478	-0.898631	59.071452	917.781938	0.004398	27.4
479	-0.881966	59.845127	908.998908	0.005849	34.2
480	-0.909789	60.845127	897.892579	0.005277	39.0
481	-0.921289	61.845127	887.054373	0.006159	46.4
482	-0.891557	60.907949	897.203912	0.005183	36.9
483	-0.895083	61.907949	886.382224	0.006903	39.4
484	-0.880679	60.970851	896.515426	0.004668	35.2
485	-0.892715	60.033673	906.883889	0.005917	37.2
486	-0.896958	59.096495	917.494986	0.007242	36.1
487	-0.912569	58.159317	928.357336	0.005519	35.1
488	-0.889899	59.159317	916.775933	0.005162	34.8
489	-0.901189	58.223289	927.607693	0.005851	24.6
490	-0.900110	57.288349	938.685425	0.006173	23.7
491	-0.912833	56.351171	950.058432	0.005631	25.0
492	-0.913118	57.351171	937.932788	0.005644	26.3
493	-0.897546	56.413993	949.287454	0.005998	27.4
494	-0.878399	57.413993	937.181356	0.005919	24.4
495	-0.892451	58.398197	925.564248	0.005355	26.7
496	-0.916015	57.461019	936.619655	0.004415	25.7
497	-0.912612	58.461019	924.832496	0.005810	24.9
498	-0.908640	59.461019	913.338328	0.004116	25.1
499	-0.892244	60.461019	902.126360	0.004472	23.1
