1:ItNr	2:Metric	3a:Time	3b:StepSize	4:||Gradient||	Time[ms]
0	-0.343386	0.000000	19.028753	0.015356	73.6
1	-0.332767	0.000000	19.028753	0.015482	14.0
2	-0.325323	0.000000	19.028753	0.015987	11.7
3	-0.354119	0.000000	19.028753	0.016577	13.4
4	-0.336208	0.000000	19.028753	0.013985	13.0
5	-0.355683	0.000000	19.028753	0.015378	12.9
6	-0.349282	0.000000	19.028753	0.015960	15.5
7	-0.372064	0.000000	19.028753	0.015747	13.2
8	-0.386848	0.000000	19.028753	0.014847	13.9
9	-0.375465	0.000000	19.028753	0.014955	14.5
10	-0.395126	0.000000	19.028753	0.014280	13.7
11	-0.393315	0.000000	19.028753	0.015221	14.7
12	-0.403990	0.000000	19.028753	0.015074	14.2
13	-0.406605	0.000000	19.028753	0.015654	11.8
14	-0.415852	0.000000	19.028753	0.015006	13.7
15	-0.415627	0.000000	19.028753	0.013856	13.1
16	-0.415134	0.000000	19.028753	0.014345	13.2
17	-0.441282	0.000000	19.028753	0.015139	13.5
18	-0.429720	0.000000	19.028753	0.015263	14.3
19	-0.444058	0.000000	19.028753	0.015940	13.2
20	-0.468660	0.000000	19.028753	0.015254	13.3
21	-0.467576	0.000000	19.028753	0.016502	13.5
22	-0.460322	0.000000	19.028753	0.015491	15.1
23	-0.487870	0.000000	19.028753	0.015417	14.4
24	-0.483220	0.000000	19.028753	0.015097	14.8
25	-0.490360	0.000000	19.028753	0.014581	13.6
26	-0.496101	0.000000	19.028753	0.015820	14.3
27	-0.516691	0.000000	19.028753	0.015525	11.8
28	-0.496506	0.000000	19.028753	0.014363	13.5
29	-0.514107	0.000000	19.028753	0.014780	17.3
30	-0.521209	0.000000	19.028753	0.014887	13.4
31	-0.522470	0.000000	19.028753	0.013856	13.8
32	-0.521877	0.000000	19.028753	0.014343	12.3
33	-0.533061	0.000000	19.028753	0.014340	15.4
34	-0.544133	0.000000	19.028753	0.013930	14.2
35	-0.552149	0.000000	19.028753	0.014542	14.1
36	-0.562874	0.000000	19.028753	0.014250	16.5
37	-0.558215	0.000000	19.028753	0.013304	12.0
38	-0.555048	0.000000	19.028753	0.014506	15.8
39	-0.572720	0.000000	19.028753	0.012395	16.2
40	-0.578951	0.000000	19.028753	0.013465	16.8
41	-0.584794	0.000000	19.028753	0.013171	15.7
42	-0.574699	0.000000	19.028753	0.012852	15.9
43	-0.591938	0.000000	19.028753	0.012812	16.6
44	-0.592587	0.000000	19.028753	0.011568	15.8
45	-0.604977	0.000000	19.028753	0.011883	15.8
46	-0.611714	0.000000	19.028753	0.011608	17.0
47	-0.589273	0.000000	19.028753	0.010670	12.1
48	-0.619590	0.000000	19.028753	0.010362	15.3
49	-0.622863	0.000000	19.028753	0.009995	12.6
50	-0.609818	0.000000	19.028753	0.011301	14.6
51	-0.624226	0.000000	19.028753	0.008798	15.6
52	-0.610023	0.000000	19.028753	0.009868	15.9
53	-0.626830	0.000000	19.028753	0.009109	14.1
54	-0.646197	0.000000	19.028753	0.008844	13.4
55	-0.622644	0.000000	19.028753	0.008111	13.5
56	-0.643202	0.000000	19.028753	0.009584	13.5
57	-0.624268	0.000000	19.028753	0.008236	14.6
58	-0.641648	0.000000	19.028753	0.008667	16.0
59	-0.643743	0.000000	19.028753	0.008699	13.7
60	-0.641427	0.000000	19.028753	0.007858	15.1
61	-0.657203	0.000000	19.028753	0.007923	13.5
62	-0.643145	0.000000	19.028753	0.007440	13.3
63	-0.643383	0.000000	19.028753	0.007811	12.0
64	-0.661079	0.000000	19.028753	0.007365	13.9
65	-0.651191	0.000000	19.028753	0.007928	12.0
66	-0.640148	0.000000	19.028753	0.005867	11.8
67	-0.631967	0.000000	19.028753	0.006906	12.0
68	-0.654082	0.000000	19.028753	0.006007	11.9
69	-0.651814	0.000000	19.028753	0.006034	12.9
70	-0.655067	0.000000	19.028753	0.005197	12.8
71	-0.637948	0.000000	19.028753	0.006691	12.3
72	-0.653693	0.000000	19.028753	0.006235	13.3
73	-0.644803	0.000000	19.028753	0.005567	14.4
74	-0.657324	0.000000	19.028753	0.006770	15.9
75	-0.665204	0.000000	19.028753	0.005133	12.3
76	-0.667530	0.000000	19.028753	0.005973	14.1
77	-0.660937	0.000000	19.028753	0.006952	12.5
78	-0.642143	0.000000	19.028753	0.005833	14.5
79	-0.646259	0.000000	19.028753	0.005445	16.1
80	-0.675602	0.000000	19.028753	0.005416	14.2
81	-0.657453	0.000000	19.028753	0.004552	15.6
82	-0.661269	0.000000	19.028753	0.004081	13.4
83	-0.659414	0.000000	19.028753	0.004701	16.2
84	-0.664208	0.000000	19.028753	0.005769	15.5
85	-0.675845	0.000000	19.028753	0.004856	13.9
86	-0.643282	0.000000	19.028753	0.004678	15.8
87	-0.661474	0.000000	19.028753	0.004491	14.9
88	-0.666793	0.000000	19.028753	0.004597	14.1
89	-0.658795	0.000000	19.028753	0.005515	12.0
90	-0.666749	0.000000	19.028753	0.004306	15.9
91	-0.662242	0.000000	19.028753	0.004002	15.7
92	-0.653810	0.000000	19.028753	0.004152	12.1
93	-0.673274	0.000000	19.028753	0.003901	14.4
94	-0.672516	0.000000	19.028753	0.003184	17.0
95	-0.662382	0.000000	19.028753	0.005485	11.9
96	-0.670772	0.000000	19.028753	0.004474	12.0
97	-0.655106	0.000000	19.028753	0.005200	12.0
98	-0.647881	0.000000	19.028753	0.004203	12.1
99	-0.667768	0.000000	19.028753	0.003565	13.8
100	-0.672361	0.000000	19.028753	0.003987	15.9
101	-0.663100	0.000000	19.028753	0.003115	15.6
102	-0.692743	0.000000	19.028753	0.003604	15.7
103	-0.673836	0.000000	19.028753	0.004020	11.9
104	-0.673196	0.000000	19.028753	0.004328	15.0
105	-0.672795	0.000000	19.028753	0.004182	16.1
106	-0.656970	0.000000	19.028753	0.005083	13.2
107	-0.676153	0.000000	19.028753	0.006210	12.9
108	-0.683809	0.796892	18.333064	0.002996	14.1
109	-0.666413	0.679636	18.432219	0.003589	14.8
110	-0.689946	0.562682	18.532194	0.003487	14.9
111	-0.670525	0.472582	18.609956	0.004770	12.9
112	-0.682408	0.355291	18.712169	0.003313	14.1
113	-0.662679	0.463251	18.618046	0.004429	14.6
114	-0.672918	0.345996	18.720317	0.003489	13.7
115	-0.680512	0.228761	18.823699	0.004432	13.8
116	-0.668291	0.125251	18.915931	0.003901	14.3
117	-0.685300	0.014075	19.016007	0.004041	16.7
118	-0.672886	0.000000	19.028753	0.003997	16.1
119	-0.680998	0.000000	19.028753	0.002522	15.8
120	-0.681242	0.000000	19.028753	0.003741	16.1
121	-0.674956	0.000000	19.028753	0.004676	15.6
122	-0.683103	0.000000	19.028753	0.004566	16.0
123	-0.686553	0.000000	19.028753	0.005111	15.6
124	-0.669658	0.000000	19.028753	0.005935	16.6
125	-0.678978	0.000000	19.028753	0.003878	13.2
126	-0.685236	0.000000	19.028753	0.003046	13.5
127	-0.688119	0.000000	19.028753	0.003634	15.1
128	-0.681586	0.000000	19.028753	0.004011	14.2
129	-0.661444	0.000000	19.028753	0.003755	11.8
130	-0.681132	0.000000	19.028753	0.003682	13.1
131	-0.651893	0.000000	19.028753	0.004986	15.0
132	-0.675864	0.000000	19.028753	0.004456	15.7
133	-0.673200	0.999725	18.164036	0.004493	11.9
134	-0.689055	1.993543	17.378957	0.004376	13.2
135	-0.680626	2.989725	16.657290	0.003355	16.7
136	-0.662256	2.874790	16.737479	0.003273	13.2
137	-0.690531	2.757643	16.820010	0.003614	13.3
138	-0.670172	2.791943	16.795761	0.002274	15.8
139	-0.674353	2.678631	16.876136	0.002327	13.9
140	-0.681432	2.572590	16.952054	0.003183	14.2
141	-0.691027	2.456570	17.035901	0.003996	13.3
142	-0.681141	2.504823	17.000928	0.004324	14.0
143	-0.677973	2.831918	16.767589	0.003443	13.1
144	-0.687245	2.717721	16.848322	0.003180	15.7
145	-0.684116	2.605634	16.928323	0.004731	13.4
146	-0.689927	3.534198	16.287624	0.003884	18.0
147	-0.668160	3.507021	16.305687	0.003958	12.9
148	-0.687480	3.391113	16.383172	0.003056	14.2
149	-0.677922	3.279885	16.458224	0.002607	11.7
150	-0.684699	3.166348	16.535548	0.003605	12.9
151	-0.689474	3.049145	16.616133	0.004069	14.2
152	-0.683613	2.946261	16.687524	0.003422	15.6
153	-0.671204	2.849591	16.755164	0.002566	16.2
154	-0.688500	2.739091	16.833155	0.002555	15.5
155	-0.675684	2.627809	16.912436	0.002786	15.5
156	-0.668945	2.517293	16.991913	0.002496	15.5
157	-0.690410	2.407924	17.071305	0.003733	16.7
158	-0.661561	2.290788	17.157161	0.003625	15.5
159	-0.698952	2.913361	16.710483	0.004180	15.6
160	-0.661363	2.796397	16.792618	0.002075	16.0
161	-0.687365	2.794866	16.793699	0.004822	11.8
162	-0.681275	2.724537	16.843481	0.002763	15.1
163	-0.686612	2.660198	16.889284	0.004497	14.4
164	-0.681477	3.275021	16.461523	0.004609	15.4
165	-0.682895	4.274717	15.810417	0.003225	11.9
166	-0.677458	4.158629	15.883370	0.003047	14.3
167	-0.679985	4.046284	15.954615	0.003629	15.3
168	-0.687012	3.929299	16.029484	0.002383	14.0
169	-0.695323	4.152311	15.887359	0.003718	11.7
170	-0.691094	4.226379	15.840712	0.002782	15.3
171	-0.695992	4.109148	15.914670	0.004029	16.7
172	-0.693632	4.279853	15.807205	0.003556	11.8
173	-0.697688	4.349855	15.763554	0.001889	14.1
174	-0.693462	4.250098	15.825832	0.003090	12.4
175	-0.685157	4.142018	15.893864	0.002645	15.5
176	-0.680579	4.090563	15.926459	0.004662	12.0
177	-0.661496	3.973441	16.001151	0.002937	13.0
178	-0.678409	3.856219	16.076612	0.002672	16.7
179	-0.692964	4.401913	15.731248	0.002678	13.1
180	-0.696716	4.309157	15.788902	0.002296	12.7
181	-0.671090	4.360747	15.756784	0.003597	14.0
182	-0.691759	4.244021	15.829642	0.002869	16.6
183	-0.690163	4.560735	15.633502	0.003971	14.2
184	-0.673378	5.542767	15.055092	0.004141	11.7
185	-0.686814	6.541916	14.508933	0.003653	12.5
186	-0.691375	6.428401	14.568979	0.004551	16.5
187	-0.686695	7.415713	14.062776	0.003451	15.4
188	-0.673255	7.298436	14.121056	0.004367	15.4
189	-0.681851	8.251532	13.660953	0.004508	17.2
190	-0.691279	9.246789	13.211445	0.002730	15.5
191	-0.687283	9.132193	13.261690	0.003735	15.5
192	-0.684988	10.071693	12.860703	0.002633	17.2
193	-0.694494	10.227257	12.796635	0.003633	15.4
194	-0.703987	10.162861	12.823078	0.001939	13.2
195	-0.702957	10.120726	12.840440	0.002401	13.5
196	-0.677395	10.010264	12.886179	0.005033	16.2
197	-0.667510	10.961452	12.502680	0.002775	13.3
198	-0.689475	11.117730	12.441845	0.004361	14.2
199	-0.690595	11.106717	12.446112	0.004090	14.3
200	-0.690279	12.106671	12.070190	0.003158	13.1
201	-0.711047	12.013668	12.104193	0.005199	12.7
202	-0.700330	12.668600	11.868738	0.003063	15.4
203	-0.703477	13.339129	11.636981	0.003168	15.4
204	-0.693047	13.907975	11.447350	0.003753	13.0
205	-0.691212	14.570526	11.234127	0.004214	13.2
206	-0.677284	15.456761	10.961034	0.003565	15.6
207	-0.674977	15.340431	10.996122	0.002638	16.7
208	-0.682082	15.983868	10.804814	0.002669	14.2
209	-0.681490	15.867106	10.839034	0.003464	14.1
210	-0.688387	15.751981	10.872987	0.002768	13.2
211	-0.678015	15.844549	10.845669	0.002358	15.5
212	-0.680952	15.762396	10.869906	0.003880	14.1
213	-0.691747	16.498922	10.656408	0.003481	13.2
214	-0.680531	17.040229	10.504769	0.004153	15.3
215	-0.686634	18.038961	10.236026	0.003045	13.7
216	-0.685077	18.932652	10.006944	0.003350	13.1
217	-0.687615	19.870144	9.777402	0.003299	13.2
218	-0.690392	20.842386	9.550216	0.005349	14.0
219	-0.688957	21.817779	9.332661	0.003257	13.1
220	-0.700036	22.817080	9.119818	0.003422	13.2
221	-0.658464	22.982356	9.085548	0.002738	13.5
222	-0.682633	23.959437	8.888096	0.002981	15.0
223	-0.695211	23.994896	8.881092	0.004469	13.9
224	-0.671714	23.881465	8.903537	0.002440	13.1
225	-0.677921	24.015818	8.876964	0.002618	13.3
226	-0.677001	24.060226	8.868216	0.002556	16.6
227	-0.711709	23.955586	8.888858	0.002017	14.1
228	-0.696231	23.847427	8.910295	0.003698	13.1
229	-0.678131	24.000613	8.879964	0.005130	15.7
230	-0.669277	23.883324	8.903169	0.004025	15.4
231	-0.691165	24.882902	8.709209	0.004799	15.8
232	-0.689538	24.765612	8.731530	0.002166	15.6
233	-0.682314	25.374486	8.616889	0.004652	16.8
234	-0.679415	25.258864	8.638427	0.002635	15.7
235	-0.699564	25.142761	8.660162	0.002716	15.8
236	-0.669693	25.208908	8.647766	0.004526	17.0
237	-0.682373	25.092124	8.669677	0.002773	13.1
238	-0.693315	25.094929	8.669149	0.001825	15.3
239	-0.686396	24.981153	8.690600	0.002247	13.8
240	-0.677444	24.898933	8.706168	0.003500	14.7
241	-0.675186	24.816393	8.721852	0.003189	13.1
242	-0.682219	24.699271	8.744205	0.004154	14.2
243	-0.680277	25.436542	8.605374	0.004537	14.7
244	-0.692082	25.319704	8.627080	0.004371	15.5
245	-0.693451	26.319259	8.444845	0.003139	14.0
246	-0.686127	27.317585	8.270360	0.003293	11.9
247	-0.672233	27.377066	8.260191	0.004131	16.5
248	-0.689791	27.259779	8.280266	0.002942	13.3
249	-0.680974	27.152103	8.298782	0.001875	13.1
250	-0.683128	27.360578	8.263007	0.003031	15.6
251	-0.691673	27.378969	8.259866	0.003085	13.1
252	-0.686622	28.171926	8.126666	0.002298	13.1
253	-0.708581	28.074953	8.142724	0.004683	13.2
254	-0.685092	27.957796	8.162210	0.003130	14.9
255	-0.698118	28.901561	8.007842	0.004096	13.5
256	-0.682763	28.793583	8.025207	0.003800	15.8
257	-0.682468	29.791879	7.867474	0.004317	12.2
258	-0.700166	29.674622	7.885679	0.005074	13.6
259	-0.685946	30.605474	7.743438	0.003976	13.9
260	-0.694178	30.488184	7.761078	0.003611	14.9
261	-0.711557	31.461709	7.617057	0.002797	15.5
262	-0.700924	32.375614	7.486636	0.003680	12.1
263	-0.694263	32.278867	7.500231	0.003822	13.2
264	-0.699261	32.315279	7.495109	0.002413	11.7
265	-0.672304	32.232109	7.506819	0.002662	16.8
266	-0.681083	32.174246	7.514988	0.002915	13.4
267	-0.697711	32.105504	7.524715	0.002833	13.1
268	-0.698998	32.174926	7.514892	0.002344	15.4
269	-0.706290	32.076379	7.528845	0.001817	17.1
270	-0.705725	32.008054	7.538549	0.004042	13.2
271	-0.683408	31.914438	7.551886	0.002675	13.1
272	-0.676921	31.903594	7.553434	0.003354	15.5
273	-0.699407	31.795048	7.568964	0.001807	14.3
274	-0.699972	31.847028	7.561519	0.002374	14.3
275	-0.711149	31.766024	7.573127	0.003934	14.1
276	-0.700047	32.468620	7.473614	0.003240	15.4
277	-0.687847	32.351772	7.489982	0.003297	13.2
278	-0.693365	32.680579	7.444104	0.002904	13.0
279	-0.682674	32.571396	7.459276	0.002602	13.2
280	-0.695115	32.664470	7.446338	0.002420	16.6
281	-0.692132	32.549850	7.462277	0.002920	14.1
282	-0.683371	32.669471	7.445645	0.003022	14.2
283	-0.683024	32.555930	7.461430	0.003325	14.9
284	-0.687493	32.492726	7.470246	0.003923	14.3
285	-0.679140	33.491511	7.333322	0.001887	12.5
286	-0.695321	33.579424	7.321510	0.003541	13.9
287	-0.684847	33.552155	7.325170	0.004701	12.0
288	-0.695379	34.046263	7.259417	0.003426	14.3
289	-0.688631	33.939238	7.273559	0.002378	12.7
290	-0.682748	33.926655	7.275225	0.003667	16.2
291	-0.687463	34.624255	7.183985	0.003814	14.6
292	-0.691791	34.562714	7.191942	0.002979	13.2
293	-0.682402	34.448192	7.206796	0.002983	13.4
294	-0.684129	34.405153	7.212394	0.003132	14.0
295	-0.697434	34.288116	7.227662	0.003922	16.4
296	-0.681863	34.171216	7.242976	0.002564	12.4
297	-0.698366	34.080626	7.254889	0.003235	13.9
298	-0.696194	34.001713	7.265297	0.004024	12.0
299	-0.694246	34.832874	7.157142	0.002801	15.9
300	-0.679802	34.931567	7.144513	0.002529	14.2
301	-0.701018	34.817093	7.159165	0.003614	14.1
302	-0.683783	34.823048	7.158402	0.004308	15.9
303	-0.706317	35.022268	7.132946	0.004488	12.5
304	-0.681032	36.022011	7.007887	0.002771	11.9
305	-0.684618	35.926306	7.019669	0.002903	12.3
306	-0.685680	36.081915	7.000532	0.001685	16.5
307	-0.691532	36.073716	7.001538	0.004075	13.3
308	-0.691906	36.212665	6.984534	0.001942	13.6
309	-0.696022	36.124464	6.995318	0.002618	15.5
310	-0.692873	36.043912	7.005196	0.002808	12.9
311	-0.675805	35.953852	7.016274	0.004362	13.1
312	-0.692475	35.853202	7.028695	0.002694	13.8
313	-0.692041	35.739509	7.042779	0.003444	15.2
314	-0.690276	36.475477	6.952597	0.003707	12.1
315	-0.682265	36.359872	6.966609	0.003416	12.5
316	-0.693975	37.334212	6.850248	0.002830	15.3
317	-0.691222	37.464066	6.835033	0.004135	15.7
318	-0.700362	37.967909	6.776632	0.002948	15.6
319	-0.695659	37.925983	6.781453	0.003029	15.5
320	-0.698555	37.809630	6.794870	0.002674	15.6
321	-0.693104	37.833460	6.792118	0.002644	16.7
322	-0.694224	38.318733	6.736553	0.003353	15.4
323	-0.682380	39.200766	6.637852	0.003951	15.4
324	-0.700509	40.129849	6.536967	0.001947	16.7
325	-0.697046	40.025171	6.548180	0.002558	15.3
326	-0.680864	39.951667	6.556077	0.002980	15.3
327	-0.698348	40.088689	6.541371	0.003299	15.2
328	-0.681299	39.971691	6.553924	0.002271	15.5
329	-0.686353	40.637544	6.483123	0.003749	15.4
330	-0.694923	41.305307	6.413640	0.004795	15.4
331	-0.679367	42.303940	6.312463	0.004765	16.6
332	-0.700764	42.186649	6.324181	0.002575	15.4
333	-0.694257	42.077481	6.335126	0.003715	15.3
334	-0.695205	41.960290	6.346918	0.003504	13.8
335	-0.700539	42.245882	6.318258	0.001806	15.3
336	-0.676777	42.134509	6.329404	0.004500	14.1
337	-0.689974	42.030639	6.339834	0.002624	11.9
338	-0.682435	41.913409	6.351648	0.003219	14.9
339	-0.695399	42.574550	6.285594	0.002981	14.1
340	-0.686524	43.546790	6.190917	0.003769	14.1
341	-0.665883	43.445607	6.200637	0.004301	12.8
342	-0.703918	44.091310	6.139127	0.003917	14.6
343	-0.691413	44.041523	6.143826	0.003813	14.1
344	-0.689353	43.924286	6.154920	0.004546	11.8
345	-0.676750	44.922566	6.061715	0.002389	14.9
346	-0.692449	44.810910	6.071999	0.002885	11.8
347	-0.695482	44.699189	6.082325	0.001807	11.8
348	-0.678771	44.624509	6.089246	0.003073	13.1
349	-0.676595	44.639575	6.087849	0.004172	13.2
350	-0.672418	44.590088	6.092442	0.003677	12.6
351	-0.701852	45.588621	6.001082	0.003676	14.1
352	-0.692837	46.559462	5.914846	0.002168	13.3
353	-0.690717	46.726360	5.900270	0.003394	15.8
354	-0.692842	46.837161	5.890633	0.002536	14.0
355	-0.687114	47.750604	5.812368	0.002340	13.0
356	-0.704290	47.985790	5.792552	0.004192	11.8
357	-0.673230	48.842028	5.721538	0.002947	16.8
358	-0.689707	49.536830	5.665180	0.001975	13.9
359	-0.692350	49.448534	5.672280	0.002236	14.0
360	-0.670610	49.513610	5.667045	0.003491	14.0
361	-0.688364	49.409016	5.675464	0.002791	12.8
362	-0.685809	49.554837	5.663734	0.002372	15.5
363	-0.694150	49.450320	5.672136	0.004449	14.1
364	-0.690050	49.333702	5.681541	0.002761	12.1
365	-0.700691	50.029990	5.625846	0.003171	12.7
366	-0.700570	50.073524	5.622400	0.003349	13.2
367	-0.682377	49.956903	5.631641	0.004198	13.3
368	-0.692625	50.954815	5.553538	0.002381	15.0
369	-0.679009	51.504706	5.511419	0.004173	13.2
370	-0.687380	52.441119	5.441145	0.003574	15.8
371	-0.686757	52.324162	5.449824	0.002300	11.8
372	-0.695726	52.216228	5.457858	0.002547	11.8
373	-0.675612	52.114907	5.465422	0.004541	12.7
374	-0.680928	52.042935	5.470807	0.002998	11.7
375	-0.680412	51.959751	5.477044	0.001405	12.5
376	-0.697717	52.033196	5.471537	0.002799	16.8
377	-0.706595	52.535449	5.434166	0.002760	15.4
378	-0.684226	52.976294	5.401782	0.002763	15.2
379	-0.676473	52.859521	5.410322	0.003318	13.1
380	-0.678038	52.743343	5.418846	0.002256	14.1
381	-0.702490	52.894382	5.407770	0.003783	14.3
382	-0.685779	53.702505	5.349269	0.001906	14.1
383	-0.679176	53.704970	5.349093	0.003892	15.4
384	-0.705600	53.957339	5.331083	0.002554	15.6
385	-0.682954	53.840135	5.339432	0.004361	13.9
386	-0.688056	53.726155	5.347576	0.002495	11.9
387	-0.710769	53.720201	5.348002	0.001865	15.0
388	-0.697574	53.755495	5.345477	0.003683	13.1
389	-0.683394	53.639772	5.353765	0.002504	13.4
390	-0.697323	53.524316	5.362059	0.003276	13.2
391	-0.696629	53.455627	5.367006	0.003255	14.7
392	-0.689321	53.338688	5.375449	0.004197	14.0
393	-0.679620	53.226522	5.383572	0.003704	13.1
394	-0.681223	54.226323	5.312021	0.003034	11.7
395	-0.692330	55.171040	5.246138	0.003436	14.9
396	-0.692731	55.201273	5.244057	0.002298	14.2
397	-0.682417	55.789838	5.203863	0.002237	15.3
398	-0.677534	55.704862	5.209628	0.002241	15.2
399	-0.680177	55.909296	5.195780	0.002413	15.9
400	-0.695168	55.804149	5.202893	0.004727	15.4
401	-0.685991	56.687397	5.143740	0.003756	15.6
402	-0.681939	56.574575	5.151221	0.002819	15.7
403	-0.688228	57.534668	5.088247	0.001990	15.3
404	-0.697439	57.421217	5.095608	0.003877	15.4
405	-0.700093	58.147950	5.048821	0.002553	13.0
406	-0.698689	58.141612	5.049225	0.002327	16.7
407	-0.696121	58.488246	5.027206	0.002417	15.1
408	-0.676417	58.495607	5.026741	0.003730	15.3
409	-0.702221	58.385875	5.033689	0.002826	17.1
410	-0.676912	59.065111	4.990985	0.002945	15.4
411	-0.706547	58.955742	4.997812	0.002697	15.4
412	-0.698202	59.209040	4.982029	0.002603	16.7
413	-0.684287	59.799251	4.945637	0.002964	15.4
414	-0.695732	59.699510	4.951750	0.003943	15.3
415	-0.685495	59.582343	4.958950	0.002444	15.3
416	-0.685002	59.465885	4.966127	0.002890	17.2
417	-0.693274	60.292080	4.915655	0.002697	15.3
418	-0.695079	61.015858	4.872275	0.003551	15.3
419	-0.715350	60.959688	4.875614	0.003893	15.6
420	-0.693880	60.842811	4.882577	0.002424	14.2
421	-0.689828	60.747336	4.888279	0.001540	14.2
422	-0.699214	60.851813	4.882040	0.003307	11.9
423	-0.690402	60.907067	4.878746	0.002510	15.3
424	-0.707805	60.840503	4.882714	0.001793	13.7
425	-0.689186	60.806391	4.884750	0.002355	13.6
426	-0.689130	60.780251	4.886312	0.001629	14.7
427	-0.680901	60.764897	4.887229	0.003056	14.4
428	-0.682504	61.006012	4.872860	0.002697	14.0
429	-0.690846	60.904356	4.878908	0.002140	14.3
430	-0.711375	60.813466	4.884328	0.003364	15.8
431	-0.687731	60.908137	4.878683	0.002998	11.6
432	-0.694470	60.791248	4.885655	0.002452	14.0
433	-0.684246	60.894687	4.879484	0.003053	12.1
434	-0.697180	60.781571	4.886233	0.003514	16.5
435	-0.680537	60.683236	4.892115	0.003443	12.4
436	-0.684558	60.575698	4.898564	0.001770	13.7
437	-0.704584	61.289857	4.856052	0.001738	13.1
438	-0.661698	61.224352	4.859920	0.002249	15.7
439	-0.690007	61.204217	4.861111	0.001423	13.9
440	-0.682615	61.590292	4.838387	0.003467	15.3
441	-0.694999	61.637241	4.835638	0.003342	13.9
442	-0.700267	61.583699	4.838773	0.003221	13.1
443	-0.703646	62.576339	4.781303	0.002426	13.7
444	-0.690024	62.597720	4.780080	0.003027	15.8
445	-0.700520	62.874717	4.764294	0.003973	12.8
446	-0.694611	62.757438	4.770965	0.003245	13.0
447	-0.695987	63.289740	4.740836	0.001658	11.8
448	-0.707655	63.345311	4.737712	0.003050	13.0
449	-0.713914	63.299988	4.740259	0.002037	13.2
450	-0.694434	63.209377	4.745360	0.003378	11.7
451	-0.696017	63.230204	4.744187	0.003902	12.4
452	-0.701754	63.115257	4.750670	0.002457	15.4
453	-0.699412	63.102137	4.751411	0.003652	16.2
454	-0.700055	63.194411	4.746203	0.002284	13.3
455	-0.698377	63.267936	4.742062	0.003494	16.9
456	-0.695142	63.202503	4.745747	0.002651	14.7
457	-0.697009	63.986255	4.701982	0.004459	13.2
458	-0.714461	63.869422	4.708454	0.002586	13.5
459	-0.687931	64.860565	4.654102	0.003465	15.5
460	-0.685405	64.755362	4.659811	0.003656	14.0
461	-0.685282	64.648585	4.665621	0.004363	13.2
462	-0.690221	64.531602	4.672002	0.007869	13.6
463	-0.680310	65.531602	4.618010	0.002256	14.2
464	-0.681582	65.414497	4.624268	0.003021	14.3
465	-0.679265	65.372323	4.626526	0.001888	15.3
466	-0.688138	65.541550	4.617479	0.004339	13.1
467	-0.689983	66.267771	4.579054	0.002713	13.9
468	-0.679664	66.156127	4.584919	0.002566	13.1
469	-0.702406	66.054160	4.590290	0.004252	13.0
470	-0.679727	65.988469	4.593756	0.001893	13.1
471	-0.676988	66.309503	4.576865	0.002712	16.0
472	-0.702729	66.255875	4.579678	0.002526	13.1
473	-0.694047	66.413907	4.571398	0.003900	12.9
474	-0.700773	67.266470	4.527244	0.004182	15.5
475	-0.692560	67.149181	4.533267	0.002488	14.9
476	-0.694614	67.033147	4.539243	0.003302	13.7
477	-0.699691	66.916402	4.545270	0.003768	13.4
478	-0.697365	67.909647	4.494493	0.002064	11.9
479	-0.693786	68.060709	4.486870	0.003075	12.7
480	-0.685484	67.964644	4.491715	0.002353	11.8
481	-0.706264	68.420759	4.468804	0.002736	11.6
482	-0.679507	69.007774	4.439659	0.005018	14.8
483	-0.684777	70.003935	4.391061	0.001462	16.0
484	-0.707042	70.356041	4.374137	0.001909	15.4
485	-0.711380	70.289870	4.377307	0.003663	15.5
486	-0.683796	71.063119	4.340542	0.003275	16.3
487	-0.713917	70.949488	4.345906	0.001620	15.8
488	-0.691826	70.990339	4.343976	0.001434	15.2
489	-0.705644	70.950051	4.345879	0.002214	16.3
490	-0.700226	71.011944	4.342956	0.002652	15.5
491	-0.703702	70.901352	4.348182	0.002100	15.4
492	-0.700430	70.878320	4.349272	0.002415	14.4
493	-0.693351	71.130282	4.337377	0.002394	15.8
494	-0.695646	71.038565	4.341700	0.002012	12.9
495	-0.678702	70.963836	4.345228	0.002316	11.7
496	-0.709225	71.050702	4.341127	0.004220	14.8
497	-0.685736	70.937864	4.346455	0.003851	14.9
498	-0.710356	71.937788	4.299691	0.003676	14.1
499	-0.687036	72.831156	4.258754	0.002723	12.7
500	-0.705250	72.715235	4.264022	0.001700	14.9
501	-0.696942	72.625975	4.268087	0.003378	14.3
502	-0.696437	72.525838	4.272657	0.003123	12.1
503	-0.685025	72.419036	4.277542	0.002789	13.5
504	-0.695818	72.302075	4.282904	0.003206	15.3
505	-0.699220	72.190451	4.288034	0.001998	13.5
506	-0.683336	72.162379	4.289326	0.004437	14.0
507	-0.682369	72.701646	4.264640	0.003786	13.0
508	-0.696111	73.685416	4.220331	0.003293	14.7
509	-0.693102	73.568158	4.225564	0.002839	13.6
510	-0.687109	73.505208	4.228379	0.002187	15.2
511	-0.680174	73.399847	4.233098	0.003562	11.7
512	-0.680803	73.360479	4.234864	0.004778	14.0
513	-0.685489	73.243324	4.240129	0.003782	11.6
514	-0.700531	73.847978	4.213098	0.003370	11.6
515	-0.695743	73.739140	4.217938	0.002407	11.7
516	-0.702331	73.649413	4.221936	0.003120	11.7
517	-0.686561	74.033410	4.204877	0.004038	12.7
518	-0.686918	73.916304	4.210065	0.003805	11.5
519	-0.683583	74.041922	4.204500	0.003795	14.8
520	-0.690199	73.924634	4.209695	0.003337	16.9
521	-0.683071	74.538532	4.182645	0.004265	15.3
522	-0.694661	74.421246	4.187786	0.003651	15.4
523	-0.679943	75.421219	4.144355	0.003470	16.0
524	-0.679503	75.309443	4.149165	0.001905	16.2
525	-0.689993	75.197766	4.153982	0.004519	15.3
526	-0.691637	75.115138	4.157553	0.002361	15.4
527	-0.694627	76.065635	4.116841	0.002860	19.2
528	-0.688417	75.956601	4.121471	0.002740	23.7
529	-0.703541	76.867689	4.083102	0.002457	20.7
530	-0.695680	77.453006	4.058828	0.003053	20.6
531	-0.694688	77.489310	4.057332	0.001935	18.5
532	-0.692743	77.412867	4.060483	0.003523	14.7
533	-0.688351	77.785092	4.045183	0.003729	12.1
534	-0.680991	78.252260	4.026143	0.002835	13.6
535	-0.687072	79.240805	3.986438	0.002986	16.4
536	-0.694978	79.712349	3.967774	0.003271	15.3
537	-0.710404	79.903043	3.960275	0.003009	18.5
538	-0.696344	80.073114	3.953611	0.003625	20.0
539	-0.671882	79.956077	3.958195	0.001846	20.5
540	-0.704660	80.532205	3.935735	0.003268	17.0
541	-0.701783	80.466037	3.938301	0.003110	17.7
542	-0.702207	81.418690	3.901669	0.004953	15.4
543	-0.694091	82.203329	3.872005	0.002717	13.5
544	-0.695204	82.092852	3.876154	0.004062	16.5
545	-0.694739	83.066584	3.839886	0.005659	16.8
546	-0.680864	82.949296	3.844218	0.003121	12.2
547	-0.690164	82.900450	3.846026	0.003087	13.5
548	-0.704382	83.238475	3.833554	0.003666	12.3
549	-0.680124	83.128445	3.837605	0.004254	12.7
550	-0.691228	83.256634	3.832886	0.002820	16.3
551	-0.694566	83.673873	3.817608	0.001786	15.4
552	-0.684410	83.648975	3.818516	0.003816	16.9
553	-0.689469	84.437253	3.789968	0.003440	13.5
554	-0.688278	84.321524	3.794132	0.002681	13.6
555	-0.665668	85.228442	3.761740	0.003137	11.5
556	-0.709445	86.000232	3.734607	0.002353	13.1
557	-0.696860	85.931426	3.737010	0.003556	11.6
558	-0.701922	86.533706	3.716080	0.003130	11.6
559	-0.689851	86.515238	3.716718	0.003319	11.4
560	-0.707268	86.398161	3.720770	0.003776	14.7
561	-0.694891	86.280972	3.724834	0.002651	11.5
562	-0.690798	87.011762	3.699632	0.004344	11.6
563	-0.695494	87.685897	3.676685	0.002984	11.6
564	-0.683729	88.068991	3.663771	0.002976	11.8
565	-0.699763	88.271632	3.656977	0.001682	12.0
566	-0.691440	88.204729	3.659217	0.002164	11.7
567	-0.690039	88.194785	3.659550	0.003354	11.6
568	-0.700993	89.133398	3.628362	0.002926	11.7
569	-0.699871	89.016230	3.632226	0.003656	13.4
570	-0.699675	89.787534	3.606938	0.003198	11.8
571	-0.718926	90.278595	3.591021	0.003961	11.5
572	-0.692717	90.346996	3.588815	0.002631	11.5
573	-0.691394	90.515072	3.583406	0.003280	11.9
574	-0.701715	91.201010	3.561499	0.001682	12.1
575	-0.708513	91.169327	3.562505	0.003639	11.5
576	-0.696192	91.089657	3.565037	0.002499	12.4
577	-0.686677	91.051968	3.566236	0.002589	15.5
578	-0.708342	90.943228	3.569701	0.005372	16.3
579	-0.684273	90.825971	3.573444	0.001946	15.6
580	-0.693147	90.720588	3.576814	0.003764	15.7
581	-0.684007	90.783882	3.574789	0.002789	16.4
582	-0.691367	90.668645	3.578478	0.002852	15.3
583	-0.692166	91.053225	3.566196	0.003079	14.3
584	-0.690703	91.645642	3.547441	0.003436	16.5
585	-0.686846	91.529424	3.551105	0.002306	15.3
586	-0.718215	92.135711	3.532075	0.003442	15.6
587	-0.677098	92.650626	3.516072	0.002458	15.6
588	-0.690822	93.376860	3.493747	0.003121	16.1
589	-0.703676	94.293583	3.465967	0.003476	14.1
590	-0.701480	95.027787	3.444035	0.004291	11.7
591	-0.696486	94.910837	3.447510	0.005549	12.5
592	-0.687326	95.835130	3.420237	0.002556	16.2
593	-0.724927	96.243825	3.408314	0.003348	14.3
594	-0.698149	96.139697	3.411344	0.002660	11.8
595	-0.688489	96.076599	3.413183	0.001738	14.5
596	-0.715595	96.217716	3.409073	0.002203	11.8
597	-0.699082	96.106297	3.412317	0.001994	15.5
598	-0.697444	96.136364	3.411441	0.004583	13.0
599	-0.711464	96.025584	3.414670	0.003049	14.3
600	-0.667604	96.990633	3.386742	0.003266	13.5
601	-0.702055	97.885482	3.361250	0.002030	15.3
602	-0.688490	98.311776	3.349240	0.001655	12.0
603	-0.688065	98.217501	3.351889	0.002994	16.7
604	-0.701539	98.131022	3.354322	0.001434	15.4
605	-0.693170	98.275938	3.350247	0.001751	13.2
606	-0.670205	98.371479	3.347565	0.004315	14.8
607	-0.691701	98.585309	3.341579	0.003038	14.1
608	-0.696249	99.571306	3.314253	0.004893	11.7
609	-0.704267	99.454145	3.317477	0.002107	11.7
610	-0.693747	99.346782	3.320436	0.002370	16.0
611	-0.704271	99.246526	3.323205	0.005673	15.3
612	-0.690826	99.620909	3.312890	0.003163	11.8
613	-0.693013	99.508039	3.315993	0.003009	12.8
614	-0.697975	100.309664	3.294081	0.003180	15.2
615	-0.686601	100.195841	3.297174	0.003997	12.0
616	-0.697269	100.369766	3.292449	0.002623	14.2
617	-0.693002	100.351686	3.292940	0.004533	12.4
618	-0.695459	100.257739	3.295491	0.003200	16.6
619	-0.699554	100.141223	3.298661	0.002751	15.5
620	-0.686153	100.092262	3.299995	0.002350	15.2
621	-0.687476	100.080023	3.300328	0.002715	15.9
622	-0.684417	100.191073	3.297304	0.002738	11.7
623	-0.709460	100.107211	3.299587	0.002846	14.7
624	-0.684920	99.999730	3.302518	0.002968	11.6
625	-0.690633	100.834161	3.279899	0.001989	12.8
626	-0.692088	100.720443	3.282964	0.002659	11.8
627	-0.696240	100.642070	3.285079	0.003183	11.6
628	-0.709912	101.457940	3.263192	0.003081	11.7
629	-0.684254	102.261395	3.241922	0.002610	13.7
630	-0.691030	102.153419	3.244764	0.003118	11.8
631	-0.696680	102.489965	3.235921	0.002186	11.7
632	-0.683780	103.177331	3.218009	0.002974	11.6
633	-0.698175	103.242083	3.216332	0.005075	14.1
634	-0.702170	103.124829	3.219370	0.002349	12.4
635	-0.698894	104.063029	3.195219	0.004603	11.7
636	-0.693294	104.734608	3.178153	0.005729	11.6
637	-0.690289	105.734608	3.153076	0.002997	13.2
638	-0.680419	106.723793	3.128656	0.003762	11.6
639	-0.707700	106.607047	3.131518	0.002419	13.1
640	-0.685613	106.564919	3.132552	0.003125	11.8
641	-0.679953	106.506530	3.133987	0.002479	11.9
642	-0.692118	106.412433	3.136301	0.003780	12.7
643	-0.687354	106.401725	3.136565	0.003453	11.6
644	-0.725541	107.087314	3.119777	0.003185	11.6
645	-0.685780	107.063764	3.120350	0.001675	11.9
646	-0.703379	107.052907	3.120615	0.002863	13.5
647	-0.699715	106.946410	3.123212	0.003219	11.9
648	-0.692660	106.948844	3.123153	0.002352	13.0
649	-0.685388	106.833768	3.125964	0.002776	11.7
650	-0.720509	106.774999	3.127402	0.003408	13.9
651	-0.671864	106.664944	3.130098	0.004132	11.8
652	-0.699754	106.547658	3.132976	0.002997	11.7
653	-0.700534	107.538950	3.108815	0.003041	11.8
654	-0.689635	107.427312	3.111517	0.002002	12.0
655	-0.692429	107.310509	3.114350	0.004434	12.5
656	-0.685771	108.298593	3.090550	0.003607	11.7
657	-0.697132	109.263666	3.067654	0.003215	11.6
658	-0.687552	109.146555	3.070414	0.003034	11.8
659	-0.688882	109.042157	3.072879	0.002366	13.5
660	-0.695228	109.625283	3.059161	0.002096	12.2
661	-0.687429	109.770680	3.055760	0.003768	12.0
662	-0.698642	109.685062	3.057762	0.002517	12.1
663	-0.700851	109.567984	3.060504	0.003253	13.9
664	-0.710652	110.458341	3.039775	0.002361	11.8
665	-0.685648	110.353886	3.042192	0.002323	11.6
666	-0.691995	110.256510	3.044449	0.001843	11.7
667	-0.692474	110.836083	3.031066	0.002775	13.9
668	-0.696288	110.722172	3.033687	0.002620	11.9
669	-0.692628	110.605676	3.036372	0.002643	11.4
670	-0.720912	110.542536	3.037830	0.002707	11.5
671	-0.715541	110.732682	3.033445	0.003264	11.6
672	-0.671703	110.620052	3.036040	0.002658	12.2
673	-0.701861	111.614516	3.013273	0.004111	11.6
674	-0.709072	111.610698	3.013360	0.003269	12.0
675	-0.691726	112.608990	2.990845	0.001850	11.7
676	-0.694017	112.590940	2.991249	0.003734	14.3
677	-0.694246	113.084951	2.980229	0.002848	11.6
678	-0.689424	112.967799	2.982835	0.001078	11.4
679	-0.694684	113.010841	2.981877	0.004149	11.6
680	-0.694671	113.119397	2.979463	0.003805	14.3
681	-0.679412	114.114645	2.957517	0.004186	11.5
682	-0.692211	114.192225	2.955819	0.002581	11.7
683	-0.684589	114.174187	2.956214	0.002887	11.5
684	-0.695720	115.104256	2.936013	0.003723	11.6
685	-0.701759	114.987170	2.938540	0.003109	12.2
686	-0.692867	114.885211	2.940745	0.002919	11.7
687	-0.696808	115.823428	2.920580	0.002654	11.6
688	-0.704225	115.708662	2.923032	0.002795	11.6
689	-0.684514	115.784456	2.921412	0.003175	15.2
690	-0.687499	115.920754	2.918504	0.001709	11.8
691	-0.697173	115.972608	2.917399	0.004358	11.5
692	-0.713860	115.863704	2.919721	0.003126	11.4
693	-0.701846	115.749683	2.922155	0.002357	14.5
694	-0.693713	115.652275	2.924238	0.002400	11.7
695	-0.680201	115.541224	2.926617	0.002726	11.5
696	-0.701408	115.486588	2.927788	0.003154	11.5
697	-0.679232	116.448313	2.907302	0.004004	12.1
698	-0.710436	117.124374	2.893072	0.003164	12.1
699	-0.693575	117.007260	2.895527	0.001308	11.6
700	-0.691849	117.053694	2.894554	0.002064	11.7
701	-0.710397	116.968701	2.896337	0.005036	11.6
702	-0.699141	117.407519	2.887154	0.004018	13.7
703	-0.686518	118.407488	2.866444	0.003434	11.7
704	-0.691478	118.292913	2.868802	0.002402	11.4
705	-0.703844	118.914371	2.856060	0.002539	11.4
706	-0.681079	119.693711	2.840239	0.002785	14.5
707	-0.716794	120.076043	2.832542	0.002927	11.7
708	-0.682173	120.044546	2.833174	0.003318	11.6
709	-0.691899	120.704372	2.819982	0.001409	11.6
710	-0.713750	120.591120	2.822238	0.003368	11.7
711	-0.689920	121.387255	2.806458	0.003583	12.1
712	-0.701258	121.459659	2.805031	0.002826	11.8
713	-0.690489	121.726303	2.799791	0.002425	11.5
714	-0.692203	121.620321	2.801871	0.002148	11.6
715	-0.698786	121.516282	2.803917	0.003700	14.5
716	-0.695478	122.137052	2.791757	0.001836	11.7
717	-0.686123	122.146430	2.791574	0.002990	11.7
718	-0.695151	122.297947	2.788622	0.003769	11.9
719	-0.706387	122.185334	2.790815	0.003721	14.1
720	-0.691760	123.174091	2.771676	0.002449	11.8
721	-0.709317	123.057329	2.773922	0.004494	11.6
722	-0.690341	122.946587	2.776056	0.001486	11.5
723	-0.692758	123.371746	2.767881	0.002888	12.3
724	-0.693320	123.370362	2.767907	0.003204	12.0
725	-0.674873	123.254932	2.770122	0.003330	11.4
726	-0.696985	123.777733	2.760119	0.003704	11.5
727	-0.676303	123.689804	2.761797	0.003773	11.5
728	-0.702556	124.689520	2.742845	0.002258	13.4
729	-0.709132	125.643482	2.725002	0.002295	11.7
730	-0.696853	125.547538	2.726786	0.002723	11.7
731	-0.705563	125.464041	2.728341	0.002737	12.0
732	-0.692772	125.410439	2.729340	0.002186	14.2
733	-0.677893	125.394935	2.729629	0.002098	11.7
734	-0.702188	125.685056	2.724230	0.002385	11.6
735	-0.698581	125.602968	2.725755	0.001976	11.6
736	-0.706002	125.792593	2.722234	0.003256	11.7
737	-0.686767	125.687485	2.724185	0.002746	12.2
738	-0.703366	126.435565	2.710362	0.002493	11.6
739	-0.705201	127.086282	2.698453	0.003048	11.6
740	-0.710211	126.976135	2.700461	0.002694	11.5
741	-0.685108	126.860612	2.702571	0.004060	12.1
742	-0.676623	126.761261	2.704388	0.001294	12.2
743	-0.690715	127.158198	2.697143	0.003286	11.5
744	-0.691169	127.088211	2.698417	0.002968	11.8
745	-0.687523	127.116052	2.697910	0.001985	11.6
746	-0.686605	127.318307	2.694231	0.003965	13.5
747	-0.694780	127.202373	2.696339	0.001895	11.7
748	-0.692500	127.109271	2.698034	0.002573	11.5
749	-0.695634	127.167245	2.696978	0.003023	11.7
750	-0.706955	127.087442	2.698431	0.002588	12.2
751	-0.698159	126.983751	2.700322	0.003633	12.4
752	-0.684205	126.913723	2.701601	0.003238	11.6
753	-0.665251	127.856504	2.684490	0.003786	11.5
754	-0.691574	127.739388	2.686604	0.002603	11.6
755	-0.719774	127.622912	2.688709	0.003877	12.6
756	-0.673105	128.588077	2.671361	0.004494	11.7
757	-0.691387	128.471277	2.673449	0.001282	11.6
758	-0.704396	128.790705	2.667748	0.002525	11.6
759	-0.680945	128.838689	2.666893	0.002519	13.4
760	-0.691203	128.839658	2.666876	0.003279	11.7
761	-0.699400	128.722829	2.668957	0.003234	12.0
762	-0.690448	129.718587	2.651324	0.003464	11.6
763	-0.697098	130.646893	2.635094	0.003569	11.8
764	-0.672596	131.454405	2.621136	0.003688	12.9
765	-0.683969	132.449526	2.604138	0.002876	11.6
766	-0.708746	132.953634	2.595611	0.002792	12.2
767	-0.699629	132.932169	2.595973	0.003017	12.0
768	-0.719834	133.879061	2.580102	0.002886	12.3
769	-0.690076	134.063078	2.577040	0.004638	11.5
770	-0.711922	134.131729	2.575900	0.003167	11.6
771	-0.691367	134.044515	2.577349	0.003750	11.6
772	-0.695037	133.957584	2.578795	0.003775	14.1
773	-0.701500	134.956182	2.562283	0.002740	11.7
774	-0.692075	134.839049	2.564208	0.004183	11.7
775	-0.682473	134.752590	2.565632	0.003416	11.6
776	-0.705824	134.635327	2.567565	0.004249	11.8
777	-0.691121	134.518039	2.569501	0.004798	12.2
778	-0.714276	134.828060	2.564389	0.003125	11.7
779	-0.681676	135.780031	2.548818	0.002275	11.7
780	-0.690875	136.242209	2.541327	0.002885	11.5
781	-0.706860	136.135214	2.543057	0.004297	13.1
782	-0.685670	137.101712	2.527511	0.004539	11.6
783	-0.684835	136.984421	2.529387	0.005356	11.6
784	-0.698298	137.984421	2.513478	0.003507	11.6
785	-0.697611	137.867169	2.515333	0.003279	14.0
786	-0.692243	138.856868	2.499760	0.002569	11.6
787	-0.695207	139.713244	2.486440	0.003866	11.6
788	-0.687190	139.678246	2.486981	0.003473	11.7
789	-0.709739	139.562097	2.488780	0.004306	11.6
790	-0.664299	140.558389	2.473433	0.002080	12.6
791	-0.690717	141.485238	2.459324	0.002992	11.5
792	-0.705287	142.036270	2.451012	0.003069	11.7
793	-0.685487	142.062292	2.450621	0.002594	11.5
794	-0.684997	141.974637	2.451939	0.003441	14.7
795	-0.694101	141.867958	2.453545	0.002978	12.1
796	-0.686856	142.779765	2.439885	0.002991	12.8
797	-0.677816	143.589808	2.427877	0.003243	11.8
798	-0.693646	144.582856	2.413316	0.003462	13.4
799	-0.697918	145.579914	2.398871	0.001507	11.8
800	-0.692027	146.422502	2.386799	0.002818	11.5
801	-0.706517	146.360115	2.387688	0.004089	11.6
802	-0.660274	146.810313	2.381283	0.003371	13.2
803	-0.706291	147.809631	2.367186	0.002066	11.6
804	-0.709748	147.954586	2.365155	0.002743	11.6
805	-0.699540	147.895231	2.365986	0.002661	11.5
806	-0.712896	147.781843	2.367576	0.002168	11.5
807	-0.685882	147.798726	2.367339	0.002935	12.4
808	-0.692158	147.702366	2.368691	0.002119	11.6
809	-0.704981	148.412598	2.358761	0.003112	11.5
810	-0.688842	148.527114	2.357167	0.002964	11.5
811	-0.695956	148.420964	2.358644	0.002756	13.9
812	-0.698394	148.324146	2.359993	0.002764	11.8
813	-0.685160	149.179098	2.348137	0.002490	11.6
814	-0.693006	150.094401	2.335575	0.003483	11.5
815	-0.694183	150.138610	2.334972	0.002967	11.7
816	-0.683383	150.222889	2.333822	0.003294	12.9
817	-0.711056	151.161956	2.321092	0.003966	11.6
818	-0.704888	151.044677	2.322675	0.001957	11.4
819	-0.701422	150.945357	2.324016	0.004826	11.7
820	-0.718477	151.926522	2.310830	0.003439	13.5
821	-0.694480	151.859687	2.311724	0.004813	11.7
822	-0.693702	151.742401	2.313293	0.002628	11.5
823	-0.693644	151.626899	2.314841	0.003229	11.5
824	-0.702156	152.547383	2.302563	0.002869	14.2
825	-0.705525	152.986647	2.296750	0.002774	11.8
826	-0.680104	153.366488	2.291747	0.001996	11.5
827	-0.694921	153.727724	2.287009	0.002995	11.5
828	-0.683417	154.156039	2.281416	0.003438	13.9
829	-0.690971	154.073653	2.282490	0.002379	11.8
830	-0.699770	154.867630	2.272185	0.003849	11.7
831	-0.695427	155.846034	2.259614	0.003133	11.4
832	-0.678592	156.841503	2.246966	0.003007	11.8
833	-0.685606	157.749770	2.235549	0.004874	12.7
834	-0.703835	157.632487	2.237016	0.002534	11.7
835	-0.671811	157.515212	2.238486	0.002520	11.7
836	-0.693103	157.542997	2.238138	0.003202	11.7
837	-0.683720	157.430100	2.239554	0.003350	14.0
838	-0.713193	157.317883	2.240963	0.003107	11.7
839	-0.681135	158.015291	2.232233	0.003585	11.7
840	-0.686993	158.937195	2.220796	0.003026	11.7
841	-0.692887	159.892809	2.209064	0.002490	14.3
842	-0.672250	160.368699	2.203268	0.003705	11.6
843	-0.698204	160.501292	2.201658	0.003121	11.6
844	-0.698348	160.385530	2.203063	0.003618	11.4
845	-0.698439	160.268423	2.204487	0.003119	11.7
846	-0.702754	160.151227	2.205913	0.002293	12.5
847	-0.686896	160.713478	2.199087	0.002875	11.8
848	-0.669858	160.663173	2.199696	0.003020	11.8
849	-0.672389	160.557535	2.200976	0.002943	11.7
850	-0.689323	161.115769	2.194230	0.002300	13.6
851	-0.692431	161.456673	2.190130	0.002999	11.7
852	-0.708286	161.425251	2.190507	0.003232	12.3
853	-0.674563	162.124219	2.182146	0.002002	11.7
854	-0.706774	162.196145	2.181289	0.005168	14.1
855	-0.696581	162.117962	2.182221	0.002461	11.9
856	-0.700379	162.078050	2.182696	0.003582	11.9
857	-0.692642	161.979801	2.183868	0.003323	11.5
858	-0.705313	161.878609	2.185077	0.004749	12.2
859	-0.706994	162.878436	2.173196	0.002888	12.2
860	-0.694087	162.774182	2.174428	0.003201	11.6
861	-0.676827	162.699237	2.175316	0.002590	11.5
862	-0.695628	162.599075	2.176502	0.002155	11.7
863	-0.693959	162.811888	2.173982	0.003957	13.6
864	-0.692814	163.592954	2.164784	0.001590	11.9
865	-0.698876	164.016168	2.159832	0.003456	11.6
866	-0.699009	163.903228	2.161151	0.003451	12.1
867	-0.710973	164.490022	2.154314	0.003197	13.9
868	-0.699130	164.409340	2.155252	0.003413	12.0
869	-0.712387	164.292327	2.156613	0.001522	11.7
870	-0.709080	164.251938	2.157083	0.003839	11.5
871	-0.691385	164.244500	2.157170	0.002549	11.7
872	-0.702596	164.939070	2.149112	0.004060	12.6
873	-0.687243	164.844722	2.150203	0.003239	11.5
874	-0.700393	165.839777	2.138751	0.004487	11.5
875	-0.688687	165.722578	2.140094	0.004443	11.6
876	-0.680876	166.250492	2.134060	0.004641	12.0
877	-0.703594	166.133206	2.135398	0.002781	12.1
878	-0.714696	167.128515	2.124100	0.003152	11.8
879	-0.702958	167.069941	2.124762	0.003243	11.6
880	-0.686724	166.974101	2.125845	0.003324	12.6
881	-0.700008	167.466816	2.120287	0.002955	12.2
882	-0.681243	168.454851	2.109230	0.004954	11.5
883	-0.702409	168.348966	2.110409	0.002119	11.8
884	-0.691536	168.263416	2.111363	0.001654	11.6
885	-0.692573	168.203430	2.112033	0.003745	12.0
886	-0.694721	168.107406	2.113105	0.001533	12.1
887	-0.689747	167.995353	2.114358	0.002595	11.7
888	-0.682605	168.069919	2.113524	0.003516	11.5
889	-0.693783	167.960049	2.114753	0.003331	11.6
890	-0.696963	167.867226	2.115792	0.004056	13.6
891	-0.700816	167.754130	2.117060	0.003611	11.7
892	-0.712059	167.658443	2.118134	0.001944	11.5
893	-0.701778	167.883235	2.115613	0.001905	11.7
894	-0.694739	167.891046	2.115525	0.003841	13.9
895	-0.683079	167.774141	2.116836	0.001686	11.6
896	-0.693322	167.871002	2.115750	0.001670	11.9
897	-0.696148	167.934451	2.115039	0.003216	12.6
898	-0.674469	167.909191	2.115322	0.002119	13.0
899	-0.697366	168.356032	2.110330	0.002272	12.0
900	-0.716420	168.252001	2.111491	0.003799	11.3
901	-0.686249	168.222480	2.111820	0.001956	11.7
902	-0.721066	168.105849	2.113122	0.003350	11.4
903	-0.679883	167.995808	2.114353	0.002281	12.9
904	-0.687918	167.885236	2.115590	0.005018	11.7
905	-0.706095	167.787026	2.116691	0.005372	11.6
906	-0.701298	168.652192	2.107035	0.002677	11.5
907	-0.692285	169.627617	2.096253	0.003025	14.2
908	-0.702148	169.599650	2.096561	0.001740	11.7
909	-0.696200	169.792159	2.094446	0.002929	11.9
910	-0.696417	169.986969	2.092309	0.005522	11.7
911	-0.690998	169.869701	2.093595	0.001491	12.1
912	-0.700435	170.844954	2.082952	0.003104	12.1
913	-0.718803	171.187219	2.079242	0.002323	11.6
914	-0.688222	171.749563	2.073176	0.004615	11.6
915	-0.696263	171.633319	2.074427	0.002807	11.5
916	-0.686342	171.516038	2.075691	0.004247	13.7
917	-0.716612	171.928134	2.071257	0.002964	11.7
918	-0.695784	172.900018	2.060876	0.004945	11.5
919	-0.703547	173.899682	2.050305	0.002371	11.5
920	-0.703643	173.782655	2.051537	0.003109	14.4
921	-0.691809	173.667638	2.052749	0.003385	11.7
922	-0.691315	174.629768	2.042653	0.002195	11.8
923	-0.685314	174.515306	2.043849	0.003599	11.5
924	-0.692391	174.817893	2.040691	0.003004	11.7
925	-0.694233	174.711855	2.041797	0.002293	12.2
926	-0.706464	174.618235	2.042774	0.002139	11.6
927	-0.699933	174.518585	2.043815	0.002776	11.7
928	-0.698843	175.147035	2.037267	0.003724	11.7
929	-0.688372	175.200441	2.036712	0.002385	13.4
930	-0.698269	175.104925	2.037704	0.002262	11.7
931	-0.693225	175.505142	2.033554	0.004456	11.6
932	-0.703791	176.107687	2.027337	0.002258	11.5
933	-0.676332	176.164537	2.026753	0.003611	12.0
934	-0.688049	176.049831	2.027933	0.002291	12.1
935	-0.696435	176.495771	2.023354	0.002562	11.5
936	-0.689310	176.801514	2.020226	0.003272	11.4
937	-0.682292	176.708979	2.021172	0.002832	11.5
938	-0.690107	177.229688	2.015863	0.002492	13.2
939	-0.692109	178.195975	2.006084	0.002278	11.7
940	-0.688044	178.121277	2.006836	0.003718	11.7
941	-0.709246	178.011264	2.007946	0.004740	11.5
942	-0.687251	179.010559	1.997914	0.005233	14.0
943	-0.690892	180.010559	1.987974	0.002946	11.8
944	-0.691035	180.661663	1.981556	0.002502	11.8
945	-0.707500	180.596978	1.982191	0.003853	11.6
946	-0.694606	181.501002	1.973342	0.002751	11.9
947	-0.689049	181.816346	1.970274	0.003838	12.5
948	-0.679662	181.818931	1.970249	0.002807	11.5
949	-0.701053	181.898999	1.969472	0.003760	11.6
950	-0.693932	181.838083	1.970063	0.001631	11.7
951	-0.689191	181.728608	1.971127	0.003383	13.5
952	-0.693066	182.422317	1.964405	0.002725	11.5
953	-0.697921	182.815600	1.960614	0.001663	11.7
954	-0.672531	182.713576	1.961596	0.002936	11.6
955	-0.682997	182.615417	1.962542	0.001410	14.1
956	-0.690546	182.570006	1.962980	0.002389	11.6
957	-0.700411	182.559092	1.963085	0.001970	11.6
958	-0.696501	182.612598	1.962569	0.001965	11.5
959	-0.715391	182.554760	1.963127	0.001847	11.6
960	-0.682956	182.570231	1.962978	0.003772	12.4
961	-0.695074	182.523259	1.963431	0.003673	11.6
962	-0.692264	183.321537	1.955760	0.002630	12.9
963	-0.683966	183.513794	1.953921	0.004343	11.7
964	-0.706976	183.476215	1.954280	0.001739	12.8
965	-0.688708	183.966717	1.949603	0.002825	11.6
966	-0.694276	184.025936	1.949040	0.002525	11.5
967	-0.707219	183.909974	1.950143	0.002891	11.7
968	-0.698389	184.233457	1.947070	0.003171	14.2
969	-0.689327	185.139418	1.938512	0.003113	11.7
970	-0.682156	185.473349	1.935377	0.001651	11.6
971	-0.695591	186.334065	1.927343	0.003276	11.5
972	-0.686295	186.484264	1.925948	0.002255	11.6
973	-0.705399	186.372851	1.926982	0.002036	12.1
974	-0.699174	186.287749	1.927773	0.002588	11.7
975	-0.685889	186.826614	1.922775	0.003959	11.7
976	-0.695970	187.824434	1.913587	0.003059	11.7
977	-0.698623	188.201774	1.910136	0.003805	13.4
978	-0.713972	189.009733	1.902787	0.002338	11.7
979	-0.678388	189.117099	1.901815	0.002686	11.6
980	-0.676111	189.934408	1.894446	0.003258	11.6
981	-0.695944	190.420033	1.890094	0.001701	12.6
982	-0.699645	190.846580	1.886289	0.002648	11.8
983	-0.693809	190.757436	1.887083	0.002893	11.7
984	-0.685825	190.695231	1.887637	0.003129	11.6
985	-0.682412	190.664304	1.887913	0.001715	11.6
986	-0.711059	190.552404	1.888912	0.002159	13.3
987	-0.675142	190.493705	1.889436	0.003947	12.0
988	-0.676804	190.386429	1.890395	0.003150	11.4
989	-0.711605	190.290873	1.891250	0.001965	11.6
990	-0.708694	190.182295	1.892222	0.003462	14.0
991	-0.684795	190.192089	1.892134	0.003568	11.6
992	-0.671216	190.074802	1.893186	0.002887	11.7
993	-0.697584	190.162174	1.892402	0.004704	11.6
994	-0.714006	190.044885	1.893454	0.003759	11.7
995	-0.700500	190.990099	1.885012	0.001602	12.5
996	-0.693877	190.908213	1.885740	0.001907	11.5
997	-0.685790	190.961256	1.885268	0.004581	11.6
998	-0.693366	191.868873	1.877230	0.003378	11.8
999	-0.709768	192.317797	1.873279	0.002276	12.3
1000	-0.694051	192.514671	1.871552	0.003077	12.1
1001	-0.683011	192.441049	1.872198	0.002940	11.6
1002	-0.694145	192.366078	1.872855	0.003910	11.6
1003	-0.676909	192.414143	1.872434	0.003733	11.6
1004	-0.701605	192.296927	1.873463	0.003532	12.6
1005	-0.712888	192.184990	1.874446	0.004059	11.7
1006	-0.698889	192.067880	1.875477	0.004472	11.7
1007	-0.699864	193.067869	1.866715	0.001239	11.6
1008	-0.692756	192.969939	1.867570	0.001963	12.3
1009	-0.694159	192.921758	1.867990	0.004244	12.0
1010	-0.699066	193.141720	1.866072	0.002133	11.8
1011	-0.689486	193.812332	1.860246	0.003364	11.6
1012	-0.679009	194.376511	1.855373	0.003709	11.7
1013	-0.707976	194.259951	1.856378	0.002660	12.7
1014	-0.689049	194.522213	1.854119	0.003385	11.6
1015	-0.702576	194.406711	1.855113	0.002729	11.8
1016	-0.683912	194.674768	1.852807	0.003967	11.5
1017	-0.710034	194.557550	1.853815	0.003025	12.1
1018	-0.690242	195.518321	1.845589	0.003474	12.1
1019	-0.692059	195.402221	1.846579	0.002721	11.6
1020	-0.700018	195.574889	1.845107	0.002282	11.7
1021	-0.694136	195.492886	1.845806	0.002464	12.1
1022	-0.710967	195.383998	1.846735	0.002656	12.8
1023	-0.673036	195.855164	1.842722	0.001849	11.5
1024	-0.710478	196.388016	1.838205	0.002199	11.6
1025	-0.699165	196.375668	1.838310	0.001880	11.6
1026	-0.711764	196.506815	1.837201	0.001720	11.6
1027	-0.695771	196.535778	1.836957	0.002404	12.2
1028	-0.682477	196.450944	1.837673	0.002097	11.6
1029	-0.701660	196.494717	1.837303	0.004774	11.6
1030	-0.701668	196.382261	1.838254	0.003125	11.6
1031	-0.709146	196.264985	1.839246	0.002075	11.9
1032	-0.703522	197.055141	1.832581	0.002756	11.9
1033	-0.686867	197.014172	1.832926	0.003462	11.6
1034	-0.687297	196.897105	1.833911	0.004401	11.6
1035	-0.702315	197.897081	1.825533	0.002560	11.5
1036	-0.684557	198.480691	1.820679	0.003108	13.5
1037	-0.705308	198.422112	1.821165	0.004826	11.7
1038	-0.702734	198.304824	1.822139	0.004564	11.7
1039	-0.690254	198.187534	1.823114	0.001800	11.7
1040	-0.701802	198.201762	1.822995	0.001375	13.9
1041	-0.718129	198.123740	1.823645	0.003619	11.7
1042	-0.686990	198.487461	1.820622	0.002694	11.7
1043	-0.694913	198.623662	1.819493	0.002621	11.6
1044	-0.708285	198.508940	1.820444	0.002351	11.6
1045	-0.694289	199.056152	1.815917	0.003591	12.8
1046	-0.710272	199.069815	1.815805	0.003657	11.6
1047	-0.686229	200.028054	1.807933	0.003219	11.6
1048	-0.696982	200.914602	1.800710	0.003796	11.7
1049	-0.702278	200.804902	1.801600	0.002951	13.6
1050	-0.704372	200.692832	1.802511	0.004804	11.9
1051	-0.696252	200.690592	1.802529	0.004674	11.7
1052	-0.695200	200.573301	1.803484	0.003729	11.4
1053	-0.697768	200.456194	1.804437	0.001846	14.1
1054	-0.675583	200.341195	1.805375	0.001460	11.8
1055	-0.708208	200.289375	1.805798	0.003409	11.6
1056	-0.702239	200.398758	1.804905	0.001720	11.5
1057	-0.700753	200.336248	1.805415	0.004683	13.8
1058	-0.687977	200.289198	1.805799	0.005052	11.6
1059	-0.697269	200.171908	1.806757	0.002971	11.7
1060	-0.707158	200.056474	1.807700	0.002178	11.6
1061	-0.690352	200.207788	1.806464	0.003580	11.7
1062	-0.684287	200.249349	1.806124	0.002982	12.3
1063	-0.687632	200.844169	1.801282	0.001490	11.7
1064	-0.691129	200.862627	1.801132	0.002362	11.6
1065	-0.701999	200.900294	1.800826	0.002874	11.6
1066	-0.692835	201.071824	1.799435	0.003918	13.5
1067	-0.703199	200.977031	1.800203	0.001521	11.7
1068	-0.690027	201.210833	1.798309	0.004822	11.9
1069	-0.686640	201.711352	1.794268	0.004617	11.5
1070	-0.670973	201.607110	1.795108	0.004465	14.1
1071	-0.692458	202.466811	1.788202	0.002781	11.8
1072	-0.684305	202.417077	1.788600	0.002003	11.6
1073	-0.694560	202.902484	1.784723	0.003363	11.6
1074	-0.696928	202.831497	1.785289	0.002839	12.3
1075	-0.692725	202.725335	1.786136	0.003165	11.9
1076	-0.706450	202.625910	1.786930	0.002922	11.6
1077	-0.691363	202.514497	1.787821	0.002842	11.6
1078	-0.707609	202.426216	1.788527	0.002795	11.6
1079	-0.686844	202.954777	1.784306	0.002445	13.4
1080	-0.706991	203.805248	1.777555	0.002072	11.7
1081	-0.702196	203.726047	1.778182	0.003718	12.1
1082	-0.696601	204.672220	1.770727	0.003390	11.6
1083	-0.697527	204.555548	1.771643	0.002835	14.2
1084	-0.699351	204.438629	1.772561	0.003315	11.7
1085	-0.695559	204.355113	1.773218	0.002530	11.5
1086	-0.700603	204.276436	1.773838	0.002927	11.7
1087	-0.704487	204.754915	1.770078	0.002410	11.8
1088	-0.694886	204.753432	1.770090	0.002406	12.3
1089	-0.698555	204.665759	1.770777	0.002242	11.6
1090	-0.691801	205.336140	1.765532	0.003646	11.5
1091	-0.679102	205.223306	1.766413	0.002428	11.5
1092	-0.702792	205.929547	1.760916	0.002471	12.1
1093	-0.690046	206.273954	1.758247	0.002568	12.0
1094	-0.701707	206.360518	1.757578	0.002041	11.7
1095	-0.705146	206.261718	1.758342	0.002992	11.7
1096	-0.697156	206.671215	1.755179	0.003169	11.6
1097	-0.693364	207.448475	1.749208	0.002799	13.2
1098	-0.712999	207.332333	1.750097	0.002359	11.5
1099	-0.698904	207.472067	1.749027	0.002677	11.7
1100	-0.682751	208.054657	1.744578	0.002793	11.5
1101	-0.693993	208.925041	1.737974	0.002994	11.7
1102	-0.683492	208.944392	1.737828	0.002563	12.3
1103	-0.699550	208.842861	1.738596	0.003415	11.7
1104	-0.697166	208.833820	1.738664	0.001852	11.8
1105	-0.687339	208.760921	1.739216	0.001114	11.5
1106	-0.690612	208.783729	1.739043	0.001958	12.2
1107	-0.688996	208.792313	1.738978	0.002850	12.0
1108	-0.679318	209.066670	1.736904	0.003288	11.6
1109	-0.724604	208.950589	1.737781	0.003934	11.6
1110	-0.705196	209.546863	1.733287	0.003446	11.6
1111	-0.664756	209.429811	1.734167	0.001907	12.8
1112	-0.686334	209.634291	1.732630	0.001754	11.8
1113	-0.681987	209.612879	1.732790	0.003460	11.6
1114	-0.690206	209.513479	1.733538	0.005125	11.5
1115	-0.687794	210.513014	1.726053	0.003363	11.6
1116	-0.695881	210.397506	1.726915	0.002394	12.4
1117	-0.680018	211.213246	1.720848	0.003357	11.7
1118	-0.702943	211.566960	1.718231	0.003949	11.7
1119	-0.672523	212.544825	1.711037	0.003084	11.4
1120	-0.706969	213.387586	1.704885	0.003907	13.4
1121	-0.694940	213.564451	1.703599	0.003155	11.7
1122	-0.702923	213.512433	1.703977	0.001790	11.7
1123	-0.691576	213.518387	1.703934	0.003808	12.1
1124	-0.691116	213.406018	1.704751	0.003731	14.4
1125	-0.713942	213.289525	1.705598	0.002090	11.8
1126	-0.699215	213.178064	1.706410	0.003382	11.4
1127	-0.702488	213.088690	1.707062	0.001966	11.8
1128	-0.700110	213.562245	1.703615	0.004482	14.5
1129	-0.705364	214.497667	1.696848	0.001766	11.6
1130	-0.695584	215.423025	1.690207	0.002564	11.7
1131	-0.687014	215.349417	1.690733	0.004146	11.6
1132	-0.713810	215.234846	1.691553	0.002617	11.7
1133	-0.704242	216.225226	1.684491	0.003832	12.2
1134	-0.708051	217.218237	1.677469	0.002992	11.6
1135	-0.731247	217.493861	1.675531	0.001577	11.6
1136	-0.714327	217.685302	1.674187	0.002880	11.6
1137	-0.708114	217.571233	1.674987	0.002796	13.3
1138	-0.687773	218.534182	1.668254	0.002250	11.8
1139	-0.706866	219.174325	1.663807	0.003616	21.8
1140	-0.695896	219.087350	1.664410	0.003415	13.9
1141	-0.690397	220.023965	1.657942	0.005585	11.9
1142	-0.685928	220.540919	1.654394	0.002950	14.4
1143	-0.691980	220.424715	1.655190	0.002874	11.4
1144	-0.706203	220.351218	1.655694	0.003266	11.6
1145	-0.687882	220.277739	1.656198	0.002456	11.6
1146	-0.703230	220.207698	1.656679	0.002865	14.2
1147	-0.696555	220.135459	1.657176	0.003264	11.7
1148	-0.686480	220.027562	1.657917	0.004319	11.6
1149	-0.684834	220.209590	1.656666	0.002760	11.6
1150	-0.693660	220.397968	1.655374	0.002266	11.4
1151	-0.687383	220.281393	1.656173	0.004652	12.3
1152	-0.705773	221.182385	1.650012	0.002803	11.5
1153	-0.704215	221.067189	1.650797	0.003005	11.7
1154	-0.693122	221.172821	1.650077	0.001269	11.6
1155	-0.692490	221.175131	1.650061	0.001847	13.2
1156	-0.696387	221.136550	1.650324	0.004523	11.5
1157	-0.687488	221.019966	1.651119	0.003539	11.7
1158	-0.696187	221.746681	1.646176	0.002726	11.7
1159	-0.707348	222.349641	1.642097	0.006162	12.3
1160	-0.711964	223.323036	1.635555	0.004329	11.9
1161	-0.686036	224.323035	1.628888	0.004805	11.7
1162	-0.695122	224.205754	1.629667	0.004693	11.5
1163	-0.716098	225.205071	1.623053	0.003887	11.6
1164	-0.694633	225.088320	1.623823	0.002385	13.3
1165	-0.702719	225.188899	1.623159	0.003722	11.7
1166	-0.697871	225.074088	1.623917	0.004032	11.5
1167	-0.698276	224.980180	1.624537	0.002305	11.8
1168	-0.704855	224.863304	1.625309	0.003218	13.8
1169	-0.692549	224.750132	1.626057	0.002517	11.7
1170	-0.709344	225.584202	1.620557	0.003701	11.4
1171	-0.700287	225.740830	1.619528	0.002381	11.7
1172	-0.707287	225.634270	1.620228	0.003802	11.7
1173	-0.682655	226.602774	1.613891	0.002784	12.1
1174	-0.699061	227.413081	1.608626	0.003064	11.6
1175	-0.707134	227.656020	1.607055	0.004270	12.0
1176	-0.695548	227.588601	1.607490	0.004461	11.7
1177	-0.667884	228.588383	1.601051	0.002632	13.7
1178	-0.716270	228.474723	1.601781	0.002677	11.6
1179	-0.693714	228.423578	1.602109	0.002531	11.6
1180	-0.692449	228.473889	1.601786	0.004288	11.6
1181	-0.690230	228.381232	1.602381	0.003265	14.1
1182	-0.702363	228.727974	1.600156	0.002324	11.5
1183	-0.680293	228.661229	1.600584	0.001888	11.7
1184	-0.677189	228.650936	1.600650	0.002882	11.4
1185	-0.715819	228.744241	1.600052	0.002360	13.6
1186	-0.692352	228.727981	1.600156	0.002382	11.7
1187	-0.691396	229.071689	1.597957	0.001447	11.7
1188	-0.708494	229.278699	1.596635	0.002589	11.8
1189	-0.689194	229.178300	1.597276	0.002576	11.8
1190	-0.680557	229.067647	1.597983	0.002105	12.3
1191	-0.691740	229.190778	1.597196	0.003258	11.5
1192	-0.695500	229.083200	1.597883	0.002577	11.4
1193	-0.709742	229.474655	1.595386	0.002986	11.8
1194	-0.681177	229.947704	1.592379	0.004942	12.1
1195	-0.703444	229.857923	1.592949	0.001775	11.9
1196	-0.685699	230.584805	1.588346	0.002969	11.7
1197	-0.687663	230.627116	1.588079	0.002414	11.4
1198	-0.704505	230.548877	1.588573	0.004922	11.6
1199	-0.710007	230.444078	1.589235	0.005366	12.6
1200	-0.692128	230.326788	1.589977	0.004292	11.7
1201	-0.688916	230.885347	1.586451	0.003924	12.4
1202	-0.691300	231.579786	1.582089	0.004164	12.0
1203	-0.697018	232.579207	1.575854	0.005050	12.2
1204	-0.697129	233.487959	1.570227	0.002030	12.1
1205	-0.701333	233.370952	1.570949	0.002237	11.6
1206	-0.696646	233.262386	1.571620	0.002270	11.5
1207	-0.702492	233.179396	1.572133	0.002831	12.3
1208	-0.686154	233.383487	1.570872	0.002192	12.5
1209	-0.691085	233.367535	1.570970	0.002569	11.6
1210	-0.705568	233.260641	1.571631	0.002799	11.8
1211	-0.697887	234.240085	1.565600	0.003497	11.6
1212	-0.679321	235.081277	1.560457	0.003470	11.7
1213	-0.695675	234.967794	1.561149	0.002204	12.2
1214	-0.695244	234.904995	1.561532	0.003056	11.4
1215	-0.680048	234.965325	1.561164	0.003251	11.6
1216	-0.692685	235.870824	1.555661	0.002123	11.7
1217	-0.708940	236.687696	1.550729	0.002980	13.2
1218	-0.706000	236.574737	1.551409	0.003656	12.1
1219	-0.703094	237.451283	1.546147	0.002008	11.6
1220	-0.689027	237.350218	1.546752	0.002430	11.6
1221	-0.694326	237.274092	1.547208	0.003196	13.4
1222	-0.711341	237.163375	1.547872	0.002294	11.7
1223	-0.693797	237.070088	1.548431	0.003606	11.5
1224	-0.704643	237.029710	1.548674	0.002451	11.6
1225	-0.698429	236.913989	1.549368	0.004669	11.6
1226	-0.701276	236.807201	1.550010	0.002878	12.5
1227	-0.679374	237.807039	1.544022	0.002107	11.7
1228	-0.683670	238.077015	1.542413	0.002616	11.7
1229	-0.692432	238.188789	1.541748	0.002770	11.4
1230	-0.692115	238.240719	1.541439	0.004857	13.6
1231	-0.707047	238.877022	1.537665	0.002597	11.8
1232	-0.707942	238.774662	1.538271	0.002278	11.6
1233	-0.687215	238.669006	1.538897	0.003087	11.6
1234	-0.690328	238.786221	1.538202	0.002546	12.3
1235	-0.692755	238.685900	1.538797	0.002828	12.0
1236	-0.697958	238.571793	1.539473	0.001645	11.7
1237	-0.697610	238.579073	1.539430	0.002574	11.7
1238	-0.691068	238.508433	1.539849	0.002515	11.5
1239	-0.708518	238.590266	1.539364	0.003267	13.5
1240	-0.698778	238.589488	1.539368	0.002558	11.8
1241	-0.688020	238.486969	1.539976	0.004100	11.4
1242	-0.699505	238.749391	1.538421	0.003013	11.6
1243	-0.698553	239.727737	1.532648	0.004115	14.6
1244	-0.697092	240.199136	1.529882	0.003037	11.8
1245	-0.709548	240.081890	1.530569	0.003374	11.5
1246	-0.683649	241.033649	1.525010	0.003539	11.7
1247	-0.705777	240.933572	1.525592	0.002465	12.2
1248	-0.668813	241.913427	1.519906	0.001862	11.9
1249	-0.680202	241.846588	1.520293	0.003263	11.8
1250	-0.700541	241.885327	1.520069	0.002143	11.9
1251	-0.692857	242.707582	1.515329	0.001580	11.8
1252	-0.693902	242.628372	1.515785	0.002778	12.6
1253	-0.692818	242.551208	1.516228	0.004072	11.8
1254	-0.706574	243.040392	1.513419	0.002978	11.5
1255	-0.681925	242.940247	1.513993	0.001467	11.6
1256	-0.716128	242.883506	1.514319	0.002552	14.3
1257	-0.683683	242.835908	1.514592	0.003361	11.7
1258	-0.688535	243.400368	1.511359	0.002409	12.1
1259	-0.704113	243.283530	1.512027	0.002635	11.7
1260	-0.690734	243.207000	1.512465	0.001625	12.8
1261	-0.701502	243.155396	1.512760	0.003035	11.9
1262	-0.681870	243.514206	1.510708	0.003643	11.6
1263	-0.701221	243.398563	1.511369	0.002739	11.6
1264	-0.703387	243.423420	1.511227	0.003045	11.6
1265	-0.688040	244.023825	1.507803	0.003632	12.4
1266	-0.690016	243.911719	1.508441	0.002806	11.7
1267	-0.698970	243.794472	1.509109	0.003040	11.5
1268	-0.711693	243.677275	1.509778	0.002755	11.6
1269	-0.704271	244.149547	1.507088	0.005513	13.4
1270	-0.702881	244.032267	1.507755	0.002813	11.9
1271	-0.684469	245.028281	1.502110	0.002314	11.7
1272	-0.712015	244.914255	1.502754	0.002411	11.7
1273	-0.685761	244.901891	1.502824	0.002507	11.9
1274	-0.676909	245.750229	1.498045	0.002751	12.4
1275	-0.675195	246.014730	1.496561	0.002212	11.5
1276	-0.695092	245.924360	1.497068	0.003489	11.6
1277	-0.714255	246.845343	1.491920	0.004737	11.6
1278	-0.691630	247.843530	1.486381	0.002456	13.4
1279	-0.698475	247.727520	1.487022	0.002843	12.1
1280	-0.691555	247.619834	1.487618	0.002738	11.6
1281	-0.691620	247.973966	1.485660	0.004564	11.8
1282	-0.694081	247.987750	1.485584	0.003901	11.7
1283	-0.693618	248.111081	1.484903	0.004962	12.3
1284	-0.687992	248.672127	1.481814	0.004622	12.1
1285	-0.688663	249.672127	1.476339	0.003174	12.0
1286	-0.692644	250.078621	1.474125	0.002035	11.5
1287	-0.707154	250.114843	1.473928	0.004293	12.7
1288	-0.683968	250.878996	1.469785	0.002078	11.7
1289	-0.688071	250.786341	1.470287	0.002945	11.8
1290	-0.688372	250.697063	1.470770	0.002283	11.4
1291	-0.697219	250.670271	1.470915	0.002895	12.5
1292	-0.706147	250.566368	1.471478	0.003211	12.1
1293	-0.697382	250.754650	1.470458	0.001976	11.8
1294	-0.688416	250.699970	1.470754	0.002349	11.7
1295	-0.705533	251.142262	1.468364	0.003196	11.4
1296	-0.682940	251.773215	1.464967	0.002627	12.4
1297	-0.695090	251.659215	1.465580	0.003429	11.6
1298	-0.698138	251.547821	1.466179	0.002277	11.5
1299	-0.702899	251.870242	1.464446	0.005045	11.6
1300	-0.698319	251.843632	1.464589	0.003698	14.1
1301	-0.689243	251.781050	1.464925	0.003501	11.6
1302	-0.697667	251.663836	1.465555	0.003456	11.6
1303	-0.700561	251.546625	1.466185	0.002940	11.5
1304	-0.710222	252.211725	1.462616	0.002243	11.8
1305	-0.699855	252.119165	1.463112	0.002446	12.5
1306	-0.704508	252.101520	1.463206	0.002968	11.9
1307	-0.690386	252.034421	1.463566	0.002933	11.6
1308	-0.712492	252.020000	1.463643	0.003277	11.6
1309	-0.685370	252.991812	1.458452	0.001922	13.6
1310	-0.697943	253.099495	1.457879	0.004716	11.6
1311	-0.711157	253.428894	1.456129	0.002550	11.5
1312	-0.689733	253.907463	1.453594	0.003111	12.1
1313	-0.683178	254.529366	1.450313	0.003727	14.2
1314	-0.710738	254.488627	1.450527	0.003334	11.9
1315	-0.691624	254.371925	1.451142	0.002972	11.7
1316	-0.685595	254.255293	1.451757	0.003490	11.5
1317	-0.688948	254.553316	1.450187	0.003406	12.6
1318	-0.706065	254.436994	1.450799	0.004358	12.5
1319	-0.683854	255.436959	1.445551	0.004645	11.5
1320	-0.695118	256.431538	1.440369	0.002586	11.8
1321	-0.709276	257.403936	1.435338	0.003620	11.7
1322	-0.700561	257.411951	1.435297	0.004965	12.5
1323	-0.691777	257.406092	1.435327	0.003205	11.6
1324	-0.704641	257.296883	1.435890	0.002993	11.5
1325	-0.703011	257.556857	1.434550	0.002552	11.7
1326	-0.694874	257.488489	1.434902	0.003620	13.6
1327	-0.701029	257.445268	1.435125	0.005000	11.6
1328	-0.704875	257.330761	1.435716	0.002766	11.5
1329	-0.697623	257.780493	1.433399	0.003495	11.8
1330	-0.670475	258.004534	1.432248	0.002402	11.9
1331	-0.707863	258.159937	1.431451	0.002735	12.1
1332	-0.704635	258.930349	1.427512	0.002439	11.5
1333	-0.703171	258.909040	1.427620	0.001921	11.5
1334	-0.686854	259.634962	1.423927	0.002184	11.9
1335	-0.678396	259.599968	1.424105	0.002778	13.3
1336	-0.694912	259.491222	1.424657	0.002394	11.6
1337	-0.692900	259.516319	1.424530	0.003221	11.5
1338	-0.708159	259.428682	1.424975	0.002276	11.5
1339	-0.709356	259.651524	1.423843	0.003792	14.5
1340	-0.718064	259.544552	1.424386	0.002863	11.8
1341	-0.699894	259.428759	1.424974	0.003089	12.1
1342	-0.698373	259.881542	1.422677	0.003175	11.7
1343	-0.704892	259.764431	1.423271	0.002701	14.4
1344	-0.695060	259.727763	1.423457	0.002767	11.9
1345	-0.714905	259.975673	1.422201	0.003066	11.7
1346	-0.698345	259.948584	1.422338	0.003315	12.0
1347	-0.683628	259.954300	1.422309	0.002193	12.8
1348	-0.686670	259.903277	1.422567	0.001833	11.9
1349	-0.691385	259.881150	1.422679	0.001917	11.6
1350	-0.685027	260.109521	1.421524	0.003323	11.5
1351	-0.687846	260.082990	1.421658	0.003537	11.6
1352	-0.680472	259.976363	1.422197	0.001781	13.3
1353	-0.692360	259.873570	1.422718	0.001803	11.8
1354	-0.703718	259.847561	1.422849	0.002951	11.6
1355	-0.691612	259.849727	1.422838	0.004921	11.6
1356	-0.698898	259.815931	1.423010	0.001968	14.2
1357	-0.685988	259.715563	1.423519	0.001719	11.6
1358	-0.699583	259.655773	1.423822	0.003031	11.6
1359	-0.686553	259.796154	1.423110	0.002609	11.6
1360	-0.704409	260.192983	1.421102	0.002712	11.8
1361	-0.708959	260.076442	1.421691	0.002501	12.2
1362	-0.702892	259.989866	1.422129	0.002860	11.5
1363	-0.695086	259.902336	1.422572	0.003375	11.7
1364	-0.690307	259.887256	1.422648	0.003599	11.7
1365	-0.701659	260.884902	1.417613	0.002568	13.6
1366	-0.707702	260.771092	1.418186	0.004063	11.7
1367	-0.675710	260.658504	1.418753	0.002300	11.6
1368	-0.696000	260.548558	1.419307	0.003789	11.5
1369	-0.710814	260.632699	1.418883	0.002828	14.1
1370	-0.697393	260.515501	1.419474	0.003193	11.7
1371	-0.694748	260.494055	1.419582	0.002554	11.7
1372	-0.693994	260.382946	1.420142	0.002928	11.7
1373	-0.691234	260.503109	1.419536	0.003122	12.8
1374	-0.698705	260.853636	1.417771	0.004296	12.1
1375	-0.712461	261.747318	1.413289	0.003655	11.5
1376	-0.687488	261.630033	1.413876	0.002157	11.5
1377	-0.698197	262.508092	1.409497	0.001831	11.6
1378	-0.703813	262.419712	1.409937	0.003398	13.5
1379	-0.690208	262.587610	1.409102	0.001851	11.7
1380	-0.708260	262.521551	1.409430	0.002879	11.7
1381	-0.676910	262.672334	1.408681	0.003307	11.5
1382	-0.693605	262.577598	1.409152	0.002421	14.1
1383	-0.685691	262.991518	1.407098	0.002917	11.7
1384	-0.702062	263.605621	1.404062	0.002354	11.6
1385	-0.711745	263.494404	1.404610	0.002433	11.6
1386	-0.708337	263.385101	1.405150	0.002655	12.5
1387	-0.697646	264.125383	1.401502	0.002798	12.3
1388	-0.695285	264.066719	1.401790	0.002850	11.6
1389	-0.701239	264.389675	1.400204	0.002534	11.4
1390	-0.690687	264.280417	1.400740	0.002821	11.6
1391	-0.696595	264.311749	1.400587	0.002535	12.9
1392	-0.701447	265.062338	1.396912	0.004257	11.5
1393	-0.698039	264.947151	1.397474	0.004602	11.6
1394	-0.703969	265.147480	1.396496	0.003646	11.6
1395	-0.700517	265.030191	1.397069	0.003593	11.8
1396	-0.692798	265.050961	1.396967	0.003253	12.5
1397	-0.687966	264.934079	1.397538	0.001839	11.7
1398	-0.690132	264.901591	1.397697	0.003497	11.7
1399	-0.692324	265.333745	1.395588	0.002296	11.5
1400	-0.692007	265.391543	1.395306	0.004307	12.8
1401	-0.687887	265.280594	1.395847	0.006721	11.6
1402	-0.683623	266.268645	1.391046	0.002996	11.5
1403	-0.703338	267.179923	1.386647	0.001719	11.6
1404	-0.697834	267.115849	1.386955	0.002363	12.2
1405	-0.698609	267.020390	1.387415	0.003853	12.1
1406	-0.692416	266.926410	1.387868	0.003472	11.6
1407	-0.712563	266.811606	1.388421	0.005071	11.7
1408	-0.691041	266.728592	1.388822	0.004093	11.5
1409	-0.704177	266.611410	1.389388	0.003705	13.2
1410	-0.687652	266.754873	1.388695	0.003279	11.7
1411	-0.698672	266.638274	1.389258	0.006612	11.6
1412	-0.700779	267.602208	1.384618	0.003484	11.6
1413	-0.697527	268.095813	1.382254	0.003440	14.1
1414	-0.693755	268.225287	1.381635	0.003852	12.0
1415	-0.678084	268.285379	1.381348	0.003199	11.7
1416	-0.690997	269.265686	1.376683	0.003571	11.7
1417	-0.701864	270.253018	1.372016	0.004344	12.7
1418	-0.696871	270.486772	1.370916	0.002625	11.9
1419	-0.698202	271.479362	1.366263	0.002558	11.6
1420	-0.695780	271.633174	1.365545	0.002818	11.7
1421	-0.711497	271.525861	1.366046	0.002714	11.7
1422	-0.687001	271.420463	1.366538	0.003281	13.6
1423	-0.699046	271.908216	1.364263	0.003557	11.9
1424	-0.687654	272.876132	1.359770	0.002947	11.7
1425	-0.691549	272.759198	1.360311	0.001767	11.5
1426	-0.702974	272.662811	1.360757	0.004142	13.7
1427	-0.686701	272.634499	1.360888	0.002799	13.3
1428	-0.706443	272.580270	1.361140	0.003026	13.1
1429	-0.710036	272.637710	1.360874	0.002868	13.4
1430	-0.699034	273.547416	1.356671	0.002552	16.6
1431	-0.710722	274.401912	1.352746	0.002504	13.4
1432	-0.693760	274.341271	1.353024	0.002279	11.5
1433	-0.683319	274.287846	1.353269	0.002997	11.6
1434	-0.705777	274.448742	1.352532	0.003634	12.3
1435	-0.700389	274.718320	1.351299	0.002789	11.6
1436	-0.708077	274.602899	1.351826	0.002616	11.5
1437	-0.683671	274.488058	1.352352	0.003800	11.7
1438	-0.686992	274.740847	1.351196	0.002919	13.5
1439	-0.697316	274.625597	1.351723	0.003513	11.7
1440	-0.707956	275.539312	1.347558	0.003605	11.5
1441	-0.695509	275.447118	1.347977	0.003312	11.5
1442	-0.677113	276.361218	1.343833	0.002730	12.9
1443	-0.704063	276.545061	1.343003	0.003259	11.8
1444	-0.684246	276.447079	1.343445	0.002933	11.4
1445	-0.721211	276.330690	1.343971	0.002917	11.6
1446	-0.699609	276.213575	1.344501	0.002103	11.6
1447	-0.679443	276.736806	1.342138	0.003424	12.5
1448	-0.706578	276.675263	1.342415	0.003198	11.7
1449	-0.705914	277.214629	1.339987	0.004114	11.5
1450	-0.703488	277.100702	1.340499	0.003285	11.6
1451	-0.700903	276.988708	1.341003	0.002077	13.5
1452	-0.694996	277.091348	1.340541	0.003612	11.6
1453	-0.697566	277.500412	1.338704	0.003119	12.4
1454	-0.691244	277.383275	1.339230	0.002110	11.6
1455	-0.691410	277.401475	1.339148	0.002052	14.2
1456	-0.704880	277.766763	1.337511	0.002802	11.8
1457	-0.692539	277.926028	1.336798	0.003618	11.6
1458	-0.707195	277.808966	1.337322	0.004265	12.2
1459	-0.694620	278.489426	1.334284	0.003765	12.6
1460	-0.695246	279.489017	1.329845	0.002610	12.0
1461	-0.698898	279.979484	1.327678	0.002965	11.6
1462	-0.717828	279.892623	1.328061	0.003992	11.6
1463	-0.690139	280.295220	1.326287	0.002740	11.8
1464	-0.694707	280.185599	1.326769	0.004001	12.6
1465	-0.700474	280.068748	1.327284	0.003358	11.7
1466	-0.700403	280.936451	1.323470	0.001465	11.6
1467	-0.682325	280.943341	1.323440	0.002457	11.6
1468	-0.666982	281.438313	1.321274	0.002584	14.1
1469	-0.710722	281.956073	1.319016	0.002565	11.6
1470	-0.692825	282.636856	1.316058	0.004908	11.6
1471	-0.690728	282.574642	1.316328	0.001790	11.7
1472	-0.703849	283.172041	1.313743	0.002560	12.5
1473	-0.704180	283.330155	1.313060	0.003672	12.3
1474	-0.697618	283.251553	1.313399	0.002997	11.8
1475	-0.695190	283.134474	1.313905	0.002714	11.5
1476	-0.685705	283.077963	1.314149	0.003009	11.6
1477	-0.706302	282.981469	1.314566	0.004078	12.5
1478	-0.691530	282.917300	1.314844	0.003292	11.8
1479	-0.688449	283.883696	1.310676	0.001707	11.7
1480	-0.682858	284.010917	1.310130	0.006690	11.6
1481	-0.698429	283.895311	1.310626	0.002723	13.9
1482	-0.692848	284.880409	1.306405	0.002553	11.8
1483	-0.689135	284.810487	1.306704	0.004302	11.6
1484	-0.674812	284.695481	1.307196	0.001527	11.7
1485	-0.710742	284.714830	1.307113	0.003252	11.9
1486	-0.692325	284.607933	1.307570	0.002003	12.5
1487	-0.695046	285.300229	1.304615	0.003184	11.7
1488	-0.687526	285.261145	1.304781	0.002866	11.7
1489	-0.699794	286.222807	1.300697	0.002280	12.1
1490	-0.705882	286.462314	1.299684	0.003117	13.2
1491	-0.696741	286.356094	1.300133	0.003497	11.8
1492	-0.686718	287.243292	1.296391	0.001884	11.6
1493	-0.686700	287.869763	1.293761	0.003015	11.6
1494	-0.712008	288.606275	1.290684	0.002995	13.2
1495	-0.703683	288.499726	1.291128	0.003528	11.8
1496	-0.710461	288.391147	1.291581	0.003900	11.6
1497	-0.704429	288.292917	1.291991	0.002104	12.5
1498	-0.697232	288.272197	1.292078	0.002675	13.3
1499	-0.696620	288.336052	1.291811	0.003750	11.8
1500	-0.674618	288.223147	1.292283	0.002990	11.7
1501	-0.691857	289.216575	1.288145	0.003038	11.5
1502	-0.673337	289.169545	1.288340	0.002611	11.7
1503	-0.679809	290.005534	1.284877	0.002191	12.3
1504	-0.677679	289.962773	1.285054	0.003149	11.6
1505	-0.707000	289.863947	1.285462	0.002945	11.5
1506	-0.707441	290.849176	1.281401	0.002197	11.7
1507	-0.688284	290.733369	1.281877	0.002839	11.7
1508	-0.707413	290.648539	1.282226	0.002001	12.4
1509	-0.690428	290.625710	1.282320	0.003476	11.5
1510	-0.687460	291.126313	1.280263	0.004058	11.6
1511	-0.666243	291.340396	1.279386	0.002440	11.9
1512	-0.696951	291.240455	1.279795	0.001971	13.7
1513	-0.704753	291.170836	1.280081	0.002905	11.7
1514	-0.720129	291.139173	1.280210	0.002535	11.9
1515	-0.685003	291.071905	1.280486	0.002339	11.8
1516	-0.684317	290.986353	1.280837	0.004525	13.8
1517	-0.692948	290.873530	1.281301	0.003649	11.5
1518	-0.695005	290.757199	1.281779	0.003803	11.5
1519	-0.688354	291.751811	1.277703	0.002399	11.5
1520	-0.674074	292.722145	1.273751	0.002461	13.1
1521	-0.684520	292.646157	1.274059	0.003252	11.7
1522	-0.696537	293.037218	1.272473	0.004611	11.5
1523	-0.682350	293.971595	1.268698	0.002542	11.9
1524	-0.698007	294.878385	1.265056	0.003348	11.6
1525	-0.711826	295.309947	1.263330	0.001647	12.6
1526	-0.707141	295.203659	1.263755	0.002411	11.7
1527	-0.706574	295.188147	1.263817	0.002774	11.5
1528	-0.689187	295.395129	1.262990	0.002405	11.8
1529	-0.693846	295.284896	1.263430	0.002713	14.1
1530	-0.704007	295.313794	1.263315	0.004840	11.6
1531	-0.688161	295.850520	1.261175	0.003252	11.6
1532	-0.681222	296.493016	1.258622	0.003916	11.7
1533	-0.712844	296.382557	1.259060	0.002678	11.9
1534	-0.702825	296.784164	1.257469	0.003601	12.5
1535	-0.700619	297.387442	1.255087	0.002277	12.5
1536	-0.712238	297.338779	1.255278	0.003146	11.7
1537	-0.696287	297.241453	1.255662	0.004510	11.7
1538	-0.696194	297.124312	1.256125	0.002883	12.4
1539	-0.696602	297.007062	1.256588	0.002163	11.6
1540	-0.684976	296.919412	1.256934	0.004356	11.6
1541	-0.686171	297.783091	1.253529	0.002803	11.7
1542	-0.701625	297.791627	1.253495	0.002644	13.8
1543	-0.695895	297.694169	1.253879	0.002704	11.5
1544	-0.700723	298.563323	1.250468	0.003202	11.6
1545	-0.713695	298.588323	1.250370	0.003408	11.7
1546	-0.707983	298.661924	1.250083	0.005957	11.6
1547	-0.688839	298.544997	1.250540	0.002104	12.1
1548	-0.688778	298.442393	1.250942	0.003048	11.6
1549	-0.691208	298.885885	1.249207	0.002657	11.6
1550	-0.685310	298.776809	1.249633	0.003206	11.7
1551	-0.700809	299.132324	1.248246	0.003093	14.2
1552	-0.705484	299.016072	1.248699	0.002160	11.8
1553	-0.690164	299.803507	1.245634	0.002542	11.6
1554	-0.693316	299.745613	1.245859	0.004188	11.6
1555	-0.699706	300.243598	1.243928	0.003428	14.2
1556	-0.692907	301.242303	1.240072	0.002597	11.7
1557	-0.699923	301.227518	1.240129	0.004056	11.6
1558	-0.691774	301.157978	1.240397	0.003200	11.6
1559	-0.696413	302.124746	1.236686	0.002723	11.9
1560	-0.702443	302.529284	1.235140	0.002254	12.7
1561	-0.683378	302.414295	1.235579	0.002492	11.9
1562	-0.695152	302.431842	1.235512	0.001671	11.8
1563	-0.683022	302.972979	1.233448	0.002346	11.5
1564	-0.703644	302.934085	1.233596	0.003540	13.9
1565	-0.679110	302.831482	1.233987	0.001943	11.6
1566	-0.700257	303.148548	1.232780	0.002901	11.7
1567	-0.698620	303.807421	1.230279	0.003860	11.7
1568	-0.675099	303.847480	1.230127	0.001951	12.2
1569	-0.702370	303.770241	1.230420	0.003145	12.1
1570	-0.696375	303.768231	1.230428	0.002623	11.5
1571	-0.676452	303.667181	1.230811	0.003127	11.4
1572	-0.689964	304.182374	1.228861	0.003135	11.7
1573	-0.694481	304.874461	1.226251	0.002841	13.2
1574	-0.719880	304.758308	1.226688	0.005843	11.5
1575	-0.696271	304.641019	1.227130	0.002947	11.3
1576	-0.699512	305.634549	1.223397	0.004221	11.6
1577	-0.695353	305.517311	1.223837	0.003179	12.3
1578	-0.688257	306.021632	1.221949	0.004016	11.9
1579	-0.679995	305.906193	1.222381	0.002640	11.6
1580	-0.684355	305.789739	1.222816	0.003005	11.9
1581	-0.705094	305.881082	1.222475	0.002923	11.8
1582	-0.691249	306.568784	1.219908	0.004046	12.4
1583	-0.701052	306.456674	1.220326	0.004720	11.6
1584	-0.708085	307.456671	1.216610	0.002795	11.7
1585	-0.692392	307.399960	1.216821	0.002078	11.6
1586	-0.704953	308.277067	1.213579	0.001339	12.0
1587	-0.688658	308.216014	1.213804	0.003165	12.2
1588	-0.704273	308.482237	1.212824	0.002675	11.7
1589	-0.697319	308.368915	1.213241	0.003584	11.7
1590	-0.701893	308.255596	1.213658	0.003746	11.8
1591	-0.701174	308.961864	1.211061	0.004022	12.7
1592	-0.716526	309.957640	1.207417	0.003843	11.6
1593	-0.709759	310.956759	1.203783	0.002864	11.6
1594	-0.687270	310.841223	1.204202	0.001800	11.6
1595	-0.680353	310.752308	1.204525	0.002884	12.2
1596	-0.686934	310.659892	1.204860	0.007134	12.2
1597	-0.676310	310.542603	1.205286	0.002459	11.6
1598	-0.705384	310.427045	1.205707	0.002519	11.5
1599	-0.685567	310.361400	1.205946	0.002921	11.5
1600	-0.707970	310.284998	1.206224	0.002543	12.9
1601	-0.689889	310.199597	1.206535	0.004414	11.7
1602	-0.699226	311.084051	1.203321	0.003364	11.5
1603	-0.705177	311.779163	1.200808	0.003102	11.5
1604	-0.682290	312.365614	1.198695	0.004266	12.4
1605	-0.689871	312.263914	1.199061	0.004314	12.1
1606	-0.694578	312.170390	1.199398	0.003286	11.5
1607	-0.698270	313.136696	1.195929	0.002493	11.7
1608	-0.684309	313.043442	1.196263	0.002408	11.5
1609	-0.693652	312.932934	1.196659	0.002918	12.6
1610	-0.718621	312.834457	1.197012	0.002384	11.8
1611	-0.712001	313.042861	1.196265	0.003575	11.6
1612	-0.680624	313.774108	1.193652	0.005291	11.7
1613	-0.702394	314.772260	1.190104	0.002144	12.3
1614	-0.689920	315.752134	1.186641	0.001784	12.4
1615	-0.692179	315.874774	1.186209	0.001890	11.7
1616	-0.705560	315.794832	1.186490	0.002983	11.9
1617	-0.695510	315.682061	1.186888	0.002364	11.6
1618	-0.711592	316.606269	1.183639	0.003710	13.0
1619	-0.682332	317.324017	1.181128	0.003399	11.6
1620	-0.691781	317.435808	1.180737	0.002430	11.5
1621	-0.693500	317.323297	1.181130	0.002459	11.7
1622	-0.683135	317.223969	1.181477	0.002385	12.1
1623	-0.694036	317.299435	1.181213	0.002939	12.2
1624	-0.689658	317.805696	1.179448	0.002457	11.6
1625	-0.685039	317.695623	1.179832	0.001910	11.7
1626	-0.696818	317.601482	1.180160	0.004348	11.6
1627	-0.695697	317.664654	1.179940	0.003749	13.3
1628	-0.687653	317.664095	1.179941	0.003051	11.7
1629	-0.695233	317.547218	1.180349	0.002527	11.7
1630	-0.687751	317.434890	1.180741	0.003518	11.5
1631	-0.697093	317.381039	1.180928	0.005163	12.4
1632	-0.704454	318.381024	1.177449	0.003099	12.4
1633	-0.690140	318.315222	1.177677	0.004284	11.8
1634	-0.702482	318.598930	1.176693	0.002517	11.8
1635	-0.695902	318.499427	1.177038	0.002396	11.7
1636	-0.693756	318.578632	1.176764	0.002161	12.3
1637	-0.688789	318.471838	1.177134	0.003058	11.8
1638	-0.701329	318.563284	1.176817	0.003006	11.4
1639	-0.685236	318.513157	1.176991	0.003680	11.8
1640	-0.747906	318.397092	1.177393	0.004270	11.6
1641	-0.712624	318.347403	1.177566	0.003440	12.5
1642	-0.700989	318.929462	1.175549	0.001632	11.6
1643	-0.697812	318.818063	1.175935	0.002405	11.6
1644	-0.679984	318.844297	1.175844	0.003118	11.7
1645	-0.704225	319.251977	1.174435	0.001920	13.0
1646	-0.682778	319.140648	1.174819	0.002078	11.8
1647	-0.706773	319.046207	1.175146	0.002098	11.9
1648	-0.695551	319.049763	1.175133	0.002512	11.8
1649	-0.694621	318.943807	1.175500	0.003535	11.8
1650	-0.709646	318.833338	1.175882	0.002194	12.4
1651	-0.696554	318.734957	1.176222	0.002991	11.8
1652	-0.701536	319.131428	1.174851	0.002066	11.7
1653	-0.690788	319.017252	1.175246	0.002337	11.5
1654	-0.704202	318.941809	1.175506	0.002706	12.2
1655	-0.692768	319.181971	1.174677	0.004625	12.3
1656	-0.698733	319.065394	1.175079	0.002829	11.7
1657	-0.701485	318.990372	1.175339	0.002714	11.8
1658	-0.675490	319.860882	1.172337	0.001745	11.6
1659	-0.693530	320.134766	1.171396	0.002412	12.4
1660	-0.694028	320.757423	1.169262	0.002840	11.7
1661	-0.691227	320.677198	1.169536	0.002965	11.6
1662	-0.705310	320.580820	1.169866	0.002628	11.5
1663	-0.682321	321.474849	1.166812	0.002854	11.6
1664	-0.705332	321.491753	1.166755	0.003399	12.6
1665	-0.690049	321.793044	1.165729	0.004426	11.5
1666	-0.689923	322.792927	1.162339	0.002155	11.8
1667	-0.702089	323.423571	1.160210	0.002975	11.5
1668	-0.706865	323.451516	1.160116	0.001914	12.9
1669	-0.699794	323.553010	1.159775	0.002017	11.7
1670	-0.689294	323.597778	1.159624	0.003151	11.4
1671	-0.702243	323.531336	1.159847	0.002093	11.6
1672	-0.674931	323.434245	1.160174	0.002363	12.7
1673	-0.684328	323.532882	1.159842	0.002666	12.0
1674	-0.688000	324.269393	1.157368	0.003810	11.8
1675	-0.702366	325.156115	1.154403	0.002752	11.4
1676	-0.692444	325.042784	1.154781	0.002873	11.6
1677	-0.694786	324.946025	1.155104	0.003251	12.6
1678	-0.688218	325.305271	1.153906	0.001983	11.5
1679	-0.693624	325.929561	1.151830	0.002351	11.6
1680	-0.692806	325.863023	1.152051	0.002729	11.4
1681	-0.704966	325.889099	1.151964	0.003400	12.3
1682	-0.704890	326.082062	1.151324	0.001905	12.0
1683	-0.692670	326.018437	1.151535	0.002454	11.4
1684	-0.685619	326.076253	1.151343	0.002687	11.5
1685	-0.690136	326.464338	1.150057	0.003470	11.8
1686	-0.695275	327.137899	1.147832	0.004728	12.6
1687	-0.704122	328.137080	1.144547	0.003329	11.9
1688	-0.676073	329.109205	1.141369	0.002827	11.6
1689	-0.681734	329.200343	1.141072	0.002575	11.5
1690	-0.677215	329.116583	1.141345	0.003059	11.6
1691	-0.691982	329.915460	1.138747	0.002457	12.1
1692	-0.691403	329.798718	1.139126	0.002625	11.7
1693	-0.691780	329.685359	1.139494	0.002790	11.9
1694	-0.693583	329.673437	1.139533	0.003588	11.6
1695	-0.702203	329.560316	1.139900	0.002387	13.7
1696	-0.684426	330.080759	1.138210	0.002893	11.6
1697	-0.707890	330.752901	1.136036	0.002301	11.6
1698	-0.720104	331.079484	1.134982	0.001945	11.7
1699	-0.703539	331.040616	1.135107	0.002904	14.1
1700	-0.699249	331.447368	1.133797	0.001461	12.0
1701	-0.713525	331.370377	1.134045	0.004053	12.0
1702	-0.691065	332.074519	1.131783	0.002800	11.7
1703	-0.713915	331.960423	1.132149	0.004542	12.6
1704	-0.681658	331.846989	1.132513	0.003738	12.0
1705	-0.677378	332.802714	1.129454	0.003274	11.6
1706	-0.683000	333.321602	1.127800	0.003662	11.6
1707	-0.699806	333.235158	1.128075	0.003617	11.5
1708	-0.698575	333.121917	1.128436	0.002428	13.1
1709	-0.689027	333.454800	1.127376	0.003477	11.6
1710	-0.701460	333.575106	1.126993	0.001774	11.5
1711	-0.700294	333.475745	1.127309	0.002061	11.6
1712	-0.688922	333.535912	1.127118	0.003701	14.1
1713	-0.702299	333.475286	1.127311	0.003528	11.6
1714	-0.699858	334.238521	1.124889	0.003320	12.0
1715	-0.691081	334.721896	1.123360	0.001841	11.5
1716	-0.703981	334.641196	1.123615	0.004508	14.2
1717	-0.708136	334.632210	1.123643	0.003859	11.8
1718	-0.702106	335.631858	1.120494	0.003879	11.5
1719	-0.695658	336.619424	1.117400	0.003365	11.6
1720	-0.709553	337.618201	1.114288	0.002397	11.5
1721	-0.716074	337.504776	1.114640	0.005972	12.9
1722	-0.687383	338.414213	1.111820	0.001346	11.8
1723	-0.694663	338.297314	1.112181	0.003948	11.5
1724	-0.684430	338.358575	1.111992	0.003723	11.7
1725	-0.681854	338.241391	1.112355	0.001378	13.6
1726	-0.700803	338.947807	1.110172	0.003093	11.6
1727	-0.706100	338.883800	1.110369	0.003594	11.5
1728	-0.686375	339.832350	1.107450	0.002733	11.6
1729	-0.716128	340.203453	1.106312	0.004905	13.8
1730	-0.695181	341.160971	1.103387	0.003971	11.8
1731	-0.708809	341.076751	1.103644	0.003019	11.5
1732	-0.670381	341.971166	1.100924	0.004415	11.5
1733	-0.718421	341.891757	1.101165	0.001954	11.7
1734	-0.689621	342.775516	1.098490	0.003534	12.7
1735	-0.681658	343.198937	1.097213	0.002596	11.7
1736	-0.710920	343.081890	1.097566	0.002626	11.7
1737	-0.700142	342.977409	1.097881	0.002897	11.6
1738	-0.699059	342.867729	1.098212	0.002944	13.8
1739	-0.689104	343.751929	1.095550	0.001832	11.9
1740	-0.687010	343.641883	1.095880	0.002695	12.4
1741	-0.710660	343.818623	1.095349	0.003649	11.7
1742	-0.694660	343.701670	1.095701	0.003429	13.3
1743	-0.701294	343.598754	1.096010	0.002428	11.7
1744	-0.697443	344.298504	1.093910	0.002563	11.5
1745	-0.705184	344.199584	1.094207	0.001969	11.7
1746	-0.695563	344.218129	1.094151	0.003475	12.1
1747	-0.704575	344.430808	1.093514	0.003828	11.8
1748	-0.714205	344.787127	1.092449	0.002555	11.7
1749	-0.702632	344.682451	1.092762	0.003472	11.7
1750	-0.695318	345.118831	1.091459	0.003355	11.6
1751	-0.699803	345.001594	1.091809	0.003155	13.4
1752	-0.689397	345.858374	1.089259	0.003354	11.7
1753	-0.710409	345.776079	1.089503	0.005001	11.4
1754	-0.707107	345.801876	1.089427	0.002904	11.7
1755	-0.714245	345.786589	1.089472	0.001762	12.1
1756	-0.701173	345.736322	1.089622	0.002784	12.1
1757	-0.698871	345.654193	1.089866	0.004165	11.7
1758	-0.700230	346.587004	1.087100	0.003170	11.4
1759	-0.679657	346.476768	1.087426	0.003529	11.6
1760	-0.678429	346.378294	1.087718	0.001565	12.0
1761	-0.695344	346.580693	1.087119	0.003193	12.4
1762	-0.709353	346.517971	1.087304	0.003642	11.6
1763	-0.701023	346.949823	1.086028	0.003232	11.6
1764	-0.690234	347.948162	1.083089	0.002765	11.5
1765	-0.697050	347.844293	1.083394	0.004672	12.5
1766	-0.693174	348.714574	1.080844	0.003579	11.5
1767	-0.664314	349.674378	1.078045	0.004628	11.6
1768	-0.696080	349.557550	1.078385	0.002759	11.5
1769	-0.709998	349.440300	1.078727	0.002246	13.4
1770	-0.714987	349.324399	1.079064	0.003619	11.8
1771	-0.704159	349.208543	1.079402	0.003922	11.7
1772	-0.677151	350.198921	1.076522	0.003349	11.5
1773	-0.688655	351.147190	1.073779	0.002909	11.7
1774	-0.697010	352.103691	1.071026	0.003431	12.6
1775	-0.695307	352.836284	1.068927	0.004309	11.7
1776	-0.692284	352.722318	1.069253	0.003203	11.7
1777	-0.692534	353.080755	1.068229	0.002489	11.8
1778	-0.710475	353.414146	1.067278	0.002593	13.2
1779	-0.705276	353.387917	1.067352	0.002890	11.7
1780	-0.691628	353.288743	1.067635	0.003651	11.5
1781	-0.694698	353.175088	1.067959	0.002760	11.6
1782	-0.708341	353.058589	1.068292	0.002747	12.8
1783	-0.702686	352.961116	1.068570	0.003835	12.1
1784	-0.689918	353.361051	1.067429	0.003836	11.7
1785	-0.708930	354.348754	1.064620	0.003905	11.7
1786	-0.718453	355.340870	1.061813	0.003409	11.7
1787	-0.693318	355.223711	1.062144	0.003032	12.4
1788	-0.690035	355.338158	1.061821	0.003677	11.6
1789	-0.680140	355.422606	1.061583	0.002655	11.5
1790	-0.688040	355.356930	1.061768	0.002890	11.5
1791	-0.705373	356.293324	1.059133	0.005195	12.1
1792	-0.713390	356.828212	1.057634	0.002846	12.2
1793	-0.696560	357.745711	1.055071	0.004246	11.5
1794	-0.683949	358.745479	1.052294	0.001900	11.5
1795	-0.712445	358.693428	1.052438	0.003798	11.7
1796	-0.714299	358.626062	1.052625	0.003073	12.4
1797	-0.684294	359.624601	1.049863	0.002317	11.6
1798	-0.695405	360.412061	1.047696	0.003190	11.5
1799	-0.684946	360.377090	1.047792	0.003077	11.5
1800	-0.695588	360.522716	1.047392	0.002755	12.4
1801	-0.698136	360.412721	1.047694	0.003963	12.1
1802	-0.691771	360.427193	1.047654	0.002686	11.6
1803	-0.696642	360.314541	1.047964	0.003790	11.7
1804	-0.699533	360.204069	1.048267	0.003024	11.7
1805	-0.700201	361.192881	1.045555	0.002981	12.2
1806	-0.705046	361.546564	1.044589	0.002810	11.5
1807	-0.685600	361.539673	1.044607	0.002558	11.6
1808	-0.699720	361.423649	1.044924	0.002442	11.5
1809	-0.703908	361.321424	1.045204	0.002712	12.3
1810	-0.698838	361.231355	1.045450	0.003014	12.1
1811	-0.713183	362.053349	1.043207	0.004331	11.5
1812	-0.695439	361.942393	1.043509	0.001439	11.5
1813	-0.698554	362.365957	1.042356	0.001875	11.5
1814	-0.680736	362.384066	1.042307	0.003204	13.1
1815	-0.694348	363.215622	1.040051	0.002202	11.7
1816	-0.693988	363.854147	1.038325	0.003276	11.5
1817	-0.702511	364.077715	1.037722	0.003127	11.6
1818	-0.691638	364.079081	1.037719	0.001879	12.2
1819	-0.681661	364.018773	1.037881	0.002804	12.2
1820	-0.702434	363.996528	1.037941	0.003139	11.6
1821	-0.699854	363.880105	1.038255	0.004420	11.7
1822	-0.672630	364.848329	1.035650	0.001974	11.6
1823	-0.716060	365.697130	1.033377	0.002598	13.3
1824	-0.700576	365.654084	1.033492	0.003200	11.8
1825	-0.698021	365.612130	1.033604	0.002298	11.5
1826	-0.711328	365.496205	1.033914	0.003035	11.5
1827	-0.722773	365.397257	1.034179	0.003980	11.7
1828	-0.701650	366.281763	1.031817	0.003399	12.2
1829	-0.707197	366.223023	1.031973	0.002676	11.5
1830	-0.700711	367.048441	1.029778	0.002620	11.6
1831	-0.695845	367.961457	1.027361	0.003123	11.6
1832	-0.684448	367.851165	1.027652	0.003012	12.1
1833	-0.688335	367.734283	1.027961	0.002881	12.1
1834	-0.723022	367.674185	1.028120	0.002866	11.6
1835	-0.694132	367.563771	1.028412	0.002722	11.8
1836	-0.692889	367.534306	1.028490	0.002498	11.7
1837	-0.692626	367.645629	1.028196	0.002257	13.1
1838	-0.685503	367.994414	1.027274	0.002190	12.2
1839	-0.691350	367.942221	1.027412	0.003373	11.9
1840	-0.692011	367.841243	1.027679	0.003566	11.6
1841	-0.696426	368.778407	1.025208	0.002198	12.2
1842	-0.687474	368.670268	1.025492	0.003304	12.0
1843	-0.694169	368.958709	1.024734	0.002558	11.9
1844	-0.710496	369.674192	1.022857	0.002703	11.7
1845	-0.700474	370.530292	1.020620	0.004176	11.6
1846	-0.694073	370.877535	1.019716	0.004517	12.4
1847	-0.684406	370.794362	1.019933	0.002992	11.7
1848	-0.687819	370.678180	1.020235	0.003053	11.6
1849	-0.692314	370.629781	1.020361	0.002889	11.6
1850	-0.698858	370.610300	1.020412	0.003152	12.3
1851	-0.715779	370.509201	1.020675	0.002647	12.1
1852	-0.705904	371.400168	1.018358	0.001833	11.8
1853	-0.696747	371.644708	1.017724	0.003642	11.5
1854	-0.690627	371.664999	1.017671	0.002368	11.9
1855	-0.707296	371.826516	1.017253	0.001870	12.5
1856	-0.705813	371.726813	1.017511	0.003246	11.6
1857	-0.687609	372.082730	1.016590	0.002159	11.6
1858	-0.682209	372.087904	1.016576	0.002216	11.5
1859	-0.688663	372.063816	1.016638	0.002923	12.4
1860	-0.688528	371.962040	1.016902	0.002629	11.8
1861	-0.703514	371.847771	1.017198	0.003993	11.6
1862	-0.703002	371.840792	1.017216	0.003341	11.6
1863	-0.688793	372.810016	1.014712	0.002905	11.6
1864	-0.704075	373.697247	1.012431	0.002996	13.2
1865	-0.689447	374.664777	1.009955	0.003527	11.8
1866	-0.702304	374.547760	1.010254	0.003478	11.8
1867	-0.698397	374.431629	1.010551	0.002461	12.2
1868	-0.676198	374.587611	1.010152	0.001880	12.2
1869	-0.713715	375.400614	1.008081	0.002129	12.0
1870	-0.705957	375.503971	1.007818	0.004600	11.5
1871	-0.695733	375.410143	1.008056	0.002859	12.8
1872	-0.699006	375.293699	1.008353	0.002699	11.5
1873	-0.705518	375.216497	1.008549	0.002337	12.1
1874	-0.688392	375.617396	1.007530	0.002320	11.8
1875	-0.686123	376.378357	1.005600	0.002220	11.6
1876	-0.710031	376.463514	1.005385	0.003055	11.4
1877	-0.703548	376.609105	1.005017	0.003819	13.1
1878	-0.704672	377.607860	1.002499	0.004051	11.8
1879	-0.707400	377.586652	1.002552	0.002230	11.6
1880	-0.709625	377.483509	1.002811	0.004458	11.6
1881	-0.688998	377.374119	1.003087	0.004552	12.0
1882	-0.694984	378.311934	1.000731	0.003032	12.2
1883	-0.688001	378.957884	0.999115	0.003595	11.5
1884	-0.700258	379.945371	0.996654	0.002986	11.7
1885	-0.702581	380.905373	0.994273	0.002114	11.9
1886	-0.676761	380.816207	0.994494	0.001715	13.4
1887	-0.698769	380.757112	0.994640	0.003145	11.7
1888	-0.693761	380.737049	0.994690	0.002051	11.7
1889	-0.698302	381.060151	0.993891	0.002689	11.5
1890	-0.695357	380.975279	0.994100	0.003514	14.1
1891	-0.696917	380.928382	0.994216	0.003307	11.5
1892	-0.685214	381.900138	0.991818	0.002094	11.6
1893	-0.686341	381.789326	0.992091	0.003701	11.5
1894	-0.701023	381.797635	0.992071	0.003620	11.5
1895	-0.706419	381.684225	0.992350	0.003079	12.2
1896	-0.694150	382.392992	0.990607	0.003716	11.6
1897	-0.682030	382.275851	0.990894	0.002781	11.4
1898	-0.692529	382.169353	0.991156	0.002948	11.6
1899	-0.702995	382.232199	0.991002	0.001768	12.9
1900	-0.703359	382.363432	0.990679	0.004595	11.5
1901	-0.706689	382.291603	0.990856	0.002880	11.7
1902	-0.701894	383.290859	0.988407	0.003712	11.5
1903	-0.700832	384.239428	0.986093	0.003262	13.5
1904	-0.693896	384.133583	0.986351	0.001314	11.6
1905	-0.705835	384.078906	0.986484	0.002690	11.4
1906	-0.694236	384.089625	0.986458	0.002480	11.6
1907	-0.707365	384.034966	0.986591	0.003942	12.0
1908	-0.693079	384.008140	0.986656	0.003589	12.5
1909	-0.684445	383.891401	0.986941	0.002959	11.8
1910	-0.693282	384.883122	0.984529	0.003213	11.6
1911	-0.713817	384.766469	0.984812	0.002798	11.5
1912	-0.694051	385.709643	0.982528	0.003607	14.1
1913	-0.682408	385.622663	0.982739	0.003203	11.6
1914	-0.671775	386.585830	0.980416	0.004064	11.6
1915	-0.701345	387.472343	0.978289	0.002648	11.4
1916	-0.689615	387.355107	0.978569	0.003263	14.4
1917	-0.706153	388.070488	0.976858	0.004930	11.7
1918	-0.701227	387.953216	0.977138	0.002974	11.7
1919	-0.692254	388.950270	0.974762	0.003176	11.7
1920	-0.692467	389.790276	0.972768	0.002460	12.8
1921	-0.696633	389.692123	0.973001	0.002098	12.3
1922	-0.690006	389.602426	0.973213	0.003333	11.6
1923	-0.693295	389.501470	0.973453	0.004165	12.1
1924	-0.699636	389.384366	0.973731	0.004209	11.7
1925	-0.703440	390.384344	0.971364	0.002258	12.4
1926	-0.720483	390.267357	0.971640	0.003236	11.5
1927	-0.705444	390.157089	0.971901	0.001597	11.4
1928	-0.692835	390.471352	0.971158	0.002043	11.7
1929	-0.705891	390.500803	0.971089	0.003508	13.6
1930	-0.682187	390.625775	0.970794	0.001613	11.7
1931	-0.692984	391.026264	0.969850	0.001427	11.6
1932	-0.695888	391.064843	0.969760	0.002640	11.7
1933	-0.690207	391.148102	0.969564	0.003892	12.2
1934	-0.712231	391.032907	0.969835	0.003628	12.2
1935	-0.692638	392.030020	0.967493	0.002621	11.6
1936	-0.679162	392.795460	0.965704	0.002106	11.6
1937	-0.695098	392.723673	0.965871	0.003073	11.8
1938	-0.702310	392.622454	0.966108	0.003031	12.3
1939	-0.708084	393.587275	0.963859	0.004296	11.7
1940	-0.695165	393.529535	0.963994	0.003179	11.7
1941	-0.700186	393.490429	0.964085	0.003521	11.6
1942	-0.702971	393.512740	0.964033	0.003352	11.7
1943	-0.706934	393.397670	0.964300	0.002417	12.1
1944	-0.703351	393.428251	0.964229	0.001642	11.6
1945	-0.678934	393.441823	0.964198	0.003252	11.4
1946	-0.700030	394.001943	0.962896	0.004462	11.5
1947	-0.700068	394.721386	0.961230	0.002794	12.2
1948	-0.700385	394.757504	0.961146	0.003562	12.0
1949	-0.694547	394.896844	0.960824	0.001689	11.8
1950	-0.700044	394.786669	0.961079	0.004645	12.3
1951	-0.684149	394.736086	0.961196	0.002424	11.5
1952	-0.684029	394.738915	0.961189	0.003909	12.9
1953	-0.706993	395.714593	0.958939	0.004178	11.6
1954	-0.706944	395.600824	0.959201	0.002995	11.6
1955	-0.702897	395.484775	0.959468	0.003811	11.5
1956	-0.704621	396.424898	0.957307	0.003581	12.2
1957	-0.696810	396.307618	0.957576	0.002718	12.0
1958	-0.685471	396.192228	0.957841	0.003509	11.6
1959	-0.700132	396.997799	0.955995	0.002921	11.6
1960	-0.688667	396.883384	0.956257	0.002406	11.5
1961	-0.714933	396.921771	0.956169	0.001976	11.8
1962	-0.690431	396.996264	0.955999	0.002126	12.0
1963	-0.710481	397.344689	0.955202	0.002406	11.6
1964	-0.691097	397.581548	0.954662	0.002036	11.5
1965	-0.714691	398.273752	0.953086	0.001876	12.3
1966	-0.698182	398.275697	0.953081	0.003005	12.2
1967	-0.668313	398.746960	0.952011	0.002643	11.6
1968	-0.686808	398.652771	0.952225	0.001950	11.5
1969	-0.699186	398.580080	0.952390	0.002717	11.6
1970	-0.702984	398.737314	0.952033	0.003407	14.7
1971	-0.697788	398.639733	0.952254	0.001896	11.7
1972	-0.697894	398.569846	0.952413	0.003441	11.7
1973	-0.701024	398.556246	0.952444	0.002637	11.5
1974	-0.696855	398.481793	0.952613	0.001872	12.2
1975	-0.687564	398.592260	0.952362	0.003155	11.9
1976	-0.706994	398.484113	0.952608	0.002658	11.6
1977	-0.683821	398.769742	0.951960	0.002719	11.6
1978	-0.690119	399.583748	0.950117	0.002659	11.6
1979	-0.710284	399.562972	0.950164	0.003490	12.5
1980	-0.694210	399.936141	0.949322	0.004050	11.7
1981	-0.692123	400.104946	0.948941	0.002693	11.5
1982	-0.696173	399.988863	0.949203	0.003014	11.7
1983	-0.706904	399.896834	0.949410	0.003677	11.8
1984	-0.690279	400.872906	0.947214	0.003785	12.4
1985	-0.707860	400.755633	0.947477	0.002857	12.1
1986	-0.697404	401.664973	0.945439	0.003035	12.5
1987	-0.698947	401.637029	0.945501	0.002334	11.8
1988	-0.697086	401.520680	0.945762	0.002971	12.4
1989	-0.685696	401.411411	0.946006	0.002976	11.5
1990	-0.702311	401.659608	0.945451	0.003747	12.5
1991	-0.692108	401.542889	0.945712	0.001721	11.7
1992	-0.704707	401.429498	0.945966	0.001542	12.5
1993	-0.701316	401.689572	0.945384	0.004120	12.1
1994	-0.683957	401.656543	0.945458	0.003100	11.5
1995	-0.710171	401.539285	0.945720	0.003722	11.7
1996	-0.697478	401.423410	0.945979	0.003406	11.5
1997	-0.690991	401.505826	0.945795	0.002772	13.2
1998	-0.696867	401.916523	0.944876	0.002430	11.6
1999	-0.710050	401.950870	0.944800	0.003307	11.5
