1:ItNr	2:Metric	3a:Time	3b:StepSize	4:||Gradient||	Time[ms]
0	-1.503164	0.000000	1198.559134	0.005045	1776.1
1	-1.501718	0.000000	1198.559134	0.006224	9.1
2	-1.496690	1.000000	1144.079173	0.006469	7.5
3	-1.480683	2.000000	1094.336600	0.006532	7.8
4	-1.473828	3.000000	1048.739242	0.006239	7.5
5	-1.495835	4.000000	1006.789672	0.007342	7.8
6	-1.484925	5.000000	968.066993	0.004574	11.1
7	-1.479958	6.000000	932.212660	0.005880	7.6
8	-1.503325	7.000000	898.919350	0.005949	7.7
9	-1.510845	8.000000	867.922131	0.007376	7.5
10	-1.457546	9.000000	838.991394	0.005734	7.5
11	-1.509915	10.000000	811.927155	0.007100	7.9
12	-1.502060	10.209041	806.488791	0.005347	11.1
13	-1.489720	11.209041	781.449586	0.006072	7.6
14	-1.532920	12.209041	757.918356	0.007972	7.6
15	-1.518414	13.209041	735.762857	0.005900	7.8
16	-1.452025	14.209041	714.865871	0.005944	7.5
17	-1.477339	15.209041	695.123126	0.004569	7.6
18	-1.479187	16.208900	676.444119	0.007306	11.5
19	-1.501423	17.208900	658.740283	0.009099	8.6
20	-1.523476	18.208900	641.939499	0.007555	7.6
21	-1.481212	19.208900	625.974389	0.006230	7.9
22	-1.509847	20.208900	610.784117	0.006249	7.5
23	-1.510574	21.208900	596.313612	0.005990	8.1
24	-1.476240	20.504501	606.434033	0.005315	11.5
25	-1.478168	21.504501	592.166507	0.004530	7.6
26	-1.499946	20.860612	601.275051	0.005517	7.7
27	-1.517276	21.860612	587.246436	0.004898	7.6
28	-1.504638	22.860612	573.857511	0.005694	7.6
29	-1.501749	23.859779	561.075924	0.006216	7.7
30	-1.498290	24.859779	548.841326	0.005634	10.2
31	-1.520714	25.859779	537.128908	0.007218	7.6
32	-1.503035	26.859779	525.905937	0.005499	7.7
33	-1.514184	27.859779	515.142361	0.005475	8.5
34	-1.508108	28.859779	504.810539	0.005957	8.6
35	-1.534108	29.859778	494.885015	0.006367	7.6
36	-1.492021	30.859778	485.342262	0.005250	10.2
37	-1.524702	31.853611	476.216122	0.007448	7.6
38	-1.498786	32.853611	467.373333	0.006231	7.6
39	-1.487386	33.853611	458.852958	0.006715	7.6
40	-1.509822	33.465190	462.125293	0.006649	8.8
41	-1.512450	34.465190	453.793485	0.005533	8.0
42	-1.501991	35.465190	445.756791	0.006663	10.7
43	-1.525773	36.465190	437.999802	0.006173	7.6
44	-1.506423	37.465190	430.508169	0.005984	7.8
45	-1.502565	38.465190	423.268502	0.007355	8.9
46	-1.490809	39.465190	416.268300	0.006339	7.7
47	-1.486272	40.465190	409.495877	0.006241	7.7
48	-1.507008	41.465190	402.940291	0.005654	7.8
49	-1.516728	42.465190	396.591295	0.005703	9.8
50	-1.507981	43.465184	390.439310	0.006554	7.7
51	-1.523034	44.465184	384.475234	0.005357	7.5
52	-1.495692	45.465180	378.690647	0.005182	7.7
53	-1.494459	46.442631	373.202251	0.004397	7.5
54	-1.507674	47.442582	367.749742	0.006153	7.6
55	-1.507855	48.442582	362.454004	0.005300	10.4
56	-1.545166	49.442582	357.308622	0.005869	7.7
57	-1.488644	50.442582	352.307282	0.004803	7.6
58	-1.500671	51.442582	347.444020	0.005181	7.5
59	-1.533176	50.783355	350.634794	0.006664	7.5
60	-1.480408	51.783355	345.817281	0.007067	7.6
61	-1.531203	52.783355	341.130352	0.006687	9.0
62	-1.509368	53.724202	336.835203	0.005369	7.9
63	-1.514716	54.724202	332.387018	0.006635	9.0
64	-1.493446	55.724202	328.054787	0.004719	7.5
65	-1.542775	55.019803	331.094542	0.007427	7.5
66	-1.520618	56.019803	326.795719	0.005860	8.0
67	-1.512257	57.019803	322.607094	0.006016	7.4
68	-1.535160	58.019803	318.524483	0.004981	11.3
69	-1.499337	59.019803	314.543912	0.005876	7.9
70	-1.475163	60.019803	310.661603	0.004246	7.6
71	-1.527793	61.019803	306.873962	0.006845	7.5
72	-1.527257	60.467009	308.956253	0.005537	7.6
73	-1.506247	61.467009	305.209830	0.004520	7.5
74	-1.534044	60.762649	307.839119	0.006040	10.3
75	-1.544229	61.762649	304.119578	0.006680	8.1
76	-1.507917	62.762378	300.489820	0.005864	7.9
77	-1.495925	63.762378	296.944735	0.004397	7.5
78	-1.518001	64.762378	293.482322	0.005135	7.8
79	-1.495000	64.057978	295.912768	0.005866	10.3
80	-1.522347	65.051572	292.496014	0.004642	11.1
81	-1.537914	66.051572	289.135983	0.004760	7.7
82	-1.509335	65.349047	291.488356	0.006212	7.8
83	-1.529159	66.349047	288.151303	0.005061	8.2
84	-1.511013	67.349047	284.889793	0.005075	8.3
85	-1.518850	66.645364	287.177103	0.006567	8.3
86	-1.520954	67.645364	283.937485	0.005796	10.1
87	-1.531237	68.645364	280.770143	0.005260	7.5
88	-1.519716	69.322541	278.665120	0.006546	7.7
89	-1.535835	70.322541	275.613681	0.005971	7.6
90	-1.496908	71.322541	272.628347	0.005581	7.7
91	-1.521346	70.618142	274.724430	0.005886	7.4
92	-1.541152	71.618142	271.758225	0.006013	10.3
93	-1.535752	72.618142	268.855387	0.005298	8.3
94	-1.506148	73.618142	266.013909	0.005151	8.5
95	-1.485292	72.914190	268.007868	0.005365	7.6
96	-1.498234	72.209791	270.033241	0.004926	7.7
97	-1.513672	73.209791	267.166944	0.007060	7.5
98	-1.521712	72.505391	269.179579	0.005065	10.7
99	-1.533670	73.505221	266.331759	0.005967	7.6
100	-1.528116	74.505221	263.543098	0.006614	8.0
101	-1.498642	75.505221	260.812229	0.004679	7.5
102	-1.522864	74.802011	262.726653	0.005676	7.8
103	-1.504417	75.799086	260.020448	0.006546	7.5
104	-1.523173	76.799086	257.361727	0.006683	9.7
105	-1.517976	77.799086	254.756827	0.006176	7.9
106	-1.531874	77.094687	256.586188	0.006206	7.8
107	-1.523123	78.094687	253.996885	0.004843	7.6
108	-1.535390	79.094685	251.459323	0.007420	7.7
109	-1.532448	78.390299	253.241433	0.005724	7.5
110	-1.526326	79.390299	250.718864	0.005175	7.8
111	-1.496026	80.390299	248.246055	0.004288	7.7
112	-1.492768	81.390293	245.821562	0.005453	10.0
113	-1.515783	82.390293	243.443955	0.005741	7.5
114	-1.531806	83.390293	241.111900	0.004681	7.6
115	-1.536462	82.689309	242.741919	0.005266	7.6
116	-1.527582	81.984910	244.402232	0.004978	7.7
117	-1.528301	82.281648	243.700040	0.004206	7.7
118	-1.508902	81.577249	245.373532	0.006219	10.5
119	-1.530379	82.577249	243.004541	0.006229	7.5
120	-1.510145	83.577249	240.680857	0.005319	7.7
121	-1.507042	84.577249	238.401191	0.006029	7.5
122	-1.519680	85.577058	236.164726	0.005189	7.6
123	-1.520833	86.577058	233.969419	0.005205	7.6
124	-1.500988	85.873975	235.508615	0.005247	7.5
125	-1.491532	86.873975	233.325433	0.005907	9.8
126	-1.514566	87.873975	231.182354	0.005909	7.6
127	-1.522638	88.870560	229.085406	0.005946	7.6
128	-1.528757	89.870560	227.019164	0.005925	7.5
129	-1.534798	90.870560	224.989862	0.006355	7.7
130	-1.524302	91.870560	222.996518	0.004863	7.5
131	-1.522772	91.242903	224.243504	0.005760	10.4
132	-1.510120	92.242903	222.263305	0.005087	7.6
133	-1.504285	93.242903	220.317772	0.004252	7.7
134	-1.483583	93.192778	220.414481	0.005862	7.5
135	-1.502025	94.192778	218.501041	0.006290	7.6
136	-1.510116	95.192778	216.620536	0.004732	8.0
137	-1.514658	96.192778	214.772124	0.005095	9.8
138	-1.525011	96.544251	214.129926	0.005873	7.7
139	-1.538052	97.544251	212.323597	0.005331	7.9
140	-1.519037	98.414774	210.775778	0.005653	7.6
141	-1.503530	99.414774	209.025363	0.005472	8.0
142	-1.485309	100.414774	207.303782	0.005231	8.6
143	-1.500888	99.710374	208.513493	0.005714	7.6
144	-1.503395	100.710374	206.800299	0.005498	9.6
145	-1.562297	101.710374	205.115028	0.005595	7.7
146	-1.539509	101.006408	206.298523	0.005432	7.9
147	-1.529228	102.006408	204.621386	0.005229	7.6
148	-1.533246	102.988945	202.999888	0.006799	7.5
149	-1.520877	103.988762	201.376040	0.005416	7.6
150	-1.516135	104.988762	199.777674	0.004535	10.1
151	-1.531621	105.988762	198.204483	0.006428	7.8
152	-1.520429	106.912402	196.773272	0.006145	7.4
153	-1.497213	106.208003	197.862880	0.005233	7.7
154	-1.511970	105.503603	198.964624	0.005040	7.5
155	-1.513185	106.503603	197.404161	0.005044	8.4
156	-1.536305	105.799204	198.500788	0.004617	9.6
157	-1.550101	106.799204	196.947564	0.006494	7.7
158	-1.523190	107.729888	195.523683	0.005775	7.5
159	-1.486051	108.729888	194.016523	0.004576	7.8
160	-1.522674	109.729702	192.532695	0.006316	9.5
161	-1.551560	110.729702	191.071121	0.005415	9.2
162	-1.507893	111.728982	189.632599	0.005400	8.2
163	-1.490014	112.728889	188.214694	0.004040	9.8
164	-1.512428	112.208860	188.949457	0.005298	7.5
165	-1.537710	111.539859	189.903188	0.005746	7.9
166	-1.535661	112.539859	188.481117	0.005324	9.6
167	-1.512322	113.539859	187.080186	0.005884	10.0
168	-1.474426	114.539762	185.700059	0.004892	9.8
169	-1.522666	115.539762	184.340015	0.005818	7.7
170	-1.518685	116.539762	182.999748	0.005193	7.6
171	-1.507693	115.837877	183.938412	0.005314	7.5
172	-1.538500	115.133478	184.890170	0.006304	7.5
173	-1.490877	116.133478	183.541920	0.005813	7.5
174	-1.532618	117.133478	182.213191	0.005056	7.5
175	-1.500352	118.133478	180.903562	0.004696	10.4
176	-1.525705	119.132567	179.613792	0.005545	7.6
177	-1.511647	118.713141	180.153002	0.005404	7.6
178	-1.515060	119.713141	178.872717	0.005210	7.5
179	-1.515775	119.008741	179.772645	0.005478	7.6
180	-1.553872	120.008741	178.497741	0.004853	7.5
181	-1.501292	119.304432	179.393776	0.004655	7.7
182	-1.531517	120.293382	178.138151	0.004936	10.0
183	-1.531644	119.588982	179.030685	0.005250	7.7
184	-1.522460	120.588976	177.766254	0.004957	7.4
185	-1.528511	121.588975	176.519551	0.006170	7.7
186	-1.505205	120.884576	177.395899	0.005489	8.0
187	-1.524503	121.884572	176.154370	0.005750	7.6
188	-1.530781	122.884572	174.930094	0.006245	9.2
189	-1.536555	123.884572	173.722719	0.004951	7.9
190	-1.528475	124.884572	172.531896	0.005856	8.9
191	-1.507651	124.180174	173.369002	0.005661	13.4
192	-1.541498	125.180174	172.183006	0.005534	15.8
193	-1.512994	126.173181	171.021252	0.006310	12.7
194	-1.535677	127.173181	169.867054	0.007052	13.0
195	-1.539967	128.173140	168.728377	0.004712	7.5
196	-1.536610	129.173140	167.604818	0.005796	7.8
197	-1.481021	130.173140	166.496124	0.004921	7.8
198	-1.535305	131.173140	165.402001	0.005369	9.9
199	-1.528089	132.173140	164.322164	0.005419	9.2
200	-1.557299	131.468740	165.081326	0.005094	9.5
201	-1.562739	130.773069	165.837997	0.005620	9.4
202	-1.529839	130.068670	166.611263	0.005137	7.9
203	-1.514601	130.856678	165.746691	0.004650	8.3
204	-1.502020	130.152278	166.519103	0.004919	10.7
205	-1.515880	129.447879	167.298748	0.005309	7.8
206	-1.558899	130.447879	166.194086	0.005365	7.5
207	-1.506501	131.447879	165.103916	0.006066	7.5
208	-1.522921	130.743483	165.870332	0.005817	7.7
209	-1.523499	131.743483	164.784391	0.005481	8.4
210	-1.531366	132.743483	163.712577	0.005112	9.9
211	-1.510344	133.743483	162.654616	0.006097	8.3
212	-1.521838	134.725297	161.629114	0.005910	8.2
213	-1.515960	135.725297	160.597824	0.006409	7.5
214	-1.552699	136.724262	159.580660	0.006313	7.6
215	-1.531541	137.723868	158.575658	0.006314	7.5
216	-1.521644	137.069041	159.232583	0.005496	8.0
217	-1.556457	138.054834	158.245689	0.005135	10.3
218	-1.506955	138.396240	157.906747	0.005118	7.7
219	-1.511224	137.691841	158.607662	0.004875	7.5
220	-1.497607	138.691804	157.614487	0.005074	7.9
221	-1.534994	139.691804	156.633638	0.004996	7.5
222	-1.548822	140.691804	155.664920	0.005416	7.8
223	-1.526072	139.987407	156.346029	0.005219	10.1
224	-1.531083	140.987407	155.380855	0.006939	8.2
225	-1.500682	141.987407	154.427525	0.005963	7.5
226	-1.509114	141.283008	155.097827	0.005700	7.9
227	-1.543275	142.283008	154.147956	0.007481	7.5
228	-1.537101	143.283008	153.209648	0.006092	7.8
229	-1.515805	144.283008	152.282695	0.004953	10.3
230	-1.539578	145.258451	151.389248	0.005395	7.9
231	-1.521401	144.554051	152.033379	0.005980	7.7
232	-1.497790	143.849652	152.683015	0.004926	7.8
233	-1.541734	143.145253	153.338226	0.005806	7.5
234	-1.478843	142.560838	153.886115	0.004952	7.9
235	-1.510544	143.560838	152.950983	0.005467	8.9
236	-1.550170	142.856438	153.608501	0.006023	8.8
237	-1.511937	143.832874	152.698556	0.004904	7.5
238	-1.499099	143.128736	153.353657	0.004789	7.7
239	-1.525972	144.128575	152.425114	0.005491	7.5
240	-1.535204	144.350245	152.220771	0.005928	7.8
241	-1.507617	145.350245	151.305709	0.005107	7.6
242	-1.519960	146.350245	150.401583	0.004671	10.4
243	-1.494538	145.645846	151.037319	0.004192	7.5
244	-1.510629	144.943091	151.676949	0.006828	7.7
245	-1.544655	145.943091	150.768394	0.005939	7.5
246	-1.504823	146.943091	149.870659	0.004914	7.7
247	-1.514765	147.943090	148.983553	0.004680	7.6
248	-1.531965	148.943090	148.106886	0.005215	8.1
249	-1.541716	149.943002	147.240551	0.005786	9.6
250	-1.550488	149.243590	147.845459	0.006074	7.6
251	-1.553087	150.243590	146.982096	0.005253	7.5
252	-1.538301	149.545195	147.583998	0.005364	7.7
253	-1.521828	148.840796	148.196090	0.005955	7.5
254	-1.524309	149.840796	147.328638	0.005698	7.6
255	-1.535149	150.840796	146.471283	0.004599	7.7
256	-1.512444	151.840796	145.623848	0.004257	10.2
257	-1.524725	151.260193	146.114673	0.005432	7.6
258	-1.518524	152.260193	145.271348	0.004832	8.3
259	-1.524185	153.260069	144.437805	0.006188	7.5
260	-1.517157	152.555670	145.024025	0.005022	7.8
261	-1.537973	152.084231	145.419034	0.004600	7.7
262	-1.546052	153.084231	144.583697	0.005326	10.1
263	-1.531772	152.379836	145.171101	0.005673	7.6
264	-1.518592	151.675437	145.763302	0.008212	9.0
265	-1.511321	152.675437	144.924016	0.006004	7.6
266	-1.523512	153.675437	144.094340	0.005926	7.7
267	-1.537716	154.675437	143.274110	0.006063	7.5
268	-1.494739	155.675437	142.463165	0.005995	10.1
269	-1.545631	156.675437	141.661348	0.005200	7.5
270	-1.503073	157.675437	140.868506	0.004347	7.7
271	-1.524099	158.675430	140.084494	0.005320	7.6
272	-1.546377	157.971031	140.635843	0.007463	7.8
273	-1.515500	157.266631	141.191549	0.006620	7.7
274	-1.503771	158.266631	140.403943	0.004519	9.2
275	-1.517739	159.171188	139.699039	0.005084	8.4
276	-1.528248	160.171103	138.928016	0.006428	7.6
277	-1.529217	159.466703	139.470281	0.005818	7.5
278	-1.524442	158.762304	140.016796	0.005871	7.5
279	-1.546987	159.762304	139.242205	0.006720	7.7
280	-1.516305	159.057988	139.786866	0.004729	7.8
281	-1.519708	160.057988	139.014810	0.005181	9.8
282	-1.517217	159.353600	139.557745	0.006779	7.6
283	-1.538197	158.649307	140.104864	0.005214	8.0
284	-1.506740	159.649307	139.329302	0.004385	8.6
285	-1.541266	160.649307	138.562278	0.004726	7.7
286	-1.512304	160.491213	138.682977	0.005182	7.5
287	-1.521094	161.491207	137.923038	0.005142	10.9
288	-1.511120	162.491207	137.171378	0.006097	7.6
289	-1.528453	163.491207	136.427866	0.004909	7.5
290	-1.536552	164.491207	135.692371	0.005648	7.5
291	-1.520636	165.491207	134.964764	0.005505	7.7
292	-1.532344	166.491207	134.244918	0.005977	7.8
293	-1.512518	165.786808	134.751175	0.005296	9.4
294	-1.518378	166.786808	134.033599	0.005574	7.7
295	-1.545688	166.093780	134.530083	0.005790	7.7
296	-1.483194	165.389381	135.038497	0.005761	7.7
297	-1.544953	166.389381	134.317866	0.005947	7.7
298	-1.522307	166.028383	134.577124	0.005178	7.6
299	-1.541257	166.626861	134.147860	0.004966	7.7
300	-1.540393	165.922473	134.653375	0.004992	11.0
301	-1.515988	166.922473	133.936838	0.006046	8.0
302	-1.533107	167.922473	133.227887	0.004591	7.5
303	-1.511802	167.218073	133.726487	0.006098	7.7
304	-1.500309	168.218073	133.019755	0.004780	7.5
305	-1.507693	169.218073	132.320454	0.004806	8.0
306	-1.523936	170.218073	131.628467	0.005040	11.1
307	-1.536707	171.218073	130.943680	0.004914	7.9
308	-1.547059	170.537343	131.409058	0.006309	8.1
309	-1.528462	169.833164	131.893961	0.005898	10.6
310	-1.523390	169.145756	132.370779	0.005533	7.6
311	-1.493957	170.145756	131.678266	0.006331	8.6
312	-1.532398	169.441357	132.165314	0.005885	9.7
313	-1.533728	170.441357	131.474945	0.005860	8.7
314	-1.515990	171.441357	130.791750	0.005360	7.7
315	-1.503108	170.736960	131.272248	0.006624	7.5
316	-1.534716	171.449334	130.786328	0.004895	8.4
317	-1.541646	170.744935	131.266789	0.005295	8.0
318	-1.535202	171.744917	130.585761	0.005591	9.9
319	-1.521461	171.040560	131.064718	0.004893	7.6
320	-1.541137	172.040557	130.385770	0.004612	8.8
321	-1.552344	171.336158	130.863287	0.005720	7.6
322	-1.544254	172.336158	130.186418	0.006326	8.6
323	-1.523336	173.336158	129.516514	0.005764	7.9
324	-1.536010	172.903612	129.805430	0.005910	9.9
325	-1.570824	173.903612	129.139432	0.005792	7.5
326	-1.517349	173.199217	129.607844	0.005582	7.6
327	-1.531872	174.199217	128.943867	0.004944	7.4
328	-1.514081	175.199217	128.286658	0.004911	7.7
329	-1.471921	174.494817	128.748895	0.004904	7.5
330	-1.502732	175.494817	128.093667	0.004966	10.8
331	-1.496547	176.477815	127.456048	0.005628	7.5
332	-1.551308	177.475956	126.815068	0.006131	8.3
333	-1.511686	178.475945	126.179334	0.004346	8.3
334	-1.515364	179.454370	125.563448	0.005017	7.7
335	-1.487965	180.452145	124.941543	0.005024	8.5
336	-1.520932	181.452145	124.324402	0.004468	10.3
337	-1.563396	182.452145	123.713328	0.005834	7.5
338	-1.524453	181.953697	124.017163	0.004589	7.5
339	-1.556658	181.251226	124.447907	0.007427	7.5
340	-1.515767	182.251226	123.835621	0.005642	8.2
341	-1.511781	183.251226	123.229330	0.005704	7.6
342	-1.535369	183.278985	123.212585	0.006225	9.3
343	-1.503457	182.574586	123.638919	0.005380	7.7
344	-1.520494	181.870186	124.068215	0.005386	7.6
345	-1.506892	181.323776	124.403282	0.004354	7.5
346	-1.535021	180.661539	124.811811	0.004856	7.6
347	-1.553266	181.652659	124.201389	0.005434	7.6
348	-1.525544	182.652270	123.591757	0.005783	7.7
349	-1.498921	181.947871	124.020724	0.004767	9.6
350	-1.489299	182.947643	123.412761	0.005693	7.6
351	-1.495030	182.250045	123.836341	0.006668	7.5
352	-1.516182	183.250045	123.230043	0.004588	7.9
353	-1.512354	184.249988	122.629687	0.006338	7.8
354	-1.501585	183.545589	123.051990	0.004638	7.4
355	-1.514754	182.930507	123.423132	0.005240	9.9
356	-1.531531	182.226107	123.850927	0.005524	7.6
357	-1.543368	183.224947	123.245187	0.004908	7.6
358	-1.547376	182.520548	123.671748	0.005798	7.6
359	-1.539267	181.816148	124.101271	0.005088	7.7
360	-1.515877	182.816148	123.492383	0.005115	8.0
361	-1.537714	183.814894	122.890193	0.005449	7.8
362	-1.503390	183.110495	123.314295	0.005019	10.6
363	-1.537142	184.110495	122.713086	0.005852	7.6
364	-1.511365	185.110495	122.117711	0.005120	7.5
365	-1.511388	186.107602	121.529782	0.005165	7.7
366	-1.509656	187.107602	120.945807	0.004562	7.7
367	-1.517942	186.403207	121.356570	0.005410	7.7
368	-1.533828	186.181363	121.486515	0.004357	10.0
369	-1.532477	186.940309	121.043111	0.005920	7.8
370	-1.532727	187.940309	120.463791	0.005817	7.5
371	-1.532329	188.940309	119.889991	0.004455	7.6
372	-1.516936	188.241430	120.290431	0.005012	7.5
373	-1.502314	187.619116	120.649260	0.005363	7.6
374	-1.542369	187.913513	120.479242	0.005198	9.7
375	-1.522666	188.906086	119.909538	0.005489	8.6
376	-1.529622	189.905499	119.341326	0.005232	7.6
377	-1.527823	189.201099	119.741247	0.006065	7.8
378	-1.512222	190.200005	119.174911	0.004716	7.6
379	-1.514963	189.495605	119.573716	0.004599	7.9
380	-1.514824	190.495605	119.008344	0.004986	7.6
381	-1.488119	191.495605	118.448294	0.004335	9.8
382	-1.524362	190.791622	118.842009	0.004426	7.7
383	-1.517005	190.089312	119.237405	0.004355	8.1
384	-1.523825	191.089312	118.675201	0.004603	8.0
385	-1.518524	191.673268	118.349344	0.005139	7.7
386	-1.516299	192.673268	117.795464	0.005665	8.4
387	-1.563703	192.106266	118.108877	0.006077	11.0
388	-1.523904	193.106248	117.557250	0.004489	7.6
389	-1.525168	194.106248	117.010743	0.005691	7.7
390	-1.509383	195.106239	116.469297	0.004778	7.5
391	-1.541666	194.401840	116.850171	0.005562	7.7
392	-1.534789	195.401840	116.310203	0.004953	7.5
393	-1.547760	196.401839	115.775202	0.005489	11.5
394	-1.539400	196.167326	115.900225	0.004778	7.6
395	-1.486615	197.167304	115.368992	0.004933	7.7
396	-1.514964	198.106720	114.874349	0.005357	7.5
397	-1.549037	199.106720	114.352446	0.005902	7.5
398	-1.572403	198.402322	114.719578	0.005761	8.6
399	-1.533759	199.402322	114.199077	0.006395	10.8
400	-1.555119	200.402322	113.683278	0.005916	7.6
401	-1.532275	199.782171	114.002601	0.005369	7.7
402	-1.530908	200.727205	113.516706	0.004968	8.4
403	-1.521599	201.727205	113.007039	0.005362	7.7
404	-1.545411	202.727107	112.501977	0.006002	7.6
405	-1.543735	202.025924	112.855678	0.006588	10.2
406	-1.513794	201.403527	113.171505	0.005987	7.7
407	-1.547408	202.403493	112.664943	0.005369	7.7
408	-1.546663	203.403492	112.162879	0.005603	7.7
409	-1.530758	203.282937	112.223168	0.004973	7.6
410	-1.524483	204.282937	111.725025	0.004948	7.6
411	-1.516790	203.578537	112.075455	0.005022	7.7
412	-1.524121	203.165558	112.281931	0.006180	9.7
413	-1.523772	202.461159	112.635869	0.004430	8.1
414	-1.515070	203.461159	112.134063	0.005354	7.5
415	-1.552380	204.461156	111.636710	0.005968	7.6
416	-1.515881	205.461156	111.143749	0.005053	7.5
417	-1.537249	204.768512	111.484731	0.006269	7.7
418	-1.543758	204.496679	111.619124	0.004893	10.1
419	-1.523585	203.792279	111.968889	0.004635	7.6
420	-1.552445	204.771570	111.483221	0.005405	7.5
421	-1.557010	205.771570	110.991611	0.005927	7.6
422	-1.525088	206.771570	110.504317	0.004836	7.6
423	-1.559775	207.620488	110.093990	0.005043	7.7
424	-1.555033	208.376971	109.730902	0.005489	8.8
425	-1.527395	209.376971	109.254591	0.004804	8.5
426	-1.487107	210.376943	108.782411	0.004699	7.5
427	-1.520409	209.672544	109.114598	0.004052	8.0
428	-1.527413	209.281176	109.300040	0.005466	9.6
429	-1.532356	210.281176	108.827455	0.005056	7.7
430	-1.487396	210.232850	108.850199	0.004996	7.5
431	-1.527095	211.232840	108.381493	0.004589	10.0
432	-1.535040	210.528634	108.711140	0.007206	10.1
433	-1.541830	209.824445	109.042792	0.005848	7.9
434	-1.538974	210.824445	108.572424	0.005976	7.5
435	-1.542713	211.824445	108.106096	0.004958	7.5
436	-1.539017	212.824445	107.643757	0.005614	7.5
437	-1.539918	213.824444	107.185357	0.004912	9.7
438	-1.530975	213.120045	107.507846	0.005224	7.8
439	-1.541097	214.118722	107.051202	0.005332	7.7
440	-1.522661	213.414322	107.372884	0.004653	7.6
441	-1.531758	214.414322	106.916782	0.004935	7.6
442	-1.510671	213.709923	107.237655	0.006681	7.5
443	-1.529957	214.709923	106.782699	0.004911	10.9
444	-1.525831	214.005524	107.102767	0.005003	9.0
445	-1.543142	213.301136	107.424754	0.005301	7.8
446	-1.509608	212.602486	107.746036	0.004297	8.3
447	-1.545856	212.033322	108.009196	0.005592	7.6
448	-1.509532	213.033322	107.547684	0.004643	7.5
449	-1.561059	213.512594	107.327890	0.007465	10.6
450	-1.530482	214.512593	106.872170	0.005299	7.7
451	-1.510928	215.512593	106.420303	0.004241	7.7
452	-1.531240	216.512561	105.972255	0.004978	7.4
453	-1.503626	215.844570	106.271137	0.005200	7.8
454	-1.563349	216.844570	105.824328	0.004533	7.9
455	-1.545780	217.844570	105.381260	0.005118	9.9
456	-1.550635	218.844570	104.941887	0.005233	7.6
457	-1.528680	218.140171	105.250999	0.004832	7.5
458	-1.493964	217.435772	105.561937	0.004665	7.5
459	-1.517726	216.731385	105.874711	0.004819	7.7
460	-1.510278	217.668828	105.458857	0.005918	7.8
461	-1.529610	216.964429	105.771026	0.005302	7.8
462	-1.557007	217.963308	105.328898	0.006545	10.4
463	-1.525019	218.963308	104.889960	0.005073	7.6
464	-1.513635	218.258911	105.198765	0.006065	7.6
465	-1.509185	219.258911	104.760909	0.004889	7.7
466	-1.491036	218.554511	105.068954	0.004252	7.5
467	-1.509435	219.554509	104.632176	0.004061	7.7
468	-1.547433	219.800506	104.525286	0.005056	10.1
469	-1.531700	220.635953	104.163894	0.006348	7.9
470	-1.522710	221.635953	103.734593	0.005210	7.5
471	-1.530454	220.931553	104.036623	0.005584	7.6
472	-1.550387	221.931553	103.608368	0.005507	7.5
473	-1.536316	221.227208	103.909639	0.005169	7.5
474	-1.538951	220.522848	104.212674	0.005855	9.1
475	-1.527965	221.522704	103.783033	0.005796	9.5
476	-1.522554	222.521392	103.357416	0.004687	7.5
477	-1.531264	223.521386	102.934726	0.005154	7.6
478	-1.515995	222.816986	103.232109	0.004554	7.6
479	-1.545444	222.112594	103.531213	0.005371	7.6
480	-1.547292	221.408194	103.832058	0.004689	7.9
481	-1.508129	222.408194	103.405483	0.005810	9.9
482	-1.518123	223.408194	102.982397	0.005235	7.6
483	-1.552907	224.406031	102.563664	0.005367	7.6
484	-1.528958	225.406031	102.147426	0.005369	7.5
485	-1.541383	226.406031	101.734552	0.006127	7.7
486	-1.523614	225.701632	102.025032	0.005804	7.7
487	-1.539940	226.701632	101.613145	0.004958	10.2
488	-1.537704	226.691216	101.617418	0.006224	7.6
489	-1.517778	227.691216	101.208809	0.004358	7.5
490	-1.539004	228.690728	100.803670	0.005072	7.7
491	-1.539333	229.690711	100.401573	0.005636	7.5
492	-1.520582	230.688081	100.003710	0.005776	7.7
493	-1.552998	231.688081	99.607950	0.004193	9.5
494	-1.504195	230.987264	99.884976	0.005814	7.9
495	-1.520463	231.987264	99.490154	0.005285	7.5
496	-1.531824	231.283389	99.767733	0.005800	7.7
497	-1.524847	232.283389	99.373836	0.004465	7.5
498	-1.511530	233.256823	98.993378	0.005097	7.8
499	-1.536711	234.256778	98.605577	0.006098	7.6
500	-1.495056	233.553458	98.878019	0.004899	10.1
501	-1.507823	234.553458	98.491102	0.004630	8.4
502	-1.527709	235.464267	98.141320	0.005506	7.8
503	-1.542225	234.759988	98.411569	0.004339	7.6
504	-1.536049	235.759896	98.028322	0.005114	7.6
505	-1.520094	236.571646	97.719381	0.005296	8.0
506	-1.511688	237.537322	97.354384	0.005748	9.8
507	-1.564557	237.172738	97.491866	0.004096	7.5
508	-1.524291	236.468338	97.758590	0.004765	7.5
509	-1.540494	235.763939	98.026779	0.005312	7.5
510	-1.560839	236.763939	97.646482	0.006054	7.6
511	-1.572017	236.059539	97.914055	0.006690	7.5
512	-1.502702	235.355140	98.183098	0.005588	11.9
513	-1.538900	236.355140	97.801590	0.004240	7.6
514	-1.521758	237.354697	97.423202	0.005512	7.8
515	-1.539156	238.354697	97.047565	0.004791	7.9
516	-1.535701	237.650298	97.311861	0.006352	7.7
517	-1.508559	238.650298	96.937081	0.005000	7.4
518	-1.538595	239.650294	96.565177	0.005922	10.6
519	-1.543389	240.650294	96.196115	0.005956	7.7
520	-1.532809	241.650294	95.829863	0.004828	7.6
521	-1.536864	240.945895	96.087560	0.004218	7.5
522	-1.536628	241.945864	95.722144	0.005785	7.6
523	-1.519437	241.241469	95.979259	0.005708	7.5
524	-1.515860	242.241469	95.614653	0.004774	8.8
525	-1.511837	243.031720	95.328477	0.004802	9.8
526	-1.532406	242.335631	95.580464	0.005820	7.6
527	-1.534906	243.335631	95.218877	0.005845	7.6
528	-1.515203	242.631231	95.473293	0.005437	8.0
529	-1.521901	241.926832	95.729073	0.006306	7.5
530	-1.551484	241.222432	95.986227	0.004838	7.9
531	-1.537979	242.222432	95.621568	0.005364	10.2
532	-1.534037	243.222432	95.259670	0.005179	7.7
533	-1.517545	242.518033	95.514305	0.005588	7.5
534	-1.503731	241.824273	95.766428	0.005598	7.7
535	-1.526690	241.119958	96.023752	0.005442	7.5
536	-1.558418	242.119958	95.658809	0.005308	7.8
537	-1.502648	241.415559	95.915585	0.004971	10.5
538	-1.539867	242.212928	95.625021	0.004799	7.7
539	-1.513571	243.166822	95.279724	0.004392	7.5
540	-1.533342	243.817277	95.045694	0.005130	7.5
541	-1.551109	244.792011	94.697134	0.005109	7.5
542	-1.541334	245.792011	94.342187	0.005919	7.5
543	-1.539762	246.791896	93.989931	0.006007	9.3
544	-1.499529	247.791896	93.640255	0.005984	7.8
545	-1.555996	247.087497	93.886295	0.006904	7.4
546	-1.534561	248.087497	93.537389	0.005905	7.5
547	-1.522013	247.383389	93.782786	0.004545	7.7
548	-1.542850	248.324521	93.455069	0.004632	7.4
549	-1.524162	247.703572	93.671035	0.004842	7.8
550	-1.531071	247.001003	93.916596	0.005879	9.6
551	-1.526871	248.001003	93.567464	0.006526	7.8
552	-1.504214	249.001003	93.220920	0.004956	7.5
553	-1.505485	250.001003	92.876932	0.006758	7.7
554	-1.556779	250.928454	92.560162	0.005253	7.5
555	-1.517855	251.928454	92.221025	0.005614	7.5
556	-1.551580	252.926441	91.885039	0.005393	9.1
557	-1.527618	253.926441	91.550823	0.005888	7.7
558	-1.518576	254.926441	91.219028	0.005165	7.5
559	-1.510490	255.926441	90.889630	0.004472	7.6
560	-1.566380	256.926441	90.562603	0.004792	7.5
561	-1.521613	257.909134	90.243519	0.006760	8.0
562	-1.493798	258.909133	89.921117	0.004175	7.5
563	-1.490393	258.204733	90.147977	0.005587	9.7
564	-1.520964	257.540102	90.363081	0.005309	7.6
565	-1.529839	258.540102	90.039825	0.005327	9.1
566	-1.523730	257.835703	90.267285	0.004713	8.3
567	-1.564226	257.345533	90.426247	0.005658	7.7
568	-1.506780	256.641150	90.655661	0.005814	7.9
569	-1.544499	255.936760	90.886244	0.005399	10.4
570	-1.549338	256.936760	90.559240	0.005583	7.9
571	-1.544133	257.936750	90.234585	0.005113	7.6
572	-1.537379	258.936750	89.912246	0.005691	7.5
573	-1.553655	258.232350	90.139061	0.005107	7.8
574	-1.534574	257.527951	90.367023	0.005488	7.5
575	-1.548649	258.527951	90.043739	0.004656	9.4
576	-1.516983	257.891396	90.249259	0.004935	8.4
577	-1.560892	258.891386	89.926818	0.004881	8.6
578	-1.527398	259.891385	89.606671	0.004621	7.5
579	-1.543042	259.644832	89.685392	0.004736	8.2
580	-1.496469	258.992489	89.894346	0.006051	7.5
581	-1.529142	259.961604	89.584276	0.005884	7.7
582	-1.524797	260.961604	89.266558	0.006212	9.7
583	-1.519815	261.961604	88.951085	0.005528	7.7
584	-1.523280	262.960236	88.638262	0.005279	7.5
585	-1.522877	263.960236	88.327207	0.005259	7.7
586	-1.508748	264.960236	88.018328	0.005615	7.6
587	-1.536888	265.960236	87.711601	0.004535	7.7
588	-1.539579	266.960148	87.407032	0.004511	10.9
589	-1.536214	267.960148	87.104544	0.004531	7.7
590	-1.527249	267.261470	87.315665	0.005282	7.6
591	-1.522952	266.557071	87.529553	0.005391	7.8
592	-1.520728	267.557070	87.226218	0.004811	7.5
593	-1.529051	266.853191	87.439509	0.005005	7.6
594	-1.535976	266.158226	87.651126	0.004498	10.7
595	-1.599599	265.453827	87.866663	0.007659	7.7
596	-1.519027	266.453827	87.560991	0.005566	7.5
597	-1.528565	265.755248	87.774302	0.006940	7.6
598	-1.532993	266.755248	87.469271	0.006032	7.5
599	-1.532974	266.596249	87.517629	0.005096	7.6
600	-1.540898	267.596249	87.214376	0.005972	7.6
601	-1.549748	268.596249	86.913218	0.005219	10.3
602	-1.537909	269.596249	86.614132	0.005739	7.6
603	-1.549707	268.891863	86.824589	0.004450	7.6
604	-1.508361	269.888373	86.527150	0.004975	7.5
605	-1.530219	269.183975	86.737187	0.004574	7.5
606	-1.514098	270.183964	86.439313	0.005881	7.7
607	-1.550557	271.183960	86.143475	0.005338	11.0
608	-1.543161	272.183793	85.849704	0.005246	7.5
609	-1.507842	273.183737	85.557897	0.005629	7.5
610	-1.501496	272.479338	85.763250	0.004706	7.8
611	-1.536806	273.479338	85.472013	0.005177	7.5
612	-1.537219	272.774938	85.676954	0.005599	8.3
613	-1.532908	273.774938	85.386302	0.005384	9.6
614	-1.535205	273.070539	85.590831	0.004600	7.8
615	-1.513151	274.031351	85.312092	0.005527	7.5
616	-1.554204	273.326951	85.516266	0.005677	7.7
617	-1.556023	274.326951	85.226701	0.004918	7.5
618	-1.537855	273.623903	85.430074	0.005423	7.7
619	-1.554520	274.623903	85.141091	0.005303	7.5
620	-1.519704	275.623903	84.854058	0.005645	10.3
621	-1.496659	276.595392	84.577055	0.005491	7.5
622	-1.531625	277.595392	84.293805	0.005033	8.1
623	-1.545262	276.890993	84.493128	0.004879	7.5
624	-1.537051	277.890992	84.210440	0.005190	8.0
625	-1.516384	278.890992	83.929636	0.006204	7.6
626	-1.515487	278.186592	84.127238	0.005236	10.9
627	-1.537456	279.186592	83.846989	0.005210	7.5
628	-1.499659	278.520856	84.033353	0.004572	7.7
629	-1.553779	277.968840	84.188512	0.007606	7.5
630	-1.505742	277.265367	84.387075	0.005215	7.6
631	-1.528626	278.265367	84.105094	0.005368	7.5
632	-1.520339	277.561364	84.303412	0.005630	9.0
633	-1.523527	278.561364	84.021990	0.005080	8.0
634	-1.540823	277.857394	84.219907	0.004626	7.7
635	-1.522486	278.857394	83.939040	0.005072	7.5
636	-1.510965	278.152994	84.136687	0.006259	7.6
637	-1.561676	277.448598	84.335266	0.005630	8.2
638	-1.536344	278.448598	84.053630	0.004856	7.8
639	-1.538210	278.431400	84.058458	0.005593	9.9
640	-1.531103	279.431388	83.778669	0.005329	7.6
641	-1.492673	278.726988	83.975560	0.004758	7.5
642	-1.560925	278.087458	84.155123	0.005196	7.9
643	-1.546461	278.654050	83.996001	0.004462	7.5
644	-1.527773	278.457605	84.051102	0.005076	7.7
645	-1.563034	278.187613	84.126951	0.004615	10.5
646	-1.535526	277.483218	84.325484	0.005350	7.7
647	-1.525329	278.483218	84.043914	0.006241	7.8
648	-1.490599	277.779712	84.241803	0.004791	7.7
649	-1.521701	277.075313	84.440880	0.006783	7.5
650	-1.583884	276.503838	84.603083	0.006536	7.7
651	-1.558436	277.503838	84.319659	0.005310	9.5
652	-1.524018	277.049302	84.448249	0.005072	8.7
653	-1.485051	276.346700	84.647793	0.004967	7.5
654	-1.548300	277.118911	84.428531	0.004158	7.7
655	-1.529227	276.768744	84.527817	0.004435	7.6
656	-1.553728	276.100715	84.717877	0.004844	7.5
657	-1.562635	276.053154	84.731441	0.005392	7.5
658	-1.529790	275.348755	84.932841	0.005087	10.9
659	-1.562843	276.348456	84.647293	0.006168	7.5
660	-1.544854	277.299567	84.377400	0.004851	7.6
661	-1.523325	278.299567	84.095484	0.004795	7.5
662	-1.526267	279.299567	83.815445	0.005351	7.5
663	-1.544722	278.847860	83.941709	0.005061	8.0
664	-1.535219	278.143460	84.139368	0.004967	10.5
665	-1.546905	278.828038	83.947259	0.005164	7.7
666	-1.513234	279.158155	83.854932	0.004336	7.6
667	-1.536322	278.453842	84.052159	0.004848	7.6
668	-1.516039	279.453838	83.772409	0.005141	7.5
669	-1.532302	278.750265	83.969039	0.004480	7.7
670	-1.552120	278.045866	84.166828	0.005888	10.7
671	-1.518971	279.045866	83.886314	0.006236	7.9
672	-1.520736	280.045865	83.607665	0.005001	7.5
673	-1.514862	281.045865	83.330860	0.005069	7.5
674	-1.545720	282.045784	83.055905	0.005799	7.5
675	-1.519489	283.045784	82.782736	0.004750	7.7
676	-1.529621	284.045784	82.511358	0.005468	7.5
677	-1.534324	283.341401	82.702326	0.004279	10.1
678	-1.516263	282.637018	82.894181	0.005046	7.6
679	-1.542818	281.932619	83.086932	0.005615	7.7
680	-1.531901	282.932619	82.813559	0.005801	7.7
681	-1.516740	283.932589	82.541987	0.005381	7.7
682	-1.549240	284.932589	82.272183	0.005688	7.5
683	-1.529390	284.228235	82.462036	0.005266	11.4
684	-1.530266	284.093208	82.498532	0.005571	8.0
685	-1.537758	285.093208	82.229011	0.005108	8.4
686	-1.532888	284.388809	82.418678	0.004796	7.8
687	-1.526583	285.324593	82.166899	0.005337	9.1
688	-1.552757	286.324592	81.899537	0.005429	7.7
689	-1.536344	286.892885	81.748371	0.004744	11.6
690	-1.496826	287.892733	81.483762	0.004789	9.7
691	-1.562106	287.193330	81.668678	0.004192	7.6
692	-1.550017	288.187687	81.406029	0.004785	7.7
693	-1.541466	289.112517	81.163257	0.005978	7.6
694	-1.525135	290.074189	80.912344	0.004752	8.6
695	-1.550673	291.074188	80.653072	0.004876	10.1
696	-1.517842	290.369790	80.835529	0.004727	7.9
697	-1.508555	289.665395	81.018814	0.006039	8.1
698	-1.524298	290.650169	80.762805	0.006146	7.8
699	-1.543025	291.650169	80.504488	0.004371	7.8
700	-1.561569	290.945885	80.686244	0.005371	7.8
701	-1.524183	290.289709	80.856325	0.004680	9.7
702	-1.549010	289.585309	81.039705	0.004825	7.7
703	-1.543693	290.580144	80.780956	0.004324	7.7
704	-1.569762	289.875745	80.963994	0.005902	7.7
705	-1.532355	289.171346	81.147863	0.005067	7.6
706	-1.536066	288.466946	81.332569	0.005494	7.8
707	-1.548283	287.762549	81.518118	0.005493	9.9
708	-1.515404	288.753474	81.257335	0.005487	7.7
709	-1.530053	288.049075	81.442541	0.004549	7.5
710	-1.516394	289.010003	81.190096	0.005916	7.5
711	-1.565033	290.009138	80.929268	0.005208	7.7
712	-1.528528	289.304739	81.112979	0.005701	7.5
713	-1.521908	288.600345	81.297525	0.004594	7.8
714	-1.535849	287.895945	81.482914	0.004667	9.7
715	-1.541637	287.207622	81.664891	0.005634	7.8
716	-1.588378	288.207563	81.400796	0.005568	7.5
717	-1.547167	289.207563	81.138389	0.004983	7.8
718	-1.516243	288.594283	81.299117	0.004799	7.7
719	-1.518220	289.511131	81.059065	0.004889	7.8
720	-1.542696	290.511131	80.798852	0.005128	10.0
721	-1.530382	291.511115	80.540309	0.006686	7.7
722	-1.520387	292.511115	80.283411	0.005169	7.5
723	-1.544958	293.511115	80.028147	0.005656	7.7
724	-1.526466	292.878511	80.189439	0.004470	7.7
725	-1.538252	293.878511	79.934771	0.006082	7.7
726	-1.494416	293.174113	80.113990	0.006449	9.7
727	-1.511812	294.174113	79.859801	0.004585	7.7
728	-1.553643	295.174113	79.607219	0.005339	7.6
729	-1.530403	295.876931	79.430654	0.004911	7.6
730	-1.536048	295.172580	79.607605	0.005141	7.5
731	-1.500934	296.172580	79.356613	0.004685	7.6
732	-1.528262	295.468314	79.533213	0.004409	7.6
733	-1.526531	296.467388	79.282921	0.005683	9.9
734	-1.506388	297.467388	79.033969	0.005064	7.5
735	-1.526036	297.363823	79.059680	0.004189	7.6
736	-1.519630	298.363823	78.812126	0.004819	7.5
737	-1.542222	298.580851	78.758604	0.004477	7.5
738	-1.543610	297.877854	78.932235	0.005931	7.4
739	-1.516920	298.289442	78.830486	0.004863	10.8
740	-1.501656	299.289442	78.584363	0.006508	7.6
741	-1.522175	298.975582	78.661446	0.005337	7.8
742	-1.537266	299.975582	78.416376	0.004834	7.5
743	-1.529472	300.972152	78.173661	0.003902	8.0
744	-1.529270	301.971555	77.931760	0.005164	7.6
745	-1.543140	302.971540	77.691213	0.005645	9.3
746	-1.536814	302.267143	77.860501	0.005966	9.1
747	-1.542837	303.267143	77.620389	0.005086	7.7
748	-1.569490	304.266756	77.381845	0.005795	8.1
749	-1.521242	305.067765	77.191751	0.006357	7.7
750	-1.530474	306.067765	76.955740	0.005673	7.5
751	-1.553392	305.363366	77.121836	0.005295	7.6
752	-1.515438	306.363366	76.886251	0.004838	10.7
753	-1.485166	307.363365	76.652101	0.006298	7.7
754	-1.518029	306.658975	76.816885	0.004720	7.5
755	-1.519505	307.658968	76.583158	0.004926	7.7
756	-1.551472	308.658249	76.351015	0.005047	7.6
757	-1.523550	309.216180	76.222012	0.004537	7.5
758	-1.532777	308.511781	76.384953	0.004302	10.6
759	-1.553252	309.511781	76.153842	0.005364	7.7
760	-1.503632	308.807381	76.316490	0.005582	7.6
761	-1.516457	309.778293	76.092484	0.004626	7.5
762	-1.562006	309.244211	76.215543	0.006675	7.6
763	-1.520190	310.244102	75.985479	0.004796	7.5
764	-1.530044	311.244102	75.756775	0.006088	8.1
765	-1.532578	312.243825	75.529507	0.004737	9.4
766	-1.521927	311.539438	75.689494	0.005128	7.6
767	-1.540821	312.539438	75.462566	0.005072	7.5
768	-1.559564	313.539437	75.236995	0.005341	8.0
769	-1.518992	312.835038	75.395746	0.005772	7.6
770	-1.523247	312.130638	75.555169	0.004665	7.6
771	-1.561601	313.130638	75.329045	0.005225	8.5
772	-1.522702	314.115094	75.107753	0.003906	8.8
773	-1.590291	315.114965	74.884324	0.005866	7.7
774	-1.515266	316.114964	74.662191	0.005060	7.8
775	-1.522496	317.114964	74.441372	0.005904	7.6
776	-1.539288	318.114964	74.221855	0.005951	7.6
777	-1.530049	319.114964	74.003630	0.004300	7.4
778	-1.531818	320.114964	73.786683	0.004814	8.4
779	-1.561740	321.114960	73.571006	0.006070	8.6
780	-1.543009	322.114960	73.356585	0.005601	7.9
781	-1.565894	323.114951	73.143412	0.005178	7.5
782	-1.505518	324.114259	72.931619	0.006380	7.7
783	-1.532489	325.106898	72.722451	0.005682	7.6
784	-1.545770	326.106897	72.512941	0.005433	7.6
785	-1.543278	327.106897	72.304634	0.005035	8.5
786	-1.510607	326.402497	72.451240	0.005194	8.5
787	-1.558964	325.698098	72.598442	0.005776	7.8
788	-1.510033	324.993699	72.746243	0.004793	9.4
789	-1.518015	324.289299	72.894648	0.005933	8.3
790	-1.564100	325.289299	72.684146	0.005199	8.4
791	-1.542544	324.584915	72.832293	0.005495	9.9
792	-1.540258	324.626206	72.823592	0.005978	11.3
793	-1.500996	325.626206	72.613499	0.005361	9.9
794	-1.547640	324.925016	72.760687	0.005899	10.1
795	-1.521632	325.924870	72.550987	0.004212	11.4
796	-1.530826	326.924870	72.342462	0.005801	13.5
797	-1.582142	327.924870	72.135133	0.006223	11.0
798	-1.539948	328.924870	71.928988	0.005712	9.3
799	-1.495514	329.924870	71.724018	0.004314	9.7
800	-1.538246	329.220471	71.868277	0.005125	8.4
801	-1.531337	330.190817	71.669704	0.004868	9.2
802	-1.537447	331.190817	71.466207	0.005365	15.0
803	-1.514417	332.190817	71.263862	0.005004	12.2
804	-1.543040	333.190817	71.062661	0.005470	10.1
805	-1.536437	334.190817	70.862592	0.004999	9.4
806	-1.533950	335.190817	70.663646	0.004884	8.6
807	-1.544028	334.486429	70.803664	0.004735	11.8
808	-1.529871	333.782030	70.944241	0.005625	8.7
809	-1.534402	333.077630	71.085377	0.005197	9.0
810	-1.536920	332.373231	71.227076	0.005231	8.6
811	-1.567991	333.373231	71.026081	0.004969	9.8
812	-1.534508	334.373231	70.826218	0.005106	11.4
813	-1.551506	333.680815	70.964486	0.006008	9.9
814	-1.569887	334.680815	70.764969	0.006785	10.0
815	-1.508424	333.976416	70.905392	0.005149	9.3
816	-1.524583	334.976416	70.706206	0.005331	9.3
817	-1.513056	335.059795	70.689649	0.005820	10.2
818	-1.570016	334.355395	70.829773	0.005365	9.9
819	-1.534495	335.355395	70.631011	0.004990	10.7
820	-1.545914	334.650996	70.770902	0.006148	9.0
821	-1.558035	335.650996	70.572470	0.006641	8.8
822	-1.532568	336.650996	70.375148	0.004937	10.1
823	-1.512226	337.114681	70.284027	0.005926	12.2
824	-1.530127	338.114558	70.088336	0.004100	8.7
825	-1.515043	337.410159	70.226084	0.004338	8.2
826	-1.520648	336.707375	70.364056	0.005255	8.8
827	-1.546685	337.707375	70.167896	0.004648	10.0
828	-1.538522	337.732494	70.162983	0.005213	11.4
829	-1.524371	337.028885	70.300869	0.004684	11.4
830	-1.497754	338.028885	70.105061	0.003956	10.7
831	-1.504862	339.028835	69.910350	0.004574	9.7
832	-1.519831	338.326311	70.047032	0.004965	10.6
833	-1.540610	337.838946	70.142168	0.005596	10.0
834	-1.528560	338.838946	69.947242	0.004260	11.0
835	-1.505324	338.134775	70.084391	0.004778	9.8
836	-1.518192	339.134775	69.889785	0.004422	8.1
837	-1.533292	338.541376	70.005133	0.005087	9.0
838	-1.532005	338.693429	69.975540	0.004960	9.1
839	-1.560441	339.693429	69.781537	0.005316	18.4
840	-1.516239	340.693429	69.588607	0.004872	10.3
841	-1.542877	339.989030	69.724395	0.004688	9.5
842	-1.545412	340.966026	69.536200	0.005439	13.5
843	-1.505051	340.278300	69.668568	0.004155	19.7
844	-1.540710	339.573905	69.804668	0.006287	15.6
845	-1.522542	338.869506	69.941302	0.005446	25.4
846	-1.523482	338.165163	70.078461	0.005430	21.5
847	-1.512027	337.460764	70.216170	0.005448	23.1
848	-1.566560	336.756364	70.354421	0.004955	20.2
849	-1.512047	337.756364	70.158314	0.005044	16.6
850	-1.519913	337.051965	70.296338	0.004934	16.7
851	-1.491798	336.347887	70.434841	0.004325	16.5
852	-1.510644	337.347887	70.238287	0.005472	15.3
853	-1.532027	336.785180	70.348755	0.004534	15.1
854	-1.530672	336.080781	70.487529	0.005083	18.0
855	-1.510528	335.376381	70.626852	0.004575	13.6
856	-1.510949	334.673793	70.766366	0.004747	15.8
857	-1.518024	333.969394	70.906794	0.005155	10.0
858	-1.539226	333.264994	71.047781	0.005229	16.4
859	-1.569628	334.235383	70.853702	0.005740	9.6
860	-1.560025	335.235383	70.654806	0.005302	14.8
861	-1.532516	334.589358	70.783170	0.005266	19.0
862	-1.550543	333.884958	70.923665	0.004848	8.8
863	-1.510026	334.884958	70.724377	0.005629	8.2
864	-1.524017	335.884958	70.526205	0.005746	7.9
865	-1.521611	336.884958	70.329141	0.004842	8.2
866	-1.546151	336.180559	70.467838	0.004814	10.3
867	-1.552471	335.476159	70.607083	0.005212	7.8
868	-1.520328	336.188988	70.466175	0.005163	7.5
869	-1.511424	335.613086	70.579973	0.005020	7.7
870	-1.511977	336.613086	70.382609	0.006008	7.6
871	-1.506017	337.613086	70.186345	0.004438	8.0
872	-1.541031	338.612252	69.991336	0.005806	9.7
873	-1.543162	339.612249	69.797246	0.005567	8.6
874	-1.540499	340.612249	69.604229	0.004398	7.5
875	-1.521509	339.907849	69.740079	0.005751	8.7
876	-1.545951	340.907849	69.547377	0.005854	7.5
877	-1.538214	340.204990	69.682708	0.005262	8.9
878	-1.504618	339.500591	69.818864	0.006234	9.3
879	-1.536482	338.796500	69.955494	0.005807	8.9
880	-1.526139	339.796500	69.761602	0.005556	8.4
881	-1.534052	340.796500	69.568782	0.004483	9.1
882	-1.501813	340.092169	69.704480	0.005257	8.1
883	-1.507257	341.048852	69.520292	0.005346	8.2
884	-1.521427	342.048852	69.328802	0.005605	17.7
885	-1.528858	343.048852	69.138363	0.005007	12.9
886	-1.549159	344.048814	68.948976	0.005011	15.5
887	-1.517265	345.048814	68.760616	0.005903	22.8
888	-1.507425	346.043898	68.574200	0.004615	16.2
889	-1.529068	345.339498	68.706055	0.005252	21.8
890	-1.568384	346.339498	68.519018	0.005014	16.3
891	-1.531308	345.635099	68.650661	0.004729	14.3
892	-1.521214	346.635098	68.463925	0.007513	51.8
893	-1.527859	345.930698	68.595356	0.004614	15.7
894	-1.543134	346.930698	68.408920	0.004358	49.3
895	-1.524839	347.929332	68.223748	0.005861	24.2
896	-1.514274	347.224933	68.354257	0.005159	21.3
897	-1.519220	347.984219	68.213600	0.005148	16.8
898	-1.549328	347.281167	68.343820	0.005021	19.9
899	-1.549515	348.276758	68.159561	0.005368	17.3
900	-1.531142	348.638255	68.092903	0.005018	14.1
901	-1.508264	349.638255	67.909185	0.005192	13.5
902	-1.526596	348.933857	68.038492	0.005383	10.9
903	-1.534531	349.933856	67.855068	0.004813	12.8
904	-1.517657	349.229457	67.984169	0.004418	11.7
905	-1.493961	350.229457	67.801036	0.005428	17.2
906	-1.530254	351.229457	67.618888	0.004992	13.1
907	-1.542516	350.525057	67.747091	0.005228	8.6
908	-1.525915	351.525057	67.565232	0.005538	9.0
909	-1.522863	352.525057	67.384346	0.004244	9.0
910	-1.519371	351.820658	67.511661	0.004741	10.8
911	-1.538376	351.116259	67.639457	0.004616	8.6
912	-1.530300	350.477362	67.755789	0.005270	11.0
913	-1.528468	350.271314	67.793392	0.005214	10.4
914	-1.538905	351.271314	67.611285	0.005685	9.6
915	-1.527556	352.271306	67.430155	0.004598	12.5
916	-1.547363	351.566906	67.557642	0.004960	9.7
917	-1.535487	352.566902	67.376798	0.005746	14.2
918	-1.527278	353.566902	67.196919	0.004812	13.4
919	-1.538611	353.453655	67.217242	0.005737	11.3
920	-1.522396	352.749255	67.343925	0.004156	10.0
921	-1.576884	352.044856	67.471087	0.005059	10.0
922	-1.518384	352.644879	67.362737	0.004982	7.8
923	-1.554692	351.940480	67.489970	0.004796	9.9
924	-1.527418	352.940414	67.309499	0.004970	8.2
925	-1.522621	352.340731	67.417615	0.005476	12.5
926	-1.543896	351.636331	67.545056	0.005016	9.3
927	-1.540158	352.636331	67.364278	0.006166	8.3
928	-1.555214	351.986450	67.481652	0.004176	9.8
929	-1.528271	352.985954	67.301302	0.005161	8.5
930	-1.532009	353.985954	67.121826	0.005879	12.7
931	-1.506997	354.985954	66.943303	0.005100	8.2
932	-1.520852	355.728629	66.811333	0.005430	9.5
933	-1.541327	356.728629	66.634456	0.004617	10.6
934	-1.534270	357.727430	66.458724	0.005546	8.8
935	-1.550987	357.094091	66.570048	0.005440	12.6
936	-1.538811	358.094091	66.394445	0.005509	8.8
937	-1.533204	357.389692	66.518043	0.004758	11.1
938	-1.551184	356.685292	66.642102	0.005414	10.4
939	-1.558417	355.980893	66.766625	0.005352	11.7
940	-1.538818	355.276493	66.891614	0.005837	10.8
941	-1.539710	356.276493	66.714312	0.004763	10.2
942	-1.508318	357.276087	66.538020	0.004556	7.9
943	-1.539767	356.633537	66.651235	0.005975	9.9
944	-1.568009	357.633537	66.475204	0.004831	8.6
945	-1.514492	358.633537	66.300101	0.005113	11.7
946	-1.517331	359.342109	66.176585	0.004256	9.6
947	-1.556413	360.342002	66.003067	0.006007	8.1
948	-1.526402	361.320543	65.834134	0.005706	10.5
949	-1.530558	362.320543	65.662387	0.005723	8.1
950	-1.528954	361.616144	65.783272	0.004807	13.1
951	-1.552601	362.616144	65.611790	0.005182	10.2
952	-1.524063	362.207697	65.681723	0.004589	8.0
953	-1.561778	363.207697	65.510769	0.004978	10.9
954	-1.589188	363.830749	65.404705	0.006222	8.2
955	-1.536820	364.830749	65.235189	0.005314	9.6
956	-1.498944	365.830749	65.066549	0.005295	12.3
957	-1.517820	366.785251	64.906393	0.007576	9.7
958	-1.548627	367.785251	64.739446	0.005116	10.1
959	-1.567347	367.080852	64.856954	0.004677	8.3
960	-1.487549	368.074469	64.691322	0.005657	9.3
961	-1.528264	368.950769	64.545947	0.004967	12.8
962	-1.545054	369.950765	64.380848	0.006226	8.0
963	-1.548389	370.950743	64.216594	0.003997	10.2
964	-1.544296	370.247272	64.332057	0.005206	8.9
965	-1.512340	370.932151	64.219640	0.005437	8.3
966	-1.544960	370.228063	64.335216	0.005091	11.5
967	-1.552839	369.523664	64.451259	0.005306	8.8
968	-1.525442	368.819279	64.567719	0.006392	9.6
969	-1.539587	369.819279	64.402508	0.005743	8.9
970	-1.534322	369.114880	64.518795	0.005774	9.2
971	-1.552962	368.410481	64.635502	0.005358	12.2
972	-1.540415	369.410481	64.469944	0.004752	10.8
973	-1.526794	370.410481	64.305232	0.004993	13.9
974	-1.538469	371.395514	64.143806	0.006274	14.5
975	-1.555629	372.395514	63.980754	0.005709	16.0
976	-1.562569	373.395514	63.818530	0.005428	13.5
977	-1.507777	372.691115	63.932715	0.005019	14.6
978	-1.548698	373.587348	63.787503	0.004429	14.7
979	-1.507138	374.587348	63.626256	0.004753	13.0
980	-1.527232	373.883002	63.739745	0.004798	11.9
981	-1.556827	374.882985	63.578741	0.005217	9.0
982	-1.553576	374.204463	63.687899	0.004894	11.5
983	-1.540321	373.500074	63.801615	0.005881	27.4
984	-1.513223	372.800073	63.915026	0.004640	20.0
985	-1.543155	373.800073	63.753134	0.004801	28.2
986	-1.502571	374.800073	63.592059	0.005293	10.3
987	-1.532878	375.800073	63.431797	0.005536	9.5
988	-1.521439	376.800073	63.272341	0.004955	14.2
989	-1.544449	376.095674	63.384578	0.005641	13.0
990	-1.528260	377.095674	63.225359	0.005274	15.1
991	-1.544271	378.095636	63.066943	0.005111	9.1
992	-1.511953	379.095636	62.909314	0.005653	12.1
993	-1.556048	378.391247	63.020264	0.005496	18.2
994	-1.521814	377.686847	63.131608	0.004316	15.5
995	-1.558406	376.987847	63.242488	0.006301	11.5
996	-1.542334	376.283535	63.354606	0.005022	16.6
997	-1.545544	377.283535	63.195537	0.005654	14.4
998	-1.562174	378.283128	63.037329	0.005472	14.5
999	-1.554351	377.615326	63.142935	0.005057	12.1
