1:ItNr	2:Metric	3a:Time	3b:StepSize	4:||Gradient||	Time[ms]
0	-1.078142	0.000000	3.715579	0.035283	321.3
1	-1.086291	0.000000	3.715579	0.037510	4.1
2	-1.079316	0.000000	3.715579	0.039010	3.8
3	-1.047919	0.000000	3.715579	0.027837	3.7
4	-1.033771	0.000000	3.715579	0.027966	5.8
5	-1.082532	0.000000	3.715579	0.032435	4.0
6	-1.063256	0.000000	3.715579	0.017170	3.5
7	-1.052787	0.575991	3.616388	0.022943	3.7
8	-1.085178	0.112544	3.695772	0.031931	3.8
9	-1.076544	0.032498	3.709838	0.030703	4.0
10	-1.037637	0.000000	3.715579	0.016528	3.5
11	-1.069824	0.000000	3.715579	0.032261	3.8
12	-1.119107	0.000000	3.715579	0.040142	3.5
13	-1.124733	1.000000	3.546689	0.042400	4.1
14	-1.047215	2.000000	3.392485	0.013936	3.6
15	-1.130315	2.882821	3.267083	0.020485	3.9
16	-1.122147	2.399982	3.334496	0.030340	3.9
17	-1.082566	3.146233	3.231442	0.020780	5.5
18	-1.165688	2.700056	3.292277	0.019792	3.6
19	-1.105951	3.688065	3.160521	0.027040	4.0
20	-1.089648	4.687706	3.037529	0.024770	3.5
21	-1.095077	4.886042	3.014256	0.024155	4.1
22	-1.064431	5.884197	2.902343	0.024550	3.6
23	-1.055501	6.884119	2.798265	0.020448	3.8
24	-1.120713	7.881632	2.701618	0.022197	3.7
25	-1.049278	7.397114	2.747714	0.021365	4.2
26	-1.108609	6.956733	2.790997	0.023262	3.7
27	-1.054088	7.721886	2.716644	0.016782	3.8
28	-1.094116	7.469616	2.740717	0.017748	3.6
29	-1.105027	6.991660	2.787514	0.018823	5.1
30	-1.098375	6.635872	2.823401	0.028621	4.3
31	-1.085424	6.150845	2.873839	0.031110	3.6
32	-1.075037	7.150817	2.771754	0.012941	3.5
33	-1.107919	7.413759	2.746104	0.025687	4.0
34	-1.093880	7.252766	2.761753	0.024153	3.6
35	-1.017908	8.038103	2.687061	0.023429	5.3
36	-1.094568	8.163014	2.675552	0.017104	6.5
37	-1.079993	7.678832	2.720723	0.022318	4.7
38	-1.088699	7.783249	2.710853	0.021418	5.0
39	-1.073304	7.298913	2.757249	0.016501	5.4
40	-1.120386	7.918728	2.698153	0.028650	8.1
41	-1.140336	8.808053	2.617653	0.017909	5.6
42	-1.092818	9.802699	2.533127	0.023168	6.3
43	-1.059952	9.376914	2.568633	0.038958	5.3
44	-1.113660	10.376914	2.486769	0.025184	6.3
45	-1.103815	10.004222	2.516662	0.029050	5.6
46	-1.067973	11.004209	2.438028	0.023001	7.8
47	-1.095324	12.004115	2.364164	0.020024	9.3
48	-1.080071	11.520336	2.399334	0.019354	7.6
49	-1.051042	11.393136	2.408756	0.019351	4.5
50	-1.059335	11.179286	2.424763	0.019278	4.9
51	-1.062049	11.578915	2.395020	0.017190	3.9
52	-1.058421	12.510393	2.328446	0.036261	3.6
53	-1.117141	12.024058	2.362737	0.029044	5.9
54	-1.092519	13.024057	2.293294	0.019168	3.9
55	-1.043028	12.537718	2.326549	0.016028	4.1
56	-1.068480	12.190796	2.350867	0.012599	3.6
57	-1.096744	11.792506	2.379420	0.028340	4.1
58	-1.112562	11.896949	2.371866	0.015385	4.4
59	-1.104548	11.814337	2.377837	0.020098	5.2
60	-1.093135	12.178550	2.351735	0.018450	4.1
61	-1.090774	13.115366	2.287156	0.023062	3.6
62	-1.114517	14.090377	2.223605	0.011872	3.8
63	-1.052071	13.728208	2.246795	0.016803	3.6
64	-1.125628	13.301415	2.274750	0.016036	3.9
65	-1.135168	13.921938	2.234330	0.019618	3.9
66	-1.042653	13.463791	2.264033	0.020791	3.9
67	-1.096669	14.459084	2.200484	0.030511	3.5
68	-1.086300	15.459073	2.140130	0.017959	4.0
69	-1.092103	16.419094	2.085223	0.015287	4.6
70	-1.079837	15.941716	2.112169	0.014127	4.1
71	-1.142800	15.537375	2.135543	0.023249	5.9
72	-1.128101	15.533606	2.135764	0.020438	4.7
73	-1.084247	16.464169	2.082714	0.032944	4.0
74	-1.104817	17.463886	2.028582	0.023949	3.6
75	-1.084255	17.806203	2.010688	0.024507	3.8
76	-1.108631	18.805671	1.960202	0.016374	4.6
77	-1.126216	18.505312	1.975105	0.010140	4.0
78	-1.113123	18.941146	1.953553	0.016430	3.7
79	-1.063691	18.530483	1.973848	0.010771	3.6
80	-1.083499	18.103000	1.995426	0.020923	4.7
81	-1.110795	18.494323	1.975655	0.014804	3.8
82	-1.058161	18.056363	1.997809	0.013919	4.3
83	-1.077345	18.547197	1.973013	0.020321	4.9
84	-1.061176	18.069011	1.997162	0.031762	4.4
85	-1.084698	18.453640	1.977692	0.027369	3.6
86	-1.085430	17.967313	2.002374	0.018807	3.5
87	-1.050712	17.678402	2.017331	0.025850	3.6
88	-1.105322	18.666139	1.967097	0.030997	5.9
89	-1.099576	19.666128	1.918726	0.025973	3.7
90	-1.130512	20.666120	1.872676	0.021642	4.6
91	-1.080018	20.371792	1.885999	0.035463	4.0
92	-1.092224	21.165555	1.850495	0.024376	5.1
93	-1.118896	20.679227	1.872087	0.031199	3.7
94	-1.111589	21.513440	1.835353	0.024648	6.4
95	-1.121824	21.027140	1.856590	0.032789	5.2
96	-1.067788	20.540792	1.878326	0.020669	3.7
97	-1.081862	21.108161	1.853017	0.021308	4.4
98	-1.120873	20.622809	1.874625	0.017240	4.1
99	-1.127584	20.169467	1.895267	0.018608	4.2
100	-1.113757	19.688103	1.917690	0.022941	4.1
101	-1.087658	19.221126	1.939954	0.021847	3.8
102	-1.110996	19.999705	1.903115	0.028615	4.4
103	-1.085830	20.983198	1.858533	0.016249	3.9
104	-1.073045	20.497268	1.880296	0.012344	4.6
105	-1.056273	21.144893	1.851402	0.042027	4.8
106	-1.124140	22.142039	1.808611	0.016100	5.4
107	-1.102797	21.728695	1.826107	0.021247	3.6
108	-1.123392	22.314807	1.801397	0.022460	4.4
109	-1.080082	21.894748	1.819037	0.019566	4.3
110	-1.109557	22.852081	1.779326	0.024195	4.3
111	-1.127072	22.635379	1.788163	0.017873	4.3
112	-1.098785	22.149689	1.808290	0.012403	4.2
113	-1.084704	21.891170	1.819189	0.012826	4.7
114	-1.100254	21.709468	1.826929	0.022972	3.6
115	-1.103722	22.370323	1.799091	0.026470	4.6
116	-1.107365	21.953030	1.816569	0.015601	3.9
117	-1.123266	21.850531	1.820914	0.016722	6.5
118	-1.101037	22.558846	1.791304	0.016499	4.8
119	-1.138840	22.108887	1.810001	0.031013	3.6
120	-1.107531	23.092783	1.769613	0.025140	4.8
121	-1.105075	24.092783	1.730369	0.017661	3.6
122	-1.111085	23.606584	1.749229	0.016559	4.5
123	-1.089347	23.121590	1.768457	0.025569	3.7
124	-1.096561	22.646990	1.787687	0.023264	4.7
125	-1.091449	22.282621	1.802736	0.026969	4.5
126	-1.113218	21.796274	1.823223	0.015423	4.0
127	-1.119909	21.328675	1.843364	0.016194	4.5
128	-1.093551	20.921100	1.861286	0.023230	6.1
129	-1.108390	21.919323	1.817996	0.013727	4.4
130	-1.075886	21.481082	1.836751	0.016098	4.1
131	-1.114994	21.844080	1.821189	0.020059	4.1
132	-1.106915	22.627129	1.788501	0.020262	4.4
133	-1.086458	22.147445	1.808384	0.015708	3.7
134	-1.106474	21.961299	1.816220	0.022424	4.4
135	-1.167129	22.151725	1.808205	0.033460	3.9
136	-1.115304	23.149713	1.767331	0.024118	4.9
137	-1.084691	22.704934	1.785317	0.018422	3.7
138	-1.110644	22.220218	1.805339	0.027218	4.5
139	-1.117024	22.875697	1.778368	0.018753	6.3
140	-1.078396	23.788990	1.742106	0.018958	3.9
141	-1.101718	24.633272	1.709874	0.024883	3.8
142	-1.156117	24.147817	1.728260	0.015737	3.6
143	-1.102138	25.147232	1.690831	0.029936	4.0
144	-1.110750	25.989754	1.660514	0.023793	3.6
145	-1.102580	26.989746	1.625913	0.011823	3.9
146	-1.091271	26.594922	1.639401	0.028915	3.6
147	-1.118556	27.576870	1.606261	0.014231	4.0
148	-1.060374	28.558664	1.574440	0.019575	3.5
149	-1.082317	28.276406	1.583459	0.022237	3.9
150	-1.080194	27.795019	1.599080	0.015361	3.6
151	-1.093902	28.545194	1.574868	0.015914	5.6
152	-1.104193	28.202918	1.585824	0.015975	4.6
153	-1.088077	28.831545	1.565818	0.032878	3.8
154	-1.106488	28.345234	1.581250	0.017892	3.7
155	-1.068139	27.863930	1.596825	0.013949	3.9
156	-1.097429	27.562912	1.606723	0.024827	3.6
157	-1.076791	28.493631	1.576509	0.024481	3.8
158	-1.165319	28.159788	1.587215	0.033276	3.5
159	-1.095693	29.159760	1.555573	0.019689	3.9
160	-1.108536	30.156482	1.525264	0.028426	3.6
161	-1.167392	30.359544	1.519234	0.023882	3.7
162	-1.112780	29.874260	1.533726	0.014316	3.5
163	-1.123992	30.335231	1.519953	0.016028	3.8
164	-1.082106	29.854018	1.534336	0.016280	4.3
165	-1.084121	30.717424	1.508721	0.020585	4.9
166	-1.118315	31.611828	1.483072	0.028796	3.6
167	-1.098769	32.316289	1.463477	0.015768	4.2
168	-1.110203	33.188015	1.439934	0.019975	3.6
169	-1.134962	32.708904	1.452779	0.024085	3.8
170	-1.092946	33.708768	1.426228	0.021555	3.5
171	-1.073110	33.223659	1.438987	0.021758	3.9
172	-1.107045	32.745143	1.451799	0.027004	3.6
173	-1.108729	33.407153	1.434134	0.019593	4.0
174	-1.113988	32.921278	1.447057	0.021533	3.6
175	-1.110990	32.447217	1.459892	0.029326	3.9
176	-1.151547	33.444803	1.433142	0.016867	3.8
177	-1.087151	33.164094	1.440570	0.017570	5.0
178	-1.117427	33.273768	1.437659	0.032360	4.3
179	-1.093137	32.838533	1.449281	0.021336	5.0
180	-1.049651	33.838488	1.422854	0.013799	4.4
181	-1.143308	33.352956	1.435564	0.016911	3.9
182	-1.147320	32.913063	1.447277	0.032106	4.3
183	-1.118468	33.326362	1.436267	0.020751	8.1
184	-1.122718	32.840930	1.449216	0.022081	8.1
185	-1.117221	32.562197	1.456758	0.018931	6.7
186	-1.095710	33.111897	1.441959	0.028980	9.9
187	-1.155149	33.851654	1.422512	0.024423	7.0
188	-1.108507	34.851483	1.397047	0.014865	5.2
189	-1.120570	34.365721	1.409304	0.021722	4.6
190	-1.119516	33.905426	1.421119	0.025868	5.4
191	-1.091452	33.494453	1.431837	0.019514	3.7
192	-1.093711	34.488920	1.406175	0.014624	4.7
193	-1.067363	34.875451	1.396448	0.010350	5.8
194	-1.073958	34.445521	1.407276	0.013587	3.8
195	-1.086433	34.302289	1.410921	0.020726	4.7
196	-1.073482	34.969440	1.394103	0.022056	3.7
197	-1.124776	35.740733	1.375152	0.022091	5.8
198	-1.066131	36.707948	1.352104	0.014802	4.7
199	-1.061195	36.694730	1.352414	0.024690	5.8
200	-1.124892	36.213527	1.363788	0.019358	4.4
201	-1.123800	37.211990	1.340397	0.029573	4.4
202	-1.090691	36.725869	1.351684	0.017349	3.7
203	-1.089446	37.725539	1.328675	0.021102	4.9
204	-1.081165	38.636043	1.308389	0.014131	3.7
205	-1.102046	38.812719	1.304524	0.021801	4.6
206	-1.084694	39.561363	1.288398	0.028137	3.8
207	-1.121525	40.559735	1.267503	0.027573	4.8
208	-1.097246	40.093108	1.277184	0.017516	5.5
209	-1.108484	40.861239	1.261325	0.029701	4.3
210	-1.102237	40.374914	1.271320	0.015355	5.8
211	-1.111896	41.327608	1.251887	0.016536	4.2
212	-1.055792	41.049910	1.257490	0.034378	3.8
213	-1.121349	42.025034	1.238034	0.016795	4.7
214	-1.083979	42.505855	1.228661	0.034043	3.9
215	-1.062220	42.019510	1.238143	0.023577	4.7
216	-1.105158	41.533173	1.247772	0.023143	3.8
217	-1.106575	41.058668	1.257313	0.021338	4.4
218	-1.107915	42.055557	1.237435	0.023331	3.7
219	-1.143084	43.054951	1.218128	0.023738	4.7
220	-1.107922	42.570603	1.227409	0.021159	4.3
221	-1.085604	42.084984	1.236858	0.018085	6.1
222	-1.083051	43.027836	1.218644	0.032669	5.3
223	-1.072220	42.541503	1.227971	0.018134	5.1
224	-1.066257	42.884030	1.221387	0.014240	3.8
225	-1.160822	42.570330	1.227415	0.012721	4.5
226	-1.096483	42.571268	1.227396	0.018068	3.6
227	-1.092270	42.429794	1.230134	0.017208	4.2
228	-1.095563	41.945620	1.239596	0.016154	3.7
229	-1.117789	42.911252	1.220867	0.016600	4.5
230	-1.096534	42.552538	1.227758	0.024062	3.6
231	-1.073887	43.366576	1.212231	0.014369	6.1
232	-1.114742	43.660951	1.206712	0.028732	7.1
233	-1.094253	43.174908	1.215851	0.030245	4.4
234	-1.084227	44.174908	1.197196	0.018561	3.6
235	-1.149119	45.009248	1.182064	0.021700	4.8
236	-1.148886	46.008310	1.164440	0.021220	3.8
237	-1.100494	47.008262	1.147319	0.020050	4.7
238	-1.095570	47.999344	1.130839	0.017058	3.6
239	-1.057851	47.540484	1.138410	0.026958	4.7
240	-1.090265	47.390473	1.140907	0.036447	3.6
241	-1.151690	48.386373	1.124531	0.024265	4.2
242	-1.113868	49.386245	1.108557	0.019357	5.3
243	-1.128995	48.900591	1.116259	0.019413	4.7
244	-1.091973	49.654998	1.104340	0.025806	4.9
245	-1.083348	49.882250	1.100800	0.015426	3.7
246	-1.114787	50.699702	1.088249	0.027113	5.2
247	-1.101439	51.696641	1.073325	0.015511	4.2
248	-1.114827	52.541737	1.060991	0.023485	3.7
249	-1.090040	53.468651	1.047785	0.013016	4.5
250	-1.107430	52.986641	1.054611	0.021907	5.3
251	-1.148948	52.501964	1.061566	0.023475	4.8
252	-1.079743	53.501957	1.047317	0.017803	4.2
253	-1.123024	54.435664	1.034354	0.015306	5.3
254	-1.102404	54.149470	1.038293	0.022851	5.7
255	-1.090047	53.828403	1.042748	0.011902	4.1
256	-1.133114	53.344870	1.049530	0.012624	4.7
257	-1.111601	52.987872	1.054594	0.017468	4.7
258	-1.071789	53.466391	1.047817	0.018583	3.6
259	-1.082125	54.444365	1.034234	0.021212	4.6
260	-1.108729	53.962619	1.040881	0.019301	3.7
261	-1.109185	53.480630	1.047617	0.016314	5.1
262	-1.086857	54.034859	1.039879	0.017935	4.1
263	-1.142985	53.811164	1.042988	0.022843	4.8
264	-1.108723	53.354788	1.049390	0.026218	6.5
265	-1.141524	53.454482	1.047985	0.011160	4.9
266	-1.093376	53.220924	1.051282	0.023606	3.8
267	-1.132136	52.736980	1.058182	0.017818	4.4
268	-1.122617	52.251665	1.065193	0.015952	3.8
269	-1.112392	51.805592	1.071719	0.017255	4.9
270	-1.113361	51.380041	1.078020	0.028111	4.8
271	-1.082624	52.131955	1.066936	0.022814	4.1
272	-1.115058	53.130725	1.052562	0.016301	4.3
273	-1.090272	52.686585	1.058906	0.021269	3.8
274	-1.068076	52.233440	1.065458	0.024592	6.2
275	-1.091043	51.747093	1.072581	0.015692	5.1
276	-1.090456	51.600396	1.074748	0.022826	3.7
277	-1.145366	51.152620	1.081418	0.017902	4.7
278	-1.079113	52.151087	1.066657	0.018300	3.9
279	-1.128221	52.762358	1.057818	0.019886	4.3
280	-1.113549	52.388835	1.063202	0.017420	3.6
281	-1.097550	53.357721	1.049348	0.016510	5.1
282	-1.080007	53.947225	1.041095	0.016521	3.6
283	-1.109426	53.572424	1.046327	0.032273	4.1
284	-1.121016	53.095386	1.053064	0.020042	3.7
285	-1.125505	54.091043	1.039101	0.013472	5.0
286	-1.117334	53.890283	1.041886	0.022600	6.4
287	-1.124229	53.521448	1.047043	0.016743	3.8
288	-1.081144	53.060440	1.053560	0.017919	5.0
289	-1.045921	54.020987	1.040071	0.012678	4.2
290	-1.100626	54.942293	1.027453	0.015257	3.6
291	-1.059461	54.465356	1.033947	0.016627	4.0
292	-1.097418	54.782214	1.029624	0.015579	4.7
293	-1.108848	54.412150	1.034676	0.015527	4.1
294	-1.108668	54.023072	1.040042	0.019760	3.5
295	-1.109465	54.893259	1.028117	0.018624	4.2
296	-1.109960	55.866852	1.015095	0.031886	5.1
297	-1.145257	56.863043	1.002108	0.022126	6.0
298	-1.109488	56.490788	1.006922	0.031026	4.3
299	-1.102671	56.075518	1.012347	0.016636	4.6
300	-1.103505	55.878292	1.014944	0.033250	4.2
301	-1.111728	56.873653	1.001971	0.018460	3.6
302	-1.112421	57.474104	0.994304	0.025680	4.2
303	-1.090674	57.000779	1.000338	0.014871	4.9
304	-1.086012	57.973151	0.988021	0.015673	3.8
305	-1.071992	58.560363	0.980729	0.017986	4.0
306	-1.102795	59.511373	0.969144	0.028399	3.6
307	-1.131844	59.026240	0.975020	0.022087	4.2
308	-1.121576	60.026102	0.962988	0.025518	4.0
309	-1.106754	60.928045	0.952386	0.017530	5.5
310	-1.090775	61.824189	0.942082	0.015933	3.8
311	-1.061041	61.404733	0.946877	0.022792	4.7
312	-1.082755	62.351385	0.936123	0.016469	3.6
313	-1.130735	61.870500	0.941555	0.022043	4.1
314	-1.050880	62.789990	0.931223	0.013972	3.8
315	-1.119407	62.334421	0.936314	0.021432	3.9
316	-1.127484	62.472046	0.934770	0.016765	3.6
317	-1.063263	61.986154	0.940243	0.026363	4.1
318	-1.135154	62.985959	0.929050	0.024831	3.6
319	-1.129532	63.985595	0.918122	0.014914	4.1
320	-1.084597	63.745417	0.920724	0.012831	3.9
321	-1.073568	63.312246	0.925455	0.020746	5.7
322	-1.124090	63.093606	0.927861	0.026162	5.0
323	-1.104415	64.089264	0.917003	0.017762	3.7
324	-1.071377	65.083629	0.906411	0.023380	4.0
325	-1.066854	64.598146	0.911552	0.010843	4.0
326	-1.111303	64.129344	0.916572	0.022739	4.4
327	-1.118958	63.652480	0.921735	0.020500	3.8
328	-1.125100	64.465216	0.912970	0.026656	4.0
329	-1.084539	63.979223	0.918191	0.027487	3.6
330	-1.086580	64.979190	0.907512	0.016692	4.1
331	-1.094862	65.912931	0.897762	0.013646	3.6
332	-1.091759	65.437431	0.902701	0.015692	4.1
333	-1.093811	66.313254	0.893646	0.022223	6.1
334	-1.071212	67.307944	0.883580	0.007962	3.6
335	-1.112837	67.014939	0.886522	0.011366	4.2
336	-1.123604	67.089148	0.885775	0.028091	3.6
337	-1.099273	66.775856	0.888936	0.023746	4.4
338	-1.087896	66.301087	0.893771	0.030650	3.6
339	-1.132224	65.896312	0.897934	0.020655	4.1
340	-1.107276	65.695025	0.900019	0.020992	3.6
341	-1.102792	65.269483	0.904458	0.015858	4.4
342	-1.142162	64.787801	0.909537	0.042095	3.6
343	-1.099453	65.787800	0.899057	0.021136	4.4
344	-1.143732	65.301599	0.904122	0.024339	4.0
345	-1.126642	66.275552	0.894032	0.029759	5.8
346	-1.115227	67.275501	0.883905	0.028899	3.9
347	-1.151272	67.382171	0.882838	0.017077	3.6
348	-1.118277	66.946667	0.887210	0.019384	3.7
349	-1.101797	67.841569	0.878273	0.027512	3.6
350	-1.078653	68.195274	0.874790	0.024275	3.7
351	-1.104598	67.708964	0.879586	0.019629	4.4
352	-1.113680	68.264073	0.874116	0.027858	4.1
353	-1.109003	69.260961	0.864462	0.026985	4.2
354	-1.100840	69.359594	0.863518	0.022466	4.4
355	-1.092315	70.321715	0.854421	0.021870	3.7
356	-1.061271	69.835376	0.858995	0.013769	4.6
357	-1.132780	70.822081	0.849765	0.025616	5.6
358	-1.108623	70.391617	0.853767	0.025747	4.7
359	-1.101340	69.905278	0.858335	0.012291	4.5
360	-1.112957	70.773992	0.850210	0.022199	3.7
361	-1.094400	70.296165	0.854660	0.024799	6.3
362	-1.104457	69.809818	0.859237	0.023757	3.9
363	-1.113070	69.588102	0.861340	0.029596	4.4
364	-1.085681	69.102156	0.865985	0.016176	4.3
365	-1.124828	68.628354	0.870563	0.029543	4.5
366	-1.158190	69.628260	0.860958	0.023738	4.6
367	-1.103519	70.625632	0.851586	0.019015	3.7
368	-1.118350	71.317364	0.845206	0.022244	7.0
369	-1.106729	71.027032	0.847872	0.014121	4.6
370	-1.094233	71.015855	0.847975	0.020015	3.6
371	-1.098068	70.686114	0.851025	0.015238	5.4
372	-1.096470	71.535293	0.843215	0.015989	3.6
373	-1.095659	71.968460	0.839286	0.030168	4.4
374	-1.112663	72.810764	0.831751	0.030320	4.1
375	-1.109899	72.324443	0.836085	0.014402	5.1
376	-1.094602	73.314556	0.827308	0.017651	4.4
377	-1.104936	73.947600	0.821792	0.019045	3.8
378	-1.101990	73.461482	0.826021	0.020701	4.8
379	-1.112166	74.331987	0.818478	0.019067	5.3
380	-1.114380	75.148161	0.811530	0.027590	4.2
381	-1.126377	74.701521	0.815318	0.017184	4.6
382	-1.118331	75.697005	0.806924	0.025715	3.6
383	-1.115742	76.696402	0.798670	0.020564	4.4
384	-1.097715	77.295357	0.793803	0.018320	4.1
385	-1.118490	76.850170	0.797415	0.010489	5.5
386	-1.129526	77.733676	0.790279	0.015325	4.6
387	-1.088799	77.341673	0.793429	0.028699	4.1
388	-1.119366	78.337423	0.785476	0.017934	5.3
389	-1.115621	77.858943	0.789278	0.019980	4.3
390	-1.128290	77.384219	0.793086	0.019617	6.4
391	-1.102175	78.146585	0.786988	0.020473	4.7
392	-1.093316	78.647628	0.783031	0.011880	4.3
393	-1.082229	78.299658	0.785775	0.019702	4.3
394	-1.113413	78.055754	0.787709	0.017719	4.0
395	-1.100470	78.557754	0.783738	0.019984	5.6
396	-1.115945	78.072948	0.787573	0.025233	5.2
397	-1.073368	77.589094	0.791438	0.019567	3.6
398	-1.118871	78.538612	0.783888	0.019603	4.4
399	-1.130528	78.071074	0.787588	0.022985	4.3
400	-1.121075	77.818188	0.789603	0.020681	5.2
401	-1.105909	78.333922	0.785504	0.021193	5.5
402	-1.078514	79.277498	0.778112	0.018504	4.1
403	-1.123268	78.802833	0.781813	0.021317	5.5
404	-1.086576	79.735880	0.774572	0.017245	4.5
405	-1.130360	80.664421	0.767497	0.012088	3.7
406	-1.116663	80.882533	0.765854	0.011535	5.9
407	-1.090313	81.474267	0.761432	0.019793	3.9
408	-1.134546	81.010494	0.764893	0.013116	4.2
409	-1.090921	80.547469	0.768381	0.013053	4.9
410	-1.111183	81.032774	0.764726	0.020575	3.9
411	-1.144624	80.555858	0.768318	0.009232	5.4
412	-1.090420	80.540841	0.768431	0.015304	5.2
413	-1.085728	80.483046	0.768869	0.017748	5.0
414	-1.128661	81.188305	0.763562	0.017527	4.8
415	-1.137149	80.713960	0.767123	0.026908	3.6
416	-1.118389	81.550648	0.760865	0.016665	5.8
417	-1.120417	81.951109	0.757905	0.024237	4.2
418	-1.103730	81.523629	0.761065	0.016277	4.0
419	-1.081580	81.053568	0.764571	0.021520	4.7
420	-1.134614	80.571292	0.768201	0.015616	3.6
421	-1.112917	80.348494	0.769890	0.021400	4.7
422	-1.121217	80.152370	0.771382	0.024402	3.7
423	-1.121607	79.694851	0.774887	0.018827	5.3
424	-1.089643	79.363246	0.777447	0.028054	5.2
425	-1.127704	79.115612	0.779370	0.023827	3.7
426	-1.126705	78.629375	0.783174	0.020050	4.5
427	-1.103489	78.143074	0.787016	0.017697	3.7
428	-1.115676	78.932416	0.780799	0.024433	4.5
429	-1.138523	78.446158	0.784617	0.024340	3.6
430	-1.091518	79.426211	0.776960	0.016928	5.0
431	-1.096492	78.940650	0.780735	0.021032	3.8
432	-1.136125	79.939661	0.773008	0.011223	4.5
433	-1.131663	79.455160	0.776736	0.026909	3.7
434	-1.068057	79.318109	0.777797	0.028929	5.6
435	-1.092680	80.317596	0.770124	0.022647	5.3
436	-1.112708	79.831775	0.773835	0.029619	3.8
437	-1.120876	79.353561	0.777522	0.016585	4.2
438	-1.101269	78.867351	0.781308	0.025696	4.1
439	-1.107001	79.866853	0.773566	0.017685	4.1
440	-1.138285	79.407623	0.777104	0.018904	4.0
441	-1.128454	80.396534	0.769525	0.025653	4.4
442	-1.088000	81.385201	0.762094	0.021816	4.1
443	-1.102739	80.899160	0.765729	0.017686	3.7
444	-1.114903	81.897664	0.758299	0.015395	4.3
445	-1.098979	82.843249	0.751394	0.014083	3.7
446	-1.158735	83.630863	0.745737	0.027727	6.2
447	-1.100521	83.145268	0.749215	0.024488	4.2
448	-1.097583	82.727622	0.752231	0.020027	3.6
449	-1.109731	82.273333	0.755540	0.014922	4.6
450	-1.104959	82.663732	0.752695	0.017045	3.6
451	-1.139618	82.449295	0.754255	0.023090	4.2
452	-1.095419	82.015319	0.757432	0.016153	3.9
453	-1.101469	82.993296	0.750309	0.016382	4.5
454	-1.058470	82.508112	0.753826	0.020845	3.6
455	-1.124572	83.380367	0.747527	0.019678	4.1
456	-1.139543	83.822645	0.744373	0.024856	3.5
457	-1.105160	84.726364	0.738010	0.022440	4.5
458	-1.099354	85.604062	0.731934	0.022406	6.0
459	-1.125303	86.490365	0.725899	0.025679	3.6
460	-1.088301	87.490350	0.719208	0.027398	4.3
461	-1.099864	87.074183	0.721978	0.014905	3.6
462	-1.114978	86.859615	0.723414	0.028824	3.9
463	-1.091685	86.961084	0.722734	0.018179	3.6
464	-1.106878	86.502940	0.725814	0.016464	4.5
465	-1.103475	86.966287	0.722699	0.027218	3.6
466	-1.112656	86.559044	0.725436	0.030152	4.3
467	-1.119772	87.554662	0.718782	0.012484	3.6
468	-1.134657	88.450330	0.712900	0.014888	4.5
469	-1.131851	88.017022	0.715734	0.019384	4.1
470	-1.120871	87.912232	0.716422	0.026747	6.0
471	-1.102002	88.892736	0.710030	0.016630	4.3
472	-1.137152	88.409026	0.713169	0.030149	3.9
473	-1.068642	89.408912	0.706711	0.018978	4.0
474	-1.114622	90.381273	0.700541	0.019152	3.6
475	-1.119495	90.194160	0.701720	0.019613	3.9
476	-1.128203	90.275900	0.701204	0.017396	3.9
477	-1.124773	91.043651	0.696400	0.021258	4.1
478	-1.084167	92.035494	0.690289	0.012797	3.6
479	-1.107458	92.449454	0.687770	0.017586	4.0
480	-1.073231	92.463093	0.687687	0.016151	3.8
481	-1.078848	92.649647	0.686559	0.016926	4.0
482	-1.113911	93.459618	0.681700	0.020728	5.5
483	-1.125134	93.833266	0.679482	0.010319	4.2
484	-1.100192	93.359902	0.682295	0.024397	3.6
485	-1.114857	94.237877	0.677096	0.024689	4.0
486	-1.143550	95.233421	0.671297	0.025706	3.6
487	-1.064828	96.233339	0.665571	0.018540	4.0
488	-1.098754	95.900884	0.667464	0.015143	4.2
489	-1.103250	95.436708	0.670125	0.021825	4.3
490	-1.076475	96.376419	0.664760	0.018908	3.6
491	-1.104986	97.314472	0.659489	0.022384	4.4
492	-1.097084	98.313841	0.653966	0.023239	4.1
493	-1.092982	99.305550	0.648575	0.016411	5.2
494	-1.164933	98.870178	0.650930	0.019366	5.8
495	-1.063434	99.710163	0.646401	0.026495	6.2
496	-1.048613	99.919432	0.645282	0.024174	4.1
497	-1.090564	100.919279	0.639990	0.019793	5.3
498	-1.080021	100.885060	0.640170	0.021320	7.0
499	-1.103029	100.399755	0.642729	0.030233	3.9
500	-1.117593	101.399585	0.637479	0.019425	5.5
501	-1.118392	101.734193	0.635741	0.022850	6.9
502	-1.100436	102.642919	0.631068	0.019323	3.7
503	-1.097016	102.159566	0.633545	0.017347	6.8
504	-1.115401	102.888052	0.629820	0.021233	7.1
505	-1.102106	103.885620	0.624789	0.022928	4.9
506	-1.117560	103.402727	0.627214	0.022127	3.7
507	-1.143822	102.917872	0.629668	0.021717	7.4
508	-1.098343	102.912133	0.629697	0.030027	5.4
509	-1.107411	102.425881	0.632178	0.019092	4.3
510	-1.112007	103.425526	0.627099	0.018016	6.1
511	-1.087766	102.939463	0.629559	0.025172	6.1
512	-1.120230	102.455445	0.632027	0.017494	8.4
513	-1.069670	103.024491	0.629127	0.023437	4.9
514	-1.111478	102.641974	0.631073	0.015750	3.6
515	-1.109329	103.607984	0.626181	0.012982	7.1
516	-1.130693	103.219720	0.628138	0.019128	5.0
517	-1.132036	102.912919	0.629693	0.014074	3.7
518	-1.112355	102.430777	0.632153	0.024215	6.3
519	-1.127841	101.970340	0.634520	0.026942	4.3
520	-1.069870	102.872447	0.629899	0.016533	3.7
521	-1.105820	102.632160	0.631123	0.024318	6.9
522	-1.084600	103.075348	0.628869	0.018798	4.1
523	-1.143423	102.589014	0.631344	0.018593	3.7
524	-1.102389	103.578060	0.626331	0.015081	4.2
525	-1.103374	103.373134	0.627363	0.011142	3.9
526	-1.116197	103.371514	0.627372	0.017458	4.4
527	-1.143886	103.191376	0.628282	0.014004	3.6
528	-1.132025	103.975733	0.624338	0.024254	4.2
529	-1.113048	104.972401	0.619399	0.010753	3.8
530	-1.144414	104.487765	0.621791	0.023235	4.6
531	-1.096090	104.050741	0.623964	0.011770	3.7
532	-1.051801	104.199317	0.623223	0.015012	5.3
533	-1.120911	104.462025	0.621918	0.018392	5.1
534	-1.125174	103.979513	0.624320	0.029723	3.8
535	-1.094230	104.979489	0.619364	0.009308	4.0
536	-1.073444	105.717759	0.615755	0.023214	3.6
537	-1.050257	106.625584	0.611375	0.020937	5.0
538	-1.096975	106.141613	0.613703	0.019261	3.7
539	-1.096127	107.071558	0.609247	0.014463	3.9
540	-1.133586	106.593964	0.611527	0.019662	3.7
541	-1.118034	107.184531	0.608710	0.010959	4.5
542	-1.107403	107.265777	0.608324	0.019417	3.6
543	-1.113291	106.798853	0.610547	0.020606	3.7
544	-1.146652	106.318709	0.612849	0.015358	5.1
545	-1.129106	105.837246	0.615175	0.015411	4.3
546	-1.106369	105.585086	0.616401	0.023700	3.9
547	-1.127890	106.472050	0.612112	0.017063	3.6
548	-1.079052	105.986110	0.614454	0.020863	3.9
549	-1.102111	106.985202	0.609658	0.020322	3.6
550	-1.126404	106.498865	0.611983	0.020248	4.0
551	-1.125046	107.416868	0.607608	0.016115	3.5
552	-1.106020	106.939778	0.609874	0.015213	3.8
553	-1.154872	107.409910	0.607641	0.012363	3.6
554	-1.118584	106.951090	0.609820	0.022842	3.9
555	-1.103317	106.467007	0.612136	0.019403	3.7
556	-1.083462	107.008003	0.609549	0.014520	3.7
557	-1.101141	106.611335	0.611444	0.016375	4.9
558	-1.120939	106.815360	0.610468	0.017010	5.0
559	-1.067419	107.537242	0.607039	0.022320	3.6
560	-1.107850	108.511579	0.602472	0.027499	3.8
561	-1.100111	109.274750	0.598943	0.029373	3.6
562	-1.128395	108.789348	0.601183	0.018574	4.2
563	-1.095067	109.012129	0.600153	0.020538	3.8
564	-1.106483	109.903720	0.596065	0.027242	3.7
565	-1.120346	109.594925	0.597475	0.017554	3.8
566	-1.080033	109.234803	0.599127	0.016457	4.0
567	-1.097381	110.095609	0.595193	0.023281	3.6
568	-1.086813	109.611684	0.597398	0.019136	3.9
569	-1.104092	109.158938	0.599476	0.022216	3.8
570	-1.096773	110.084637	0.595243	0.019025	6.7
571	-1.080197	109.612500	0.597394	0.022922	4.0
572	-1.115238	110.611938	0.592858	0.016163	3.7
573	-1.111434	110.126744	0.595051	0.019097	5.0
574	-1.128439	109.652973	0.597209	0.026586	3.7
575	-1.111100	110.624274	0.592802	0.010251	3.9
576	-1.133505	110.694717	0.592485	0.018778	3.8
577	-1.105630	110.357574	0.594006	0.013307	4.3
578	-1.113018	110.330445	0.594128	0.016448	3.6
579	-1.142576	110.776836	0.592116	0.019500	3.9
580	-1.087568	111.380991	0.589414	0.024560	3.6
581	-1.107093	110.901133	0.591558	0.021825	5.1
582	-1.098190	111.719617	0.587910	0.014407	4.5
583	-1.091652	111.986995	0.586728	0.016172	4.0
584	-1.174970	111.815499	0.587485	0.020073	3.7
585	-1.150311	112.789147	0.583210	0.023231	4.6
586	-1.084069	112.605433	0.584012	0.026473	3.7
587	-1.108302	113.605400	0.579673	0.013167	4.5
588	-1.122802	113.576159	0.579799	0.011586	4.3
589	-1.140601	113.214848	0.581360	0.012244	3.6
590	-1.047575	113.264091	0.581147	0.018978	4.0
591	-1.156033	112.888709	0.582776	0.019140	4.5
592	-1.095088	112.435436	0.584756	0.019111	6.6
593	-1.103679	112.186439	0.585849	0.013435	6.3
594	-1.091658	111.953188	0.586877	0.022440	3.8
595	-1.159211	111.592220	0.588475	0.017764	5.9
596	-1.128690	112.591795	0.584071	0.014770	4.8
597	-1.139111	112.278507	0.585444	0.018550	3.9
598	-1.139404	112.503536	0.584458	0.025191	6.2
599	-1.090014	112.267727	0.585492	0.019017	4.3
600	-1.164978	113.266485	0.581136	0.023542	4.4
601	-1.103497	112.781102	0.583245	0.022179	6.1
602	-1.044200	113.777876	0.578931	0.026050	5.8
603	-1.093519	113.304414	0.580972	0.018027	5.3
604	-1.135962	114.242547	0.576942	0.018906	6.5
605	-1.128173	113.757004	0.579021	0.027086	5.4
606	-1.109548	114.542554	0.575665	0.009052	3.7
607	-1.116470	114.097452	0.577562	0.019871	6.7
608	-1.078729	114.688371	0.575047	0.023175	5.4
609	-1.137977	115.633960	0.571067	0.016934	3.9
610	-1.071518	115.218173	0.572810	0.015848	6.8
611	-1.135206	115.643541	0.571027	0.017540	6.0
612	-1.113726	116.013259	0.569486	0.023347	6.8
613	-1.121922	116.714820	0.566585	0.017183	5.0
614	-1.114481	116.266139	0.568437	0.024095	4.5
615	-1.133900	117.210401	0.564553	0.023806	4.7
616	-1.108808	118.210239	0.560499	0.016537	6.4
617	-1.121276	117.735764	0.562416	0.026605	3.6
618	-1.103832	118.733864	0.558398	0.022651	4.4
619	-1.134715	119.733863	0.554431	0.022457	6.3
620	-1.105584	119.258584	0.556309	0.010972	4.8
621	-1.064083	118.773653	0.558239	0.029658	6.8
622	-1.109683	119.757188	0.554339	0.017614	6.5
623	-1.102373	120.620529	0.550959	0.024047	3.9
624	-1.076515	121.135901	0.548962	0.010485	4.5
625	-1.096118	120.657543	0.550815	0.027126	6.6
626	-1.110733	121.330732	0.548210	0.018708	3.8
627	-1.118168	122.330696	0.544385	0.015255	5.2
628	-1.110624	121.851599	0.546211	0.020271	5.3
629	-1.121480	121.371617	0.548053	0.015244	3.7
630	-1.144257	120.889302	0.549916	0.019822	4.5
631	-1.107444	120.411753	0.551773	0.026681	6.2
632	-1.074227	121.411048	0.547901	0.024267	4.2
633	-1.142530	120.927848	0.549766	0.016436	4.2
634	-1.110186	121.263670	0.548469	0.021710	3.8
635	-1.130876	120.961892	0.549634	0.022827	4.4
636	-1.092424	120.510191	0.551389	0.020128	3.6
637	-1.143716	121.296056	0.548344	0.018153	4.1
638	-1.102867	120.841439	0.550101	0.030730	3.7
639	-1.077320	120.405770	0.551796	0.023426	4.4
640	-1.124982	119.919553	0.553700	0.021019	3.8
641	-1.083984	119.433231	0.555617	0.016451	4.0
642	-1.119965	120.417614	0.551750	0.023986	3.7
643	-1.073704	119.968159	0.553509	0.019478	7.2
644	-1.058437	120.864118	0.550013	0.023059	5.2
645	-1.100252	121.863873	0.546164	0.015784	3.9
646	-1.107611	121.380316	0.548019	0.016630	5.5
647	-1.139439	120.988132	0.549533	0.026754	3.9
648	-1.129377	120.502818	0.551418	0.021328	4.2
649	-1.102424	121.502417	0.547550	0.014994	4.1
650	-1.044025	121.327456	0.548223	0.009906	4.2
651	-1.071584	120.956034	0.549657	0.017759	4.2
652	-1.044619	120.484718	0.551488	0.018379	4.1
653	-1.113975	120.093213	0.553018	0.019395	5.5
654	-1.122928	120.939296	0.549722	0.015048	4.9
655	-1.111352	121.895816	0.546042	0.016773	4.1
656	-1.139589	121.586496	0.547227	0.021917	4.0
657	-1.112402	121.157473	0.548878	0.018610	5.1
658	-1.089022	122.156174	0.545049	0.019243	4.8
659	-1.122807	122.306294	0.544478	0.020145	3.6
660	-1.120458	121.820504	0.546330	0.029433	6.4
661	-1.107659	122.813977	0.542556	0.022022	5.3
662	-1.094918	123.465731	0.540108	0.020884	3.8
663	-1.104147	122.982665	0.541920	0.016457	4.8
664	-1.134809	123.016184	0.541794	0.017970	8.7
665	-1.142326	122.797605	0.542618	0.020236	4.8
666	-1.116307	123.796722	0.538874	0.018447	5.2
667	-1.097118	123.416298	0.540293	0.023656	5.4
668	-1.088870	122.947787	0.542052	0.013218	4.4
669	-1.115597	122.482372	0.543810	0.016640	3.8
670	-1.074887	122.469950	0.543857	0.020094	6.9
671	-1.121046	123.339513	0.540581	0.015174	4.4
672	-1.110842	124.301165	0.537003	0.010021	3.8
673	-1.086152	123.843168	0.538701	0.019586	8.1
674	-1.122362	124.381596	0.536706	0.019007	6.0
675	-1.053979	124.404556	0.536621	0.028666	5.6
676	-1.115737	125.337989	0.533198	0.021441	5.7
677	-1.058526	124.866718	0.534921	0.014409	4.6
678	-1.077247	124.586484	0.535951	0.023572	4.1
679	-1.079827	124.133410	0.537624	0.027610	6.1
680	-1.131490	123.647725	0.539429	0.020932	4.8
681	-1.118537	123.161377	0.541249	0.017363	3.7
682	-1.105149	124.147441	0.537572	0.017544	7.1
683	-1.145410	125.142714	0.533911	0.026907	6.6
684	-1.169952	124.803864	0.535151	0.025092	5.8
685	-1.072579	125.155680	0.533863	0.016477	5.4
686	-1.135891	125.067521	0.534185	0.020381	3.7
687	-1.102068	126.053659	0.530603	0.040528	4.0
688	-1.112392	125.567311	0.532364	0.025681	6.1
689	-1.113442	125.080965	0.534136	0.021475	4.5
690	-1.091370	126.078544	0.530513	0.028097	4.1
691	-1.095397	126.887944	0.527610	0.031280	6.2
692	-1.149311	126.401782	0.529350	0.020837	6.1
693	-1.110671	127.401719	0.525783	0.017731	6.7
694	-1.114423	126.964047	0.527339	0.013963	4.6
695	-1.089242	127.952405	0.523839	0.021486	3.9
696	-1.115445	127.477886	0.525514	0.015631	4.3
697	-1.068141	127.018568	0.527144	0.020401	5.5
698	-1.087812	127.849953	0.524200	0.016675	4.6
699	-1.094736	127.441910	0.525641	0.019772	3.9
700	-1.132984	126.961382	0.527348	0.015055	6.8
701	-1.106365	126.478356	0.529075	0.013297	4.6
702	-1.077598	127.367187	0.525906	0.019759	5.8
703	-1.058026	127.681072	0.524795	0.019273	5.4
704	-1.144181	127.792213	0.524403	0.011281	4.3
705	-1.141937	128.283177	0.522679	0.020830	4.0
706	-1.146120	128.108532	0.523291	0.022793	4.0
707	-1.117740	127.625074	0.524993	0.022304	4.9
708	-1.103787	127.150623	0.526674	0.021366	3.6
709	-1.100759	128.114476	0.523270	0.024007	4.0
710	-1.074294	128.372311	0.522367	0.014182	3.5
711	-1.085287	129.361591	0.518930	0.020433	5.5
712	-1.100415	130.267957	0.515821	0.013294	3.6
713	-1.134001	130.874469	0.513761	0.016936	5.2
714	-1.122097	130.443780	0.515222	0.024137	6.7
715	-1.128653	129.979726	0.516805	0.017596	3.7
716	-1.114259	130.470161	0.515132	0.018479	4.5
717	-1.099624	130.094148	0.516414	0.027666	3.6
718	-1.098885	129.612674	0.518065	0.012351	5.8
719	-1.136553	129.772763	0.517515	0.022726	4.2
720	-1.141467	129.752429	0.517585	0.022064	3.7
721	-1.093730	129.266927	0.519257	0.011172	5.1
722	-1.059564	128.805496	0.520856	0.026850	3.6
723	-1.094534	128.893844	0.520549	0.023758	4.7
724	-1.105854	128.407510	0.522244	0.033334	4.4
725	-1.104738	127.921162	0.523949	0.015766	8.1
726	-1.112373	127.434816	0.525666	0.018779	4.7
727	-1.122568	126.968113	0.527324	0.015511	4.1
728	-1.075461	126.973607	0.527305	0.020105	4.9
729	-1.095916	126.521667	0.528920	0.022565	4.5
730	-1.123206	127.517505	0.525373	0.025744	3.8
731	-1.143715	127.031160	0.527099	0.011997	5.3
732	-1.095352	127.560285	0.525222	0.016717	3.8
733	-1.116778	127.108768	0.526823	0.023523	4.4
734	-1.099984	128.098339	0.523327	0.024660	4.2
735	-1.098324	129.094745	0.519853	0.015572	9.1
736	-1.097028	129.664004	0.517888	0.012235	4.5
737	-1.136220	129.395631	0.518813	0.032894	6.0
738	-1.144313	130.395280	0.515387	0.020482	5.1
739	-1.113600	131.395280	0.512005	0.027370	4.2
740	-1.120894	132.310284	0.508949	0.012522	5.0
741	-1.151555	133.291208	0.505714	0.015761	6.5
742	-1.158284	132.972047	0.506762	0.012418	4.0
743	-1.110105	132.751533	0.507489	0.019285	5.2
744	-1.134469	132.839205	0.507199	0.022092	9.1
745	-1.112466	133.697006	0.504387	0.020924	4.2
746	-1.097694	133.284791	0.505735	0.020740	3.9
747	-1.066490	134.280446	0.502492	0.023762	6.6
748	-1.135820	135.185912	0.499579	0.016133	4.1
749	-1.132072	134.806234	0.500796	0.016784	4.4
750	-1.117510	134.483927	0.501834	0.026996	6.6
751	-1.080524	135.369315	0.498993	0.023394	3.8
752	-1.113058	134.882975	0.500550	0.027252	4.5
753	-1.132193	135.761891	0.497743	0.020324	6.1
754	-1.129413	135.627602	0.498170	0.015615	6.4
755	-1.104499	135.164548	0.499647	0.018203	3.7
756	-1.115089	134.996151	0.500186	0.027452	5.5
757	-1.105286	134.519688	0.501719	0.023460	4.9
758	-1.131177	134.093718	0.503097	0.019121	4.5
759	-1.139596	133.714133	0.504331	0.027494	6.2
760	-1.144489	133.227789	0.505921	0.016035	8.4
761	-1.129649	134.187999	0.502791	0.026513	3.8
762	-1.118368	134.984753	0.500223	0.023694	7.1
763	-1.112421	134.498408	0.501787	0.021288	5.7
764	-1.090964	135.494177	0.498595	0.027403	4.9
765	-1.153535	136.428992	0.495634	0.027933	4.3
766	-1.113071	137.428989	0.492506	0.018459	5.3
767	-1.102427	136.972207	0.493930	0.020108	3.8
768	-1.082603	136.572897	0.495181	0.017931	6.4
769	-1.123059	136.087875	0.496710	0.012845	4.4
770	-1.098342	136.895521	0.494169	0.026537	3.6
771	-1.113631	136.998363	0.493848	0.028018	4.2
772	-1.161716	136.516065	0.495360	0.018889	3.6
773	-1.106626	137.514356	0.492240	0.025192	6.3
774	-1.116396	137.438946	0.492475	0.026697	4.2
775	-1.125816	136.954577	0.493985	0.022363	3.8
776	-1.162985	136.479640	0.495475	0.015192	4.2
777	-1.138984	136.463347	0.495526	0.018682	3.6
778	-1.123841	136.010591	0.496955	0.027074	3.9
779	-1.110303	135.545240	0.498432	0.030789	3.8
780	-1.121409	135.064653	0.499967	0.024921	4.0
781	-1.112243	136.064582	0.496784	0.011909	3.6
782	-1.103741	135.595891	0.498271	0.019880	4.0
783	-1.142038	135.188256	0.499571	0.020185	3.8
784	-1.057930	135.498194	0.498582	0.016029	4.1
785	-1.086398	135.051164	0.500010	0.026636	5.1
786	-1.095728	134.617371	0.501404	0.024639	4.3
787	-1.148078	134.131042	0.502976	0.019313	4.3
788	-1.105544	135.130574	0.499756	0.024759	3.6
789	-1.115557	134.659369	0.501269	0.029928	4.0
790	-1.124522	134.173097	0.502839	0.017680	3.6
791	-1.100275	134.759185	0.500947	0.014870	4.2
792	-1.114077	134.276411	0.502505	0.012702	3.7
793	-1.143250	133.797897	0.504058	0.014717	4.1
794	-1.092299	133.857643	0.503864	0.016315	3.7
795	-1.148117	133.387755	0.505397	0.017630	4.5
796	-1.089862	134.285388	0.502476	0.016894	3.8
797	-1.109026	133.801779	0.504046	0.014664	5.2
798	-1.086541	134.510414	0.501749	0.012485	4.5
799	-1.148301	134.066170	0.503186	0.027785	4.5
800	-1.093592	134.667375	0.501243	0.024343	3.6
801	-1.146740	134.181048	0.502814	0.017736	3.8
802	-1.131467	135.099281	0.499856	0.013495	3.6
803	-1.113631	134.640746	0.501329	0.021522	5.0
804	-1.141640	134.157964	0.502888	0.015283	3.6
805	-1.092930	135.137388	0.499734	0.035601	3.7
806	-1.107141	136.136375	0.496557	0.020828	3.5
807	-1.108498	137.134287	0.493423	0.022723	4.9
808	-1.149283	138.130310	0.490335	0.025161	3.6
809	-1.106737	139.095103	0.487380	0.013925	4.6
810	-1.104762	138.784629	0.488327	0.022184	6.6
811	-1.095073	139.769698	0.485335	0.019035	3.7
812	-1.064079	140.748392	0.482398	0.020140	4.3
813	-1.145253	141.743524	0.479449	0.027368	3.6
814	-1.163053	142.725685	0.476572	0.022951	5.5
815	-1.097300	143.725681	0.473679	0.021870	4.4
816	-1.106611	143.242989	0.475071	0.010476	4.0
817	-1.074129	142.889960	0.476095	0.019251	4.4
818	-1.135901	142.932566	0.475971	0.006916	4.4
819	-1.110371	142.982010	0.475828	0.021332	5.4
820	-1.084073	143.639079	0.473928	0.014917	10.4
821	-1.124621	143.165499	0.475296	0.018629	5.8
822	-1.074469	142.750623	0.476500	0.020199	4.4
823	-1.118468	142.304300	0.477802	0.015673	7.0
824	-1.139301	141.855812	0.479118	0.016582	4.0
825	-1.098388	142.042773	0.478569	0.013770	4.0
826	-1.110311	142.519028	0.477175	0.032746	8.4
827	-1.114273	142.346865	0.477678	0.012241	3.6
828	-1.097497	142.746542	0.476512	0.014051	4.4
829	-1.150829	142.322483	0.477749	0.024398	5.8
830	-1.147412	141.836201	0.479176	0.026833	4.5
831	-1.109583	142.828885	0.476272	0.021218	4.0
832	-1.114667	143.817737	0.473415	0.016689	3.9
833	-1.118963	143.331436	0.474816	0.016205	4.5
834	-1.063674	142.857620	0.476189	0.025374	3.7
835	-1.088140	143.807284	0.473445	0.030113	4.1
836	-1.152047	143.320936	0.474846	0.016344	3.7
837	-1.108706	144.289227	0.472064	0.020717	5.3
838	-1.110547	143.805953	0.473449	0.024830	4.5
839	-1.142565	143.398385	0.474622	0.015759	4.6
840	-1.132600	142.914789	0.476023	0.016115	5.9
841	-1.083117	143.691642	0.473777	0.015196	4.3
842	-1.130411	143.516852	0.474281	0.016154	4.4
843	-1.080481	143.050679	0.475628	0.025090	3.6
844	-1.130996	143.996358	0.472902	0.017961	4.6
845	-1.115563	143.510360	0.474299	0.012782	3.6
846	-1.097718	144.109833	0.472577	0.022747	4.4
847	-1.060689	143.942343	0.473057	0.021762	3.8
848	-1.143687	144.931093	0.470238	0.026609	4.3
849	-1.159738	144.458910	0.471580	0.017333	4.1
850	-1.180729	144.086643	0.472644	0.015396	3.8
851	-1.063729	144.607780	0.471156	0.018192	4.5
852	-1.160737	144.241552	0.472201	0.023140	5.8
853	-1.124051	145.239589	0.469366	0.017088	4.4
854	-1.134414	146.238308	0.466563	0.019648	3.9
855	-1.120968	146.455093	0.465959	0.012149	4.4
856	-1.127046	145.979182	0.467287	0.019848	4.1
857	-1.146008	145.535877	0.468531	0.018468	3.8
858	-1.125586	146.533619	0.465740	0.022126	3.9
859	-1.148428	147.521177	0.463011	0.007172	3.8
860	-1.110356	147.128523	0.464092	0.022893	4.0
861	-1.124688	146.810545	0.464972	0.020447	3.6
862	-1.108613	146.718232	0.465228	0.015007	3.8
863	-1.113691	146.235924	0.466569	0.025821	3.9
864	-1.121055	147.235073	0.463798	0.017199	6.0
865	-1.122056	148.173788	0.461225	0.016598	3.7
866	-1.093075	147.720325	0.462464	0.025379	3.8
867	-1.101590	147.465143	0.463165	0.016453	3.7
868	-1.137245	148.402420	0.460602	0.019503	4.3
869	-1.116461	148.521334	0.460279	0.031024	3.6
870	-1.187103	148.035431	0.461602	0.033728	3.6
871	-1.094689	147.551183	0.462929	0.015156	3.9
872	-1.108646	147.405266	0.463330	0.024810	4.7
873	-1.148049	148.372494	0.460684	0.028703	3.8
874	-1.072849	149.372278	0.457980	0.025973	4.3
875	-1.096073	148.885930	0.459291	0.018833	3.9
876	-1.113126	149.885316	0.456605	0.029397	5.9
877	-1.071914	149.401492	0.457902	0.026964	3.8
878	-1.121521	150.401460	0.455230	0.024261	3.8
879	-1.106077	149.924283	0.456501	0.021325	4.9
880	-1.131459	150.923367	0.453848	0.016781	3.6
881	-1.121222	150.448710	0.455105	0.024386	3.7
882	-1.122704	151.355659	0.452710	0.009555	3.8
883	-1.083745	150.878217	0.453968	0.030715	4.2
884	-1.081417	151.775263	0.451611	0.020049	3.6
885	-1.083400	152.774272	0.449014	0.022946	3.8
886	-1.110053	152.321736	0.450187	0.022051	3.6
887	-1.120567	152.493037	0.449742	0.021967	4.3
888	-1.091469	152.103157	0.450755	0.011931	4.0
889	-1.124578	151.672425	0.451880	0.021318	5.7
890	-1.062018	152.660224	0.449309	0.022570	4.2
891	-1.098276	153.660048	0.446737	0.027912	3.9
892	-1.107920	153.199192	0.447919	0.019471	3.7
893	-1.078687	154.109574	0.445590	0.014167	3.5
894	-1.115375	154.559829	0.444448	0.016496	3.7
895	-1.100744	155.014508	0.443300	0.018480	3.9
896	-1.125543	155.760990	0.441427	0.017750	3.6
897	-1.108725	155.342512	0.442475	0.015199	3.7
898	-1.108219	155.568417	0.441909	0.023438	3.5
899	-1.127874	155.082217	0.443129	0.020603	4.5
900	-1.067721	154.840502	0.443738	0.023027	4.2
901	-1.107299	155.840379	0.441229	0.030463	4.7
902	-1.094797	156.218007	0.440289	0.017867	4.2
903	-1.060392	157.173517	0.437928	0.018090	3.6
904	-1.111832	156.956685	0.438461	0.015182	4.2
905	-1.116614	157.349033	0.437497	0.023556	3.8
906	-1.115323	157.516281	0.437087	0.013093	3.8
907	-1.128981	158.491318	0.434713	0.015635	3.8
908	-1.110373	158.040810	0.435807	0.014168	3.8
909	-1.077098	158.431943	0.434857	0.024401	3.7
910	-1.095080	159.418546	0.432479	0.025675	4.1
911	-1.111644	158.932611	0.433647	0.015409	4.1
912	-1.103708	158.446442	0.434821	0.020424	4.2
913	-1.102483	157.960714	0.436002	0.015732	4.1
914	-1.111378	158.555490	0.434557	0.015662	4.9
915	-1.109472	158.886575	0.433757	0.021381	4.1
916	-1.096619	158.438702	0.434840	0.015164	4.1
917	-1.097715	159.380724	0.432569	0.023213	3.8
918	-1.128847	158.935452	0.433640	0.011968	4.1
919	-1.114652	159.929205	0.431258	0.022045	4.1
920	-1.144249	159.750708	0.431684	0.016088	3.9
921	-1.122858	159.445698	0.432413	0.024463	3.8
922	-1.159627	158.965349	0.433568	0.020826	3.8
923	-1.109958	159.965181	0.431172	0.024624	4.6
924	-1.099832	159.506406	0.432268	0.022638	3.6
925	-1.098249	160.430683	0.430066	0.020641	4.4
926	-1.124769	159.944340	0.431222	0.022002	5.5
927	-1.116120	159.713178	0.431773	0.010875	4.2
928	-1.130241	160.008395	0.431069	0.022279	3.6
929	-1.165888	160.601518	0.429661	0.023700	4.0
930	-1.096085	160.116440	0.430812	0.018458	4.0
931	-1.130490	161.103779	0.428476	0.022587	4.6
932	-1.094141	160.774219	0.429253	0.019758	4.1
933	-1.109265	161.765918	0.426924	0.011299	3.7
934	-1.071366	162.426067	0.425387	0.014887	5.6
935	-1.094808	162.335386	0.425598	0.022035	3.7
936	-1.124548	161.852087	0.426723	0.022270	4.4
937	-1.060151	162.807656	0.424504	0.017780	4.5
938	-1.129853	162.352128	0.425559	0.012720	5.7
939	-1.162729	161.876192	0.426667	0.021811	4.1
940	-1.105244	161.426763	0.427718	0.018913	3.6
941	-1.084983	160.943554	0.428854	0.020032	4.6
942	-1.097613	161.941228	0.426515	0.025171	3.8
943	-1.095723	161.874852	0.426670	0.018688	4.3
944	-1.092644	162.223410	0.425858	0.020008	3.8
945	-1.117121	161.813877	0.426812	0.030641	4.3
946	-1.134485	161.364645	0.427863	0.022552	3.8
947	-1.063058	162.364258	0.425531	0.024393	4.2
948	-1.109835	163.364224	0.423223	0.014684	3.7
949	-1.109254	164.337242	0.421001	0.016556	4.4
950	-1.117892	164.990696	0.419522	0.031213	5.5
951	-1.097231	165.990667	0.417278	0.021912	3.6
952	-1.097924	166.634480	0.415847	0.017404	3.5
953	-1.128530	166.320769	0.416543	0.015114	4.1
954	-1.084205	167.052751	0.414922	0.010365	3.6
955	-1.101756	166.754780	0.415580	0.017561	4.0
956	-1.141822	166.327780	0.416527	0.022949	3.7
957	-1.099007	165.864459	0.417560	0.021805	4.3
958	-1.085232	165.782359	0.417744	0.014257	3.6
959	-1.101102	165.409482	0.418579	0.020552	4.0
960	-1.118887	164.923542	0.419673	0.023901	4.0
961	-1.118024	165.120066	0.419230	0.022273	3.9
962	-1.122907	164.653523	0.420284	0.016998	6.0
963	-1.158543	164.377818	0.420909	0.025607	3.8
964	-1.110226	165.368480	0.418671	0.017603	4.1
965	-1.120800	164.886018	0.419758	0.028279	3.8
966	-1.115205	165.758164	0.417798	0.018014	4.1
967	-1.126269	166.703747	0.415693	0.009349	3.7
968	-1.115493	167.583972	0.413753	0.025955	4.0
969	-1.161975	167.170298	0.414662	0.019548	3.8
970	-1.056846	167.413817	0.414126	0.020394	4.1
971	-1.165606	167.255137	0.414476	0.015454	3.9
972	-1.081990	166.772825	0.415540	0.019047	4.2
973	-1.111880	167.685780	0.413530	0.012875	3.8
974	-1.110946	168.671562	0.411380	0.018983	4.3
975	-1.126649	169.173504	0.410295	0.019487	4.9
976	-1.133821	168.698852	0.411321	0.023480	3.6
977	-1.115916	168.316681	0.412151	0.020401	4.0
978	-1.086421	167.854491	0.413160	0.013964	3.9
979	-1.132807	168.801283	0.411099	0.022378	4.2
980	-1.114407	168.320787	0.412143	0.018431	3.8
981	-1.123729	167.839484	0.413193	0.031318	3.9
982	-1.068266	168.614114	0.411505	0.022217	3.8
983	-1.087309	169.591933	0.409394	0.024455	3.6
984	-1.105274	169.106401	0.410439	0.019565	3.7
985	-1.170858	169.336804	0.409943	0.014298	4.2
986	-1.119154	170.326551	0.407822	0.023428	3.7
987	-1.100610	169.850996	0.408838	0.015912	4.9
988	-1.141172	170.732162	0.406959	0.021306	4.4
989	-1.076257	170.857013	0.406694	0.017720	4.1
990	-1.132329	170.395536	0.407675	0.015191	3.6
991	-1.131790	169.914378	0.408702	0.015203	4.4
992	-1.133246	170.438657	0.407583	0.014599	3.8
993	-1.144084	171.225411	0.405915	0.022537	3.9
994	-1.084908	170.749368	0.406923	0.018792	3.7
995	-1.132355	170.267488	0.407948	0.028794	4.5
996	-1.105372	171.114572	0.406149	0.017045	3.6
997	-1.096719	171.855843	0.404588	0.014190	5.0
998	-1.129111	171.488593	0.405360	0.015225	3.6
999	-1.128494	172.301953	0.403654	0.013007	4.2
1000	-1.157823	173.225489	0.401735	0.017968	5.1
1001	-1.137396	172.784600	0.402649	0.020956	3.8
1002	-1.085413	173.361872	0.401453	0.019225	4.0
1003	-1.119099	173.654803	0.400849	0.011299	3.6
1004	-1.054590	174.529584	0.399055	0.026716	3.8
1005	-1.120549	175.521520	0.397041	0.016188	3.7
1006	-1.089095	176.521344	0.395031	0.018924	3.8
1007	-1.149420	176.044353	0.395988	0.014813	4.0
1008	-1.113821	175.730574	0.396619	0.017301	3.7
1009	-1.099539	175.304931	0.397479	0.022954	4.0
1010	-1.070003	174.842034	0.398419	0.017860	3.8
1011	-1.149400	175.841521	0.396396	0.019090	4.1
1012	-1.143389	176.626284	0.394822	0.023935	4.5
1013	-1.128164	177.007159	0.394062	0.023852	4.6
1014	-1.106760	178.005545	0.392085	0.016255	3.8
1015	-1.115085	178.820117	0.390487	0.016639	3.7
1016	-1.116802	178.695626	0.390730	0.017870	4.2
1017	-1.108765	178.326410	0.391454	0.015357	3.7
1018	-1.142728	178.323874	0.391459	0.015149	4.0
1019	-1.122074	178.843652	0.390441	0.018104	3.5
1020	-1.130254	178.359985	0.391388	0.029133	3.7
1021	-1.147115	177.875027	0.392343	0.026860	3.7
1022	-1.110126	178.871011	0.390388	0.021167	4.3
1023	-1.106475	178.384766	0.391340	0.015915	3.8
1024	-1.070657	179.383869	0.389388	0.014861	3.8
1025	-1.158782	178.902575	0.390326	0.028167	4.5
1026	-1.112343	179.838435	0.388507	0.022109	5.0
1027	-1.139811	180.838399	0.386582	0.020377	3.6
1028	-1.102394	180.357167	0.387506	0.033272	4.1
1029	-1.108516	181.357161	0.385591	0.027904	4.1
1030	-1.060919	182.357161	0.383695	0.011216	4.0
1031	-1.118712	183.293649	0.381936	0.021942	3.6
1032	-1.095433	182.881742	0.382708	0.017629	3.7
1033	-1.143285	182.395666	0.383622	0.024215	3.9
1034	-1.125458	183.377000	0.381780	0.032350	4.5
1035	-1.114052	182.918052	0.382640	0.020621	3.8
1036	-1.136790	182.431706	0.383555	0.023794	4.0
1037	-1.127601	182.208774	0.383975	0.030392	4.5
1038	-1.091269	183.208772	0.382095	0.016179	5.7
1039	-1.161650	182.727708	0.382997	0.027719	3.8
1040	-1.088233	182.241712	0.383913	0.021066	3.5
1041	-1.136832	181.757730	0.384829	0.026515	4.8
1042	-1.118364	182.746144	0.382963	0.010351	3.7
1043	-1.148406	182.260948	0.383877	0.020258	3.7
1044	-1.129656	183.224498	0.382066	0.013920	3.7
1045	-1.096838	182.743322	0.382968	0.016802	4.0
1046	-1.084563	183.580806	0.381400	0.011184	3.9
1047	-1.145600	183.187484	0.382135	0.027851	3.8
1048	-1.140202	183.975625	0.380666	0.029600	3.6
1049	-1.084707	184.975622	0.378817	0.014174	4.9
1050	-1.146825	184.564578	0.379575	0.016871	5.8
1051	-1.134835	184.091945	0.380450	0.013804	3.6
1052	-1.127214	183.881570	0.380840	0.015692	3.7
1053	-1.107291	183.850493	0.380898	0.016982	4.4
1054	-1.062413	183.371237	0.381791	0.019903	3.9
1055	-1.119997	183.876102	0.380850	0.016811	3.6
1056	-1.108379	184.795936	0.379148	0.027013	3.9
1057	-1.116381	185.745037	0.377408	0.022008	3.8
1058	-1.091885	185.271395	0.378274	0.031561	4.6
1059	-1.077272	185.860203	0.377197	0.016905	3.6
1060	-1.113499	186.858944	0.375385	0.027495	3.9
1061	-1.113492	187.849802	0.373604	0.020003	3.7
1062	-1.131231	188.849768	0.371824	0.026827	4.4
1063	-1.123748	189.834953	0.370086	0.014781	5.3
1064	-1.082894	189.349347	0.370941	0.020369	4.0
1065	-1.123165	190.212864	0.369424	0.024324	3.9
1066	-1.101829	189.795815	0.370155	0.016560	3.9
1067	-1.132817	190.347974	0.369188	0.020716	3.7
1068	-1.087743	189.940711	0.369901	0.025655	3.8
1069	-1.158571	190.940591	0.368156	0.021321	3.7
1070	-1.110836	191.939811	0.366428	0.024741	4.1
1071	-1.135720	192.794407	0.364963	0.017720	3.7
1072	-1.156264	193.399688	0.363933	0.016745	3.9
1073	-1.113124	194.316222	0.362384	0.011254	3.6
1074	-1.171073	194.267612	0.362466	0.013960	3.8
1075	-1.129356	193.991105	0.362932	0.024678	4.4
1076	-1.066828	193.699425	0.363425	0.036200	4.7
1077	-1.122398	193.213082	0.364250	0.018738	4.0
1078	-1.093589	192.738220	0.365059	0.009691	4.2
1079	-1.089972	193.492176	0.363776	0.017719	3.7
1080	-1.123782	193.669637	0.363475	0.025011	4.1
1081	-1.110164	194.666947	0.361795	0.015412	4.1
1082	-1.167201	194.180734	0.362612	0.039991	3.7
1083	-1.067292	193.703492	0.363418	0.024948	3.9
1084	-1.105257	194.703491	0.361733	0.028625	3.7
1085	-1.182486	195.703490	0.360064	0.015227	4.2
1086	-1.112827	196.638623	0.358517	0.022830	3.7
1087	-1.150866	196.177687	0.359278	0.015758	3.9
1088	-1.127161	195.778149	0.359940	0.021929	5.6
1089	-1.118941	196.620002	0.358548	0.017042	4.3
1090	-1.155925	196.133975	0.359350	0.027248	3.6
1091	-1.142091	195.647780	0.360157	0.021933	4.2
1092	-1.123541	195.161446	0.360967	0.015301	3.6
1093	-1.090556	195.020795	0.361202	0.024223	4.2
1094	-1.157786	195.852301	0.359817	0.021192	3.7
1095	-1.142329	196.500218	0.358745	0.023018	4.0
1096	-1.141740	197.450554	0.357184	0.018059	3.5
1097	-1.106234	198.446060	0.355564	0.016609	4.2
1098	-1.178121	198.207879	0.355950	0.016782	3.6
1099	-1.162039	197.854666	0.356525	0.015886	4.2
1100	-1.106142	198.273739	0.355844	0.019713	3.7
1101	-1.114410	199.033583	0.354615	0.026107	5.9
1102	-1.107647	200.033305	0.353011	0.023245	4.2
1103	-1.126411	199.548532	0.353787	0.016673	3.7
1104	-1.110345	199.085208	0.354532	0.029002	3.9
1105	-1.117314	198.598896	0.355317	0.019075	3.8
1106	-1.103767	198.113597	0.356104	0.013880	3.9
1107	-1.088131	198.774790	0.355032	0.021564	3.6
1108	-1.084845	198.922266	0.354794	0.030607	4.1
1109	-1.103441	198.436934	0.355579	0.025314	3.9
1110	-1.135960	199.392816	0.354037	0.025146	4.0
1111	-1.154600	198.907845	0.354817	0.020901	3.6
1112	-1.114966	198.421657	0.355604	0.018453	4.0
1113	-1.107580	198.004024	0.356282	0.019639	5.9
1114	-1.135057	197.518648	0.357073	0.027808	4.3
1115	-1.140716	197.033075	0.357868	0.012824	3.7
1116	-1.138955	197.924408	0.356411	0.029481	4.0
1117	-1.135105	197.641793	0.356872	0.024150	4.7
1118	-1.068235	197.155445	0.357668	0.020586	4.2
1119	-1.095185	197.696291	0.356783	0.011422	4.1
1120	-1.095075	197.221990	0.357559	0.018312	4.0
1121	-1.130188	196.901789	0.358084	0.011429	4.0
1122	-1.105731	196.693206	0.358427	0.020977	3.6
1123	-1.081831	196.724129	0.358376	0.015173	3.9
1124	-1.103918	196.238641	0.359177	0.019253	3.9
1125	-1.160734	197.229670	0.357546	0.023323	6.0
1126	-1.107963	198.078411	0.356161	0.023228	3.7
1127	-1.131904	199.030755	0.354619	0.011289	4.2
1128	-1.112865	199.152925	0.354422	0.015651	3.7
1129	-1.142552	199.114045	0.354485	0.020246	4.2
1130	-1.113163	199.127667	0.354463	0.010795	3.6
1131	-1.095393	198.954494	0.354742	0.020457	4.0
1132	-1.076238	198.832061	0.354940	0.020729	3.7
1133	-1.115216	199.748441	0.353466	0.024095	4.1
1134	-1.106655	200.485651	0.352290	0.018653	3.6
1135	-1.128960	200.008253	0.353051	0.018803	4.1
1136	-1.126956	199.695932	0.353550	0.014431	3.7
1137	-1.131741	199.227640	0.354302	0.018313	6.5
1138	-1.109007	199.401264	0.354023	0.016506	4.4
1139	-1.091241	199.824324	0.353345	0.018494	3.8
1140	-1.130806	200.049855	0.352984	0.015550	4.4
1141	-1.100254	200.803429	0.351785	0.021764	3.6
1142	-1.098428	201.743627	0.350300	0.022673	4.0
1143	-1.109667	201.257354	0.351067	0.017225	3.6
1144	-1.101751	202.250288	0.349505	0.012272	4.5
1145	-1.112380	201.805518	0.350203	0.022895	3.6
1146	-1.107165	202.351888	0.349346	0.011845	4.2
1147	-1.074365	201.882518	0.350082	0.027533	3.5
1148	-1.125457	201.865107	0.350109	0.022592	5.1
1149	-1.104453	202.828891	0.348602	0.019406	6.1
1150	-1.143264	202.633679	0.348906	0.015527	3.9
1151	-1.128695	202.222112	0.349549	0.028461	4.3
1152	-1.189577	203.057856	0.348246	0.016957	6.5
1153	-1.149083	202.579993	0.348990	0.020823	3.6
1154	-1.106879	203.578992	0.347437	0.017793	4.0
1155	-1.105033	203.471848	0.347603	0.015808	4.7
1156	-1.105238	203.592338	0.347417	0.031490	4.3
1157	-1.126370	203.194295	0.348034	0.012222	3.6
1158	-1.108813	202.862143	0.348550	0.022326	4.2
1159	-1.103962	203.810083	0.347080	0.026888	4.5
1160	-1.098632	204.153201	0.346551	0.026305	6.2
1161	-1.080783	205.075918	0.345137	0.023794	4.2
1162	-1.126120	206.071330	0.343624	0.016701	4.8
1163	-1.105735	205.613215	0.344319	0.006576	4.2
1164	-1.116067	206.088671	0.343598	0.019105	3.6
1165	-1.133838	206.648819	0.342752	0.026970	4.2
1166	-1.118118	206.587154	0.342845	0.018698	4.6
1167	-1.129593	207.586994	0.341346	0.017015	4.1
1168	-1.113293	207.726054	0.341138	0.028114	3.6
1169	-1.107977	207.343997	0.341709	0.018006	4.2
1170	-1.080591	206.939327	0.342315	0.019861	5.6
1171	-1.075551	207.641304	0.341264	0.012435	5.7
1172	-1.131562	207.184547	0.341948	0.018691	4.3
1173	-1.140604	206.717963	0.342648	0.032099	5.0
1174	-1.123258	206.680841	0.342704	0.021409	3.6
1175	-1.125603	207.676424	0.341212	0.025537	3.8
1176	-1.046605	207.190076	0.341939	0.017099	3.7
1177	-1.115280	207.928237	0.340837	0.029626	5.3
1178	-1.130447	208.927953	0.339355	0.021793	3.7
1179	-1.156355	209.927637	0.337886	0.013269	4.1
1180	-1.132635	210.874677	0.336506	0.030161	3.6
1181	-1.089405	211.856679	0.335087	0.017685	4.7
1182	-1.096352	212.856676	0.333654	0.015385	4.1
1183	-1.085472	213.753669	0.332379	0.019444	5.6
1184	-1.122913	213.969406	0.332074	0.012957	4.0
1185	-1.111359	213.819941	0.332285	0.027800	3.8
1186	-1.100477	214.456952	0.331386	0.024630	3.7
1187	-1.120982	213.970645	0.332072	0.015425	3.9
1188	-1.138390	214.889537	0.330778	0.014017	3.7
1189	-1.068430	214.413030	0.331448	0.024419	4.0
1190	-1.082005	215.050401	0.330553	0.012226	3.6
1191	-1.132175	216.042899	0.329169	0.020739	4.6
1192	-1.124300	215.561153	0.329839	0.030720	4.2
1193	-1.105032	215.078438	0.330514	0.017386	3.6
1194	-1.099009	214.592100	0.331196	0.031030	4.0
1195	-1.147946	214.106818	0.331880	0.017798	5.5
1196	-1.094003	215.091304	0.330496	0.029512	4.7
1197	-1.109560	214.606590	0.331176	0.021379	3.8
1198	-1.137702	215.606385	0.329776	0.015985	4.5
1199	-1.111269	215.120416	0.330455	0.021929	3.6
1200	-1.135858	214.739337	0.330989	0.017259	4.4
1201	-1.143381	214.254654	0.331671	0.017975	3.9
1202	-1.161398	214.500207	0.331325	0.017809	3.9
1203	-1.085057	214.029891	0.331988	0.015908	3.9
1204	-1.113601	214.671120	0.331085	0.015197	3.9
1205	-1.163927	214.347114	0.331541	0.025063	4.0
1206	-1.130229	215.344065	0.330142	0.025449	4.0
1207	-1.147726	215.441096	0.330007	0.013118	5.9
1208	-1.112397	216.050695	0.329158	0.021164	3.9
1209	-1.110312	216.968816	0.327888	0.018084	3.8
1210	-1.093775	217.042849	0.327786	0.015773	3.6
1211	-1.133080	216.570505	0.328438	0.030628	4.1
1212	-1.118028	217.556557	0.327080	0.012363	3.8
1213	-1.133772	218.376794	0.325960	0.028376	3.8
1214	-1.107111	217.909937	0.326597	0.018854	3.6
1215	-1.159219	217.914108	0.326591	0.021098	4.1
1216	-1.109823	217.930586	0.326568	0.034793	3.8
1217	-1.093023	218.930583	0.325207	0.024517	3.7
1218	-1.093219	219.912944	0.323881	0.029537	3.5
1219	-1.113197	220.912920	0.322542	0.016079	5.4
1220	-1.150206	221.907610	0.321222	0.020727	4.7
1221	-1.110541	222.550988	0.320373	0.020812	3.6
1222	-1.093728	222.290278	0.320716	0.015046	3.5
1223	-1.145814	222.500319	0.320440	0.032053	4.1
1224	-1.114912	222.474197	0.320474	0.020313	3.9
1225	-1.096471	223.473809	0.319164	0.018799	3.6
1226	-1.112603	222.987564	0.319800	0.018039	3.5
1227	-1.121361	223.979524	0.318505	0.016320	4.4
1228	-1.112617	223.493543	0.319138	0.014730	3.8
1229	-1.152385	224.256794	0.318145	0.022804	3.7
1230	-1.146745	225.192152	0.316936	0.024185	3.5
1231	-1.099377	224.736134	0.317524	0.018256	4.3
1232	-1.099285	224.286687	0.318106	0.016030	5.9
1233	-1.110034	223.972308	0.318514	0.030175	3.8
1234	-1.141400	224.088965	0.318363	0.015384	4.1
1235	-1.138813	225.085445	0.317073	0.017175	3.6
1236	-1.121109	224.654477	0.317630	0.015137	4.2
1237	-1.094394	225.616206	0.316391	0.012969	3.8
1238	-1.095281	225.164819	0.316971	0.024715	4.1
1239	-1.134126	225.836831	0.316108	0.023555	4.0
1240	-1.119283	226.790080	0.314892	0.012427	4.0
1241	-1.105392	226.304347	0.315511	0.020508	3.6
1242	-1.138900	226.657025	0.315061	0.039604	4.2
1243	-1.137652	227.657025	0.313794	0.018024	3.6
1244	-1.074521	227.405024	0.314113	0.034325	6.0
1245	-1.096935	227.764994	0.313658	0.022308	3.6
1246	-1.128397	227.366322	0.314162	0.016663	3.6
1247	-1.131507	227.947866	0.313428	0.012470	3.5
1248	-1.095270	227.889609	0.313501	0.015563	4.2
1249	-1.054289	228.834634	0.312315	0.015857	3.6
1250	-1.105158	228.357359	0.312913	0.019779	3.7
1251	-1.095957	227.903228	0.313484	0.015276	3.5
1252	-1.106249	227.420057	0.314094	0.015349	3.8
1253	-1.127303	228.369576	0.312898	0.020548	3.7
1254	-1.134055	229.317136	0.311713	0.017357	4.1
1255	-1.149841	230.314284	0.310476	0.013075	3.6
1256	-1.125939	230.334448	0.310451	0.014069	3.9
1257	-1.141552	229.856348	0.311043	0.020288	5.5
1258	-1.124857	230.807994	0.309868	0.013487	3.7
1259	-1.114016	230.388677	0.310385	0.025607	3.5
1260	-1.117264	229.915671	0.310970	0.024699	3.6
1261	-1.114171	229.699186	0.311238	0.016755	3.7
1262	-1.069301	229.215788	0.311839	0.028658	3.8
1263	-1.119689	229.927368	0.310955	0.016344	3.6
1264	-1.112009	230.925431	0.309723	0.014442	3.7
1265	-1.135894	231.802738	0.308648	0.021382	3.8
1266	-1.095042	231.317385	0.309242	0.021893	4.0
1267	-1.110084	232.284206	0.308062	0.024512	3.7
1268	-1.130173	231.894048	0.308537	0.019647	3.6
1269	-1.118592	232.893605	0.307322	0.023850	4.1
1270	-1.093664	233.890745	0.306120	0.017990	5.9
1271	-1.116791	233.404411	0.306705	0.031553	3.8
1272	-1.136535	232.952423	0.307251	0.022203	3.7
1273	-1.165155	233.855360	0.306162	0.019115	4.1
1274	-1.115374	233.369056	0.306748	0.013306	3.9
1275	-1.084727	233.025183	0.307163	0.012924	3.8
1276	-1.089262	232.553904	0.307734	0.008962	3.6
1277	-1.105977	232.612080	0.307663	0.021941	3.7
1278	-1.125621	232.170897	0.308200	0.025919	4.0
1279	-1.104987	232.896975	0.307318	0.021323	3.9
1280	-1.098025	232.410718	0.307908	0.015139	3.5
1281	-1.082960	231.934746	0.308487	0.019296	4.1
1282	-1.094862	231.448629	0.309081	0.022368	4.7
1283	-1.122063	232.446946	0.307864	0.018789	4.9
1284	-1.103985	232.812758	0.307420	0.035132	3.7
1285	-1.152551	233.695582	0.306355	0.020308	4.9
1286	-1.129178	233.226497	0.306920	0.012231	3.7
1287	-1.109386	234.204508	0.305744	0.010137	4.3
1288	-1.109637	234.185915	0.305766	0.019996	3.6
1289	-1.143079	233.854305	0.306164	0.016198	4.0
1290	-1.161107	234.831287	0.304995	0.015389	4.0
1291	-1.134113	234.505527	0.305383	0.014177	3.8
1292	-1.101523	235.246680	0.304500	0.017213	3.6
1293	-1.113708	236.241549	0.303323	0.007876	4.3
1294	-1.131435	236.570247	0.302935	0.018747	4.1
1295	-1.090883	236.198276	0.303374	0.016932	5.9
1296	-1.127945	237.126125	0.302283	0.016362	5.0
1297	-1.116373	236.744437	0.302731	0.025965	4.8
1298	-1.145151	237.700863	0.301611	0.017762	3.7
1299	-1.120826	237.215872	0.302178	0.025835	3.7
1300	-1.121462	237.317372	0.302059	0.018003	4.0
1301	-1.156948	238.254473	0.300967	0.018158	3.6
1302	-1.045849	239.182951	0.299893	0.020674	3.7
1303	-1.135258	240.181716	0.298747	0.008166	3.7
1304	-1.083566	239.942104	0.299021	0.014594	3.9
1305	-1.131993	239.498675	0.299530	0.019640	3.8
1306	-1.143064	239.529580	0.299494	0.012153	3.7
1307	-1.086374	240.245315	0.298674	0.019979	4.4
1308	-1.088663	240.189268	0.298738	0.018101	5.1
1309	-1.133285	240.785718	0.298057	0.017111	3.8
1310	-1.082798	240.338379	0.298568	0.025743	3.6
1311	-1.078304	241.332328	0.297436	0.025489	3.7
1312	-1.090834	242.280455	0.296365	0.019574	3.6
1313	-1.109594	242.306039	0.296336	0.026548	3.7
1314	-1.118192	242.728898	0.295861	0.028024	3.8
1315	-1.123423	243.725688	0.294747	0.027073	3.5
1316	-1.131910	244.310101	0.294098	0.016651	3.8
1317	-1.129158	243.823780	0.294638	0.025390	3.8
1318	-1.133096	244.817123	0.293537	0.020484	3.8
1319	-1.098634	244.608904	0.293767	0.023936	3.7
1320	-1.118539	245.538682	0.292742	0.018445	3.7
1321	-1.150815	245.186526	0.293130	0.018198	5.5
1322	-1.102273	246.177632	0.292042	0.014997	3.9
1323	-1.125877	245.790005	0.292467	0.014199	3.7
1324	-1.132871	246.756603	0.291411	0.025349	3.6
1325	-1.124782	246.316557	0.291890	0.020426	3.9
1326	-1.132506	247.316518	0.290803	0.015693	4.2
1327	-1.131726	246.830802	0.291330	0.007205	3.8
1328	-1.112394	247.003614	0.291142	0.015134	3.7
1329	-1.130120	246.730216	0.291439	0.019581	3.9
1330	-1.101901	247.089018	0.291049	0.024773	3.8
1331	-1.131280	246.775075	0.291391	0.025755	3.5
1332	-1.132761	247.022199	0.291122	0.026382	4.1
1333	-1.091722	247.872299	0.290202	0.016963	3.6
1334	-1.114641	248.871645	0.289127	0.020829	5.0
1335	-1.116487	249.817709	0.288117	0.021350	4.8
1336	-1.077298	250.757639	0.287120	0.024347	3.7
1337	-1.087368	250.640247	0.287244	0.012997	4.0
1338	-1.097768	250.802877	0.287073	0.016884	3.8
1339	-1.085658	250.589769	0.287298	0.013921	4.1
1340	-1.107026	251.491224	0.286347	0.024934	3.6
1341	-1.101784	251.007330	0.286857	0.014400	4.1
1342	-1.122445	251.351220	0.286495	0.016740	3.8
1343	-1.125643	252.182777	0.285623	0.011692	4.3
1344	-1.123564	252.935083	0.284838	0.025253	3.8
1345	-1.135521	252.544272	0.285245	0.019302	4.4
1346	-1.098519	253.540484	0.284210	0.017617	5.7
1347	-1.142928	254.520122	0.283199	0.022128	4.2
1348	-1.132826	254.958501	0.282750	0.018577	3.5
1349	-1.077177	255.951607	0.281736	0.015572	4.2
1350	-1.081756	256.815258	0.280860	0.019853	3.6
1351	-1.055674	256.330412	0.281351	0.020188	4.1
1352	-1.113637	257.301851	0.280369	0.026923	3.7
1353	-1.110859	256.836922	0.280838	0.016703	4.7
1354	-1.120208	256.458960	0.281221	0.023286	4.3
1355	-1.108826	255.972771	0.281714	0.014290	3.6
1356	-1.109279	255.503689	0.282192	0.023895	4.2
1357	-1.079373	255.668139	0.282024	0.013538	3.7
1358	-1.105037	256.486882	0.281192	0.015957	4.2
1359	-1.073153	256.129298	0.281555	0.019033	3.7
1360	-1.098433	255.738551	0.281953	0.026941	5.7
1361	-1.095097	256.737935	0.280938	0.020371	3.8
1362	-1.129528	257.727849	0.279940	0.014495	4.1
1363	-1.087825	257.242469	0.280429	0.027874	3.6
1364	-1.120289	256.758514	0.280917	0.013250	4.1
1365	-1.137537	257.718906	0.279949	0.026178	3.9
1366	-1.167615	257.238854	0.280432	0.010510	4.0
1367	-1.119386	256.908628	0.280765	0.017989	3.5
1368	-1.098921	256.732811	0.280943	0.021412	4.1
1369	-1.107992	256.248753	0.281434	0.013802	4.1
1370	-1.101417	256.202661	0.281481	0.022184	4.4
1371	-1.092548	257.190243	0.280481	0.022567	4.0
1372	-1.115636	258.190210	0.279477	0.025282	4.8
1373	-1.118086	259.188707	0.278481	0.014615	4.5
1374	-1.099379	259.717370	0.277956	0.018545	3.7
1375	-1.055797	260.532483	0.277152	0.029002	4.4
1376	-1.088250	260.047942	0.277629	0.015730	3.6
1377	-1.106875	259.612405	0.278060	0.025862	4.2
1378	-1.121265	260.353709	0.277328	0.015161	3.6
1379	-1.064083	260.735207	0.276952	0.016750	3.9
1380	-1.086346	260.853553	0.276836	0.021873	3.7
1381	-1.156940	261.763958	0.275944	0.016043	4.3
1382	-1.083669	261.386313	0.276313	0.011206	3.8
1383	-1.088400	262.140112	0.275578	0.023615	4.2
1384	-1.099832	262.843539	0.274895	0.032904	5.5
1385	-1.120614	263.843149	0.273930	0.016175	4.8
1386	-1.128108	263.357097	0.274398	0.010812	3.8
1387	-1.093301	264.106666	0.273677	0.012993	3.9
1388	-1.135548	264.690599	0.273118	0.019593	4.6
1389	-1.099225	265.108422	0.272719	0.031284	4.0
1390	-1.083841	266.087271	0.271789	0.017793	4.3
1391	-1.113564	265.602798	0.272248	0.020079	3.6
1392	-1.088681	265.117533	0.272710	0.016712	4.8
1393	-1.148929	266.085955	0.271790	0.022137	3.9
1394	-1.154552	266.314869	0.271574	0.016842	4.0
1395	-1.099380	266.425671	0.271469	0.024453	3.6
1396	-1.132635	266.080560	0.271795	0.018072	6.3
1397	-1.126770	266.930054	0.270993	0.023394	4.2
1398	-1.096989	266.757221	0.271156	0.017156	3.8
1399	-1.124021	266.362603	0.271529	0.024908	4.1
1400	-1.076655	265.899876	0.271966	0.032212	4.0
1401	-1.132987	265.502407	0.272344	0.013638	4.5
1402	-1.121741	266.043488	0.271830	0.025803	3.5
1403	-1.133897	265.603843	0.272247	0.022505	4.1
1404	-1.140720	265.117736	0.272710	0.022515	4.5
1405	-1.106793	266.116508	0.271761	0.019156	4.2
1406	-1.130658	265.630184	0.272222	0.018383	3.6
1407	-1.141431	266.065966	0.271809	0.014135	6.0
1408	-1.133679	265.667279	0.272187	0.022272	4.4
1409	-1.122931	265.257036	0.272577	0.010573	3.7
1410	-1.080318	264.778807	0.273033	0.018297	4.0
1411	-1.126718	264.452976	0.273345	0.018035	4.8
1412	-1.121382	264.915611	0.272903	0.018724	4.4
1413	-1.121250	264.560830	0.273242	0.025091	3.6
1414	-1.130765	265.427395	0.272415	0.024481	4.2
1415	-1.161452	265.138676	0.272690	0.019995	4.8
1416	-1.038007	264.664669	0.273142	0.015744	3.7
1417	-1.100743	265.263781	0.272571	0.029299	3.7
1418	-1.108678	264.781409	0.273031	0.017517	3.8
1419	-1.134532	264.526064	0.273275	0.034897	6.3
1420	-1.120183	265.199260	0.272632	0.020461	3.9
1421	-1.097599	265.806305	0.272055	0.016868	4.1
1422	-1.110002	266.616507	0.271289	0.027110	3.7
1423	-1.142564	266.138193	0.271741	0.022230	4.2
1424	-1.100600	267.134951	0.270801	0.020996	3.6
1425	-1.113004	268.128141	0.269870	0.019910	4.0
1426	-1.144264	267.696507	0.270274	0.014978	3.6
1427	-1.162608	267.235348	0.270706	0.013563	4.2
1428	-1.101917	266.764613	0.271149	0.018388	3.6
1429	-1.160178	266.796300	0.271119	0.019390	4.2
1430	-1.138465	266.373267	0.271518	0.021739	3.6
1431	-1.131535	265.918887	0.271948	0.016774	6.3
1432	-1.107003	266.912971	0.271009	0.024380	4.2
1433	-1.104673	266.584490	0.271319	0.024284	3.7
1434	-1.088059	266.098149	0.271779	0.025183	4.7
1435	-1.094269	267.098146	0.270835	0.020847	3.7
1436	-1.082933	266.612509	0.271293	0.026326	5.4
1437	-1.107783	266.127582	0.271751	0.015687	3.6
1438	-1.114006	265.642301	0.272211	0.018329	5.1
1439	-1.132092	266.625168	0.271281	0.016282	3.9
1440	-1.130856	267.340932	0.270607	0.022253	3.9
1441	-1.154008	268.335796	0.269677	0.033742	3.7
1442	-1.126635	267.849872	0.270130	0.020381	5.1
1443	-1.067530	268.849230	0.269199	0.016549	4.9
1444	-1.118201	268.364093	0.269650	0.016411	3.7
1445	-1.133865	267.891472	0.270092	0.018378	4.3
1446	-1.124040	268.802035	0.269243	0.020951	3.6
1447	-1.133865	268.831550	0.269216	0.020213	4.2
1448	-1.129103	268.346039	0.269667	0.015696	3.6
1449	-1.076213	267.868898	0.270113	0.009272	4.1
1450	-1.116687	267.663035	0.270305	0.027277	3.6
1451	-1.123787	268.121970	0.269876	0.023718	4.1
1452	-1.122550	269.121970	0.268946	0.021102	3.6
1453	-1.100183	270.070277	0.268070	0.026706	4.2
1454	-1.112152	269.597905	0.268506	0.012930	3.9
1455	-1.162581	269.650346	0.268457	0.029757	6.0
1456	-1.160866	270.451507	0.267719	0.013322	4.1
1457	-1.077696	271.335839	0.266909	0.018643	3.8
1458	-1.129208	272.008738	0.266296	0.027168	4.3
1459	-1.105263	271.527213	0.266735	0.023207	3.9
1460	-1.145807	271.040919	0.267179	0.013074	4.1
1461	-1.109071	270.556588	0.267623	0.024052	3.8
1462	-1.121356	270.297418	0.267861	0.025937	4.2
1463	-1.115157	269.811715	0.268308	0.025365	3.7
1464	-1.065107	269.325434	0.268758	0.028969	4.2
1465	-1.139728	270.325207	0.267835	0.014679	3.7
1466	-1.139441	270.576436	0.267604	0.029380	4.7
1467	-1.111986	271.263984	0.266975	0.022835	5.0
1468	-1.121238	272.263960	0.266065	0.021661	3.8
1469	-1.135249	273.263620	0.265161	0.018376	5.1
1470	-1.131178	274.240342	0.264283	0.010908	3.7
1471	-1.079737	274.033127	0.264469	0.023046	4.4
1472	-1.077526	273.674020	0.264791	0.008572	3.6
1473	-1.106715	273.504288	0.264944	0.025863	4.5
1474	-1.073021	273.841911	0.264641	0.016925	3.6
1475	-1.116015	273.484981	0.264961	0.017273	4.1
1476	-1.090311	274.006828	0.264493	0.011419	3.6
1477	-1.105583	274.654201	0.263914	0.023275	4.4
1478	-1.129737	274.171435	0.264345	0.017045	4.1
1479	-1.152013	273.685271	0.264781	0.015805	5.4
1480	-1.103665	274.448083	0.264098	0.023308	3.6
1481	-1.107192	275.445215	0.263209	0.014540	4.4
1482	-1.115869	276.393015	0.262370	0.010952	3.7
1483	-1.104966	276.266135	0.262482	0.008559	4.1
1484	-1.142922	276.289531	0.262462	0.023752	3.6
1485	-1.117204	275.851621	0.262849	0.028301	4.2
1486	-1.130082	276.851576	0.261967	0.021583	3.8
1487	-1.091121	277.818733	0.261119	0.018702	3.8
1488	-1.094981	278.810173	0.260255	0.026901	3.6
1489	-1.130494	278.324070	0.260678	0.022023	4.3
1490	-1.094576	279.324057	0.259810	0.016596	3.9
1491	-1.139682	278.879842	0.260195	0.033718	5.7
1492	-1.103952	278.442480	0.260575	0.013188	4.5
1493	-1.105560	277.986514	0.260972	0.013361	3.6
1494	-1.129041	278.891316	0.260185	0.017484	4.2
1495	-1.109886	278.467230	0.260553	0.021097	3.6
1496	-1.098111	279.462109	0.259690	0.017619	4.2
1497	-1.105569	278.980346	0.260108	0.014316	3.6
1498	-1.118311	278.656846	0.260388	0.016669	4.1
1499	-1.158647	278.178965	0.260804	0.031360	3.6
1500	-1.107849	279.175997	0.259938	0.021245	4.2
1501	-1.094370	280.175994	0.259075	0.025339	4.5
1502	-1.119938	281.174783	0.258219	0.012388	4.4
1503	-1.137079	280.713809	0.258613	0.017452	6.0
1504	-1.126630	281.615515	0.257843	0.016578	4.7
1505	-1.087543	281.231615	0.258170	0.023971	4.1
1506	-1.134489	280.877158	0.258473	0.022564	3.7
1507	-1.109832	280.701702	0.258623	0.024549	4.0
1508	-1.103461	281.424273	0.258006	0.022351	5.0
1509	-1.122367	280.938102	0.258421	0.029560	3.8
1510	-1.103442	281.686697	0.257782	0.015031	3.7
1511	-1.114851	281.218543	0.258181	0.018458	4.1
1512	-1.132614	280.745673	0.258586	0.028364	5.0
1513	-1.122353	280.259430	0.259003	0.021845	3.8
1514	-1.108238	281.259420	0.258146	0.021104	5.2
1515	-1.120900	280.774658	0.258561	0.015646	5.1
1516	-1.135775	280.289882	0.258977	0.016015	4.1
1517	-1.159109	281.261450	0.258145	0.021458	3.6
1518	-1.099991	281.495153	0.257945	0.023690	4.2
1519	-1.083086	281.372795	0.258050	0.017117	4.8
1520	-1.134523	281.122336	0.258263	0.018586	3.7
1521	-1.082934	280.666982	0.258653	0.019457	4.2
1522	-1.129760	281.467257	0.257969	0.017020	3.6
1523	-1.128216	280.995805	0.258372	0.022308	5.2
1524	-1.085369	280.509879	0.258788	0.018924	3.7
1525	-1.123900	280.025147	0.259205	0.025489	4.9
1526	-1.107405	279.785065	0.259412	0.016461	5.4
1527	-1.126517	279.614022	0.259559	0.024195	4.1
1528	-1.134318	280.606602	0.258705	0.017152	4.1
1529	-1.115648	281.602380	0.257854	0.011574	3.7
1530	-1.109587	281.317804	0.258096	0.013836	4.9
1531	-1.122220	280.948583	0.258412	0.014748	3.7
1532	-1.105709	280.722543	0.258606	0.030781	4.1
1533	-1.084654	281.720666	0.257753	0.023145	3.6
1534	-1.084636	281.969111	0.257542	0.016015	4.4
1535	-1.139407	282.170869	0.257370	0.020883	3.6
1536	-1.104340	282.775245	0.256858	0.010984	4.2
1537	-1.102477	282.309190	0.257253	0.011128	4.5
1538	-1.143171	282.157502	0.257382	0.017580	5.3
1539	-1.110333	283.130447	0.256558	0.011475	3.9
1540	-1.067024	282.699297	0.256922	0.016089	3.8
1541	-1.090898	282.626467	0.256984	0.018269	3.7
1542	-1.133321	282.141194	0.257395	0.024805	3.9
1543	-1.140809	281.774800	0.257707	0.022871	3.8
1544	-1.094840	282.767972	0.256864	0.011907	3.7
1545	-1.102776	282.335406	0.257231	0.030069	3.6
1546	-1.122957	282.107236	0.257424	0.025243	4.2
1547	-1.093761	281.620888	0.257838	0.016891	3.6
1548	-1.167942	282.326878	0.257238	0.019243	4.1
1549	-1.141116	283.262363	0.256447	0.025333	4.1
1550	-1.120869	284.254793	0.255613	0.021921	4.4
1551	-1.128978	285.252552	0.254780	0.019447	5.2
1552	-1.130921	285.889896	0.254251	0.016033	3.7
1553	-1.132072	285.412865	0.254647	0.009779	4.1
1554	-1.075429	285.153791	0.254863	0.010130	3.7
1555	-1.092409	285.518400	0.254559	0.013920	4.1
1556	-1.098596	285.449890	0.254616	0.016468	3.8
1557	-1.105152	286.355867	0.253866	0.014187	4.0
1558	-1.119679	287.174947	0.253191	0.014932	4.1
1559	-1.126344	286.833523	0.253472	0.022335	4.2
1560	-1.090063	286.353863	0.253867	0.015387	3.5
1561	-1.117791	286.307754	0.253906	0.019922	4.2
1562	-1.073644	286.254061	0.253950	0.017712	4.3
1563	-1.127567	287.146030	0.253215	0.015583	5.3
1564	-1.084224	287.832275	0.252652	0.022014	4.4
1565	-1.089271	287.584434	0.252855	0.026768	3.8
1566	-1.144594	287.188583	0.253180	0.014951	4.2
1567	-1.146960	286.702968	0.253579	0.032120	3.6
1568	-1.111775	287.046309	0.253297	0.008366	4.1
1569	-1.093236	286.740021	0.253549	0.017362	3.6
1570	-1.077138	286.294279	0.253917	0.017640	4.3
1571	-1.109113	287.290489	0.253096	0.006453	3.8
1572	-1.147081	287.166439	0.253198	0.020207	4.2
1573	-1.153164	286.778856	0.253517	0.022262	3.6
1574	-1.091844	286.520157	0.253730	0.020773	4.6
1575	-1.128634	286.036738	0.254130	0.021406	4.8
1576	-1.101676	287.036141	0.253305	0.016611	4.7
1577	-1.143090	287.904939	0.252593	0.030375	4.5
1578	-1.129353	288.785624	0.251875	0.023213	3.7
1579	-1.151011	288.301774	0.252269	0.021622	4.1
1580	-1.157444	287.815520	0.252666	0.016842	3.6
1581	-1.125575	288.797403	0.251865	0.015182	4.1
1582	-1.098524	288.606963	0.252020	0.018792	3.6
1583	-1.135704	288.153596	0.252390	0.017875	3.9
1584	-1.117543	288.689607	0.251953	0.019034	4.1
1585	-1.112605	289.669658	0.251158	0.023557	4.1
1586	-1.119722	290.669531	0.250352	0.018484	4.0
1587	-1.082960	290.183320	0.250743	0.026061	5.6
1588	-1.097947	291.183240	0.249940	0.018787	3.7
1589	-1.110498	292.180051	0.249145	0.017299	4.3
1590	-1.122225	292.741272	0.248699	0.016909	4.4
1591	-1.116220	292.662112	0.248762	0.022663	4.1
1592	-1.109798	292.175794	0.249148	0.023219	3.6
1593	-1.074472	292.430664	0.248945	0.019495	4.1
1594	-1.092435	293.429932	0.248154	0.016946	3.6
1595	-1.168667	294.393430	0.247396	0.012196	4.0
1596	-1.108642	294.265634	0.247497	0.014766	3.7
1597	-1.106600	294.116334	0.247614	0.012926	4.1
1598	-1.076763	293.661489	0.247972	0.024899	3.7
1599	-1.144519	294.402475	0.247389	0.013935	6.0
1600	-1.091468	293.916715	0.247771	0.034212	4.3
1601	-1.158700	294.915809	0.246987	0.024151	3.8
1602	-1.165573	295.915708	0.246208	0.020468	4.3
1603	-1.131563	296.901782	0.245444	0.015852	3.7
1604	-1.097466	297.898142	0.244677	0.010698	4.1
1605	-1.101885	298.497546	0.244218	0.018504	4.2
1606	-1.136185	298.686428	0.244074	0.019291	4.9
1607	-1.103570	298.264582	0.244397	0.016378	5.7
1608	-1.110585	297.891126	0.244683	0.024291	3.7
1609	-1.107788	297.897794	0.244678	0.024506	4.3
1610	-1.093427	297.411448	0.245051	0.032167	4.8
1611	-1.127067	298.411434	0.244284	0.022810	4.9
1612	-1.115512	298.034842	0.244573	0.028340	3.9
1613	-1.144478	298.700504	0.244063	0.014811	3.9
1614	-1.159169	299.431664	0.243506	0.020144	3.9
1615	-1.107047	300.276407	0.242866	0.026999	3.7
1616	-1.081170	299.790156	0.243234	0.012487	4.7
1617	-1.127663	300.722824	0.242529	0.024167	3.6
1618	-1.100797	301.032404	0.242296	0.019275	4.0
1619	-1.112799	302.030802	0.241547	0.016435	4.0
1620	-1.103569	301.841672	0.241689	0.018589	5.3
1621	-1.117153	302.011142	0.241562	0.011925	3.6
1622	-1.147952	302.246398	0.241386	0.019807	6.4
1623	-1.158019	302.066687	0.241520	0.024799	6.5
1624	-1.154277	303.061036	0.240779	0.019148	3.7
1625	-1.097518	302.604111	0.241119	0.019287	4.4
1626	-1.095704	302.117999	0.241482	0.027611	3.7
1627	-1.074827	302.977993	0.240841	0.019023	5.5
1628	-1.081151	303.977226	0.240100	0.014466	5.0
1629	-1.117069	304.437164	0.239761	0.026612	4.1
1630	-1.135623	304.976559	0.239364	0.023516	5.0
1631	-1.092141	305.976502	0.238632	0.012965	3.7
1632	-1.130340	305.496906	0.238983	0.019391	4.7
1633	-1.088302	305.554643	0.238941	0.021157	6.6
1634	-1.073737	305.084600	0.239285	0.018241	3.7
1635	-1.161517	306.063182	0.238569	0.012595	3.8
1636	-1.127469	306.866333	0.237985	0.017743	3.6
1637	-1.137193	307.832288	0.237286	0.015147	5.2
1638	-1.141658	308.219587	0.237006	0.021362	3.6
1639	-1.127590	308.393403	0.236881	0.022315	3.7
1640	-1.118080	307.908189	0.237231	0.016738	3.5
1641	-1.086313	308.818010	0.236576	0.022626	5.0
1642	-1.097860	309.515364	0.236077	0.020781	3.6
1643	-1.081737	310.514686	0.235366	0.016662	3.6
1644	-1.132526	311.388480	0.234747	0.017812	3.8
1645	-1.075554	312.385770	0.234045	0.031470	6.5
1646	-1.151236	313.383607	0.233346	0.021326	3.8
1647	-1.102362	314.383430	0.232651	0.018533	3.6
1648	-1.082824	313.902754	0.232984	0.016117	4.0
1649	-1.180565	314.237469	0.232752	0.023593	4.0
1650	-1.116967	313.991154	0.232923	0.019156	3.7
1651	-1.148868	313.612626	0.233187	0.021743	3.5
1652	-1.126286	313.126377	0.233526	0.019753	3.9
1653	-1.100494	314.126237	0.232829	0.013145	4.0
1654	-1.115072	314.062973	0.232873	0.025345	3.9
1655	-1.073129	314.094582	0.232851	0.022616	3.7
1656	-1.128717	313.608235	0.233190	0.018938	4.0
1657	-1.109329	313.998729	0.232918	0.014790	6.2
1658	-1.093385	314.201885	0.232777	0.018289	3.7
1659	-1.122000	313.766597	0.233079	0.018796	3.5
1660	-1.105043	313.435996	0.233310	0.012856	4.3
1661	-1.087206	313.171329	0.233494	0.019869	3.8
1662	-1.126357	312.796209	0.233757	0.032014	3.6
1663	-1.125609	312.317249	0.234093	0.023810	3.6
1664	-1.136255	311.830901	0.234435	0.018252	3.9
1665	-1.135032	311.491676	0.234674	0.012584	3.7
1666	-1.122148	311.096370	0.234953	0.031973	4.4
1667	-1.076921	312.087705	0.234254	0.028010	3.6
1668	-1.126067	311.703202	0.234525	0.018595	4.3
1669	-1.093338	312.162698	0.234201	0.022180	6.1
1670	-1.162647	313.149048	0.233510	0.031012	3.8
1671	-1.126669	312.676307	0.233841	0.010200	4.0
1672	-1.127336	312.746099	0.233792	0.035084	3.6
1673	-1.107960	313.696986	0.233128	0.015738	4.5
1674	-1.146165	313.214955	0.233464	0.020446	3.6
1675	-1.152874	312.801308	0.233753	0.023380	4.3
1676	-1.138577	312.315302	0.234094	0.023465	3.6
1677	-1.131152	313.293456	0.233409	0.015794	4.4
1678	-1.140424	313.579086	0.233210	0.033712	3.6
1679	-1.090429	314.579071	0.232515	0.020576	4.0
1680	-1.115762	315.579069	0.231824	0.023592	3.7
1681	-1.116756	315.128927	0.232135	0.015635	5.6
1682	-1.121307	314.650238	0.232466	0.031655	4.9
1683	-1.108211	314.215861	0.232767	0.019376	3.9
1684	-1.078839	315.083536	0.232166	0.006798	4.5
1685	-1.124340	314.927877	0.232274	0.015914	3.9
1686	-1.115707	314.710013	0.232424	0.024228	4.2
1687	-1.137694	315.700418	0.231741	0.018020	3.6
1688	-1.143497	316.656970	0.231084	0.010322	3.9
1689	-1.104263	316.211984	0.231389	0.018715	3.7
1690	-1.173940	315.850706	0.231637	0.013549	3.8
1691	-1.102590	315.376056	0.231964	0.028926	3.6
1692	-1.131549	316.315668	0.231318	0.014122	3.7
1693	-1.133594	317.238713	0.230687	0.017351	4.3
1694	-1.146784	318.057841	0.230129	0.016515	4.9
1695	-1.103981	317.576651	0.230456	0.010978	3.8
1696	-1.127731	317.132238	0.230759	0.023902	3.5
1697	-1.060622	318.041852	0.230140	0.011542	3.7
1698	-1.161411	318.842347	0.229598	0.013140	4.3
1699	-1.092584	318.483723	0.229841	0.014864	4.3
1700	-1.131285	318.341960	0.229937	0.023740	4.1
1701	-1.107885	317.871407	0.230256	0.018031	5.1
1702	-1.075171	318.776615	0.229642	0.016645	3.8
1703	-1.098223	319.770384	0.228973	0.031025	3.5
1704	-1.105756	319.442025	0.229194	0.017929	3.5
1705	-1.103630	318.977866	0.229507	0.021137	3.7
1706	-1.121457	318.491532	0.229835	0.015571	5.6
1707	-1.150180	318.022085	0.230154	0.022285	3.8
1708	-1.079942	319.020789	0.229478	0.020278	3.5
1709	-1.131252	318.546485	0.229798	0.018452	4.0
1710	-1.159189	318.061027	0.230127	0.018268	3.6
1711	-1.130084	318.112841	0.230092	0.021478	3.5
1712	-1.121827	319.096522	0.229426	0.022268	3.5
1713	-1.141894	318.610181	0.229755	0.020170	3.8
1714	-1.123472	319.583576	0.229098	0.015281	3.5
1715	-1.116261	319.098638	0.229425	0.016670	3.5
1716	-1.140637	318.616226	0.229751	0.020371	3.5
1717	-1.133501	318.192100	0.230038	0.018960	3.5
1718	-1.107539	317.751573	0.230337	0.013433	3.7
1719	-1.117668	317.344272	0.230615	0.016745	5.9
1720	-1.085291	316.991799	0.230855	0.016442	4.0
1721	-1.103840	316.532547	0.231169	0.013468	3.6
1722	-1.132316	317.105076	0.230778	0.021333	3.9
1723	-1.155749	317.133565	0.230758	0.018914	3.6
1724	-1.085281	316.648947	0.231090	0.024871	3.6
1725	-1.113216	317.648871	0.230407	0.013424	3.7
1726	-1.145974	318.149635	0.230067	0.011376	3.7
1727	-1.121021	318.793199	0.229631	0.010546	4.2
1728	-1.125372	318.530738	0.229809	0.024898	3.6
1729	-1.065834	318.119972	0.230087	0.018081	4.0
1730	-1.145584	317.637459	0.230415	0.014299	3.8
1731	-1.090027	318.473181	0.229848	0.019277	4.3
1732	-1.123905	318.098504	0.230102	0.025131	5.3
1733	-1.100924	317.612375	0.230432	0.022168	3.6
1734	-1.109493	318.612096	0.229754	0.010935	4.8
1735	-1.133002	319.559799	0.229114	0.022206	3.7
1736	-1.100869	319.291370	0.229295	0.019236	3.9
1737	-1.112427	318.828473	0.229607	0.020225	3.5
1738	-1.111092	319.505364	0.229151	0.022919	5.2
1739	-1.089748	319.938159	0.228860	0.033330	3.8
1740	-1.069574	320.937960	0.228191	0.021162	4.7
1741	-1.101951	321.937877	0.227526	0.015421	7.0
1742	-1.101498	322.880087	0.226902	0.013837	9.8
1743	-1.076759	322.395633	0.227222	0.013719	7.7
1744	-1.116341	322.884634	0.226899	0.019800	9.0
1745	-1.126407	323.648136	0.226397	0.016892	7.7
1746	-1.103577	324.635892	0.225750	0.013029	9.0
1747	-1.122827	324.176445	0.226050	0.023967	6.9
1748	-1.098572	325.169641	0.225401	0.022482	13.0
1749	-1.133736	324.683431	0.225719	0.022151	11.6
1750	-1.145255	325.683360	0.225067	0.023241	6.9
1751	-1.126863	325.293627	0.225321	0.023764	11.0
1752	-1.164044	324.807455	0.225638	0.021594	6.6
1753	-1.140016	324.321254	0.225955	0.017012	6.2
1754	-1.117933	323.837314	0.226272	0.030565	9.8
1755	-1.177625	324.836715	0.225618	0.019440	9.7
1756	-1.107300	325.836666	0.224968	0.013122	6.2
1757	-1.114637	325.352525	0.225282	0.025602	6.1
1758	-1.107004	324.866820	0.225599	0.020034	5.9
1759	-1.112579	325.852071	0.224958	0.021761	11.4
1760	-1.114947	325.377099	0.225266	0.017337	8.8
1761	-1.061552	324.973566	0.225529	0.022024	5.2
1762	-1.121959	324.617629	0.225761	0.011992	6.8
1763	-1.091960	324.312557	0.225961	0.012713	10.6
1764	-1.118997	323.961104	0.226191	0.025133	5.8
1765	-1.142759	323.654073	0.226393	0.033807	11.2
1766	-1.113906	324.654073	0.225738	0.022386	8.1
1767	-1.089015	324.786848	0.225651	0.016617	6.4
1768	-1.124940	324.305531	0.225966	0.016540	6.2
1769	-1.111181	324.137167	0.226076	0.021398	8.5
1770	-1.056225	323.681120	0.226375	0.027811	6.0
1771	-1.111456	323.195955	0.226694	0.026019	6.9
1772	-1.092603	322.727395	0.227003	0.020604	5.2
1773	-1.152745	322.241058	0.227325	0.019802	10.1
1774	-1.081872	321.758366	0.227645	0.017249	6.5
1775	-1.106786	322.756618	0.226984	0.012715	5.9
1776	-1.108165	322.766505	0.226977	0.018706	6.0
1777	-1.105849	322.469434	0.227173	0.028422	7.5
1778	-1.132718	323.279326	0.226639	0.017459	9.2
1779	-1.142147	324.279313	0.225983	0.016754	7.4
1780	-1.103895	324.152605	0.226066	0.016450	11.7
1781	-1.103229	324.697510	0.225709	0.012572	6.7
1782	-1.141887	325.652701	0.225087	0.020330	5.7
1783	-1.124888	325.531539	0.225166	0.020679	7.7
1784	-1.147374	325.045251	0.225483	0.015657	8.0
1785	-1.139577	324.559931	0.225799	0.016273	6.1
1786	-1.108791	324.443993	0.225875	0.024491	5.9
1787	-1.128857	324.217583	0.226023	0.032865	8.0
1788	-1.142354	325.217458	0.225370	0.023016	7.3
1789	-1.139840	326.217422	0.224721	0.020426	3.9
1790	-1.137893	325.733673	0.225035	0.010629	4.1
1791	-1.143854	326.709032	0.224404	0.028835	3.6
1792	-1.066740	326.983569	0.224227	0.016146	3.6
1793	-1.124556	326.660787	0.224435	0.011385	3.8
1794	-1.109706	326.743445	0.224381	0.024061	4.0
1795	-1.077474	326.367185	0.224624	0.014436	4.0
1796	-1.131694	326.045418	0.224833	0.015950	3.8
1797	-1.124787	325.568556	0.225142	0.016958	3.7
1798	-1.097255	326.002990	0.224860	0.027072	4.6
1799	-1.110072	326.815095	0.224335	0.010428	4.1
1800	-1.095265	326.537661	0.224514	0.017798	4.0
1801	-1.092319	326.523383	0.224523	0.006454	3.6
1802	-1.091614	326.262224	0.224692	0.008910	4.0
1803	-1.167874	326.170921	0.224751	0.020008	3.8
1804	-1.143293	326.020682	0.224849	0.014916	3.8
1805	-1.132468	325.662756	0.225081	0.017324	3.7
1806	-1.084747	325.224699	0.225366	0.020547	4.2
1807	-1.125245	326.037743	0.224838	0.019779	4.2
1808	-1.134251	325.552411	0.225153	0.020688	3.7
1809	-1.124356	325.081241	0.225459	0.033588	3.7
1810	-1.095073	324.723134	0.225693	0.013289	3.6
1811	-1.091899	325.721740	0.225043	0.016454	6.4
1812	-1.102256	325.296607	0.225319	0.015347	3.6
1813	-1.158331	325.649290	0.225090	0.028120	3.7
1814	-1.126517	325.781804	0.225004	0.016225	4.2
1815	-1.102587	326.519372	0.224526	0.019867	3.9
1816	-1.135435	326.484415	0.224549	0.036267	3.6
1817	-1.135246	325.998067	0.224863	0.023895	3.5
1818	-1.120087	326.760841	0.224370	0.016157	3.8
1819	-1.127936	326.345757	0.224638	0.013400	4.0
1820	-1.159230	325.883739	0.224937	0.017085	3.7
1821	-1.131081	325.915196	0.224917	0.019958	3.7
1822	-1.089627	325.436004	0.225228	0.024814	3.6
1823	-1.120429	325.057039	0.225475	0.013085	4.2
1824	-1.100085	324.724456	0.225692	0.018270	5.4
1825	-1.132663	324.396404	0.225906	0.021007	3.9
1826	-1.146350	325.393667	0.225256	0.022082	3.7
1827	-1.107428	326.373745	0.224620	0.021043	4.5
1828	-1.160613	325.888237	0.224935	0.018471	3.7
1829	-1.119953	326.581101	0.224486	0.021053	3.9
1830	-1.152525	327.258878	0.224049	0.030908	3.7
1831	-1.170728	326.944273	0.224252	0.029731	4.7
1832	-1.093133	327.913450	0.223629	0.016356	3.8
1833	-1.138741	327.472873	0.223912	0.016232	3.8
1834	-1.138278	327.152015	0.224118	0.016808	3.9
1835	-1.116333	327.812221	0.223694	0.018467	4.5
1836	-1.110514	328.387349	0.223326	0.010743	5.7
1837	-1.109925	328.753618	0.223092	0.019413	3.7
1838	-1.079617	329.065895	0.222893	0.014074	4.7
1839	-1.174247	329.295159	0.222747	0.018916	3.9
1840	-1.072390	330.176423	0.222188	0.012410	3.9
1841	-1.138828	330.401146	0.222046	0.022035	3.6
1842	-1.128062	330.057272	0.222263	0.023116	4.0
1843	-1.074511	331.057188	0.221632	0.014459	3.6
1844	-1.089040	330.597530	0.221922	0.012212	3.8
1845	-1.162381	331.397134	0.221418	0.013869	3.8
1846	-1.120605	331.753127	0.221195	0.018096	3.9
1847	-1.137573	331.334269	0.221458	0.019479	3.6
1848	-1.115440	330.864858	0.221753	0.016682	5.5
1849	-1.104988	330.698860	0.221858	0.020781	3.7
1850	-1.111391	330.231153	0.222153	0.013710	3.7
1851	-1.131943	329.825558	0.222410	0.020375	3.8
1852	-1.097494	329.542457	0.222590	0.017567	3.8
1853	-1.153531	330.202894	0.222171	0.027631	3.5
1854	-1.111459	330.786291	0.221803	0.016695	3.9
1855	-1.112030	331.776921	0.221180	0.017818	3.6
1856	-1.104876	331.292656	0.221484	0.024655	3.6
1857	-1.095149	331.563548	0.221314	0.013666	3.8
1858	-1.096286	331.175637	0.221557	0.017875	3.7
1859	-1.155532	330.706466	0.221853	0.014344	3.7
1860	-1.097419	330.394517	0.222050	0.018370	4.2
1861	-1.121234	331.219627	0.221530	0.016959	5.8
1862	-1.069451	330.744831	0.221829	0.024207	3.7
1863	-1.133724	330.259114	0.222136	0.009438	3.7
1864	-1.150622	330.156080	0.222201	0.014522	3.7
1865	-1.096341	330.207307	0.222168	0.017866	3.5
1866	-1.115554	330.652637	0.221887	0.027082	3.7
1867	-1.155195	331.651304	0.221259	0.019040	3.7
1868	-1.099856	331.206957	0.221538	0.015780	3.6
1869	-1.115271	331.122681	0.221591	0.016708	3.8
1870	-1.114802	331.676390	0.221243	0.022042	3.9
1871	-1.046897	331.195738	0.221545	0.021314	3.8
1872	-1.155196	331.613242	0.221283	0.014758	3.8
1873	-1.142128	331.550561	0.221322	0.017961	3.6
1874	-1.102475	332.291253	0.220858	0.019412	5.7
1875	-1.111510	332.612813	0.220657	0.019463	4.0
1876	-1.117169	332.129366	0.220959	0.013072	3.7
1877	-1.100691	331.645598	0.221262	0.016449	3.7
1878	-1.130427	332.527042	0.220711	0.019205	3.8
1879	-1.113134	332.134196	0.220956	0.031489	3.8
1880	-1.123740	331.755901	0.221193	0.019284	3.8
1881	-1.155950	331.720301	0.221215	0.030537	3.6
1882	-1.135688	331.573264	0.221308	0.018112	3.8
1883	-1.101906	332.554382	0.220693	0.028808	3.8
1884	-1.130543	333.553681	0.220071	0.019075	4.0
1885	-1.100257	333.132101	0.220333	0.017558	3.6
1886	-1.102693	333.675953	0.219996	0.028835	4.5
1887	-1.106423	333.190239	0.220297	0.025720	4.5
1888	-1.095858	332.703976	0.220600	0.022860	3.6
1889	-1.115655	332.220995	0.220902	0.011029	3.9
1890	-1.103826	332.649628	0.220634	0.020146	3.7
1891	-1.128101	332.324457	0.220837	0.017338	3.5
1892	-1.101310	333.271504	0.220247	0.019942	3.9
1893	-1.152645	333.465598	0.220126	0.019590	3.6
1894	-1.073270	334.454256	0.219514	0.024253	3.8
1895	-1.101555	335.454170	0.218898	0.024588	3.5
1896	-1.112492	336.454141	0.218286	0.024677	3.9
1897	-1.149668	336.227246	0.218424	0.013803	4.6
1898	-1.121509	337.150825	0.217861	0.021616	3.8
1899	-1.087306	338.112130	0.217278	0.017425	4.6
1900	-1.115098	337.643894	0.217562	0.023286	4.7
1901	-1.139032	337.330317	0.217752	0.023212	3.6
1902	-1.100239	338.315422	0.217155	0.033367	3.5
1903	-1.127461	337.965115	0.217367	0.015670	3.7
1904	-1.117933	337.648653	0.217559	0.026753	4.4
1905	-1.145968	337.190967	0.217837	0.006621	3.7
1906	-1.129028	337.005898	0.217949	0.020689	3.8
1907	-1.101034	336.950695	0.217983	0.026622	3.7
1908	-1.087332	336.498532	0.218259	0.019024	3.7
1909	-1.139994	337.474868	0.217664	0.027150	3.9
1910	-1.119753	337.642942	0.217562	0.020630	3.8
1911	-1.086904	337.156594	0.217858	0.021493	3.5
1912	-1.068230	338.080351	0.217297	0.019899	6.0
1913	-1.141008	338.035987	0.217324	0.024250	3.7
1914	-1.085397	337.551981	0.217617	0.025310	3.6
1915	-1.103452	338.545480	0.217016	0.017553	5.6
1916	-1.120520	338.436691	0.217082	0.021009	5.4
1917	-1.097678	338.047164	0.217317	0.013032	5.0
1918	-1.145239	338.905560	0.216799	0.029549	3.6
1919	-1.145052	338.685479	0.216932	0.026582	3.7
1920	-1.086570	339.354219	0.216529	0.033907	3.8
1921	-1.137950	338.867871	0.216822	0.018220	6.7
1922	-1.093659	339.867780	0.216221	0.019994	4.3
1923	-1.151891	339.391201	0.216507	0.021967	5.0
1924	-1.093666	339.080233	0.216694	0.021245	4.0
1925	-1.102120	340.076075	0.216096	0.016969	3.6
1926	-1.152138	340.981500	0.215556	0.030298	3.7
1927	-1.113260	340.504511	0.215840	0.020974	4.8
1928	-1.125368	341.504294	0.215245	0.015911	3.9
1929	-1.094204	341.219893	0.215414	0.023063	3.6
1930	-1.120748	340.738039	0.215701	0.015176	3.8
1931	-1.139873	340.277324	0.215976	0.014727	4.7
1932	-1.109835	339.874706	0.216217	0.025560	3.7
1933	-1.086606	339.412655	0.216494	0.021015	3.9
1934	-1.152668	340.303485	0.215960	0.020495	3.7
1935	-1.146460	339.867085	0.216221	0.023427	6.7
1936	-1.092867	340.865575	0.215625	0.015849	3.7
1937	-1.127121	340.381614	0.215913	0.011689	3.7
1938	-1.121135	339.904267	0.216199	0.018551	3.6
1939	-1.119319	339.763275	0.216284	0.011878	4.5
1940	-1.128710	339.357400	0.216527	0.014134	3.6
1941	-1.079951	339.713014	0.216314	0.018021	3.8
1942	-1.095227	339.266384	0.216582	0.021617	3.6
1943	-1.115000	340.262635	0.215985	0.022591	4.5
1944	-1.165427	339.776390	0.216276	0.022088	3.8
1945	-1.137511	340.772425	0.215680	0.018423	3.8
1946	-1.127994	341.762203	0.215092	0.025548	3.5
1947	-1.131214	342.762085	0.214501	0.023380	6.9
1948	-1.101495	343.762085	0.213912	0.013247	3.6
1949	-1.119031	343.279956	0.214196	0.017828	4.1
1950	-1.136819	342.968195	0.214379	0.021602	4.6
1951	-1.119901	343.965910	0.213793	0.018853	3.7
1952	-1.132128	343.563299	0.214029	0.019912	3.7
1953	-1.117903	343.119636	0.214290	0.019490	3.5
1954	-1.079714	343.013644	0.214352	0.023004	3.9
1955	-1.140150	343.509893	0.214060	0.035447	4.1
1956	-1.111886	343.023546	0.214346	0.013473	3.7
1957	-1.161821	344.012871	0.213765	0.022337	3.5
1958	-1.153753	343.526908	0.214050	0.018843	3.5
1959	-1.122076	344.526094	0.213465	0.022853	6.2
1960	-1.111971	345.202026	0.213071	0.019144	4.0
1961	-1.135510	346.135824	0.212529	0.027284	3.7
1962	-1.118382	346.605617	0.212258	0.012102	4.1
1963	-1.084988	346.436976	0.212355	0.013568	3.7
1964	-1.122898	346.213474	0.212484	0.023853	3.8
1965	-1.108977	345.752946	0.212751	0.027644	3.6
1966	-1.082534	346.752941	0.212173	0.021189	3.8
1967	-1.130987	347.752941	0.211597	0.019738	3.6
1968	-1.078842	347.267258	0.211876	0.015528	3.9
1969	-1.131413	348.202828	0.211340	0.020972	3.6
1970	-1.093498	347.732229	0.211609	0.019314	3.5
1971	-1.135715	348.247532	0.211314	0.016344	4.1
1972	-1.103208	347.772881	0.211586	0.014891	5.6
1973	-1.138291	348.758612	0.211022	0.016507	3.9
1974	-1.115946	348.502950	0.211168	0.012498	3.6
1975	-1.112608	348.421061	0.211215	0.020482	3.7
1976	-1.122320	348.770629	0.211015	0.013037	3.8
1977	-1.155126	349.521810	0.210587	0.024609	3.5
1978	-1.148803	349.118572	0.210817	0.015986	3.7
1979	-1.118267	348.999821	0.210884	0.011900	3.7
1980	-1.110763	348.564077	0.211133	0.015764	4.0
1981	-1.152349	348.374614	0.211241	0.014140	3.5
1982	-1.088635	347.929188	0.211496	0.019655	3.8
1983	-1.114871	348.181584	0.211352	0.015051	3.8
1984	-1.160060	348.322097	0.211271	0.020412	3.8
1985	-1.037487	348.370328	0.211244	0.021588	5.6
1986	-1.105734	347.884299	0.211522	0.014855	3.7
1987	-1.113875	348.658114	0.211079	0.018637	3.8
1988	-1.093975	348.204820	0.211338	0.017714	3.6
1989	-1.128328	348.883100	0.210951	0.016877	3.7
1990	-1.140764	349.871299	0.210389	0.020198	3.5
1991	-1.124656	349.716792	0.210476	0.013307	3.9
1992	-1.118496	350.256371	0.210171	0.020532	3.8
1993	-1.114351	349.916057	0.210363	0.015117	3.6
1994	-1.087795	349.442971	0.210632	0.016090	3.8
1995	-1.094194	349.024946	0.210870	0.018170	3.6
1996	-1.128374	348.605283	0.211109	0.021571	4.3
1997	-1.131687	348.118958	0.211388	0.023162	4.7
1998	-1.105582	348.920573	0.210929	0.024736	4.8
1999	-1.112517	349.920371	0.210361	0.011903	3.7
