1:ItNr	2:Metric	3a:Time	3b:StepSize	4:||Gradient||	Time[ms]
0	-0.978423	0.000000	10.033047	0.003285	2016.0
1	-0.977788	0.000000	10.033047	0.003957	2.5
2	-0.980378	0.000000	10.033047	0.003333	2.6
3	-0.980205	0.508256	9.795958	0.003247	2.6
4	-0.979862	0.404794	9.843308	0.005845	2.5
5	-0.979144	0.519898	9.790659	0.005192	2.5
6	-0.979921	0.350678	9.868257	0.003470	2.4
7	-0.978539	0.905914	9.618132	0.002986	2.4
8	-0.981479	1.035783	9.561447	0.002854	2.4
9	-0.981252	0.867666	9.634955	0.003144	2.5
10	-0.977829	1.031083	9.563487	0.004252	2.5
11	-0.980854	0.870769	9.633588	0.004126	2.5
12	-0.979565	1.143506	9.514933	0.003162	2.4
13	-0.980899	1.359880	9.422858	0.002962	4.5
14	-0.981644	1.523122	9.354564	0.003558	2.6
15	-0.980012	1.927076	9.189745	0.003546	2.4
16	-0.980858	2.509891	8.961929	0.006742	2.6
17	-0.980596	2.931715	8.803965	0.004407	2.8
18	-0.978908	3.870289	8.471714	0.001510	2.4
19	-0.979619	3.844776	8.480414	0.003997	4.4
20	-0.979887	3.840836	8.481759	0.002541	2.6
21	-0.980513	4.468415	8.272756	0.001240	2.5
22	-0.979100	4.432301	8.284503	0.001956	2.8
23	-0.979259	4.377768	8.302305	0.002522	2.4
24	-0.978799	4.320078	8.321222	0.002799	2.5
25	-0.979188	4.266530	8.338857	0.004554	3.2
26	-0.979793	4.455158	8.277064	0.001487	3.9
27	-0.983328	4.710736	8.194786	0.002146	3.2
28	-0.981676	4.645205	8.215726	0.002158	2.4
29	-0.980821	4.647270	8.215064	0.001328	2.6
30	-0.981032	4.600457	8.230087	0.003319	4.4
31	-0.981086	4.597769	8.230951	0.002352	2.6
32	-0.978327	4.898493	8.135376	0.003786	3.2
33	-0.980067	4.933212	8.124484	0.002410	2.4
34	-0.980541	5.097747	8.073263	0.002246	2.6
35	-0.983435	5.104103	8.071297	0.002724	2.7
36	-0.982006	5.181704	8.047375	0.002846	2.5
37	-0.980581	5.182206	8.047220	0.002912	2.5
38	-0.979518	5.259667	8.023482	0.002104	3.8
39	-0.979234	5.488920	7.954042	0.002849	3.0
40	-0.978000	5.461310	7.962341	0.003417	3.0
41	-0.979539	5.723602	7.884191	0.002757	3.4
42	-0.980113	6.290446	7.720430	0.002820	3.1
43	-0.980143	6.358017	7.701362	0.005156	2.5
44	-0.978410	6.801170	7.578601	0.003279	2.4
45	-0.978975	7.278828	7.450591	0.001689	2.9
46	-0.981503	7.569699	7.374736	0.002394	2.4
47	-0.982936	7.718933	7.336414	0.001854	2.5
48	-0.980193	7.618041	7.362278	0.001653	2.9
49	-0.978981	7.632100	7.358663	0.003104	2.5
50	-0.980041	7.643156	7.355823	0.001409	2.7
51	-0.978452	7.566578	7.375541	0.002693	4.6
52	-0.979806	7.689177	7.344023	0.003083	2.9
53	-0.978724	7.584723	7.370860	0.003005	2.5
54	-0.978584	8.102405	7.239745	0.001165	2.5
55	-0.981481	8.203013	7.214803	0.001993	2.7
56	-0.978829	8.204497	7.214436	0.002652	2.5
57	-0.983184	8.395758	7.167496	0.002153	4.2
58	-0.982051	8.695881	7.095057	0.001922	2.7
59	-0.982448	8.648225	7.106462	0.001979	2.6
60	-0.980378	8.719028	7.089531	0.003134	2.6
61	-0.980207	8.805725	7.068910	0.002852	2.7
62	-0.977044	9.308016	6.951758	0.002387	2.6
63	-0.980054	9.457713	6.917590	0.001999	3.5
64	-0.980843	9.531794	6.900806	0.001903	3.7
65	-0.979349	9.481074	6.912289	0.002285	2.8
66	-0.981362	9.572614	6.891592	0.001917	2.6
67	-0.982264	9.544922	6.897840	0.001651	3.7
68	-0.981647	9.493099	6.909563	0.003000	2.9
69	-0.980550	9.714723	6.859706	0.000865	2.7
70	-0.979888	9.717629	6.859057	0.003409	2.7
71	-0.981205	9.832734	6.833451	0.001388	2.5
72	-0.978638	9.894464	6.819797	0.002800	2.5
73	-0.978325	9.792904	6.842290	0.001497	2.9
74	-0.980359	9.959539	6.805462	0.001190	2.5
75	-0.979106	9.959335	6.805507	0.001526	2.7
76	-0.977241	10.031089	6.789771	0.002082	4.0
77	-0.978140	10.011753	6.794004	0.001950	3.3
78	-0.981933	10.116924	6.771041	0.002016	4.0
79	-0.978738	10.170223	6.759463	0.002610	2.5
80	-0.979089	10.335722	6.723763	0.002074	2.5
81	-0.976504	10.535675	6.681131	0.001807	2.7
82	-0.981582	10.618032	6.663729	0.002205	2.5
83	-0.979954	10.548512	6.678413	0.001517	2.7
84	-0.981940	10.500330	6.688628	0.003316	2.6
85	-0.978656	10.580749	6.671595	0.003323	3.0
86	-0.976782	11.029377	6.578148	0.004730	3.0
87	-0.981056	11.073914	6.569014	0.001845	2.4
88	-0.980505	11.309864	6.521042	0.004185	2.6
89	-0.980060	11.199827	6.543326	0.002022	5.4
90	-0.980320	11.124362	6.558698	0.001498	2.8
91	-0.979629	11.230556	6.537088	0.001243	2.9
92	-0.979089	11.173136	6.548755	0.001403	2.4
93	-0.982530	11.214845	6.540276	0.002221	2.5
94	-0.981084	11.237331	6.535714	0.002719	2.8
95	-0.982746	11.477919	6.487299	0.001230	2.5
96	-0.980261	11.405949	6.501707	0.002891	2.9
97	-0.979801	11.572922	6.468378	0.001141	2.5
98	-0.978106	11.598714	6.463260	0.001805	2.5
99	-0.981917	11.587364	6.465511	0.001735	2.8
100	-0.978317	11.583277	6.466323	0.001187	2.5
101	-0.979962	11.670330	6.449092	0.002879	3.9
102	-0.978303	11.712127	6.440852	0.003294	4.2
103	-0.980322	12.214620	6.343411	0.002300	3.0
104	-0.980731	12.026059	6.379628	0.002382	4.4
105	-0.979559	12.258378	6.335065	0.001966	2.5
106	-0.978639	12.466169	6.295730	0.002216	2.8
107	-0.983864	12.335960	6.320321	0.002158	2.4
108	-0.977498	12.356708	6.316390	0.002036	2.7
109	-0.977321	12.350692	6.317529	0.002769	2.5
110	-0.979575	12.468953	6.295207	0.002126	2.4
111	-0.981574	12.478695	6.293375	0.002747	2.8
112	-0.983520	12.412711	6.305803	0.002074	2.6
113	-0.980584	12.465083	6.295935	0.002222	2.4
114	-0.979864	12.493929	6.290512	0.001777	3.3
115	-0.982280	12.574373	6.275441	0.001803	4.6
116	-0.981225	12.601140	6.270441	0.004303	2.9
117	-0.981256	12.762055	6.240556	0.001540	2.6
118	-0.980133	13.085864	6.181271	0.000879	2.4
119	-0.980429	13.078886	6.182537	0.001097	2.9
120	-0.982141	13.107049	6.177432	0.002018	4.3
121	-0.978955	13.109976	6.176902	0.002335	3.0
122	-0.978486	13.225395	6.156071	0.001339	2.6
123	-0.977321	13.241819	6.153119	0.001081	2.5
124	-0.982503	13.203894	6.159941	0.002624	2.9
125	-0.980533	13.201006	6.160461	0.003025	2.7
126	-0.976324	13.522933	6.103015	0.002467	2.5
127	-0.980701	13.698115	6.072202	0.002385	3.9
128	-0.976882	13.509326	6.105421	0.002267	3.6
129	-0.978821	13.570171	6.094676	0.002352	3.5
130	-0.979279	13.743836	6.064212	0.005142	4.2
131	-0.978585	13.573394	6.094107	0.003247	4.5
132	-0.977383	14.353792	5.959586	0.003286	2.6
133	-0.981749	14.117143	5.999747	0.002674	2.9
134	-0.980519	14.048099	6.011566	0.001957	2.6
135	-0.976490	14.254436	5.976382	0.002214	2.8
136	-0.980552	14.238831	5.979029	0.001045	3.3
137	-0.978578	14.226035	5.981201	0.002302	2.5
138	-0.977713	14.188798	5.987530	0.001766	2.5
139	-0.981217	14.319735	5.965333	0.001722	5.1
140	-0.979219	14.420739	5.948322	0.002020	2.6
141	-0.978176	14.474391	5.939326	0.002212	3.0
142	-0.980568	14.482166	5.938025	0.003037	2.5
143	-0.979696	14.554173	5.925999	0.003117	2.5
144	-0.980056	14.953837	5.860125	0.001488	2.8
145	-0.978557	15.089629	5.838075	0.001627	2.7
146	-0.980945	15.016244	5.849971	0.001570	4.9
147	-0.979217	15.063231	5.842349	0.002694	2.5
148	-0.978990	15.184488	5.822771	0.003954	2.7
149	-0.978835	15.353425	5.795712	0.003536	2.6
150	-0.981093	15.272376	5.808662	0.001335	2.4
151	-0.977684	15.210730	5.818551	0.001711	3.3
152	-0.980102	15.163125	5.826210	0.003456	4.2
153	-0.980050	15.333312	5.798920	0.003860	2.8
154	-0.978261	15.240961	5.813697	0.001961	2.7
155	-0.980448	15.192085	5.821548	0.001759	2.4
156	-0.980432	15.318700	5.801253	0.002432	2.9
157	-0.980752	15.208248	5.818950	0.002189	3.8
158	-0.981097	15.269588	5.809109	0.003693	2.6
159	-0.978871	15.271913	5.808736	0.004393	2.8
160	-0.977381	15.743169	5.734235	0.004893	2.4
161	-0.980694	16.035419	5.688986	0.002042	2.9
162	-0.980751	16.161739	5.669648	0.004012	2.5
163	-0.979710	15.985749	5.696626	0.001878	2.4
164	-0.979375	15.971888	5.698762	0.000999	3.8
165	-0.980329	15.918992	5.706927	0.002968	4.0
166	-0.980426	15.984389	5.696835	0.002391	2.6
167	-0.978963	16.492986	5.619557	0.002007	3.9
168	-0.978613	16.419590	5.630579	0.002793	2.5
169	-0.979495	16.436435	5.628046	0.002428	2.7
170	-0.976942	16.699168	5.588823	0.002427	2.4
171	-0.979594	16.662452	5.594271	0.001796	2.5
172	-0.979799	16.689869	5.590202	0.002345	2.5
173	-0.980600	16.598560	5.603778	0.002328	2.5
174	-0.974717	16.478903	5.621669	0.003897	2.4
175	-0.979501	16.673316	5.592658	0.003680	3.1
176	-0.982464	17.236492	5.510285	0.001940	2.6
177	-0.980830	17.673531	5.448015	0.004662	2.4
178	-0.979913	17.557234	5.464447	0.001234	4.7
179	-0.981268	17.616856	5.456011	0.002867	2.8
180	-0.978987	17.768681	5.434644	0.002886	2.7
181	-0.978399	17.990982	5.403659	0.001475	2.4
182	-0.979677	18.073877	5.392195	0.001813	2.4
183	-0.983824	18.126497	5.384944	0.001570	3.5
184	-0.979849	18.201297	5.374669	0.002645	5.3
185	-0.978698	18.151258	5.381538	0.001131	2.5
186	-0.978927	18.220488	5.372039	0.001636	2.6
187	-0.977989	18.208264	5.373714	0.006730	2.5
188	-0.977557	18.189542	5.376281	0.003487	2.7
189	-0.977370	19.156869	5.246773	0.002042	2.5
190	-0.977658	19.083471	5.256381	0.002215	2.8
191	-0.979587	19.140935	5.248856	0.003153	4.6
192	-0.979496	19.114949	5.252256	0.002550	2.6
193	-0.982136	19.522012	5.199494	0.003382	2.5
194	-0.980757	19.450592	5.208675	0.002392	4.2
195	-0.979245	19.896380	5.151898	0.001800	2.7
196	-0.977503	19.942768	5.146061	0.002191	2.6
197	-0.980274	20.080901	5.128758	0.003448	2.5
198	-0.975052	20.385535	5.091005	0.002650	2.6
199	-0.979909	20.276305	5.104478	0.003240	2.7
200	-0.982446	20.306192	5.100784	0.001462	2.5
201	-0.981613	20.473521	5.080205	0.001902	2.5
202	-0.978183	20.398148	5.089454	0.002491	2.5
203	-0.979189	20.420351	5.086726	0.001553	2.7
204	-0.979657	20.453661	5.082639	0.002556	5.0
205	-0.978500	20.335691	5.097144	0.001765	2.4
206	-0.982120	20.417755	5.087045	0.001796	2.6
207	-0.979616	20.344614	5.096044	0.001928	2.4
208	-0.977434	20.290925	5.102670	0.001761	2.6
209	-0.979289	20.243980	5.108478	0.001994	2.5
210	-0.979667	20.256372	5.106944	0.002510	2.5
211	-0.978127	20.161995	5.118653	0.003839	4.3
212	-0.980318	20.109547	5.125184	0.001379	2.6
213	-0.982727	20.355197	5.094740	0.001710	2.5
214	-0.980092	20.263372	5.106078	0.002189	2.5
215	-0.979116	20.323645	5.098630	0.003412	2.4
216	-0.981176	20.681695	5.054832	0.002387	2.5
217	-0.978650	21.080797	5.006891	0.002144	3.6
218	-0.981294	21.247919	4.987085	0.002323	3.0
219	-0.978281	21.140361	4.999814	0.003507	2.6
220	-0.978642	21.599296	4.945950	0.005042	2.5
221	-0.981327	22.043648	4.894891	0.001777	2.4
222	-0.976791	22.500904	4.843439	0.006841	2.4
223	-0.979223	23.013471	4.787034	0.004450	4.1
224	-0.980949	23.993987	4.682714	0.002080	2.6
225	-0.979297	24.218332	4.659481	0.001548	2.6
226	-0.982009	24.271514	4.654008	0.003052	2.4
227	-0.979523	24.350455	4.645907	0.001239	2.4
228	-0.981701	24.490028	4.631652	0.001746	2.5
229	-0.980715	24.477859	4.632891	0.001772	2.4
230	-0.980257	24.427240	4.638054	0.002315	2.4
231	-0.980736	24.569080	4.623617	0.001639	4.8
232	-0.978340	24.695566	4.610819	0.001384	2.7
233	-0.978379	24.703828	4.609985	0.002244	2.5
234	-0.978416	24.737593	4.606582	0.003161	4.1
235	-0.978704	25.076885	4.572661	0.001697	2.5
236	-0.976198	24.995840	4.580718	0.002834	2.6
237	-0.980405	24.940021	4.586284	0.001346	2.5
238	-0.983040	24.970931	4.583200	0.003449	2.4
239	-0.978582	24.870815	4.593203	0.003292	2.4
240	-0.980519	25.563903	4.524835	0.001628	2.4
241	-0.979900	25.535509	4.527596	0.002377	2.4
242	-0.982815	25.475147	4.533476	0.002635	2.9
243	-0.978457	25.455299	4.535413	0.002308	2.5
244	-0.977785	25.333712	4.547315	0.002915	4.0
245	-0.978822	25.596362	4.521683	0.001144	3.7
246	-0.980212	25.511267	4.529956	0.002802	2.5
247	-0.979479	25.512598	4.529826	0.002070	3.1
248	-0.978488	25.557247	4.525482	0.001885	2.7
249	-0.977955	25.567191	4.524516	0.002547	2.6
250	-0.975829	25.853440	4.496873	0.001254	3.5
251	-0.980190	25.834316	4.498709	0.001404	4.0
252	-0.978939	25.819251	4.500157	0.001601	3.1
253	-0.984049	25.834737	4.498669	0.002467	2.5
254	-0.980424	25.995059	4.483322	0.002415	2.4
255	-0.978421	25.973183	4.485410	0.001318	3.0
256	-0.982181	25.955900	4.487061	0.001486	2.7
257	-0.979215	25.910699	4.491384	0.001423	5.4
258	-0.980866	25.943363	4.488259	0.002701	2.5
259	-0.976678	25.897587	4.492640	0.002337	2.5
260	-0.978553	25.983397	4.484435	0.002362	2.6
261	-0.979436	25.873726	4.494927	0.001658	3.9
262	-0.977382	25.851980	4.497013	0.002592	3.2
263	-0.976761	25.851497	4.497060	0.001712	2.6
264	-0.978476	25.717289	4.509979	0.001840	2.4
265	-0.979967	25.668751	4.514669	0.002588	2.7
266	-0.978116	25.753867	4.506450	0.004215	2.8
267	-0.980516	25.723885	4.509342	0.002031	2.5
268	-0.982793	25.931742	4.489371	0.002500	2.6
269	-0.977554	26.000099	4.482841	0.001664	3.3
270	-0.981225	26.093056	4.473992	0.003322	5.0
271	-0.977035	26.131477	4.470345	0.003594	4.0
272	-0.978769	26.175175	4.466205	0.003048	2.7
273	-0.980915	26.426708	4.442517	0.002047	2.5
274	-0.979529	26.654303	4.421300	0.002787	4.4
275	-0.980184	26.603023	4.426063	0.002052	2.5
276	-0.977852	26.661090	4.420671	0.002800	3.2
277	-0.980792	26.753435	4.412122	0.002333	3.0
278	-0.979609	27.000160	4.389443	0.001233	2.7
279	-0.980132	26.953197	4.393742	0.001843	3.3
280	-0.975428	26.887018	4.399814	0.002775	2.9
281	-0.981433	26.878539	4.400593	0.004973	5.8
282	-0.980722	27.122518	4.378283	0.002098	2.8
283	-0.978613	27.331153	4.359382	0.003107	2.8
284	-0.979018	27.247706	4.366922	0.001996	2.7
285	-0.976695	27.340399	4.358549	0.002233	2.8
286	-0.975502	27.483823	4.345655	0.002659	5.5
287	-0.981043	27.702563	4.326137	0.003131	2.8
288	-0.980124	27.721545	4.324452	0.001801	3.7
289	-0.981691	27.651294	4.330696	0.002122	2.7
290	-0.981197	27.643638	4.331378	0.002783	3.0
291	-0.979301	27.767575	4.320370	0.002383	2.7
292	-0.977989	27.733923	4.323354	0.001857	3.7
293	-0.979142	27.599104	4.335347	0.001257	3.4
294	-0.981811	27.612218	4.334177	0.001587	2.4
295	-0.979704	27.554052	4.339370	0.001941	2.6
296	-0.979740	27.599398	4.335321	0.001462	4.4
297	-0.980436	27.654086	4.330448	0.001532	2.5
298	-0.977432	27.696620	4.326665	0.002850	3.9
299	-0.979317	27.785067	4.318821	0.002303	3.3
300	-0.978140	27.845424	4.313484	0.004838	3.1
301	-0.982060	27.750596	4.321875	0.002420	2.5
302	-0.978171	28.315794	4.272343	0.003201	2.5
303	-0.980104	28.701178	4.239215	0.003800	3.0
304	-0.977955	29.098425	4.205601	0.003413	3.6
305	-0.976281	29.141725	4.201969	0.001996	3.5
306	-0.979474	29.109471	4.204674	0.001843	4.1
307	-0.981280	29.088630	4.206423	0.002344	3.6
308	-0.978345	28.972151	4.216228	0.001826	2.5
309	-0.980275	28.965845	4.216760	0.002660	2.4
310	-0.981143	29.087828	4.206491	0.002111	3.1
311	-0.980360	29.108012	4.204796	0.002099	2.7
312	-0.983153	29.071006	4.207904	0.002120	2.5
313	-0.979654	28.936313	4.219254	0.001395	2.8
314	-0.978635	28.952412	4.217894	0.002651	2.5
315	-0.981441	29.084971	4.206731	0.002631	2.4
316	-0.980967	28.899725	4.222347	0.003331	4.0
317	-0.980203	29.180598	4.198714	0.004848	3.3
318	-0.982676	29.187918	4.198102	0.001458	3.1
319	-0.976921	29.290853	4.189509	0.001957	2.5
320	-0.979990	29.367557	4.183129	0.004039	2.4
321	-0.980944	29.503082	4.171903	0.001665	2.9
322	-0.980846	29.755465	4.151158	0.002294	4.2
323	-0.977533	29.827867	4.145245	0.001772	3.2
324	-0.976793	29.981454	4.132757	0.001718	2.6
325	-0.978303	30.052795	4.126982	0.002973	2.5
326	-0.979217	29.950143	4.135297	0.002526	3.2
327	-0.981773	29.859072	4.142702	0.003226	2.7
328	-0.978799	29.709611	4.154912	0.004006	2.5
329	-0.981160	29.929765	4.136952	0.001843	5.4
330	-0.979109	30.000750	4.131194	0.001757	2.6
331	-0.981850	29.971456	4.133568	0.001893	2.7
332	-0.979846	29.978405	4.133004	0.002120	4.1
333	-0.978799	29.978694	4.132981	0.001886	3.0
334	-0.979941	30.021684	4.129499	0.002884	2.6
335	-0.978548	29.894747	4.139798	0.003215	2.5
336	-0.978049	30.288112	4.108047	0.004847	2.8
337	-0.981715	30.746666	4.071644	0.002379	2.8
338	-0.980047	31.110126	4.043244	0.001209	2.4
339	-0.981690	31.144900	4.040548	0.001215	2.8
340	-0.979295	31.143027	4.040693	0.002238	2.6
341	-0.979005	31.170127	4.038594	0.002047	2.6
342	-0.980057	31.291980	4.029183	0.001828	4.3
343	-0.980234	31.356874	4.024189	0.002674	3.0
344	-0.980393	31.431587	4.018455	0.002176	2.9
345	-0.977151	31.435491	4.018156	0.002116	2.5
346	-0.981194	31.572622	4.007675	0.002772	2.5
347	-0.979269	31.754864	3.993830	0.001518	2.8
348	-0.981374	31.741124	3.994871	0.002481	2.5
349	-0.981307	31.656880	4.001262	0.001272	4.3
350	-0.979445	31.728951	3.995793	0.002900	2.7
351	-0.979836	31.782932	3.991707	0.002755	2.6
352	-0.982263	32.157221	3.963600	0.001453	3.1
353	-0.982392	32.158239	3.963524	0.002459	2.4
354	-0.978778	32.225798	3.958494	0.001279	3.8
355	-0.978343	32.235735	3.957755	0.002491	4.2
356	-0.980215	32.226037	3.958476	0.001090	2.5
357	-0.979581	32.268479	3.955322	0.002014	2.8
358	-0.978718	32.171154	3.962562	0.003323	2.4
359	-0.982031	32.186812	3.961395	0.003494	4.5
360	-0.977580	31.926604	3.980871	0.001627	2.5
361	-0.979542	32.021699	3.973731	0.002666	2.6
362	-0.976992	32.006153	3.974897	0.002653	3.1
363	-0.979648	32.028201	3.973244	0.002692	2.4
364	-0.980069	31.919224	3.981426	0.000982	2.4
365	-0.980421	31.928688	3.980714	0.001874	3.0
366	-0.979868	31.963240	3.978117	0.003047	2.4
367	-0.980755	31.853996	3.986340	0.002202	3.5
368	-0.978265	31.783422	3.991670	0.002551	4.2
369	-0.978963	31.966451	3.977876	0.006852	2.5
370	-0.979502	32.190153	3.961146	0.001544	4.5
371	-0.980105	32.780274	3.917681	0.003298	2.5
372	-0.980669	32.639026	3.927998	0.002815	3.0
373	-0.979769	33.086128	3.895527	0.003723	2.4
374	-0.979528	32.880843	3.910369	0.003183	2.4
375	-0.980705	32.685468	3.924600	0.003662	2.5
376	-0.980349	33.037642	3.899022	0.002912	3.1
377	-0.977994	33.182789	3.888578	0.001728	2.5
378	-0.977415	33.096704	3.894766	0.001991	3.2
379	-0.982293	33.088738	3.895339	0.002884	2.4
380	-0.980066	32.984996	3.902825	0.002302	3.5
381	-0.981506	32.810855	3.915455	0.001584	4.1
382	-0.979744	32.899286	3.909031	0.001949	2.5
383	-0.979644	32.780643	3.917655	0.002183	3.0
384	-0.980151	32.823814	3.914512	0.001552	2.5
385	-0.978467	32.807538	3.915696	0.002982	2.5
386	-0.980009	32.919064	3.907597	0.001761	4.9
387	-0.980315	32.975620	3.903503	0.001932	2.4
388	-0.980697	32.935827	3.906383	0.001356	3.2
389	-0.979720	32.872316	3.910988	0.002289	2.5
390	-0.980576	32.934055	3.906511	0.002889	2.6
391	-0.980826	32.786882	3.917200	0.001692	2.9
392	-0.979677	32.880197	3.910416	0.003305	2.5
393	-0.982249	33.131334	3.892274	0.001321	5.3
394	-0.980304	33.365427	3.875514	0.003276	2.7
395	-0.980885	33.476384	3.867620	0.001644	2.9
396	-0.977854	33.542198	3.862954	0.001222	2.6
397	-0.980681	33.524065	3.864238	0.001672	3.9
398	-0.980418	33.553433	3.862158	0.002671	3.1
399	-0.981389	33.684121	3.852928	0.001769	2.6
400	-0.980314	33.736424	3.849246	0.001539	3.3
401	-0.977584	33.695163	3.852150	0.001891	3.3
402	-0.979529	33.805377	3.844403	0.002804	2.5
403	-0.976480	33.643208	3.855813	0.001290	2.4
404	-0.979003	33.520272	3.864507	0.001344	3.9
405	-0.978908	33.506093	3.865512	0.002266	4.7
406	-0.980232	33.501278	3.865854	0.004220	5.4
407	-0.981015	33.769503	3.846921	0.002039	3.3
408	-0.977349	34.060325	3.826603	0.002606	2.5
409	-0.980172	34.103826	3.823582	0.004304	2.9
410	-0.981106	34.246315	3.813720	0.002187	2.6
411	-0.981426	34.685402	3.783648	0.001239	2.4
412	-0.976729	34.624353	3.787801	0.002623	2.4
413	-0.980032	34.611738	3.788660	0.001795	3.0
414	-0.979800	34.545444	3.793182	0.002517	2.6
415	-0.978597	34.392663	3.803644	0.002086	3.1
416	-0.977940	34.488995	3.797041	0.002292	2.4
417	-0.977816	34.426147	3.801346	0.001622	3.7
418	-0.982103	34.582352	3.790663	0.002476	4.0
419	-0.979217	34.523336	3.794692	0.002202	2.5
420	-0.979429	34.678694	3.784104	0.002962	2.9
421	-0.977290	34.549278	3.792920	0.001702	2.5
422	-0.977524	34.554097	3.792591	0.002882	4.7
423	-0.980325	34.460178	3.799014	0.002400	2.5
424	-0.979064	34.363560	3.805644	0.003599	2.6
425	-0.981215	34.556597	3.792421	0.004347	3.2
426	-0.979511	34.720161	3.781288	0.003219	2.8
427	-0.980912	35.416379	3.734624	0.001319	2.8
428	-0.980417	35.479520	3.730449	0.001876	2.5
429	-0.981256	35.504903	3.728773	0.003250	3.3
430	-0.979439	35.507031	3.728633	0.003632	3.8
431	-0.980450	35.531659	3.727009	0.002656	2.7
432	-0.977925	35.716004	3.714895	0.003849	4.4
433	-0.980547	35.832617	3.707272	0.001497	2.6
434	-0.978578	35.955271	3.699288	0.002226	2.6
435	-0.977931	35.947054	3.699822	0.001839	3.1
436	-0.980681	36.109341	3.689308	0.001868	2.4
437	-0.979808	36.085061	3.690878	0.001751	2.4
438	-0.980386	36.079134	3.691261	0.001920	3.0
439	-0.982537	36.071916	3.691728	0.002040	2.4
440	-0.977940	35.970007	3.698332	0.002088	2.5
441	-0.978994	36.005078	3.696056	0.006804	2.7
442	-0.979402	35.752090	3.712532	0.002235	3.6
443	-0.981642	36.590994	3.658454	0.002562	3.6
444	-0.980339	36.595881	3.658143	0.001496	2.8
445	-0.980639	36.704527	3.651256	0.001844	3.2
446	-0.977169	36.694073	3.651917	0.002175	2.8
447	-0.980214	36.615780	3.656880	0.003017	2.4
448	-0.981334	36.733012	3.649454	0.001154	3.2
449	-0.982029	36.707602	3.651061	0.002492	2.5
450	-0.978738	36.798840	3.645298	0.002006	2.5
451	-0.979948	36.986281	3.633514	0.001457	2.8
452	-0.982090	36.969762	3.634550	0.002030	2.4
453	-0.978443	37.009020	3.632090	0.003618	2.4
454	-0.982639	37.096835	3.626600	0.001951	2.7
455	-0.980717	37.103894	3.626159	0.002884	4.7
456	-0.977831	37.245411	3.617349	0.003557	3.3
457	-0.980363	37.306665	3.613549	0.002416	2.5
458	-0.976204	37.207316	3.619716	0.002193	2.4
459	-0.980236	37.134083	3.624276	0.001418	3.9
460	-0.978504	37.282536	3.615045	0.002196	3.2
461	-0.979811	37.315438	3.613005	0.002041	2.8
462	-0.979197	37.379697	3.609028	0.001488	2.5
463	-0.981505	37.429877	3.605929	0.001248	2.4
464	-0.978636	37.378487	3.609103	0.002995	2.5
465	-0.980234	37.449902	3.604693	0.001927	2.7
466	-0.979741	37.487664	3.602366	0.001368	2.5
467	-0.980660	37.425062	3.606226	0.002996	2.9
468	-0.979716	37.546800	3.598727	0.002498	4.6
469	-0.981713	37.597576	3.595609	0.001519	2.6
470	-0.980196	37.767333	3.585223	0.000845	4.3
471	-0.979703	37.785766	3.584099	0.002392	2.9
472	-0.980989	37.768093	3.585176	0.002061	2.6
473	-0.980504	37.754237	3.586022	0.001959	2.5
474	-0.979330	37.723101	3.587923	0.003514	3.5
475	-0.977958	37.935182	3.575012	0.001661	2.5
476	-0.980174	37.866725	3.579169	0.002260	2.7
477	-0.978618	37.894047	3.577509	0.002321	2.5
478	-0.977591	37.751637	3.586181	0.002293	2.9
479	-0.979984	37.923578	3.575716	0.001926	2.9
480	-0.978465	37.939429	3.574754	0.003099	3.3
481	-0.977122	38.036096	3.568901	0.003584	4.1
482	-0.978909	38.403494	3.546828	0.003192	2.7
483	-0.981487	38.652302	3.532034	0.003585	2.6
484	-0.979257	38.389733	3.547650	0.002206	2.8
485	-0.978689	38.451552	3.543961	0.004219	2.5
486	-0.979741	38.274258	3.554561	0.003891	3.6
487	-0.978294	38.318850	3.551889	0.001990	2.6
488	-0.979050	38.395228	3.547322	0.001929	2.5
489	-0.979469	38.423938	3.545608	0.001673	2.9
490	-0.980549	38.352817	3.549856	0.002041	2.4
491	-0.979984	38.398665	3.547116	0.002470	3.0
492	-0.982307	38.560363	3.537486	0.002615	3.2
493	-0.977602	38.588138	3.535838	0.002155	3.8
494	-0.982252	38.534272	3.539037	0.002756	3.0
495	-0.980467	38.834066	3.521305	0.002260	2.8
496	-0.977047	38.927765	3.515799	0.001933	2.4
497	-0.981019	38.986853	3.512336	0.001301	4.1
498	-0.979805	38.924121	3.516013	0.003522	2.5
499	-0.981051	38.750294	3.526242	0.002496	2.6
500	-0.978484	38.587765	3.535860	0.001601	2.8
501	-0.979007	38.456378	3.543673	0.002112	2.4
502	-0.981401	38.535745	3.538949	0.001891	2.7
503	-0.981270	38.463918	3.543224	0.002048	2.8
504	-0.980005	38.439293	3.544692	0.001880	2.4
505	-0.979828	38.440596	3.544614	0.002278	3.2
506	-0.977806	38.377936	3.548355	0.001660	3.6
507	-0.979252	38.382964	3.548054	0.001786	3.6
508	-0.979644	38.383870	3.548000	0.003297	4.2
509	-0.982075	38.291952	3.553500	0.004633	2.9
510	-0.980262	38.988720	3.512227	0.002232	2.6
511	-0.977870	39.411701	3.487635	0.002042	2.4
512	-0.978360	39.418038	3.487269	0.002053	2.9
513	-0.980263	39.323572	3.492730	0.002462	2.4
514	-0.982390	39.255485	3.496677	0.002487	2.5
515	-0.977558	39.251638	3.496900	0.002940	2.8
516	-0.980979	39.169252	3.501689	0.001411	2.5
517	-0.980491	39.413424	3.487536	0.002556	2.4
518	-0.982485	39.391924	3.488777	0.003034	3.2
519	-0.977112	39.411382	3.487654	0.001314	4.2
520	-0.978626	39.542642	3.480092	0.002049	2.9
521	-0.975410	39.559249	3.479138	0.001923	2.6
522	-0.977773	39.610153	3.476216	0.001321	3.0
523	-0.978852	39.685550	3.471897	0.002312	2.7
524	-0.981234	39.720346	3.469907	0.002200	4.0
525	-0.980739	39.842360	3.462949	0.002935	3.0
526	-0.982081	39.756329	3.467852	0.002414	2.6
527	-0.983730	39.956938	3.456440	0.001724	2.5
528	-0.982368	39.982239	3.455006	0.001542	3.0
529	-0.978638	40.048889	3.451234	0.001596	2.7
530	-0.981653	40.036358	3.451942	0.002894	2.5
531	-0.982608	39.989976	3.454567	0.001444	3.1
532	-0.980152	40.022915	3.452703	0.001968	3.6
533	-0.979265	40.047410	3.451317	0.001288	3.1
534	-0.978945	40.051765	3.451071	0.001837	2.6
535	-0.976956	39.995652	3.454246	0.003384	4.6
536	-0.977482	40.012108	3.453314	0.001952	2.6
537	-0.980098	40.177121	3.444000	0.002286	2.5
538	-0.980127	40.162301	3.444834	0.001535	3.0
539	-0.978370	40.173679	3.444193	0.002985	2.6
540	-0.978409	40.209005	3.442206	0.001421	2.6
541	-0.977436	40.411571	3.430851	0.002017	2.8
542	-0.979373	40.335144	3.435127	0.001764	2.5
543	-0.978150	40.418788	3.430448	0.001571	2.5
544	-0.975968	40.447206	3.428862	0.001582	3.8
545	-0.978959	40.536431	3.423890	0.001803	3.6
546	-0.977837	40.459521	3.428175	0.001408	3.7
547	-0.979638	40.494811	3.426207	0.001543	2.6
548	-0.981532	40.572237	3.421899	0.002419	3.0
549	-0.981121	40.566800	3.422201	0.001842	2.5
550	-0.977709	40.736021	3.412821	0.002742	2.5
551	-0.979804	40.671937	3.416367	0.001457	3.2
552	-0.975883	40.732982	3.412989	0.001104	2.6
553	-0.978162	40.731084	3.413094	0.002206	2.6
554	-0.981788	40.701569	3.414726	0.003356	2.9
555	-0.980105	40.629311	3.418730	0.002030	2.5
556	-0.978323	40.447192	3.428863	0.001562	2.4
557	-0.980003	40.547124	3.423295	0.002896	4.0
558	-0.978781	40.549219	3.423179	0.001414	3.0
559	-0.980557	40.513219	3.425182	0.001480	3.1
560	-0.980123	40.492186	3.426354	0.002248	2.6
561	-0.982732	40.515039	3.425081	0.001607	2.5
562	-0.979528	40.641067	3.418078	0.001559	4.6
563	-0.979516	40.740000	3.412601	0.001259	2.4
564	-0.982802	40.763546	3.411300	0.003306	2.7
565	-0.980705	40.880918	3.404830	0.002696	2.5
566	-0.980996	41.001543	3.398205	0.001914	2.4
567	-0.982349	41.056920	3.395173	0.001716	2.9
568	-0.982980	41.119339	3.391761	0.001533	3.0
569	-0.981201	41.208885	3.386879	0.001970	2.5
570	-0.981958	41.296674	3.382106	0.001099	4.9
571	-0.981353	41.211270	3.386749	0.002099	2.5
572	-0.977364	41.234353	3.385493	0.002815	2.9
573	-0.980738	41.288620	3.382544	0.001431	4.1
574	-0.977939	41.338143	3.379857	0.001875	3.0
575	-0.979224	41.357823	3.378790	0.003859	2.5
576	-0.981393	41.433432	3.374698	0.002137	2.4
577	-0.980823	41.496431	3.371296	0.001811	3.0
578	-0.979600	41.370844	3.378084	0.002719	2.4
579	-0.980423	41.336053	3.379970	0.001415	2.4
580	-0.979838	41.310081	3.381379	0.001999	2.8
581	-0.976493	41.352924	3.379055	0.002134	2.7
582	-0.979045	41.319931	3.380844	0.001215	2.4
583	-0.980575	41.261850	3.383998	0.002216	3.9
584	-0.979913	41.171319	3.388926	0.001474	3.2
585	-0.979672	41.196238	3.387568	0.002296	2.9
586	-0.980442	41.267387	3.383697	0.001778	2.6
587	-0.980165	41.240450	3.385162	0.001737	2.4
588	-0.978943	41.231177	3.385666	0.001689	2.8
589	-0.977765	41.299311	3.381963	0.002259	4.1
590	-0.980339	41.299187	3.381970	0.001433	2.9
591	-0.982065	41.474449	3.372482	0.002313	2.5
592	-0.979994	41.422924	3.375266	0.002189	2.5
593	-0.979426	41.277154	3.383166	0.001596	2.8
594	-0.977962	41.253940	3.384428	0.001846	2.5
595	-0.980416	41.258976	3.384154	0.003134	2.5
596	-0.980954	41.524914	3.369760	0.003646	3.9
597	-0.976812	42.088721	3.339646	0.002763	3.4
598	-0.977340	42.186942	3.334454	0.002210	2.7
599	-0.979285	42.456222	3.320304	0.003430	2.9
600	-0.980309	42.712978	3.306924	0.002824	4.0
601	-0.978654	43.227920	3.280411	0.002315	2.8
602	-0.981795	43.436640	3.269785	0.001911	2.7
603	-0.982344	43.508042	3.266166	0.002024	2.5
604	-0.978131	43.374379	3.272948	0.001469	2.6
605	-0.982210	43.417594	3.270752	0.002947	2.5
606	-0.981279	43.284444	3.277527	0.002409	2.5
607	-0.978099	43.273444	3.278088	0.001992	2.7
608	-0.980107	43.253676	3.279096	0.001322	2.5
609	-0.981769	43.188203	3.282441	0.002619	5.4
610	-0.978416	43.229717	3.280319	0.001433	5.2
611	-0.976806	43.181788	3.282769	0.002016	2.8
612	-0.979104	43.214010	3.281122	0.001987	2.5
613	-0.979150	43.279334	3.277787	0.003188	2.5
614	-0.979123	43.370724	3.273134	0.001777	2.9
615	-0.978960	43.241927	3.279696	0.003040	2.5
616	-0.982258	43.479855	3.267594	0.001944	2.5
617	-0.982153	43.541888	3.264453	0.001409	2.7
618	-0.979459	43.627983	3.260104	0.002867	2.6
619	-0.981067	43.541759	3.264460	0.002318	3.7
620	-0.980769	43.535385	3.264782	0.002147	2.5
621	-0.980438	43.708148	3.256066	0.003572	4.8
622	-0.978019	43.639136	3.259542	0.001670	2.5
623	-0.978666	43.748062	3.254058	0.001384	2.5
624	-0.979475	43.783634	3.252272	0.001578	3.0
625	-0.978274	43.792791	3.251812	0.001675	2.4
626	-0.981428	43.837091	3.249590	0.001209	2.5
627	-0.978794	43.825823	3.250155	0.002699	4.2
628	-0.976807	43.836280	3.249631	0.003487	2.8
629	-0.981927	43.874433	3.247720	0.002803	2.8
630	-0.977849	44.373451	3.222929	0.002559	2.5
631	-0.981476	44.221795	3.230423	0.001822	2.4
632	-0.977630	44.145405	3.234211	0.002900	2.5
633	-0.977847	44.139398	3.234509	0.002161	2.5
634	-0.980803	44.028614	3.240020	0.001286	5.2
635	-0.980115	44.059641	3.238474	0.001975	2.6
636	-0.981595	44.044719	3.239217	0.002134	2.4
637	-0.982324	43.931161	3.244882	0.002348	2.8
638	-0.982690	43.964101	3.243237	0.002787	4.4
639	-0.979731	43.883756	3.247253	0.002144	2.6
640	-0.980006	43.735293	3.254700	0.002042	2.7
641	-0.978709	43.659051	3.258538	0.002990	2.4
642	-0.980951	43.807289	3.251085	0.002535	3.0
643	-0.982600	44.095966	3.236667	0.002228	2.5
644	-0.981956	44.010292	3.240933	0.001426	2.4
645	-0.980285	44.097379	3.236597	0.002119	2.8
646	-0.980879	44.010582	3.240918	0.003602	2.9
647	-0.981945	43.988874	3.242001	0.001201	4.8
648	-0.977112	44.116504	3.235646	0.002048	3.0
649	-0.980891	44.035230	3.239690	0.002007	3.0
650	-0.979674	43.903707	3.246255	0.002366	3.2
651	-0.978121	44.041890	3.239358	0.001717	2.4
652	-0.980128	44.055263	3.238692	0.002384	2.4
653	-0.976498	44.104462	3.236245	0.002495	2.7
654	-0.978545	44.220152	3.230504	0.001735	4.3
655	-0.978278	44.267058	3.228183	0.001941	2.7
656	-0.982382	44.366257	3.223283	0.001146	2.4
657	-0.981736	44.313099	3.225907	0.001667	2.5
658	-0.981414	44.246947	3.229178	0.001897	2.7
659	-0.981100	44.200637	3.231471	0.001485	5.1
660	-0.978609	44.180956	3.232447	0.001660	2.7
661	-0.981071	44.193369	3.231831	0.001702	2.5
662	-0.981477	44.094387	3.236746	0.001639	2.7
663	-0.978791	44.073924	3.237764	0.001220	2.5
664	-0.978741	44.102111	3.236362	0.001956	4.5
665	-0.981293	44.049309	3.238989	0.002409	2.6
666	-0.979454	43.895275	3.246677	0.002462	2.5
667	-0.979352	44.019896	3.240454	0.001578	2.4
668	-0.978062	44.087553	3.237086	0.002749	2.8
669	-0.980095	44.154887	3.233740	0.001576	2.6
670	-0.978726	44.233398	3.229848	0.001137	2.9
671	-0.979866	44.270749	3.228000	0.002219	3.8
672	-0.979834	44.288609	3.227117	0.002750	3.7
673	-0.981467	44.209492	3.231032	0.001848	2.5
674	-0.978882	44.082037	3.237360	0.002658	4.0
675	-0.979786	43.993587	3.241766	0.001406	2.8
676	-0.978458	43.961804	3.243352	0.002021	2.6
677	-0.980499	44.016153	3.240640	0.003416	2.4
678	-0.981544	43.864922	3.248196	0.002282	2.4
679	-0.980591	43.702408	3.256355	0.001912	3.1
680	-0.979955	43.657868	3.258598	0.001761	2.8
681	-0.982723	43.707867	3.256080	0.001308	3.0
682	-0.977679	43.704432	3.256253	0.004103	2.6
683	-0.979630	43.612579	3.260882	0.001809	3.7
684	-0.978943	43.451722	3.269020	0.002153	4.1
685	-0.978491	43.408439	3.271217	0.001760	2.9
686	-0.975420	43.261883	3.278677	0.002372	2.6
687	-0.980755	43.258963	3.278826	0.001903	2.6
688	-0.979995	43.321817	3.275622	0.001586	2.5
689	-0.981029	43.221254	3.280752	0.002115	2.9
690	-0.979492	43.383661	3.272476	0.001939	4.5
691	-0.981596	43.583708	3.262339	0.002736	2.5
692	-0.980900	43.515351	3.265796	0.002572	2.4
693	-0.978996	43.647740	3.259108	0.002474	2.9
694	-0.977029	43.718609	3.255539	0.002442	2.4
695	-0.981066	43.656202	3.258682	0.001413	2.5
696	-0.979936	43.732706	3.254830	0.002785	3.8
697	-0.982245	43.713633	3.255790	0.001030	3.2
698	-0.980205	43.675351	3.257717	0.001665	3.5
699	-0.979843	43.705670	3.256190	0.001957	2.6
700	-0.981011	43.627608	3.260123	0.002755	3.0
701	-0.975319	43.758425	3.253538	0.002245	6.5
702	-0.979408	43.781267	3.252391	0.002557	5.5
703	-0.978671	43.618900	3.260563	0.002991	2.5
704	-0.980685	43.907435	3.246068	0.001994	3.2
705	-0.978498	43.902131	3.246334	0.003682	4.9
706	-0.980530	44.211486	3.230934	0.001458	6.1
707	-0.981020	44.255130	3.228773	0.001601	3.5
708	-0.979913	44.292417	3.226929	0.002172	6.4
709	-0.980662	44.315326	3.225797	0.002354	3.8
710	-0.980522	44.431825	3.220054	0.001871	2.7
711	-0.980970	44.433197	3.219986	0.001821	3.0
712	-0.977367	44.487896	3.217296	0.001070	5.0
713	-0.980948	44.535029	3.214983	0.001513	3.4
714	-0.977491	44.507919	3.216313	0.002653	2.5
715	-0.979519	44.628529	3.210402	0.001186	3.2
716	-0.978304	44.611371	3.211242	0.002499	9.0
717	-0.981188	44.643071	3.209691	0.001778	2.9
718	-0.975822	44.786417	3.202697	0.001654	2.5
719	-0.980518	44.809364	3.201581	0.001595	4.0
720	-0.979432	44.791848	3.202433	0.002180	6.1
721	-0.981302	44.998981	3.192382	0.002664	3.4
722	-0.977686	44.988325	3.192898	0.001758	2.5
723	-0.978823	45.013782	3.191667	0.005674	3.1
724	-0.979299	45.335109	3.176206	0.002161	5.7
725	-0.982699	46.045380	3.142558	0.002263	4.2
726	-0.980334	46.121508	3.138993	0.002715	3.9
727	-0.980669	46.076956	3.141078	0.001433	5.4
728	-0.980462	46.176143	3.136441	0.002241	4.1
729	-0.981714	46.293546	3.130969	0.001331	2.4
730	-0.978511	46.242209	3.133359	0.003214	2.9
731	-0.979833	46.233498	3.133765	0.002434	4.7
732	-0.979740	46.175980	3.136448	0.002446	4.4
733	-0.979653	46.016543	3.143910	0.001818	2.9
734	-0.979733	45.935956	3.147695	0.001441	2.4
735	-0.981070	45.983879	3.145443	0.001404	4.6
736	-0.983101	45.917964	3.148541	0.002568	7.1
737	-0.977167	45.920012	3.148445	0.002413	2.6
738	-0.981600	45.777765	3.155152	0.001480	2.5
739	-0.980399	45.780750	3.155011	0.002020	4.0
740	-0.974562	45.741932	3.156846	0.001939	4.8
741	-0.979220	45.788443	3.154647	0.001378	3.8
742	-0.979460	45.721122	3.157830	0.001788	2.4
743	-0.981240	45.691311	3.159242	0.001479	3.4
744	-0.980269	45.707698	3.158466	0.001284	4.6
745	-0.979726	45.767784	3.155623	0.002570	5.7
746	-0.983150	45.786894	3.154720	0.001544	3.1
747	-0.981577	45.841041	3.152165	0.001398	3.9
748	-0.981122	45.896139	3.149569	0.002199	5.4
749	-0.980905	45.935383	3.147722	0.001349	2.7
750	-0.981016	45.914411	3.148709	0.002635	2.5
751	-0.979477	45.847600	3.151856	0.003334	3.1
752	-0.979329	45.772420	3.155404	0.001853	4.7
753	-0.978340	45.971147	3.146041	0.002071	4.1
754	-0.978169	46.030649	3.143248	0.001543	2.4
755	-0.980117	45.991986	3.145062	0.001390	3.4
756	-0.978476	45.968359	3.146172	0.001877	6.1
757	-0.979954	45.887302	3.149985	0.002063	3.9
758	-0.980585	46.019384	3.143777	0.001696	2.6
759	-0.977991	45.920419	3.148426	0.002995	2.9
760	-0.980069	46.022237	3.143643	0.002992	4.3
761	-0.981152	46.225839	3.134122	0.001562	6.5
762	-0.980809	46.084555	3.140723	0.001941	32.6
763	-0.977569	46.066271	3.141579	0.002357	12.7
764	-0.977909	46.077355	3.141060	0.001949	34.1
765	-0.981601	46.225258	3.134149	0.001312	35.1
766	-0.980627	46.236142	3.133642	0.001499	69.8
767	-0.980567	46.198586	3.135393	0.002196	5.2
768	-0.981613	46.153631	3.137492	0.003891	4.9
769	-0.978478	45.964925	3.146333	0.002218	5.0
770	-0.979263	46.204909	3.135098	0.001957	9.8
771	-0.979945	46.201740	3.135246	0.001886	5.2
772	-0.980272	46.348497	3.128414	0.002078	5.6
773	-0.980745	46.538556	3.119610	0.002801	8.2
774	-0.976442	46.723301	3.111100	0.001802	4.5
775	-0.980691	46.743450	3.110175	0.002607	4.6
776	-0.980590	46.603821	3.116599	0.003091	6.0
777	-0.978841	46.592807	3.117107	0.002454	5.7
778	-0.979898	46.807114	3.107255	0.002415	4.9
779	-0.978908	46.785688	3.108237	0.001780	6.1
780	-0.978935	46.891412	3.103397	0.001301	3.9
781	-0.983092	46.883818	3.103744	0.002105	3.3
782	-0.978037	46.928754	3.101691	0.002568	4.3
783	-0.978735	47.044115	3.096432	0.003265	4.9
784	-0.981109	46.991040	3.098849	0.002753	4.1
785	-0.977632	47.218007	3.088539	0.002116	4.4
786	-0.981133	47.204376	3.089156	0.002034	6.9
787	-0.980146	47.286819	3.085427	0.002167	3.0
788	-0.982953	47.327295	3.083599	0.003201	4.7
789	-0.981581	47.250866	3.087052	0.001616	9.2
790	-0.977905	47.421611	3.079348	0.001748	7.1
791	-0.978716	47.530073	3.074475	0.002388	8.0
792	-0.980447	47.505511	3.075577	0.003195	6.1
793	-0.980779	47.841653	3.060560	0.001724	7.7
794	-0.980175	47.798485	3.062480	0.002037	8.5
795	-0.979457	47.774873	3.063531	0.001448	6.6
796	-0.973345	47.764075	3.064012	0.006277	7.0
797	-0.980652	47.851996	3.060100	0.001568	5.3
798	-0.981851	48.068372	3.050513	0.002141	4.0
799	-0.981514	48.075079	3.050217	0.002365	3.9
800	-0.979919	48.227226	3.043513	0.002516	3.9
801	-0.978538	48.170183	3.046023	0.002758	5.5
802	-0.978661	48.148373	3.046984	0.003560	4.7
803	-0.978914	48.129144	3.047831	0.005878	4.6
804	-0.983032	48.808785	3.018158	0.002888	4.2
805	-0.982498	48.538479	3.029891	0.001999	4.8
806	-0.977255	48.421804	3.034983	0.001609	4.3
807	-0.980788	48.420181	3.035054	0.001270	4.7
808	-0.980258	48.443867	3.034019	0.001610	3.2
809	-0.979553	48.470493	3.032856	0.001944	3.1
810	-0.980475	48.362034	3.037598	0.001205	5.0
811	-0.981260	48.458753	3.033368	0.002881	4.7
812	-0.982111	48.527543	3.030367	0.001748	4.0
813	-0.978975	48.563144	3.028816	0.001494	4.8
814	-0.981873	48.587204	3.027769	0.002554	4.6
815	-0.983019	48.468103	3.032960	0.001237	2.7
816	-0.979420	48.431314	3.034567	0.002102	5.6
817	-0.980816	48.419810	3.035070	0.003026	5.9
818	-0.979319	48.288073	3.040841	0.003727	4.9
819	-0.981219	48.254542	3.042313	0.001954	5.9
820	-0.982283	48.673415	3.024023	0.003434	4.5
821	-0.978884	48.456984	3.033446	0.002284	5.9
822	-0.981938	48.743746	3.020973	0.001225	6.0
823	-0.978017	48.742314	3.021035	0.003323	3.1
824	-0.978170	48.772500	3.019728	0.001539	3.1
825	-0.979317	48.717390	3.022115	0.002660	4.8
826	-0.978328	48.705406	3.022635	0.001842	5.8
827	-0.977790	48.598772	3.027266	0.001773	5.0
828	-0.977348	48.602771	3.027092	0.002265	4.6
829	-0.978694	48.661460	3.024542	0.001746	4.4
830	-0.978733	48.674347	3.023982	0.001758	4.5
831	-0.978330	48.756035	3.020441	0.002664	3.2
832	-0.979689	48.879785	3.015092	0.002167	3.6
833	-0.980380	49.142208	3.003812	0.001689	2.8
834	-0.981156	49.116584	3.004909	0.001564	3.9
835	-0.980538	49.207949	3.000999	0.002744	3.1
836	-0.977335	49.162453	3.002945	0.001889	4.5
837	-0.979487	49.113388	3.005046	0.001712	4.8
838	-0.979219	49.099228	3.005653	0.001648	5.9
839	-0.978682	49.020954	3.009013	0.004219	3.0
840	-0.978393	48.852413	3.016273	0.001863	3.9
841	-0.982431	49.046031	3.007936	0.003368	5.6
842	-0.981971	49.060434	3.007318	0.001382	4.0
843	-0.979083	49.041748	3.008120	0.001851	3.1
844	-0.979055	48.932082	3.012837	0.000867	2.5
845	-0.981766	48.914265	3.013605	0.001925	5.0
846	-0.982202	48.933758	3.012765	0.002577	5.2
847	-0.979647	48.845737	3.016562	0.002473	3.3
848	-0.978982	49.105921	3.005366	0.002173	2.4
849	-0.980575	49.272202	2.998255	0.001359	2.5
850	-0.978809	49.232501	2.999950	0.002551	3.0
851	-0.978492	49.243956	2.999461	0.002060	4.3
852	-0.981719	49.196229	3.001500	0.001059	2.9
853	-0.980571	49.274710	2.998148	0.002111	2.4
854	-0.980306	49.314599	2.996447	0.002119	2.5
855	-0.980821	49.430593	2.991512	0.001764	3.4
856	-0.979124	49.474768	2.989637	0.002445	2.7
857	-0.978528	49.655191	2.982003	0.002817	3.1
858	-0.980155	49.635476	2.982835	0.002524	6.3
859	-0.981380	49.759593	2.977603	0.002511	5.3
860	-0.979834	49.974112	2.968603	0.001838	3.9
861	-0.979031	49.921149	2.970820	0.002435	3.5
862	-0.979124	50.058240	2.965089	0.001244	3.8
863	-0.979338	50.144963	2.961474	0.003131	4.4
864	-0.982465	50.220627	2.958328	0.002514	3.8
865	-0.979462	50.223955	2.958190	0.001468	3.7
866	-0.979993	50.188559	2.959661	0.001371	4.7
867	-0.980485	50.242869	2.957404	0.003213	5.9
868	-0.982254	50.404379	2.950715	0.001406	3.6
869	-0.978134	50.295211	2.955233	0.002100	3.7
870	-0.979778	50.175581	2.960200	0.001205	3.6
871	-0.978480	50.218222	2.958428	0.001353	5.7
872	-0.979560	50.237793	2.957615	0.002532	3.8
873	-0.979185	50.356971	2.952675	0.001764	3.7
874	-0.982287	50.383857	2.951563	0.002811	3.6
875	-0.981812	50.349498	2.952985	0.001633	5.1
876	-0.981474	50.406709	2.950619	0.001600	5.2
877	-0.983634	50.401173	2.950848	0.001858	5.1
878	-0.981090	50.314294	2.954442	0.002671	5.8
879	-0.979758	50.393187	2.951178	0.001345	5.4
880	-0.980170	50.278626	2.955921	0.001567	3.5
881	-0.977775	50.253522	2.956962	0.003100	4.3
882	-0.978515	50.455584	2.948601	0.002271	3.5
883	-0.978710	50.710840	2.938105	0.001937	2.8
884	-0.979478	50.618179	2.941906	0.001876	3.6
885	-0.980066	50.543723	2.944968	0.001409	2.9
886	-0.981788	50.563247	2.944165	0.001364	3.4
887	-0.979882	50.539518	2.945141	0.003393	3.1
888	-0.978673	50.637757	2.941102	0.002228	2.7
889	-0.978617	50.480823	2.947560	0.001483	2.5
890	-0.982302	50.411281	2.950430	0.001489	2.4
891	-0.978546	50.425098	2.949859	0.002614	2.6
892	-0.982401	50.431535	2.949593	0.004184	2.5
893	-0.978441	50.881571	2.931127	0.002006	2.5
894	-0.980300	50.881457	2.931131	0.002888	2.6
895	-0.977615	51.055880	2.924036	0.001874	2.4
896	-0.978969	50.870567	2.931575	0.002997	2.5
897	-0.978587	50.812435	2.933948	0.002238	2.7
898	-0.978192	50.994498	2.926529	0.003227	4.4
899	-0.977423	51.248735	2.916231	0.001761	2.4
900	-0.979451	51.362649	2.911640	0.001932	2.7
901	-0.978482	51.309234	2.913791	0.002245	2.5
902	-0.982163	51.280350	2.914955	0.001434	2.4
903	-0.978939	51.203539	2.918056	0.002013	2.4
904	-0.982141	51.357107	2.911863	0.003569	3.5
905	-0.979465	51.144414	2.920448	0.005021	2.6
906	-0.975840	50.929615	2.929169	0.001837	2.7
907	-0.979824	51.324795	2.913164	0.002782	2.5
908	-0.978719	51.398419	2.910201	0.002050	2.4
909	-0.981177	51.311896	2.913684	0.001713	2.5
910	-0.982475	51.251796	2.916107	0.002176	2.5
911	-0.980072	51.226594	2.917125	0.001495	3.2
912	-0.979568	51.265393	2.915558	0.001738	3.7
913	-0.981555	51.244336	2.916408	0.002936	2.4
914	-0.978901	51.104975	2.922045	0.001806	2.4
915	-0.977861	51.127887	2.921117	0.002447	3.7
916	-0.979060	50.979212	2.927150	0.003918	2.4
917	-0.980563	50.983365	2.926982	0.001734	2.5
918	-0.980862	51.211648	2.917728	0.002210	2.5
919	-0.981433	51.118504	2.921497	0.003076	2.4
920	-0.977927	51.461856	2.907654	0.003276	2.4
921	-0.979755	51.781558	2.894881	0.002793	2.6
922	-0.979747	51.738872	2.896580	0.002215	2.5
923	-0.980338	51.999079	2.886255	0.001607	2.4
924	-0.978234	51.894396	2.890400	0.001180	2.7
925	-0.979582	51.944990	2.888395	0.003188	4.4
926	-0.980940	52.017441	2.885529	0.002290	3.3
927	-0.979939	51.889593	2.890591	0.001424	2.7
928	-0.979445	52.026570	2.885169	0.001355	2.4
929	-0.979749	52.037999	2.884717	0.002207	2.7
930	-0.979807	52.006843	2.885948	0.003668	2.5
931	-0.978006	52.156605	2.880040	0.003098	2.4
932	-0.981507	52.077412	2.883161	0.001194	2.5
933	-0.978827	52.150829	2.880268	0.002992	2.5
934	-0.978403	52.037171	2.884750	0.002641	2.5
935	-0.980868	52.110153	2.881870	0.002403	2.7
936	-0.979477	51.902225	2.890090	0.001214	2.4
937	-0.978963	51.904354	2.890005	0.002567	2.4
938	-0.977571	51.936095	2.888748	0.001334	2.6
939	-0.983176	51.949083	2.888233	0.002587	3.7
940	-0.981172	52.024979	2.885232	0.001994	2.6
941	-0.981454	51.935176	2.888784	0.002536	2.7
942	-0.980998	52.096206	2.882420	0.002425	2.5
943	-0.982775	51.888490	2.890634	0.002942	2.5
944	-0.977741	51.744486	2.896357	0.001616	2.6
945	-0.978299	51.825638	2.893129	0.003285	3.2
946	-0.980540	51.790907	2.894510	0.001774	2.5
947	-0.979635	51.685085	2.898724	0.002507	2.7
948	-0.979267	51.572785	2.903209	0.000727	2.5
949	-0.973585	51.545170	2.904314	0.002677	2.4
950	-0.980505	51.594697	2.902333	0.001458	2.4
951	-0.981027	51.600702	2.902093	0.002901	2.5
952	-0.979336	51.638101	2.900599	0.001653	2.5
953	-0.980539	51.765388	2.895525	0.001962	4.7
954	-0.980012	51.791596	2.894482	0.002908	2.4
955	-0.981208	51.734511	2.896754	0.002450	2.4
956	-0.983315	52.042553	2.884537	0.003246	2.9
957	-0.981308	52.323306	2.873493	0.002931	2.7
958	-0.981976	52.447675	2.868627	0.002075	2.5
959	-0.980420	52.354920	2.872254	0.005704	2.6
960	-0.981541	53.034788	2.845878	0.003031	2.4
961	-0.982838	53.728168	2.819472	0.002169	2.5
962	-0.982544	54.126573	2.804520	0.001783	2.5
963	-0.980150	54.195812	2.801938	0.001503	2.5
964	-0.981334	54.225896	2.800817	0.002614	2.4
965	-0.981813	54.228858	2.800707	0.001623	2.6
966	-0.979661	54.154967	2.803460	0.002721	2.5
967	-0.980681	54.280391	2.798790	0.001754	4.3
968	-0.978119	54.464752	2.791952	0.002405	3.6
969	-0.981340	54.411651	2.793918	0.001181	2.4
970	-0.979136	54.470817	2.791728	0.002495	2.6
971	-0.978933	54.549992	2.788802	0.003017	2.5
972	-0.980202	54.864295	2.777248	0.001803	2.4
973	-0.981704	54.809599	2.779252	0.001722	2.6
974	-0.979793	54.820814	2.778841	0.002806	2.6
975	-0.980310	54.916114	2.775353	0.001488	2.4
976	-0.980951	54.996852	2.772404	0.002495	2.5
977	-0.980839	55.015067	2.771740	0.002309	2.4
978	-0.979360	54.928285	2.774908	0.001931	2.4
979	-0.979973	55.076037	2.769518	0.001214	2.4
980	-0.980324	55.070979	2.769702	0.002413	2.7
981	-0.978186	55.088441	2.769067	0.002115	4.3
982	-0.981833	55.222703	2.764189	0.004297	2.6
983	-0.979618	55.257522	2.762927	0.002554	2.4
984	-0.978824	55.710830	2.746600	0.001042	2.4
985	-0.981904	55.661242	2.748377	0.001608	2.4
986	-0.979753	55.692561	2.747254	0.001535	3.7
987	-0.980527	55.627100	2.749601	0.002510	2.4
988	-0.978597	55.637653	2.749223	0.001307	2.5
989	-0.980893	55.590635	2.750910	0.005064	2.5
990	-0.979971	55.613640	2.750084	0.000802	2.4
991	-0.981189	55.625560	2.749657	0.001821	2.5
992	-0.981598	55.652263	2.748699	0.001112	2.7
993	-0.981106	55.626137	2.749636	0.001737	2.4
994	-0.979591	55.714274	2.746477	0.001850	2.6
995	-0.980506	55.630565	2.749477	0.002237	4.5
996	-0.980453	55.829638	2.742353	0.001660	2.8
997	-0.981276	55.877532	2.740644	0.002725	3.7
998	-0.982097	55.730696	2.745889	0.002331	2.4
999	-0.978581	55.678287	2.747766	0.001386	2.4
