1:ItNr	2:Metric	3a:Time	3b:StepSize	4:||Gradient||	Time[ms]
0	-0.792738	0.000000	2166.702245	0.003003	3893.4
1	-0.807225	0.000000	2166.702245	0.004871	20.3
2	-0.765399	1.000000	2068.215779	0.004284	25.4
3	-0.789597	2.000000	1978.293354	0.004440	22.8
4	-0.783789	3.000000	1895.864464	0.004663	26.4
5	-0.793952	4.000000	1820.029885	0.004396	27.7
6	-0.766569	5.000000	1750.028736	0.004425	24.8
7	-0.804491	6.000000	1685.212857	0.005366	22.9
8	-0.803620	7.000000	1625.026683	0.005325	24.5
9	-0.791686	8.000000	1568.991281	0.003908	23.3
10	-0.783615	9.000000	1516.691571	0.004134	22.7
11	-0.809283	10.000000	1467.766037	0.004788	25.2
12	-0.802151	11.000000	1421.898348	0.003332	22.0
13	-0.794003	12.000000	1378.810519	0.004151	22.5
14	-0.790976	13.000000	1338.257269	0.004910	25.4
15	-0.801037	14.000000	1300.021347	0.004000	19.3
16	-0.812698	15.000000	1263.909643	0.004102	27.9
17	-0.794279	16.000000	1229.749923	0.004235	18.9
18	-0.801340	17.000000	1197.388083	0.004089	28.3
19	-0.795784	18.000000	1166.685824	0.003413	19.1
20	-0.794424	19.000000	1137.518678	0.004602	26.4
21	-0.808618	20.000000	1109.774320	0.005072	21.5
22	-0.808188	21.000000	1083.351122	0.003910	27.7
23	-0.815478	22.000000	1058.156910	0.004384	20.1
24	-0.817613	23.000000	1034.107889	0.004068	29.8
25	-0.818911	24.000000	1011.127714	0.004471	23.4
26	-0.807727	25.000000	989.146677	0.004283	24.6
27	-0.831109	26.000000	968.101003	0.004403	22.7
28	-0.801360	27.000000	947.932232	0.004271	24.9
29	-0.824189	28.000000	928.586676	0.004408	24.1
30	-0.810035	29.000000	910.014943	0.003463	22.6
31	-0.819323	30.000000	892.171512	0.004164	22.2
32	-0.810006	31.000000	875.014368	0.004339	25.8
33	-0.828997	32.000000	858.504663	0.003653	20.7
34	-0.812897	33.000000	842.606428	0.003866	26.3
35	-0.841837	34.000000	827.286312	0.003907	18.8
36	-0.824978	35.000000	812.513342	0.003985	28.5
37	-0.818979	36.000000	798.258722	0.004321	19.4
38	-0.820163	37.000000	784.495640	0.004950	27.8
39	-0.815979	38.000000	771.199104	0.004352	19.7
40	-0.830235	39.000000	758.345786	0.004038	25.5
41	-0.825843	40.000000	745.913887	0.003708	20.6
42	-0.841271	41.000000	733.883018	0.003268	24.5
43	-0.820174	42.000000	722.234082	0.003951	20.5
44	-0.819356	41.512385	727.867714	0.004802	22.4
45	-0.842965	42.512385	716.407466	0.004166	22.7
46	-0.839175	43.512385	705.302506	0.003288	22.1
47	-0.833305	44.512385	694.536564	0.003343	25.6
48	-0.809470	45.512385	684.094350	0.003733	18.9
49	-0.820737	45.049185	688.891874	0.004068	28.7
50	-0.827696	46.049185	678.617448	0.003914	18.9
51	-0.832723	47.049185	668.644993	0.003668	27.2
52	-0.828919	48.049185	658.961388	0.003617	20.6
53	-0.812100	48.201974	657.506489	0.002900	21.2
54	-0.807946	49.201974	648.140563	0.003320	26.8
55	-0.823172	50.138014	639.612274	0.003088	21.8
56	-0.830451	51.138014	630.745766	0.003873	24.8
57	-0.827376	52.138014	622.121718	0.003559	22.1
58	-0.838832	53.138014	613.730318	0.003352	25.4
59	-0.830817	54.138014	605.562278	0.003581	22.1
60	-0.806763	53.862858	607.788004	0.003591	23.9
61	-0.802018	54.862858	599.776336	0.003808	21.1
62	-0.833907	55.862858	591.973135	0.003548	24.6
63	-0.827118	56.862858	584.370369	0.003084	20.9
64	-0.827017	57.862858	576.960412	0.003558	25.1
65	-0.833276	58.862858	569.736022	0.003880	23.1
66	-0.808589	59.862858	562.690315	0.002719	22.3
67	-0.818471	60.862858	555.816742	0.003515	24.5
68	-0.837170	60.375244	559.147292	0.003349	21.4
69	-0.844648	61.375244	552.359485	0.003141	25.3
70	-0.842185	62.315234	546.127581	0.003129	20.1
71	-0.820288	63.315234	539.650370	0.003636	26.6
72	-0.846470	64.315221	533.325083	0.003201	19.7
73	-0.840423	65.315221	527.146276	0.003207	27.6
74	-0.819480	66.315221	521.108998	0.003094	19.7
75	-0.831499	67.315221	515.208441	0.003225	25.7
76	-0.844801	68.315221	509.440013	0.003279	20.7
77	-0.840572	69.315221	503.799325	0.003010	21.9
78	-0.834716	70.315221	498.282179	0.002761	24.2
79	-0.846473	71.315221	492.884563	0.003333	23.6
80	-0.841491	72.315221	487.602632	0.002845	22.6
81	-0.814513	73.315221	482.432706	0.003477	22.4
82	-0.840039	74.315221	477.371262	0.003301	26.1
83	-0.826916	75.315221	472.414919	0.003466	21.7
84	-0.836222	76.315221	467.560438	0.004197	26.5
85	-0.826886	77.315221	462.804710	0.003253	24.5
86	-0.828133	78.315221	458.144752	0.002843	27.0
87	-0.857090	79.315221	453.577701	0.003603	21.4
88	-0.847846	80.315221	449.100805	0.003885	26.2
89	-0.843741	81.315221	444.711421	0.002800	21.3
90	-0.824364	82.315221	440.407008	0.003092	27.4
91	-0.833221	83.267604	436.384317	0.003129	21.4
92	-0.834234	84.267604	432.238841	0.003866	27.1
93	-0.838845	85.267604	428.171384	0.003363	21.3
94	-0.819186	86.267604	424.179766	0.003384	26.9
95	-0.867778	87.267604	420.261883	0.003478	21.5
96	-0.844770	88.267604	416.415712	0.003295	23.4
97	-0.832545	89.267604	412.639302	0.003251	22.5
98	-0.848007	90.267604	408.930771	0.003272	21.0
99	-0.813103	91.267604	405.288307	0.003163	28.9
100	-0.850932	92.267532	401.710412	0.002883	22.6
101	-0.852195	93.267387	398.195394	0.003403	26.5
102	-0.871457	94.267387	394.740858	0.003351	19.0
103	-0.847058	95.267383	391.345758	0.002738	27.6
104	-0.835064	96.267382	388.008552	0.003534	19.4
105	-0.831306	97.267382	384.727778	0.003501	26.5
106	-0.837145	98.267382	381.502020	0.003281	21.3
107	-0.830501	99.267382	378.329904	0.003570	24.9
108	-0.857263	99.927477	376.264753	0.003121	21.7
109	-0.844273	100.927477	373.178781	0.002635	25.8
110	-0.860864	101.875876	370.298455	0.003060	21.2
111	-0.825507	102.875876	367.309185	0.003171	21.6
112	-0.828754	103.875613	364.368557	0.002583	25.2
113	-0.853449	104.875613	361.473886	0.003268	22.7
114	-0.865630	104.457835	362.677604	0.003274	24.3
115	-0.845750	105.457835	359.809631	0.003557	20.2
116	-0.841833	106.457835	356.986661	0.003849	28.0
117	-0.837787	106.949361	355.615274	0.003187	20.8
118	-0.841411	107.949361	352.857483	0.003301	26.0
119	-0.844734	108.949357	350.142149	0.002762	18.9
120	-0.829364	108.501797	351.352246	0.003342	28.2
121	-0.838462	109.501797	348.659929	0.003591	19.7
122	-0.836619	110.501797	346.008559	0.003220	21.2
123	-0.816791	111.501797	343.397209	0.003211	26.3
124	-0.842845	112.501797	340.824980	0.003312	20.4
125	-0.853896	113.501797	338.290999	0.003479	26.8
126	-0.848944	113.014182	339.521881	0.003325	21.2
127	-0.836468	114.014182	337.007168	0.004045	30.2
128	-0.832331	113.526568	338.228708	0.003084	21.8
129	-0.835237	114.526568	335.733044	0.003007	25.3
130	-0.860535	115.525011	333.277741	0.003583	23.0
131	-0.842768	116.525011	330.854344	0.003445	25.0
132	-0.850149	117.525011	328.465935	0.002829	22.1
133	-0.843180	118.525011	326.111763	0.003274	27.6
134	-0.844252	119.525004	323.791110	0.003354	23.3
135	-0.865050	120.525004	321.503238	0.003536	25.6
136	-0.838905	121.513656	319.272892	0.003106	25.7
137	-0.830937	122.513656	317.048205	0.002690	24.2
138	-0.854461	123.513656	314.854307	0.003589	25.4
139	-0.844340	124.502552	312.714426	0.003822	24.3
140	-0.827233	125.502552	310.579894	0.003314	20.9
141	-0.846347	126.502552	308.474304	0.002948	26.9
142	-0.821599	127.502552	306.397071	0.002853	20.1
143	-0.822743	128.502552	304.347628	0.003469	28.0
144	-0.845555	129.500042	302.330462	0.002776	19.6
145	-0.835736	130.500042	300.334882	0.003109	27.9
146	-0.853998	130.012427	301.304654	0.003063	19.9
147	-0.849470	131.012427	299.322548	0.002820	26.5
148	-0.863569	131.909996	297.565550	0.002480	20.9
149	-0.842149	131.422382	298.517493	0.003150	22.3
150	-0.839481	132.422262	296.572001	0.003522	23.7
151	-0.849621	133.422260	294.651477	0.002774	25.0
152	-0.851374	134.422260	292.755665	0.003076	22.1
153	-0.856158	133.934646	293.677032	0.002942	27.2
154	-0.840312	134.934643	291.793705	0.003359	22.6
155	-0.838374	135.934643	289.934372	0.003147	22.7
156	-0.847585	136.934643	288.098585	0.003034	24.4
157	-0.856990	137.934643	286.285899	0.003208	22.5
158	-0.835611	137.447182	287.166653	0.002546	23.9
159	-0.857701	138.447182	285.365639	0.003129	20.0
160	-0.841064	139.447087	283.587243	0.003877	27.6
161	-0.849912	140.447087	281.830709	0.004137	19.6
162	-0.854191	141.447087	280.095802	0.003067	27.5
163	-0.831780	142.447087	278.382123	0.002849	19.7
164	-0.848534	143.447087	276.689286	0.003578	26.6
165	-0.836166	144.447087	275.016912	0.003601	20.4
166	-0.863098	145.418774	273.411142	0.003769	21.5
167	-0.838456	146.418774	271.778045	0.003154	25.6
168	-0.837809	147.290270	270.370634	0.003861	22.6
169	-0.838116	148.290256	268.773573	0.003079	25.5
170	-0.853483	149.290256	267.195247	0.003400	23.3
171	-0.822258	150.290256	265.635350	0.002539	25.1
172	-0.852368	149.802642	266.393696	0.002870	23.0
173	-0.852619	150.802642	264.843117	0.003260	24.6
174	-0.853995	151.802642	263.310483	0.003759	26.4
175	-0.829477	152.802642	261.795486	0.002773	23.9
176	-0.860227	153.802642	260.297823	0.003326	21.1
177	-0.828501	154.790300	258.835369	0.003769	23.9
178	-0.834461	155.790300	257.371288	0.002679	22.9
179	-0.865504	156.790300	255.923676	0.002935	26.4
180	-0.846541	156.302685	256.627513	0.003615	18.7
181	-0.850082	157.302685	255.188233	0.003427	27.0
182	-0.856008	158.302685	253.765007	0.002613	18.9
183	-0.862033	159.302685	252.357568	0.002963	21.2
184	-0.822702	160.302685	250.965655	0.003080	25.4
185	-0.858842	161.302677	249.589024	0.003186	20.5
186	-0.877317	162.302676	248.227402	0.003715	25.4
187	-0.875160	163.302676	246.880555	0.003677	20.3
188	-0.843712	164.302676	245.548246	0.003628	28.9
189	-0.842697	165.302676	244.230239	0.003165	21.1
190	-0.835531	166.302676	242.926305	0.003163	26.7
191	-0.844875	167.302676	241.636221	0.003776	22.3
192	-0.850788	168.302676	240.359767	0.002957	28.5
193	-0.870765	169.302676	239.096727	0.003132	21.0
194	-0.836240	168.838516	239.681325	0.002594	28.6
195	-0.852661	168.365221	240.280379	0.002934	20.4
196	-0.858067	169.360046	239.024670	0.002298	25.1
197	-0.860637	168.887024	239.620097	0.003953	22.6
198	-0.864746	169.887024	238.364799	0.003745	26.9
199	-0.856509	169.401100	238.973132	0.002749	20.9
200	-0.854704	170.401100	237.724586	0.002846	27.2
201	-0.850967	169.913485	238.331761	0.002730	21.5
202	-0.862989	170.892435	237.115899	0.003767	21.7
203	-0.850675	171.892435	235.886634	0.003427	26.1
204	-0.863483	172.892430	234.670054	0.003588	21.8
205	-0.818237	173.892430	233.465954	0.002269	26.2
206	-0.853076	173.442378	234.006329	0.003121	20.9
207	-0.848979	172.954763	234.594636	0.003852	26.1
208	-0.842649	173.954763	233.391308	0.003085	20.2
209	-0.847488	174.954763	232.200261	0.002817	27.7
210	-0.859236	174.467149	232.779510	0.003254	19.6
211	-0.858408	175.417617	231.653086	0.003315	29.2
212	-0.866854	174.930002	232.229606	0.002835	19.5
213	-0.856053	175.930002	231.050356	0.002647	29.5
214	-0.855330	175.442388	231.623875	0.003185	19.3
215	-0.864681	176.442388	230.450754	0.002784	29.9
216	-0.836283	177.442388	229.289456	0.003212	21.0
217	-0.842131	178.442388	228.139803	0.002943	29.1
218	-0.854123	179.442011	227.002049	0.003036	18.8
219	-0.846045	180.442010	225.875165	0.003618	28.9
220	-0.853101	181.442010	224.759412	0.002875	19.3
221	-0.849157	182.442010	223.654629	0.003206	21.6
222	-0.856986	183.442010	222.560653	0.003394	26.6
223	-0.845265	182.954395	223.092751	0.003662	20.9
224	-0.848236	182.467404	223.626715	0.003500	26.1
225	-0.841611	181.979790	224.163929	0.003423	21.8
226	-0.842294	182.979790	223.064977	0.002817	26.2
227	-0.864535	183.406698	222.599101	0.003207	21.9
228	-0.843352	184.375796	221.548732	0.002838	25.2
229	-0.870325	185.375790	220.475217	0.002823	22.1
230	-0.844732	186.375790	219.412049	0.003179	25.6
231	-0.876465	187.375790	218.359086	0.002732	24.4
232	-0.835740	188.375790	217.316181	0.003057	26.8
233	-0.844892	189.375790	216.283190	0.002580	24.8
234	-0.842555	189.553434	216.100713	0.003230	26.3
235	-0.840996	189.065819	216.602336	0.002833	24.3
236	-0.856868	188.578205	217.106293	0.002904	21.7
237	-0.848455	188.090601	217.612589	0.003486	25.4
238	-0.846065	189.090601	216.576786	0.003030	23.2
239	-0.834128	190.090601	215.550796	0.003199	25.7
240	-0.865718	191.090601	214.534481	0.003160	25.5
241	-0.847178	190.602987	215.028851	0.002804	22.0
242	-0.831134	190.125883	215.514775	0.003225	25.7
243	-0.847495	189.638273	216.013673	0.003722	21.5
244	-0.867418	189.176228	216.488551	0.002852	26.1
245	-0.858684	188.688613	216.991979	0.002799	20.6
246	-0.831359	189.688613	215.962061	0.003040	27.2
247	-0.869587	189.802075	215.845822	0.003390	22.7
248	-0.878915	190.802075	214.826730	0.003008	26.1
249	-0.850820	191.802064	213.817227	0.003312	21.9
250	-0.874686	192.802064	212.817156	0.002899	25.4
251	-0.851202	193.802064	211.826397	0.003872	21.2
252	-0.848873	194.802064	210.844819	0.002752	25.9
253	-0.850884	195.800711	209.873607	0.003429	23.8
254	-0.854889	196.800711	208.910003	0.002941	25.4
255	-0.831594	197.800711	207.955207	0.003147	22.1
256	-0.857432	197.313096	208.419687	0.002819	26.1
257	-0.844960	196.825489	208.886239	0.003473	21.5
258	-0.885142	197.825468	207.931679	0.003373	26.7
259	-0.853571	198.810499	206.999881	0.004029	21.6
260	-0.857621	199.810499	206.062426	0.003467	28.1
261	-0.837879	200.810499	205.133424	0.002759	24.7
262	-0.871327	201.810499	204.212761	0.002689	24.8
263	-0.850848	202.810373	203.300439	0.003287	21.5
264	-0.845029	203.810373	202.396120	0.002874	24.9
265	-0.852963	204.810373	201.499810	0.003332	22.7
266	-0.850986	205.810373	200.611403	0.002618	25.7
267	-0.870259	206.810338	199.730826	0.002824	23.7
268	-0.849024	206.331865	200.151207	0.003633	23.7
269	-0.852794	207.331865	199.274627	0.002777	20.3
270	-0.862869	208.331865	198.405691	0.003460	25.8
271	-0.874473	207.844255	198.828444	0.002898	21.2
272	-0.844501	208.844255	197.963386	0.003269	22.8
273	-0.859698	209.840326	197.109179	0.002771	23.0
274	-0.836048	210.840326	196.258986	0.002626	21.1
275	-0.851207	211.840303	195.416114	0.003125	25.7
276	-0.866030	211.352688	195.826214	0.002956	19.2
277	-0.855196	212.352688	194.987028	0.002552	25.9
278	-0.851506	213.336409	194.168492	0.003568	20.1
279	-0.874278	214.336409	193.343424	0.002920	25.3
280	-0.869627	215.333322	192.527854	0.003753	22.2
281	-0.833309	216.333322	191.716641	0.002669	23.1
282	-0.835007	217.333230	190.912309	0.002496	20.4
283	-0.873117	216.845615	191.303704	0.002974	26.9
284	-0.857569	216.466337	191.609251	0.002647	21.9
285	-0.849499	215.978723	192.003512	0.002735	21.9
286	-0.849794	215.491108	192.399399	0.003119	24.6
287	-0.874856	216.491108	191.589266	0.003289	21.5
288	-0.862098	216.003494	191.983445	0.002927	25.3
289	-0.847172	217.003494	191.176803	0.002651	19.7
290	-0.864824	217.991457	190.386501	0.002620	27.0
291	-0.861299	217.503842	190.775740	0.003210	19.5
292	-0.851143	217.016228	191.166575	0.003123	25.9
293	-0.844527	218.016228	190.366769	0.003093	21.4
294	-0.862055	219.016228	189.573628	0.002969	22.8
295	-0.861670	220.016065	188.787196	0.003398	22.6
296	-0.873725	219.528450	189.169918	0.003019	25.1
297	-0.857434	220.528450	188.386698	0.003211	20.4
298	-0.853377	221.528450	187.609936	0.002887	25.2
299	-0.848173	221.040836	187.987894	0.002706	25.1
300	-0.879058	220.553223	188.367377	0.003136	20.5
301	-0.860436	221.553222	187.590776	0.002454	25.2
302	-0.844820	222.553222	186.820551	0.003361	21.0
303	-0.854278	222.476653	186.879303	0.003224	27.7
304	-0.868404	223.476653	186.114897	0.002909	19.4
305	-0.823425	224.476375	185.356929	0.003277	20.5
306	-0.881234	225.476143	184.605076	0.003713	26.2
307	-0.846317	226.228047	184.043630	0.003556	21.2
308	-0.849351	227.228047	183.302200	0.002906	27.3
309	-0.871806	228.228047	182.566720	0.002757	18.9
310	-0.863269	229.227997	181.837155	0.003243	28.7
311	-0.852197	230.227997	181.113362	0.003377	19.1
312	-0.873058	231.227997	180.395308	0.003432	28.9
313	-0.886068	230.740383	180.744729	0.002875	19.7
314	-0.846879	231.740383	180.029589	0.003408	20.5
315	-0.820742	232.740383	179.320086	0.003371	26.4
316	-0.849616	233.740383	178.616153	0.002925	20.3
317	-0.838456	234.740383	177.917725	0.002872	28.3
318	-0.862362	234.252769	178.257605	0.002496	19.4
319	-0.872327	235.179246	177.612933	0.002933	25.8
320	-0.862686	234.691650	177.951635	0.002998	21.4
321	-0.840473	234.204822	178.291095	0.002563	22.4
322	-0.859734	233.717207	178.632404	0.003657	22.9
323	-0.878876	234.717207	177.933850	0.003000	24.9
324	-0.833909	235.717207	177.240737	0.003560	21.7
325	-0.832708	236.717202	176.553007	0.002597	22.4
326	-0.849726	237.717202	175.870590	0.002660	26.3
327	-0.858281	238.355373	175.437842	0.003876	19.2
328	-0.863494	238.187010	175.551804	0.003288	27.1
329	-0.855910	239.187010	174.877090	0.003497	20.7
330	-0.845996	240.186268	174.208038	0.002818	27.0
331	-0.850732	241.063330	173.625006	0.003092	19.0
332	-0.854841	240.575715	173.948668	0.002747	20.9
333	-0.872385	241.574014	173.287320	0.003490	26.1
334	-0.859853	241.086403	173.609720	0.003036	19.7
335	-0.852991	242.086403	172.949824	0.002954	27.6
336	-0.870242	243.078633	172.299995	0.002741	19.8
337	-0.852944	244.005757	171.697203	0.003121	28.4
338	-0.862296	243.518142	172.013710	0.002765	19.9
339	-0.864302	244.506177	171.373592	0.002833	26.5
340	-0.862260	244.018562	171.688906	0.003155	21.0
341	-0.860643	245.018559	171.043506	0.002874	22.3
342	-0.848888	245.682088	170.617935	0.004035	22.6
343	-0.854909	246.682088	169.980545	0.003539	26.8
344	-0.854634	247.682088	169.347899	0.002628	20.0
345	-0.842353	247.194473	169.655797	0.002826	23.0
346	-0.839812	248.194473	169.025562	0.002674	27.9
347	-0.867440	247.707137	169.332113	0.003851	21.5
348	-0.878388	248.707137	168.704276	0.002745	26.8
349	-0.859624	249.707137	168.081077	0.003018	22.3
350	-0.848284	250.707127	167.462472	0.002836	25.9
351	-0.872634	251.707111	166.848407	0.003141	21.3
352	-0.859763	252.707071	166.238844	0.002964	26.1
353	-0.868011	253.707071	165.633694	0.003565	21.3
354	-0.869360	254.707071	165.032935	0.003321	26.5
355	-0.865018	255.707071	164.436517	0.003178	21.2
356	-0.873669	255.219457	164.726799	0.003014	26.6
357	-0.863967	256.219457	164.132589	0.002757	20.5
358	-0.865229	255.731844	164.421797	0.003132	29.3
359	-0.881739	255.484440	164.568925	0.002666	21.4
360	-0.854318	256.469703	163.984560	0.002988	27.2
361	-0.853701	255.982088	164.273247	0.003171	21.2
362	-0.861558	255.494474	164.562953	0.002409	27.9
363	-0.865259	256.494474	163.969922	0.002901	20.7
364	-0.877504	256.006861	164.258557	0.003042	24.7
365	-0.867786	257.006859	163.667714	0.002457	21.4
366	-0.860949	258.006835	163.081120	0.002797	21.9
367	-0.848644	257.519665	163.366372	0.003003	25.4
368	-0.861798	257.032051	163.652885	0.002906	24.7
369	-0.856632	258.032051	163.066383	0.002860	24.2
370	-0.862826	257.544436	163.351843	0.003886	21.6
371	-0.869995	258.544436	162.767493	0.002623	24.3
372	-0.881177	259.544436	162.187309	0.003282	20.6
373	-0.848799	259.056822	162.469698	0.002865	27.1
374	-0.892683	260.056822	161.891631	0.003383	18.9
375	-0.875021	259.581407	162.165938	0.004263	28.9
376	-0.856045	260.581407	161.590027	0.003027	18.8
377	-0.843172	261.581405	161.018193	0.003251	28.6
378	-0.858326	262.581405	160.450390	0.003412	22.7
379	-0.863990	262.093791	160.726758	0.002806	26.1
380	-0.839758	261.606177	161.004078	0.002712	25.7
381	-0.874029	261.849534	160.865555	0.002886	23.8
382	-0.849894	262.753751	160.352936	0.002250	21.9
383	-0.874568	263.752934	159.790266	0.003620	22.0
384	-0.856699	264.752934	159.231076	0.003267	24.2
385	-0.846267	265.752934	158.675786	0.003511	21.0
386	-0.835270	266.752934	158.124355	0.003253	26.7
387	-0.860993	266.265319	158.392761	0.002586	18.7
388	-0.863169	265.779341	158.661175	0.003283	28.8
389	-0.862197	266.779340	158.109846	0.003219	19.7
390	-0.859952	267.727128	157.590828	0.003273	27.1
391	-0.885521	268.727126	157.046900	0.002889	20.3
392	-0.874779	269.726331	156.507142	0.003286	21.6
393	-0.855702	269.238716	156.770081	0.002750	26.2
394	-0.827478	270.236206	156.233141	0.002974	21.7
395	-0.860727	269.748591	156.495159	0.002341	24.8
396	-0.835839	270.748591	155.958755	0.002761	22.5
397	-0.850546	271.748380	155.426128	0.002893	24.4
398	-0.874206	272.748380	154.897014	0.002649	21.7
399	-0.875923	272.260766	155.154567	0.002864	28.1
400	-0.851427	273.260766	154.627298	0.002713	22.1
401	-0.868532	272.773521	154.883759	0.003354	25.8
402	-0.847783	273.773521	154.358326	0.002613	20.6
403	-0.852623	274.773521	153.836445	0.002834	27.2
404	-0.893566	274.285906	154.090480	0.003422	21.2
405	-0.878913	275.285906	153.570407	0.003235	22.0
406	-0.850273	274.798365	153.823525	0.002531	24.4
407	-0.850730	275.792806	153.308120	0.002808	20.2
408	-0.855931	276.792802	152.793307	0.002344	27.2
409	-0.858282	277.792802	152.281939	0.002858	18.8
410	-0.872483	277.305188	152.530861	0.003245	26.7
411	-0.893556	278.305188	152.021245	0.002938	19.4
412	-0.858834	279.305188	151.515022	0.002548	22.6
413	-0.878618	280.305188	151.012160	0.002905	24.7
414	-0.858786	279.817573	151.256945	0.002937	21.2
415	-0.873267	279.329960	151.502525	0.003681	26.3
416	-0.865358	280.329960	150.999745	0.002951	21.9
417	-0.860074	281.329960	150.500292	0.002871	27.4
418	-0.877103	280.842345	150.743419	0.003443	22.0
419	-0.872126	281.842345	150.245657	0.002659	25.3
420	-0.873625	282.842345	149.751171	0.003296	23.0
421	-0.860332	283.842345	149.259930	0.002646	25.1
422	-0.871165	283.364509	149.494260	0.003492	23.8
423	-0.841261	284.364509	149.004700	0.002696	24.7
424	-0.853402	283.943652	149.210344	0.002761	25.1
425	-0.865263	283.599667	149.378847	0.002777	23.3
426	-0.856714	283.367435	149.492823	0.003335	23.5
427	-0.881886	284.367083	149.003445	0.003242	24.4
428	-0.848454	285.367083	148.517089	0.002907	20.9
429	-0.847423	284.879468	148.753846	0.003739	26.6
430	-0.862681	285.879468	148.269115	0.003049	22.0
431	-0.867293	286.879468	147.787533	0.002563	25.1
432	-0.865635	287.879468	147.309070	0.002646	21.9
433	-0.866952	288.872695	146.836904	0.002838	23.6
434	-0.850746	288.385080	147.068330	0.003717	21.7
435	-0.857542	289.356406	146.608049	0.002916	22.1
436	-0.870244	290.356406	146.137180	0.002864	25.5
437	-0.845885	289.883321	146.359563	0.002471	21.8
438	-0.849139	289.399845	146.587532	0.002314	26.1
439	-0.865000	288.912230	146.818172	0.003145	22.1
440	-0.877247	288.424616	147.049539	0.002779	25.5
441	-0.899278	289.424393	146.575940	0.002796	21.6
442	-0.871574	290.424393	146.105277	0.002398	26.0
443	-0.856381	289.937147	146.334227	0.002789	23.6
444	-0.853278	290.937133	145.865119	0.002779	26.0
445	-0.874386	291.899345	145.416562	0.003510	23.4
446	-0.861156	292.899345	144.953304	0.002484	24.2
447	-0.872181	292.411731	145.178826	0.002588	23.5
448	-0.882922	291.924191	145.405017	0.003088	25.1
449	-0.870783	291.458882	145.621551	0.002886	24.1
450	-0.852700	292.458882	145.156988	0.002912	23.2
451	-0.865807	293.458783	144.695424	0.003321	21.6
452	-0.872565	292.985434	144.913560	0.003456	25.3
453	-0.863662	293.972814	144.459284	0.002881	21.4
454	-0.867638	293.485274	144.683236	0.003347	27.3
455	-0.855496	292.997659	144.907918	0.003532	21.1
456	-0.834122	293.997633	144.447902	0.002679	25.8
457	-0.876929	293.510019	144.671853	0.003126	21.7
458	-0.869448	293.022404	144.896500	0.003579	24.2
459	-0.880923	294.022404	144.436543	0.003567	20.8
460	-0.833308	295.022404	143.979498	0.002656	21.6
461	-0.875661	296.022404	143.525336	0.002603	25.4
462	-0.852544	297.017187	143.076378	0.002577	21.7
463	-0.859427	297.976161	142.646231	0.002825	26.4
464	-0.883248	297.510803	142.854643	0.002941	23.3
465	-0.852341	298.510658	142.407604	0.002969	26.3
466	-0.858914	299.510658	141.963289	0.003403	23.3
467	-0.870916	299.023043	142.179596	0.003310	22.6
468	-0.880760	300.023043	141.736701	0.002739	24.4
469	-0.865625	301.023043	141.296557	0.003046	22.7
470	-0.881214	302.023039	140.859139	0.003399	23.1
471	-0.871766	301.535425	141.072092	0.002772	24.5
472	-0.863890	302.521965	140.641910	0.002965	22.9
473	-0.862087	302.034698	140.854055	0.003263	28.4
474	-0.859682	301.547083	141.066993	0.002437	20.2
475	-0.864737	301.059469	141.280576	0.002919	28.7
476	-0.861868	300.571858	141.494804	0.002536	20.3
477	-0.875611	300.084243	141.709686	0.002458	25.1
478	-0.878141	299.596629	141.925220	0.002986	19.1
479	-0.860732	300.596628	141.483906	0.003091	29.1
480	-0.873834	301.596627	141.045328	0.002965	21.2
481	-0.867595	302.557966	140.626261	0.003652	22.1
482	-0.868758	303.460126	140.235251	0.003048	23.9
483	-0.863702	304.460126	139.804368	0.003346	21.2
484	-0.903435	305.460126	139.376124	0.002771	25.6
485	-0.871942	306.460113	138.950502	0.002481	21.7
486	-0.853595	307.460113	138.527466	0.002589	27.3
487	-0.874583	306.972498	138.733422	0.003500	28.6
488	-0.857420	306.484884	138.939992	0.002601	33.3
489	-0.882727	307.484884	138.517020	0.003013	31.7
490	-0.884211	308.484884	138.096615	0.003024	20.4
491	-0.885305	309.484884	137.678754	0.002895	24.0
492	-0.849360	310.484884	137.263415	0.003131	22.4
493	-0.883930	311.484881	136.850575	0.002843	24.2
494	-0.873361	312.360738	136.491020	0.002801	21.0
495	-0.897081	311.873130	136.690958	0.002572	24.6
496	-0.888906	312.873130	136.281549	0.002977	24.5
497	-0.866257	313.720593	135.936504	0.002722	22.6
498	-0.872334	313.232979	136.134822	0.003031	25.0
499	-0.878045	312.745364	136.333720	0.003100	20.3
500	-0.843272	313.745364	135.926444	0.002597	25.4
501	-0.897648	313.257752	136.124733	0.002933	19.3
502	-0.861162	314.208426	135.738674	0.003475	26.5
503	-0.891296	315.208426	135.334940	0.002983	19.5
504	-0.861792	316.208426	134.933601	0.002892	26.9
505	-0.859046	316.834274	134.683632	0.002759	21.3
506	-0.873958	316.346881	134.878221	0.002677	21.9
507	-0.883800	315.860543	135.072949	0.002482	25.5
508	-0.873917	316.859778	134.673466	0.002923	22.3
509	-0.872002	317.859691	134.276068	0.003211	24.0
510	-0.875114	318.609738	133.979512	0.003373	24.6
511	-0.894612	318.122124	134.172158	0.002987	22.7
512	-0.865266	317.690932	134.342974	0.002999	24.2
513	-0.865074	317.203374	134.536645	0.002810	24.8
514	-0.868444	316.715759	134.730897	0.002953	22.5
515	-0.854314	316.416418	134.850424	0.003089	24.9
516	-0.870680	317.416418	134.451949	0.003557	21.2
517	-0.847080	316.928804	134.645957	0.002660	27.9
518	-0.857085	316.441189	134.840525	0.003287	22.5
519	-0.871197	317.441188	134.442109	0.003176	26.6
520	-0.887526	317.002313	134.616674	0.003417	20.8
521	-0.856526	318.002313	134.219577	0.002940	25.7
522	-0.868037	318.910329	133.861031	0.002952	21.2
523	-0.863205	318.422715	134.053336	0.003215	22.9
524	-0.873181	317.935100	134.246194	0.002343	22.6
525	-0.866849	317.450710	134.438327	0.002420	21.4
526	-0.874063	317.266761	134.511434	0.003015	25.9
527	-0.877584	316.779146	134.705614	0.002828	21.5
528	-0.871869	317.779146	134.307993	0.003532	26.4
529	-0.866059	318.779145	133.912713	0.003068	21.1
530	-0.845792	319.779145	133.519753	0.003887	27.0
531	-0.868677	319.291550	133.711070	0.002820	23.6
532	-0.866964	320.291550	133.319290	0.002965	25.8
533	-0.835834	321.291550	132.929799	0.002816	22.2
534	-0.846310	320.803936	133.119436	0.002999	25.0
535	-0.867791	320.316324	133.309613	0.003180	22.8
536	-0.881167	320.488609	133.242357	0.003044	24.4
537	-0.883588	321.488609	132.853315	0.003003	22.0
538	-0.881958	321.000995	133.042733	0.002689	25.8
539	-0.880025	320.514072	133.232423	0.003267	20.8
540	-0.881777	320.026457	133.422924	0.003197	25.0
541	-0.870726	319.538847	133.613970	0.002652	20.9
542	-0.866163	319.051233	133.805565	0.002690	22.0
543	-0.903779	318.563618	133.997710	0.003867	23.6
544	-0.866664	319.563618	133.604251	0.002469	21.0
545	-0.888330	320.563618	133.213096	0.002678	26.4
546	-0.892227	321.508940	132.845429	0.003222	20.4
547	-0.861955	322.258175	132.555465	0.002996	27.9
548	-0.876852	323.258175	132.170419	0.002718	19.7
549	-0.852585	322.770561	132.357893	0.003077	30.1
550	-0.904802	323.770561	131.973992	0.003529	19.7
551	-0.872726	324.770561	131.592311	0.002467	29.1
552	-0.859524	325.770561	131.212831	0.002633	19.5
553	-0.865498	325.282946	131.397597	0.004670	26.2
554	-0.834443	326.282946	131.019238	0.002823	21.4
555	-0.862940	325.795332	131.203459	0.002967	23.5
556	-0.860997	325.307717	131.388199	0.002866	21.6
557	-0.891636	324.820107	131.573458	0.003360	24.3
558	-0.868303	325.820107	131.194087	0.002637	23.9
559	-0.870807	326.820107	130.816897	0.002711	20.6
560	-0.877100	327.820107	130.441870	0.003094	27.4
561	-0.874748	327.332515	130.624461	0.003440	20.6
562	-0.875704	328.332515	130.250536	0.003039	28.0
563	-0.860052	329.332515	129.878744	0.002702	18.7
564	-0.862631	328.844900	130.059770	0.003482	26.1
565	-0.878667	329.844900	129.689065	0.003605	19.9
566	-0.900026	329.358017	129.869291	0.003156	26.7
567	-0.845905	328.870402	130.050290	0.003325	20.6
568	-0.892474	329.870402	129.679639	0.003360	21.8
569	-0.852527	330.870402	129.311096	0.002544	24.7
570	-0.858125	331.870402	128.944641	0.003826	23.2
571	-0.872431	332.870401	128.580257	0.003192	25.5
572	-0.874517	333.870401	128.217927	0.002934	22.8
573	-0.844091	334.870401	127.857633	0.002447	22.8
574	-0.886181	334.422550	128.018740	0.002875	23.7
575	-0.850537	333.936609	128.194010	0.002720	24.1
576	-0.855975	333.448995	128.370366	0.002739	23.0
577	-0.859412	334.448993	128.009217	0.003093	24.9
578	-0.877588	333.961485	128.185026	0.003050	20.9
579	-0.885287	334.902779	127.846001	0.002840	27.6
580	-0.871679	334.415165	128.021400	0.003344	21.2
581	-0.903918	335.415165	127.662209	0.003318	27.4
582	-0.866730	336.414484	127.305269	0.002759	18.9
583	-0.877197	336.194368	127.383719	0.003006	20.9
584	-0.882032	337.194368	127.028092	0.003249	26.1
585	-0.854936	338.194368	126.674445	0.002498	20.9
586	-0.873668	337.804521	126.812079	0.003206	26.8
587	-0.861960	337.366569	126.967053	0.002491	19.5
588	-0.879135	336.878954	127.140047	0.002836	28.0
589	-0.878961	336.391340	127.313513	0.002877	19.7
590	-0.876568	337.391340	126.958277	0.003100	26.8
591	-0.893435	336.904236	127.131066	0.002739	20.7
592	-0.892058	337.903972	126.776939	0.003297	22.1
593	-0.896571	337.449731	126.937596	0.003369	23.8
594	-0.869902	338.447676	126.585175	0.003543	25.0
595	-0.882598	337.960179	126.757088	0.004087	20.7
596	-0.885001	337.487668	126.924163	0.003138	24.8
597	-0.869514	338.487668	126.571093	0.003220	25.7
598	-0.855486	339.487668	126.219983	0.003108	21.3
599	-0.866223	339.000053	126.390946	0.003008	25.2
600	-0.879113	338.512439	126.562372	0.003399	21.0
601	-0.854371	339.512439	126.211310	0.002774	26.9
602	-0.880947	339.024824	126.382249	0.002678	19.4
603	-0.856314	338.537212	126.553652	0.003121	28.8
604	-0.869029	338.049597	126.725521	0.003441	18.9
605	-0.910884	338.469235	126.577584	0.003317	26.7
606	-0.868222	339.469235	126.226437	0.002707	19.4
607	-0.858693	340.469235	125.877233	0.002670	22.4
608	-0.862863	341.469235	125.529956	0.002712	23.4
609	-0.911560	340.986913	125.697216	0.003343	21.5
610	-0.885538	340.499298	125.866765	0.003002	25.6
611	-0.877035	341.499201	125.519579	0.002712	23.6
612	-0.873616	342.499201	125.174270	0.003181	24.5
613	-0.885745	342.440900	125.194350	0.003109	24.2
614	-0.892847	343.440900	124.850825	0.003065	22.4
615	-0.888057	342.953285	125.018097	0.002884	23.5
616	-0.891063	343.952663	124.675751	0.002712	26.4
617	-0.871073	344.952663	124.335062	0.003571	24.2
618	-0.881196	344.490465	124.492296	0.002523	25.2
619	-0.879326	344.002851	124.658608	0.002429	19.9
620	-0.882831	343.515236	124.825364	0.003044	27.4
621	-0.871868	344.515236	124.483859	0.003054	19.0
622	-0.886399	344.027622	124.650148	0.002584	27.8
623	-0.861349	343.540067	124.816862	0.002711	21.4
624	-0.888188	343.052453	124.984042	0.002843	27.3
625	-0.891020	342.564838	125.151671	0.002717	19.0
626	-0.881753	343.564838	124.808381	0.003508	21.2
627	-0.892640	344.564838	124.466968	0.003590	25.6
628	-0.901449	345.564838	124.127419	0.002925	20.4
629	-0.865029	346.564838	123.789717	0.002883	27.4
630	-0.884784	347.564838	123.453847	0.002769	19.5
631	-0.885546	348.564838	123.119795	0.003255	29.0
632	-0.869790	348.077224	123.282457	0.003097	19.6
633	-0.850664	347.589609	123.445550	0.002965	28.3
634	-0.873559	348.589571	123.111556	0.002606	20.0
635	-0.860003	348.101957	123.274197	0.002433	22.2
636	-0.883425	347.614370	123.437258	0.002979	23.1
637	-0.896316	347.126756	123.600761	0.003374	23.2
638	-0.886665	348.126570	123.265977	0.003320	22.6
639	-0.874810	349.126570	122.932939	0.002688	24.9
640	-0.870045	350.126570	122.601697	0.002497	22.7
641	-0.885885	349.638955	122.762992	0.002840	21.9
642	-0.879807	350.638858	122.432695	0.002690	25.2
643	-0.872018	351.638858	122.104140	0.003230	21.8
644	-0.869234	351.151244	122.264128	0.003086	26.3
645	-0.858686	352.151244	121.936475	0.003629	21.2
646	-0.904432	351.663629	122.096023	0.003177	25.8
647	-0.879768	352.657032	121.771419	0.003350	21.3
648	-0.887415	353.657032	121.446398	0.003302	22.9
649	-0.879300	353.179290	121.601458	0.003232	22.8
650	-0.889759	354.175965	121.278417	0.003016	21.2
651	-0.866287	353.688351	121.436247	0.002710	25.5
652	-0.871761	353.200736	121.594488	0.003192	20.8
653	-0.875470	354.200736	121.270410	0.002905	27.5
654	-0.879789	353.779319	121.406772	0.003099	21.2
655	-0.897040	353.291704	121.564936	0.002529	24.8
656	-0.882033	352.804090	121.723513	0.002841	22.9
657	-0.889972	353.803859	121.398822	0.002760	26.7
658	-0.868241	354.803858	121.075785	0.003137	22.1
659	-0.860297	355.803394	120.754611	0.002953	23.7
660	-0.879137	356.803394	120.434988	0.003744	20.9
661	-0.874316	357.803338	120.117070	0.002915	25.0
662	-0.887666	358.803338	119.800809	0.003143	22.4
663	-0.889535	358.315723	119.954814	0.002842	25.5
664	-0.852120	358.138377	120.010924	0.002918	20.9
665	-0.861893	357.650763	120.165471	0.003049	23.5
666	-0.893206	357.163148	120.320416	0.002982	22.3
667	-0.872557	356.728398	120.458899	0.003000	21.4
668	-0.873149	356.240784	120.614602	0.002895	24.7
669	-0.878817	357.240655	120.295760	0.002859	21.2
670	-0.892931	358.240655	119.978559	0.003102	26.1
671	-0.869313	359.240654	119.663026	0.002312	22.6
672	-0.876680	360.240654	119.349148	0.003998	25.9
673	-0.878016	359.753040	119.501993	0.003721	23.0
674	-0.883018	359.265426	119.655230	0.002641	26.2
675	-0.869396	360.265426	119.341393	0.002978	23.1
676	-0.895075	359.777811	119.494219	0.002762	24.4
677	-0.900243	360.765372	119.185108	0.003859	23.4
678	-0.867827	360.277758	119.337533	0.002736	27.0
679	-0.875925	361.146719	119.066172	0.003305	24.5
680	-0.835984	362.146719	118.755414	0.002348	23.8
681	-0.867062	361.817467	118.857552	0.002680	21.1
682	-0.874787	361.329856	119.009139	0.002940	26.7
683	-0.880187	362.329855	118.698678	0.002380	21.1
684	-0.866066	363.329842	118.389836	0.002805	26.4
685	-0.874718	364.329841	118.082594	0.003056	19.9
686	-0.882508	365.329841	117.776942	0.002873	27.6
687	-0.863396	364.842227	117.925784	0.002577	18.9
688	-0.870770	365.842201	117.620950	0.003174	27.5
689	-0.875765	365.354587	117.769398	0.003306	19.2
690	-0.869451	366.354587	117.465363	0.003258	21.4
691	-0.895291	367.354587	117.162894	0.002862	26.5
692	-0.885642	368.354577	116.861981	0.003168	21.4
693	-0.864049	369.354577	116.562607	0.002488	25.6
694	-0.864020	370.354577	116.264763	0.002636	20.3
695	-0.855840	369.866962	116.409806	0.002545	27.9
696	-0.880522	370.866321	116.112931	0.002486	21.3
697	-0.884481	370.378708	116.257595	0.003005	28.0
698	-0.895949	369.892141	116.402307	0.003273	22.1
699	-0.857110	370.892115	116.105289	0.003448	28.2
700	-0.878715	371.892115	115.809774	0.003036	19.9
701	-0.841493	372.892115	115.515760	0.003000	28.5
702	-0.866584	373.892112	115.223236	0.002506	20.6
703	-0.870105	373.415579	115.362449	0.003614	28.0
704	-0.885233	372.927964	115.505248	0.003304	21.5
705	-0.865652	372.440369	115.648395	0.003699	26.7
706	-0.907166	373.440369	115.355199	0.003724	23.0
707	-0.894888	372.952755	115.497979	0.003144	27.1
708	-0.869141	373.952755	115.205544	0.002583	21.8
709	-0.869844	374.531724	115.036910	0.002674	26.9
710	-0.885890	374.754939	114.972026	0.003134	21.4
711	-0.869001	375.752171	114.683045	0.003242	28.4
712	-0.853610	376.752171	114.394717	0.002937	23.1
713	-0.891502	377.752171	114.107836	0.003224	23.0
714	-0.876253	377.761132	114.105271	0.002581	21.0
715	-0.885597	378.761132	113.819838	0.003297	25.2
716	-0.884619	378.273519	113.958840	0.002860	21.7
717	-0.870566	379.273519	113.674138	0.003116	22.8
718	-0.871152	378.785905	113.812785	0.002924	22.9
719	-0.883196	379.785905	113.528811	0.002797	24.0
720	-0.890051	380.785905	113.246250	0.003035	24.2
721	-0.873316	380.298290	113.383855	0.003582	20.5
722	-0.854151	381.298290	113.102015	0.002588	26.6
723	-0.879829	382.298290	112.821572	0.002755	18.9
724	-0.877235	381.810676	112.958146	0.002964	26.9
725	-0.894233	382.810676	112.678416	0.002758	20.2
726	-0.874276	383.810676	112.400067	0.002898	26.4
727	-0.899779	383.323061	112.535622	0.002696	21.4
728	-0.872295	382.835520	112.671484	0.003443	23.5
729	-0.874289	383.835520	112.393169	0.002857	22.5
730	-0.893492	384.835520	112.116227	0.003077	25.6
731	-0.886928	385.835520	111.840645	0.002999	20.3
732	-0.871731	386.748893	111.590118	0.003273	24.0
733	-0.903914	386.263499	111.723116	0.002797	23.9
734	-0.881245	385.775884	111.857042	0.002990	23.7
735	-0.882421	386.775884	111.582732	0.003177	24.2
736	-0.879480	386.288270	111.716321	0.003707	22.1
737	-0.885094	385.800656	111.850231	0.003301	26.3
738	-0.871402	386.800656	111.575954	0.003339	22.1
739	-0.886773	386.313041	111.709527	0.002897	27.1
740	-0.887335	385.825427	111.843420	0.002932	22.3
741	-0.877421	386.825427	111.569177	0.003340	25.1
742	-0.867420	386.337813	111.702734	0.002783	20.5
743	-0.876021	387.337813	111.429179	0.002841	22.3
744	-0.877948	386.850198	111.562400	0.003592	24.3
745	-0.875425	387.850198	111.289532	0.002457	20.4
746	-0.883107	387.362617	111.422410	0.002674	27.3
747	-0.868192	386.875004	111.555615	0.003314	19.5
748	-0.863040	387.871290	111.283791	0.002893	28.8
749	-0.879947	388.871290	111.012282	0.002989	20.0
750	-0.880475	388.383676	111.144508	0.002769	26.1
751	-0.867425	389.383676	110.873677	0.002529	20.9
752	-0.868634	390.383676	110.604163	0.003072	22.3
753	-0.844703	391.383675	110.335956	0.003083	26.7
754	-0.889170	392.383618	110.069062	0.003127	24.9
755	-0.902785	393.383615	109.803442	0.002899	20.4
756	-0.871826	392.896001	109.932802	0.002794	25.2
757	-0.891524	392.408405	110.062463	0.003141	22.3
758	-0.868933	391.920790	110.192435	0.003198	20.3
759	-0.898396	391.433176	110.322714	0.002945	26.6
760	-0.874873	390.945561	110.453301	0.002826	21.3
761	-0.885695	391.945561	110.185825	0.003208	27.1
762	-0.895344	392.945561	109.919640	0.002659	19.1
763	-0.883256	392.457947	110.049275	0.002964	28.0
764	-0.875901	393.457935	109.783752	0.002781	18.7
765	-0.877422	394.457935	109.519505	0.002864	28.6
766	-0.895399	393.970320	109.648196	0.002845	20.2
767	-0.890388	394.970320	109.384600	0.002834	21.4
768	-0.889407	395.970320	109.122268	0.003517	25.0
769	-0.888426	396.970320	108.861192	0.002892	20.8
770	-0.886233	397.970320	108.601361	0.002474	27.4
771	-0.887925	397.482706	108.727903	0.002751	23.7
772	-0.874882	396.995989	108.854507	0.003294	25.7
773	-0.886828	396.508375	108.981639	0.003745	23.5
774	-0.869021	396.020760	109.109070	0.003233	26.0
775	-0.886471	395.533146	109.236798	0.002859	22.0
776	-0.883914	396.533146	108.975174	0.002865	26.6
777	-0.896472	397.533146	108.714800	0.003424	22.4
778	-0.888008	397.045531	108.841606	0.002596	24.1
779	-0.885350	396.557917	108.968709	0.003310	21.0
780	-0.876384	397.557917	108.708366	0.003833	26.6
781	-0.865925	397.082829	108.831896	0.002815	20.8
782	-0.876342	398.082829	108.572206	0.003614	25.7
783	-0.869116	399.082829	108.313751	0.002531	22.0
784	-0.859160	400.082828	108.056525	0.003108	22.3
785	-0.869455	400.868081	107.855392	0.003266	24.5
786	-0.890333	401.868076	107.600336	0.003208	21.2
787	-0.891899	402.868076	107.346483	0.002829	26.7
788	-0.882567	403.868076	107.093824	0.003258	19.5
789	-0.904397	403.394999	107.213203	0.002924	27.7
790	-0.907692	402.907385	107.336529	0.003919	19.0
791	-0.880413	402.419770	107.460138	0.003225	27.3
792	-0.876394	401.932156	107.584033	0.003162	20.1
793	-0.881766	402.931532	107.330415	0.002615	22.3
794	-0.878227	403.931532	107.077832	0.002901	24.2
795	-0.874079	403.443918	107.200846	0.002678	22.7
796	-0.891018	404.443918	106.948872	0.003181	25.6
797	-0.883462	403.957381	107.071319	0.002924	22.9
798	-0.903107	403.469766	107.194318	0.002811	24.6
799	-0.890474	404.469199	106.942517	0.003066	25.0
800	-0.877706	403.981584	107.065221	0.002857	25.5
801	-0.886992	403.493970	107.188206	0.002676	26.1
802	-0.867757	403.012135	107.310012	0.002580	22.2
803	-0.859415	402.524520	107.433560	0.002952	22.2
804	-0.898177	403.524520	107.180492	0.002621	24.1
805	-0.872179	404.524520	106.928614	0.002619	20.4
806	-0.911631	404.036906	107.051285	0.003202	25.8
807	-0.902079	403.549315	107.174233	0.003403	18.8
808	-0.872117	404.549315	106.922384	0.002719	28.7
809	-0.868533	405.549159	106.671754	0.003144	18.9
810	-0.865313	405.061545	106.793837	0.003334	26.0
811	-0.892877	404.581329	106.914340	0.003197	20.1
812	-0.883998	405.580298	106.663968	0.002691	21.3
813	-0.865014	406.580298	106.414508	0.003317	25.4
814	-0.908820	407.580298	106.166213	0.003585	22.6
815	-0.896901	408.528997	105.931724	0.003139	25.8
816	-0.878089	408.041383	106.052118	0.002804	23.4
817	-0.874663	407.553768	106.172785	0.003474	22.4
818	-0.875552	408.553768	105.925615	0.003198	24.7
819	-0.844392	409.418603	105.712780	0.002606	25.3
820	-0.869217	408.934217	105.831881	0.003423	20.8
821	-0.886589	409.934217	105.586294	0.002700	25.5
822	-0.882656	409.446603	105.705904	0.002933	19.7
823	-0.885988	410.446597	105.460902	0.002982	27.4
824	-0.863084	409.958983	105.580227	0.002931	19.2
825	-0.904039	410.958975	105.335807	0.002945	26.9
826	-0.878438	411.958912	105.092529	0.002952	19.1
827	-0.878326	412.958912	104.850358	0.003655	21.3
828	-0.904785	413.958912	104.609300	0.002642	24.8
829	-0.877179	413.471297	104.726704	0.002716	20.6
830	-0.897183	412.983762	104.844354	0.002698	26.8
831	-0.853428	412.536130	104.952607	0.003169	20.4
832	-0.878330	412.048518	105.070784	0.003023	28.6
833	-0.845771	413.048518	104.828712	0.002975	21.4
834	-0.863726	412.560904	104.946610	0.002653	24.1
835	-0.895893	412.073289	105.064774	0.003062	21.6
836	-0.865488	411.585675	105.183204	0.003381	24.9
837	-0.886362	411.098060	105.301901	0.003150	21.3
838	-0.861536	412.098060	105.058765	0.002874	23.3
839	-0.892452	411.610446	105.177181	0.003131	22.9
840	-0.870238	412.609052	104.934957	0.002687	22.8
841	-0.876423	412.121438	105.053094	0.002989	24.3
842	-0.891751	413.121438	104.811104	0.003882	20.7
843	-0.891173	412.633823	104.928962	0.003204	29.2
844	-0.917700	412.146209	105.047086	0.002849	23.2
845	-0.897416	413.146209	104.805124	0.003391	25.3
846	-0.900888	412.658594	104.922969	0.002759	21.6
847	-0.907464	413.658594	104.681577	0.003758	25.9
848	-0.908615	413.482033	104.724117	0.002992	22.0
849	-0.871892	412.994418	104.841780	0.002782	30.0
850	-0.882656	413.994164	104.600822	0.002701	21.4
851	-0.876971	413.506550	104.718208	0.003535	28.5
852	-0.879978	413.018935	104.835857	0.003638	21.1
853	-0.905527	414.018935	104.594866	0.002755	31.6
854	-0.870586	413.535938	104.711126	0.003000	22.6
855	-0.890504	413.784696	104.651216	0.003173	26.0
856	-0.898400	414.784696	104.411072	0.003339	20.7
857	-0.904383	415.784525	104.172068	0.002780	27.6
858	-0.886089	416.784525	103.934115	0.003025	21.0
859	-0.865730	417.784525	103.697247	0.003055	26.5
860	-0.867134	417.296910	103.812612	0.002948	20.0
861	-0.871078	418.296910	103.576297	0.003306	26.5
862	-0.891622	419.296910	103.341055	0.003507	21.6
863	-0.914325	420.296910	103.106879	0.002974	31.4
864	-0.918558	419.924012	103.194079	0.003361	27.6
865	-0.901314	420.923968	102.960578	0.003324	23.0
866	-0.899481	421.919274	102.729210	0.002633	24.2
867	-0.880652	422.919274	102.497796	0.003795	24.9
868	-0.900510	422.431660	102.610506	0.003220	21.8
869	-0.913782	423.431660	102.379626	0.003174	24.5
870	-0.871615	422.944079	102.492069	0.003245	22.1
871	-0.865222	423.944079	102.261721	0.003634	26.3
872	-0.918093	424.944079	102.032406	0.003212	22.2
873	-0.875984	424.456464	102.144094	0.002931	25.1
874	-0.910138	423.968850	102.256028	0.003246	22.8
875	-0.888101	423.481245	102.368205	0.002863	26.1
876	-0.879536	424.480636	102.138552	0.003026	24.3
877	-0.884032	425.480636	101.909788	0.003358	21.9
878	-0.863639	426.464378	101.685742	0.003272	33.3
879	-0.895917	427.464378	101.459000	0.002653	20.6
880	-0.860738	426.976764	101.569436	0.002765	24.6
881	-0.893554	426.489149	101.680113	0.003366	25.0
882	-0.881691	426.001535	101.791031	0.002468	22.9
883	-0.893173	427.001535	101.563820	0.002862	24.2
884	-0.883284	428.001534	101.337621	0.003816	23.0
885	-0.875390	427.513920	101.447793	0.002788	24.5
886	-0.878301	427.026306	101.558204	0.002893	20.5
887	-0.905055	426.538704	101.668854	0.002981	26.0
888	-0.862425	426.051089	101.779748	0.003340	21.3
889	-0.884081	425.602658	101.881944	0.002983	26.2
890	-0.890626	426.602658	101.654327	0.002502	19.8
891	-0.883721	426.115043	101.765190	0.002476	31.2
892	-0.853326	425.627429	101.876294	0.002261	20.3
893	-0.898958	425.139814	101.987641	0.003255	26.7
894	-0.896833	426.139576	101.759606	0.002896	19.0
895	-0.862075	425.651962	101.870698	0.002952	27.0
896	-0.897234	426.651962	101.643131	0.002448	20.2
897	-0.881087	426.164347	101.753969	0.004094	27.0
898	-0.887186	427.159284	101.528070	0.003007	20.6
899	-0.887924	428.159284	101.302030	0.002976	22.3
900	-0.893747	429.156576	101.077602	0.003540	24.3
901	-0.884158	430.140359	100.857186	0.003201	23.0
902	-0.881709	431.140359	100.634120	0.002881	24.2
903	-0.878764	432.140359	100.412039	0.003351	25.8
904	-0.885365	431.652744	100.520206	0.003156	24.7
905	-0.884824	432.652681	100.298640	0.003031	24.5
906	-0.917792	432.165067	100.406564	0.003157	21.6
907	-0.897611	433.165067	100.185484	0.003127	24.6
908	-0.873043	432.677452	100.293164	0.002940	22.3
909	-0.865975	433.677448	100.072584	0.003419	22.9
910	-0.895121	434.677448	99.852971	0.003199	27.3
911	-0.896525	434.189834	99.959937	0.002870	19.2
912	-0.883423	435.189834	99.740818	0.002887	25.9
913	-0.898228	436.189834	99.522657	0.002920	22.3
914	-0.890052	437.165603	99.310701	0.002945	29.0
915	-0.858038	436.677989	99.416507	0.002568	22.0
916	-0.868362	437.602083	99.216181	0.002546	27.8
917	-0.888655	437.114659	99.321745	0.003542	19.4
918	-0.903315	437.882507	99.155549	0.003037	28.7
919	-0.897412	437.394893	99.261025	0.002722	19.3
920	-0.880226	438.394893	99.044956	0.003973	28.7
921	-0.865201	439.394884	98.829828	0.002671	18.9
922	-0.889239	440.394884	98.615630	0.002647	29.6
923	-0.888014	441.394882	98.402359	0.003930	18.8
924	-0.867743	442.394882	98.190008	0.003199	20.3
925	-0.863111	443.394882	97.978572	0.002553	28.1
926	-0.901676	444.394881	97.768044	0.003622	19.5
927	-0.884374	445.394881	97.558419	0.002557	28.4
928	-0.860435	446.385018	97.351745	0.002631	18.8
929	-0.860088	445.901724	97.452515	0.002849	28.0
930	-0.887875	446.901724	97.244239	0.003296	21.8
931	-0.850841	446.414109	97.345686	0.002599	23.6
932	-0.868576	447.386138	97.143667	0.003634	21.6
933	-0.864753	448.177793	96.979754	0.002763	24.8
934	-0.899432	449.177793	96.773492	0.002900	23.4
935	-0.866714	448.690179	96.873959	0.002442	23.0
936	-0.885669	448.202564	96.974634	0.003016	24.8
937	-0.922012	449.202564	96.768394	0.002828	24.1
938	-0.900486	448.714949	96.868850	0.003017	24.0
939	-0.889968	448.227335	96.969515	0.003093	24.8
940	-0.879560	447.739720	97.070389	0.003022	27.9
941	-0.890838	448.638089	96.884704	0.003391	24.4
942	-0.873966	448.150475	96.985401	0.003298	20.3
943	-0.866467	449.150475	96.779116	0.003134	24.9
944	-0.878145	448.662860	96.879594	0.003024	22.6
945	-0.885713	449.662858	96.673758	0.002356	22.6
946	-0.892574	450.629521	96.475613	0.003046	26.7
947	-0.890185	450.141906	96.575462	0.002708	20.0
948	-0.884034	451.141906	96.370914	0.003272	28.0
949	-0.874731	452.141906	96.167231	0.002518	19.0
950	-0.892828	453.138604	95.965076	0.003042	26.3
951	-0.881028	452.650990	96.063870	0.002860	21.8
952	-0.874825	452.163375	96.162868	0.003072	26.4
953	-0.889414	451.680343	96.261137	0.002699	20.8
954	-0.891988	451.192729	96.360542	0.003284	22.6
955	-0.886955	450.705207	96.460133	0.003487	23.2
956	-0.887139	450.217592	96.559950	0.002799	21.3
957	-0.887173	451.217592	96.355468	0.002622	25.4
958	-0.882154	452.217072	96.151956	0.002977	21.5
959	-0.874663	452.080100	96.179795	0.003177	26.2
960	-0.878751	451.592957	96.278936	0.002826	24.6
961	-0.887593	452.592957	96.075641	0.002739	25.7
962	-0.886353	453.592862	95.873223	0.003719	23.4
963	-0.902934	453.105248	95.971828	0.003149	22.8
964	-0.864904	454.102678	95.770345	0.003236	25.7
965	-0.890112	455.102678	95.569190	0.002985	21.9
966	-0.893509	454.615222	95.667138	0.002721	24.4
967	-0.880157	454.168355	95.757107	0.002950	24.4
968	-0.869830	453.680740	95.855474	0.002530	21.0
969	-0.874733	453.224701	95.947653	0.003570	26.2
970	-0.894603	452.737086	96.046412	0.002776	21.0
971	-0.903099	453.737086	95.844097	0.003411	25.6
972	-0.901867	454.667493	95.656625	0.003208	22.6
973	-0.868764	454.185057	95.753742	0.003003	25.0
974	-0.882771	455.185054	95.552657	0.003538	22.3
975	-0.888450	454.697440	95.650603	0.002919	23.3
976	-0.880811	455.697437	95.449951	0.002641	22.7
977	-0.884227	455.209823	95.547687	0.002879	21.6
978	-0.874764	454.811132	95.627748	0.002209	24.2
979	-0.889984	454.323518	95.725849	0.002977	23.5
980	-0.887356	455.323353	95.524914	0.003114	23.3
981	-0.899333	454.835738	95.622803	0.002776	24.6
982	-0.889872	455.835738	95.422267	0.003531	24.2
983	-0.878080	455.348124	95.519946	0.003165	23.8
984	-0.891570	456.348124	95.319841	0.002807	23.8
985	-0.871197	457.348124	95.120572	0.003215	23.5
986	-0.911436	458.311354	94.929416	0.003192	24.8
987	-0.890741	459.311354	94.731775	0.003056	23.2
988	-0.888616	458.823740	94.828045	0.003040	25.8
989	-0.887164	458.336125	94.924511	0.003429	21.8
990	-0.889628	459.336125	94.726890	0.003018	28.8
991	-0.874639	460.336125	94.530090	0.002817	19.0
992	-0.878824	461.324977	94.336286	0.003226	27.0
993	-0.890009	462.324675	94.141163	0.002929	19.0
994	-0.857555	463.324675	93.946787	0.002964	30.1
995	-0.888770	462.837061	94.041467	0.002698	21.0
996	-0.872540	463.837061	93.847502	0.002721	23.3
997	-0.886066	463.349711	93.941931	0.002677	22.1
998	-0.866965	462.862096	94.036601	0.002979	21.0
999	-0.871550	462.374815	94.131398	0.002666	25.3
1000	-0.883094	463.363079	93.939338	0.003480	21.3
1001	-0.870611	462.876853	94.033734	0.003358	26.2
1002	-0.897114	462.389238	94.128589	0.002937	21.6
1003	-0.882051	463.389238	93.934265	0.002760	26.7
1004	-0.889983	462.901625	94.028920	0.003494	21.8
1005	-0.884506	462.439928	94.118720	0.002748	27.6
1006	-0.889970	463.439917	93.924438	0.002643	20.5
1007	-0.879844	462.952302	94.019074	0.002776	28.2
1008	-0.895235	462.464688	94.113900	0.003521	20.7
1009	-0.884180	463.464688	93.919636	0.002754	27.9
1010	-0.903351	462.977073	94.014261	0.003267	21.5
1011	-0.893061	463.927136	93.830070	0.003374	22.9
1012	-0.899393	464.918719	93.638597	0.003140	23.6
1013	-0.902099	464.431104	93.732657	0.002983	24.0
1014	-0.855080	465.431104	93.539962	0.003563	22.2
1015	-0.876844	466.431104	93.348058	0.002746	23.5
1016	-0.903319	465.943490	93.441535	0.002974	25.9
1017	-0.917037	466.943490	93.250034	0.002729	21.2
1018	-0.883595	466.506352	93.333650	0.002534	26.0
1019	-0.887055	466.409224	93.352249	0.002797	20.4
1020	-0.911688	465.921614	93.445733	0.002875	27.3
1021	-0.917667	465.433999	93.539406	0.002984	19.7
1022	-0.862984	464.946686	93.633208	0.003006	28.6
1023	-0.873784	465.946686	93.440922	0.002264	18.9
1024	-0.881914	465.459205	93.534559	0.003261	28.9
1025	-0.882222	464.971591	93.628410	0.002899	19.3
1026	-0.861842	465.919218	93.446193	0.002857	21.2
1027	-0.876569	465.431834	93.539822	0.002734	24.6
1028	-0.882620	464.944219	93.633683	0.003185	21.4
1029	-0.886681	465.944219	93.441395	0.003138	26.2
1030	-0.908539	465.497204	93.527253	0.003236	20.2
1031	-0.896389	466.497204	93.335401	0.002963	28.4
1032	-0.870784	466.397423	93.354509	0.002412	21.6
1033	-0.913873	465.909809	93.447999	0.002737	27.5
1034	-0.888570	465.422194	93.541676	0.002946	20.6
1035	-0.896989	465.940925	93.442027	0.002680	28.6
1036	-0.889901	465.453312	93.535692	0.003390	20.7
1037	-0.886596	466.359065	93.361857	0.002793	29.1
1038	-0.903010	465.871451	93.455361	0.003154	20.9
1039	-0.906816	466.871451	93.263804	0.002649	29.7
1040	-0.858354	466.756504	93.285782	0.002543	22.2
1041	-0.897096	466.747208	93.287560	0.003451	27.4
1042	-0.872251	466.469153	93.340772	0.002789	21.8
1043	-0.880509	467.469153	93.149684	0.002778	27.6
1044	-0.892450	466.981540	93.242763	0.003193	21.1
1045	-0.898182	467.860572	93.075101	0.003304	28.8
1046	-0.876937	468.860567	92.885099	0.003192	22.3
1047	-0.904293	468.372952	92.977650	0.003628	26.7
1048	-0.888103	468.517449	92.950205	0.002892	20.2
1049	-0.870456	468.029834	93.042886	0.003100	28.1
1050	-0.881097	469.029834	92.853014	0.002297	20.5
1051	-0.901597	468.542220	92.945502	0.002460	28.3
1052	-0.893886	468.054605	93.038173	0.002820	20.6
1053	-0.907257	467.568405	93.130761	0.003632	25.1
1054	-0.908894	468.568405	92.940530	0.003441	20.5
1055	-0.897420	468.080790	93.033192	0.002763	23.3
1056	-0.894569	469.067871	92.845807	0.002799	23.3
1057	-0.877553	468.818122	92.893148	0.002584	21.4
1058	-0.903209	468.331239	92.985576	0.002655	25.8
1059	-0.876740	467.843624	93.078328	0.002842	22.7
1060	-0.860927	467.356350	93.171200	0.002891	24.8
1061	-0.904867	468.356350	92.980805	0.002659	20.1
1062	-0.890253	467.868735	93.073547	0.002511	28.7
1063	-0.895059	467.381121	93.166474	0.002818	19.4
1064	-0.871796	468.380433	92.976229	0.002543	27.5
1065	-0.903110	467.892819	93.068962	0.003006	19.2
1066	-0.860520	467.405204	93.161880	0.002425	28.7
1067	-0.896283	468.405204	92.971523	0.003824	22.1
1068	-0.861781	469.405204	92.781942	0.002895	29.3
1069	-0.873342	470.404091	92.593342	0.003506	19.1
1070	-0.877059	471.404091	92.405299	0.002915	28.1
1071	-0.868681	470.916480	92.496895	0.002862	19.8
1072	-0.889557	470.428865	92.588674	0.002793	22.0
1073	-0.914156	471.428862	92.400650	0.002970	24.9
1074	-0.919081	472.428858	92.213389	0.003324	22.8
1075	-0.873716	473.428858	92.026884	0.002755	25.6
1076	-0.890913	472.941244	92.117732	0.002702	22.2
1077	-0.883813	473.870008	91.944847	0.003073	24.7
1078	-0.878613	474.870007	91.759426	0.003206	21.4
1079	-0.880810	475.870007	91.574751	0.002970	25.9
1080	-0.853603	475.382393	91.664708	0.002884	21.4
1081	-0.918027	476.382393	91.480414	0.003267	24.4
1082	-0.900348	477.382393	91.296859	0.003041	22.2
1083	-0.852871	476.894778	91.386271	0.003126	25.1
1084	-0.891492	477.894778	91.203094	0.002977	22.5
1085	-0.896506	477.407164	91.292322	0.003317	25.1
1086	-0.878900	476.960488	91.374212	0.003162	21.9
1087	-0.899881	477.960488	91.191083	0.003121	21.9
1088	-0.851792	477.472873	91.280287	0.002683	26.1
1089	-0.908185	478.423011	91.106629	0.004033	21.7
1090	-0.878809	477.935396	91.195669	0.003468	24.9
1091	-0.883802	477.720650	91.234937	0.002988	20.9
1092	-0.905924	478.720649	91.052365	0.002872	26.5
1093	-0.872275	478.233034	91.141299	0.003159	22.0
1094	-0.890909	479.233034	90.959101	0.002829	27.7
1095	-0.891227	478.745420	91.047852	0.003296	22.4
1096	-0.904640	478.257805	91.136777	0.003333	25.9
1097	-0.890414	477.770191	91.225875	0.003000	22.7
1098	-0.879316	477.282576	91.315148	0.002482	25.8
1099	-0.906229	476.795557	91.404486	0.002592	23.8
1100	-0.901097	476.323651	91.491219	0.003632	28.2
1101	-0.892717	475.897127	91.569753	0.002853	21.6
1102	-0.895485	475.409513	91.659700	0.003304	26.3
1103	-0.889363	474.921924	91.749820	0.003226	21.7
1104	-0.900575	475.921924	91.565183	0.002713	26.6
1105	-0.886831	475.434309	91.655122	0.002545	23.8
1106	-0.883025	474.946695	91.745237	0.002836	26.2
1107	-0.905843	474.464897	91.834452	0.003256	21.8
1108	-0.902012	473.977282	91.924920	0.003317	27.0
1109	-0.871114	474.977282	91.739579	0.002803	21.8
1110	-0.880644	474.868897	91.759631	0.003489	27.7
1111	-0.901327	474.381282	91.849952	0.002701	20.6
1112	-0.897820	475.381282	91.664913	0.002883	28.6
1113	-0.873244	476.381282	91.480618	0.002900	21.1
1114	-0.881605	477.381282	91.297063	0.003259	24.7
1115	-0.915570	476.893667	91.386475	0.002799	21.4
1116	-0.914659	476.406053	91.476062	0.002947	26.0
1117	-0.895906	477.406053	91.292525	0.003130	21.7
1118	-0.884342	476.918438	91.381929	0.003404	26.6
1119	-0.883616	476.430824	91.471507	0.002796	21.4
1120	-0.897753	475.943209	91.561262	0.002964	22.3
1121	-0.886258	476.826824	91.398745	0.002516	23.6
1122	-0.884015	477.826508	91.215576	0.003265	20.5
1123	-0.892757	477.338894	91.304828	0.002753	26.7
1124	-0.893100	476.851279	91.394256	0.002895	19.7
1125	-0.891215	477.851279	91.211046	0.003466	28.2
1126	-0.889051	477.363665	91.300290	0.002959	20.8
1127	-0.884056	478.363665	91.117457	0.002813	26.9
1128	-0.877180	479.282996	90.950017	0.002969	20.6
1129	-0.893770	480.282996	90.768583	0.002869	28.0
1130	-0.907128	479.795382	90.856962	0.002743	20.5
1131	-0.894238	479.307767	90.945514	0.002220	28.3
1132	-0.877890	478.824602	91.033428	0.003597	20.2
1133	-0.877827	479.824602	90.851661	0.002780	28.9
1134	-0.915758	479.355314	90.936872	0.002815	21.1
1135	-0.907125	478.867701	91.025579	0.002668	29.9
1136	-0.867073	479.862859	90.844722	0.003694	21.9
1137	-0.900164	479.378190	90.932715	0.003205	28.6
1138	-0.884005	478.890576	91.021414	0.003039	21.3
1139	-0.925812	478.402961	91.110287	0.003905	27.5
1140	-0.905502	479.402961	90.928213	0.003411	20.6
1141	-0.909356	480.402961	90.746866	0.002959	28.5
1142	-0.902441	481.402961	90.566240	0.003271	19.8
1143	-0.898414	482.402961	90.386332	0.002796	29.3
1144	-0.885963	481.915347	90.473968	0.002351	20.1
1145	-0.874795	481.427866	90.561751	0.003394	25.6
1146	-0.892105	482.427866	90.381861	0.003510	21.2
1147	-0.910056	483.427866	90.202684	0.003418	22.7
1148	-0.879166	484.427866	90.024216	0.003154	20.7
1149	-0.901691	483.940251	90.111151	0.002686	23.8
1150	-0.882029	484.940251	89.933045	0.002473	24.2
1151	-0.890403	484.452637	90.019804	0.002882	20.3
1152	-0.873757	485.452637	89.842058	0.003334	26.6
1153	-0.884530	486.452637	89.665013	0.002981	21.3
1154	-0.880927	487.452637	89.488664	0.003175	27.0
1155	-0.874649	486.965031	89.574566	0.002685	21.9
1156	-0.865342	487.965031	89.398572	0.003030	27.8
1157	-0.902975	488.964736	89.223321	0.002580	19.1
1158	-0.883698	489.964702	89.048709	0.002901	20.7
1159	-0.884124	490.964702	88.874774	0.003097	26.7
1160	-0.887973	491.404766	88.798446	0.002970	19.9
1161	-0.887018	490.917151	88.883029	0.002977	28.0
1162	-0.921806	490.430625	88.967584	0.002788	22.7
1163	-0.875701	490.299592	88.990384	0.003386	27.2
1164	-0.877924	489.811978	89.075333	0.002894	18.9
1165	-0.900126	490.811978	88.901294	0.003443	27.6
1166	-0.902461	490.324364	88.986073	0.003073	19.9
1167	-0.894497	489.857694	89.067362	0.003125	28.1
1168	-0.893025	489.370933	89.152309	0.003315	20.4
1169	-0.867276	490.370933	88.977969	0.002685	22.3
1170	-0.898262	489.883326	89.062893	0.002765	24.0
1171	-0.906763	489.629421	89.107179	0.002535	24.9
1172	-0.895607	489.141807	89.192351	0.003427	23.0
1173	-0.881899	490.084177	89.027892	0.003076	23.4
1174	-0.883582	489.596563	89.112913	0.003317	22.5
1175	-0.897055	490.596563	88.938727	0.003420	23.8
1176	-0.890283	491.374391	88.803711	0.002437	25.8
1177	-0.894909	490.886779	88.888303	0.003132	20.2
1178	-0.877166	491.886512	88.715040	0.002464	25.4
1179	-0.898572	492.886511	88.542404	0.003544	22.8
1180	-0.897420	492.398897	88.626500	0.002753	29.6
1181	-0.886592	493.387371	88.456190	0.002760	23.1
1182	-0.893485	494.387371	88.284560	0.002717	25.0
1183	-0.899315	493.899757	88.368166	0.002721	23.1
1184	-0.912098	493.489721	88.438593	0.003159	26.3
1185	-0.889747	493.010893	88.520978	0.003574	19.2
1186	-0.920208	494.010893	88.349097	0.002883	28.9
1187	-0.904325	493.523279	88.432825	0.002860	18.8
1188	-0.894472	494.523278	88.261285	0.002877	28.3
1189	-0.898727	494.035664	88.344847	0.002788	19.8
1190	-0.916047	495.035646	88.173651	0.003354	21.9
1191	-0.907360	496.035645	88.003115	0.003058	25.8
1192	-0.872443	495.548161	88.086166	0.002980	20.8
1193	-0.896746	495.060546	88.169397	0.003034	26.4
1194	-0.909941	494.574935	88.252442	0.003054	21.1
1195	-0.880092	494.235535	88.310576	0.002611	26.6
1196	-0.913321	495.235535	88.139510	0.003328	20.6
1197	-0.888961	494.747921	88.222842	0.003537	27.5
1198	-0.899780	494.260306	88.306331	0.002897	20.6
1199	-0.895987	493.772692	88.389978	0.003145	28.6
1200	-0.882347	493.285079	88.473784	0.002724	21.2
1201	-0.885727	494.285079	88.302085	0.003313	27.5
1202	-0.894283	495.277379	88.132366	0.003062	21.2
1203	-0.878603	496.277378	87.961989	0.002410	28.6
1204	-0.925790	497.277370	87.792271	0.003136	20.1
1205	-0.888220	498.274201	87.623739	0.003227	24.6
1206	-0.896227	499.274132	87.455332	0.003713	21.9
1207	-0.901363	500.274132	87.287560	0.002839	25.3
1208	-0.909580	501.274132	87.120430	0.003740	21.9
1209	-0.905229	500.786518	87.201845	0.002815	22.6
1210	-0.906015	500.298903	87.283412	0.002875	25.3
1211	-0.885217	499.811289	87.365132	0.002933	23.2
1212	-0.903026	500.811289	87.197706	0.002789	23.6
1213	-0.903414	500.323674	87.279265	0.003026	21.6
1214	-0.906850	499.838662	87.360541	0.002502	25.3
1215	-0.889115	500.838662	87.193132	0.003155	19.9
1216	-0.887923	501.838649	87.026365	0.002628	28.6
1217	-0.897527	501.353163	87.107249	0.003083	21.0
1218	-0.908077	500.865549	87.188639	0.003242	27.0
1219	-0.914334	500.377935	87.270182	0.002987	19.3
1220	-0.913735	499.890320	87.351877	0.002871	27.7
1221	-0.882771	499.402706	87.433725	0.003437	20.4
1222	-0.909206	498.915093	87.515727	0.003374	28.6
1223	-0.897743	498.427479	87.597882	0.003970	19.8
1224	-0.888107	497.939866	87.680192	0.003103	30.9
1225	-0.888744	498.939866	87.511557	0.002606	23.7
1226	-0.881322	499.939866	87.343569	0.002778	26.5
1227	-0.907754	499.452252	87.425402	0.002828	20.3
1228	-0.919120	500.452252	87.257744	0.003242	27.5
1229	-0.926569	499.964637	87.339416	0.002927	19.7
1230	-0.879828	500.934404	87.177137	0.003345	28.8
1231	-0.903424	501.934404	87.010430	0.003237	20.3
1232	-0.890184	501.446790	87.091639	0.003477	28.8
1233	-0.895479	502.446790	86.925258	0.002930	22.0
1234	-0.903755	501.959175	87.006308	0.003044	27.0
1235	-0.914182	502.959174	86.840253	0.002694	20.4
1236	-0.926412	503.597849	86.734529	0.002343	24.5
1237	-0.897627	504.597786	86.569518	0.002672	20.6
1238	-0.889334	504.110171	86.649906	0.003649	26.7
1239	-0.931538	505.104974	86.486062	0.002711	22.0
1240	-0.903494	506.104974	86.321984	0.002982	22.1
1241	-0.888165	505.617359	86.401913	0.003946	25.0
1242	-0.889329	505.129745	86.481990	0.003132	21.5
1243	-0.888181	506.129745	86.317928	0.003041	26.2
1244	-0.892543	507.129745	86.154487	0.003039	20.0
1245	-0.913484	508.129745	85.991664	0.003716	27.0
1246	-0.912376	509.129745	85.829455	0.003545	18.9
1247	-0.892123	508.642130	85.908474	0.002203	28.1
1248	-0.889938	508.154516	85.987638	0.002822	19.1
1249	-0.903309	507.666901	86.066949	0.003819	27.5
1250	-0.905489	507.179287	86.146406	0.002911	20.4
1251	-0.897802	508.179287	85.983613	0.003042	22.5
1252	-0.884639	507.737705	86.055423	0.002979	24.5
1253	-0.904010	507.250091	86.134859	0.003032	23.0
1254	-0.903804	506.940012	86.185449	0.002922	23.2
1255	-0.902185	507.940012	86.022509	0.002958	22.5
1256	-0.881412	508.940012	85.860184	0.003105	25.5
1257	-0.902386	509.939992	85.698474	0.003202	23.0
1258	-0.872976	510.939992	85.537368	0.003079	23.6
1259	-0.886217	511.939992	85.376868	0.002801	22.8
1260	-0.911186	512.932304	85.218195	0.003402	24.7
1261	-0.901437	513.464843	85.133284	0.002782	21.1
1262	-0.887591	512.977228	85.211025	0.002799	27.1
1263	-0.863393	513.977228	85.051746	0.002298	21.0
1264	-0.898761	513.489614	85.129338	0.003322	26.6
1265	-0.903692	513.001999	85.207073	0.002504	19.1
1266	-0.913197	514.001885	85.047826	0.003462	21.6
1267	-0.885998	513.514271	85.125411	0.002796	25.5
1268	-0.889151	514.514271	84.966451	0.003173	20.3
1269	-0.904523	514.026657	85.043888	0.002370	26.4
1270	-0.887974	513.539428	85.121405	0.002688	20.2
1271	-0.923009	513.419820	85.140456	0.002878	27.6
1272	-0.890291	512.933722	85.217969	0.002953	20.0
1273	-0.909710	513.933710	85.058665	0.003488	24.7
1274	-0.883171	514.933710	84.899954	0.002617	21.9
1275	-0.874835	515.933700	84.741835	0.002958	22.7
1276	-0.888751	516.928276	84.585156	0.003084	22.1
1277	-0.909599	517.928130	84.428228	0.003377	21.3
1278	-0.892708	518.928130	84.271859	0.002845	26.5
1279	-0.910945	518.440516	84.348034	0.002700	20.8
1280	-0.902634	519.440482	84.191967	0.003565	25.9
1281	-0.888217	518.952868	84.267998	0.003108	18.8
1282	-0.910573	518.465253	84.344166	0.003014	29.0
1283	-0.880855	519.465253	84.188108	0.002826	18.9
1284	-0.906957	520.465253	84.032626	0.003646	28.6
1285	-0.905832	521.465253	83.877717	0.003110	18.9
1286	-0.880185	520.977639	83.953182	0.002896	21.0
1287	-0.908479	521.977638	83.798566	0.003262	25.3
1288	-0.892605	522.977638	83.644518	0.002908	20.9
1289	-0.877834	523.977637	83.491035	0.002843	26.5
1290	-0.886535	523.490033	83.565804	0.003130	20.5
1291	-0.911975	524.489628	83.412672	0.002965	28.5
1292	-0.890010	525.489628	83.260038	0.002978	20.6
1293	-0.913431	526.489628	83.107962	0.003123	28.6
1294	-0.879066	526.002013	83.182047	0.002781	20.7
1295	-0.886639	525.514399	83.256264	0.002437	24.6
1296	-0.919606	526.514398	83.104202	0.002578	20.7
1297	-0.888433	526.026804	83.178277	0.002770	26.2
1298	-0.890242	527.026804	83.026499	0.002702	21.3
1299	-0.891087	528.026804	82.875275	0.002560	21.8
1300	-0.896470	528.704429	82.773114	0.003255	24.9
1301	-0.916158	529.704429	82.622810	0.002813	21.1
1302	-0.915984	529.216814	82.696032	0.004007	25.8
1303	-0.892333	530.216814	82.546007	0.003175	19.1
1304	-0.880380	529.729200	82.619093	0.002619	29.2
1305	-0.901059	530.729200	82.469348	0.002838	19.2
1306	-0.874854	531.729048	82.320166	0.002796	27.1
1307	-0.906556	532.729048	82.171501	0.003707	19.3
1308	-0.901885	533.693097	82.028688	0.002759	20.9
1309	-0.906352	533.205483	82.100861	0.002942	25.5
1310	-0.889228	534.204466	81.953136	0.002701	21.7
1311	-0.901209	533.716869	82.025173	0.003142	26.5
1312	-0.901636	534.716614	81.877608	0.002904	20.5
1313	-0.898309	534.229013	81.949513	0.003040	28.3
1314	-0.893968	533.741398	82.021546	0.002438	20.3
1315	-0.898909	534.740483	81.874092	0.002954	28.7
1316	-0.874927	534.254956	81.945684	0.002449	20.9
1317	-0.895675	533.767342	82.017710	0.003132	24.7
1318	-0.906892	533.279727	82.089863	0.003119	21.4
1319	-0.904431	532.792113	82.162144	0.002536	25.9
1320	-0.892938	532.306033	82.234323	0.003381	21.6
1321	-0.884850	531.818457	82.306852	0.002681	22.9
1322	-0.881551	532.818457	82.158235	0.002874	24.6
1323	-0.882289	532.330869	82.230632	0.003081	21.9
1324	-0.869329	532.973624	82.135223	0.002796	26.9
1325	-0.879627	532.486010	82.207583	0.002812	21.9
1326	-0.903567	531.998395	82.280071	0.002915	24.9
1327	-0.872430	531.510825	82.352680	0.002845	21.3
1328	-0.881038	531.023210	82.425424	0.003050	25.4
1329	-0.910824	532.022846	82.276433	0.002825	19.2
1330	-0.900319	531.535231	82.349042	0.002594	28.6
1331	-0.897246	532.534910	82.200321	0.002833	18.9
1332	-0.915398	533.532151	82.052496	0.003167	29.0
1333	-0.883450	534.532151	81.904795	0.002236	20.2
1334	-0.870700	534.044536	81.976750	0.002931	29.0
1335	-0.886574	533.556922	82.048831	0.002820	19.8
1336	-0.899307	534.553267	81.901682	0.003144	26.4
1337	-0.928548	534.065652	81.973631	0.002987	20.6
1338	-0.912287	533.586440	82.044464	0.002965	20.9
1339	-0.909373	534.586440	81.896792	0.003222	25.7
1340	-0.884990	534.098825	81.968733	0.003400	22.4
1341	-0.900898	533.611888	82.040699	0.003557	26.3
1342	-0.875868	534.611840	81.893048	0.002446	22.0
1343	-0.898971	534.136771	81.963130	0.003025	26.8
1344	-0.887695	533.649156	82.035187	0.003479	22.1
1345	-0.907046	534.649156	81.887548	0.002863	25.3
1346	-0.904423	535.649156	81.740440	0.003222	23.5
1347	-0.903146	535.161542	81.812106	0.003118	26.8
1348	-0.886855	536.161542	81.665269	0.002790	21.9
1349	-0.869138	535.673927	81.736803	0.003194	26.5
1350	-0.874732	536.673927	81.590236	0.002842	23.1
1351	-0.887780	536.186313	81.661638	0.002935	28.5
1352	-0.898894	535.698698	81.733166	0.003347	22.8
1353	-0.912715	536.698698	81.586612	0.002698	28.2
1354	-0.893436	537.698698	81.440582	0.002740	20.3
1355	-0.892922	537.211084	81.511723	0.003115	28.6
1356	-0.878363	536.723469	81.582988	0.003080	20.8
1357	-0.910591	537.722318	81.437139	0.003283	29.9
1358	-0.904642	538.682233	81.297466	0.003603	22.2
1359	-0.890452	538.194619	81.368357	0.002716	26.9
1360	-0.896326	537.707004	81.439371	0.003687	20.4
1361	-0.921776	538.419821	81.335601	0.003360	28.6
1362	-0.913611	537.932206	81.406558	0.002958	24.0
1363	-0.893910	538.797760	81.280688	0.003289	26.5
1364	-0.901259	538.310145	81.351550	0.002520	21.5
1365	-0.926352	539.310145	81.206360	0.003041	27.0
1366	-0.887251	539.101290	81.236640	0.002555	23.0
1367	-0.898328	540.098968	81.092195	0.002715	27.3
1368	-0.893307	539.611353	81.162729	0.003351	20.6
1369	-0.898315	539.123739	81.233385	0.002891	28.5
1370	-0.915819	540.123739	81.088616	0.003042	20.1
1371	-0.911129	539.636124	81.159143	0.003236	29.2
1372	-0.907632	539.561203	81.169990	0.002909	20.9
1373	-0.889425	539.073589	81.240658	0.003036	29.2
1374	-0.903569	540.069320	81.096480	0.003095	20.1
1375	-0.894621	541.069320	80.952198	0.003246	29.4
1376	-0.902858	542.067568	80.808680	0.003160	24.0
1377	-0.927086	541.579953	80.878721	0.003018	29.5
1378	-0.920074	541.092339	80.948883	0.003196	20.0
1379	-0.913354	540.604724	81.019167	0.002909	27.0
1380	-0.915322	540.117110	81.089574	0.003054	20.0
1381	-0.886840	541.108644	80.946535	0.002945	24.0
1382	-0.901858	542.108643	80.802786	0.002863	21.9
1383	-0.896108	543.108642	80.659546	0.003234	25.7
1384	-0.908599	542.621028	80.729328	0.003640	22.1
1385	-0.886629	542.133463	80.799225	0.003014	24.1
1386	-0.890817	543.011557	80.673431	0.002609	22.0
1387	-0.888731	542.523942	80.743237	0.002930	23.1
1388	-0.888802	543.523942	80.600208	0.002970	24.9
1389	-0.875661	543.036328	80.669888	0.002642	20.6
1390	-0.889433	542.548713	80.739688	0.002802	26.3
1391	-0.898230	542.061099	80.809609	0.003235	30.0
1392	-0.926659	543.060814	80.666386	0.002442	22.3
1393	-0.895127	544.060623	80.523656	0.003127	23.8
1394	-0.900581	543.573008	80.593203	0.002845	21.9
1395	-0.899383	543.085394	80.662871	0.003181	21.6
1396	-0.885072	544.085385	80.520127	0.002934	25.6
1397	-0.904232	545.085385	80.377887	0.002880	20.9
1398	-0.902039	546.085385	80.236148	0.003006	25.6
1399	-0.902749	547.055290	80.099152	0.003582	21.5
1400	-0.902012	547.937929	79.974888	0.003183	26.2
1401	-0.874195	548.062714	79.957351	0.002724	21.5
1402	-0.901192	549.062714	79.817090	0.002748	27.8
1403	-0.888262	550.062714	79.677321	0.002920	21.0
1404	-0.904012	551.062714	79.538040	0.003121	28.2
1405	-0.905611	552.061565	79.399405	0.002703	21.1
1406	-0.919049	551.573951	79.467023	0.003374	27.9
1407	-0.897213	552.573951	79.328476	0.002907	20.8
1408	-0.921983	553.573951	79.190411	0.003946	29.9
1409	-0.892406	553.086336	79.257673	0.003459	20.6
1410	-0.907389	554.086336	79.119854	0.002736	29.1
1411	-0.898785	553.598722	79.186997	0.002760	22.3
1412	-0.900736	554.577445	79.052346	0.003180	27.4
1413	-0.912042	554.089830	79.119374	0.003802	21.0
1414	-0.911879	553.602216	79.186515	0.002596	28.2
1415	-0.874209	553.114602	79.253771	0.003547	20.2
1416	-0.893949	552.626987	79.321141	0.002817	30.4
1417	-0.881628	552.142772	79.388155	0.002463	21.8
1418	-0.893476	551.655157	79.455754	0.002671	27.0
1419	-0.901615	551.982053	79.410423	0.003048	20.8
1420	-0.896695	551.494452	79.478058	0.003172	27.8
1421	-0.894422	551.006838	79.545810	0.002893	21.0
1422	-0.898478	550.519224	79.613677	0.002885	28.0
1423	-0.906890	551.519224	79.474619	0.003377	21.4
1424	-0.907902	552.243473	79.374209	0.002430	28.6
1425	-0.867378	553.243473	79.235985	0.003019	23.4
1426	-0.927017	554.243473	79.098242	0.003182	27.2
1427	-0.863293	555.243473	78.960976	0.002697	20.1
1428	-0.925675	556.243457	78.824189	0.002781	29.3
1429	-0.909714	555.755843	78.890830	0.003163	21.6
1430	-0.902459	556.755843	78.754283	0.002602	27.8
1431	-0.915774	557.755250	78.618288	0.002780	20.5
1432	-0.886435	557.267636	78.684582	0.003094	25.5
1433	-0.898915	558.267636	78.548747	0.002857	21.6
1434	-0.899639	559.267636	78.413381	0.002901	25.2
1435	-0.912804	559.947844	78.321570	0.002802	21.5
1436	-0.885537	559.460229	78.387364	0.002969	22.0
1437	-0.903920	559.218072	78.420079	0.003373	26.5
1438	-0.879441	560.218072	78.285155	0.002996	21.9
1439	-0.891385	561.218072	78.150695	0.003046	26.1
1440	-0.928155	562.214626	78.017157	0.002936	21.0
1441	-0.915886	561.727128	78.082425	0.002538	26.7
1442	-0.915070	561.239513	78.147817	0.003846	21.2
1443	-0.896848	562.239513	78.013828	0.002598	26.2
1444	-0.904988	563.238367	77.880450	0.003112	19.1
1445	-0.900659	564.235612	77.747742	0.002807	31.2
1446	-0.906592	565.235612	77.615120	0.003238	18.9
1447	-0.906803	564.811464	77.671316	0.004075	29.4
1448	-0.913630	565.811464	77.538954	0.002810	18.7
1449	-0.899974	565.323965	77.603424	0.002250	28.2
1450	-0.880750	564.836353	77.668016	0.002990	19.1
1451	-0.902754	565.836350	77.535666	0.003011	21.1
1452	-0.889934	565.350305	77.599938	0.003164	26.3
1453	-0.902403	566.275175	77.477729	0.003239	20.7
1454	-0.909289	567.275163	77.346028	0.003007	26.4
1455	-0.902603	566.787549	77.410192	0.002801	22.1
1456	-0.888473	567.787548	77.278718	0.003373	25.7
1457	-0.902654	568.787548	77.147690	0.003414	21.9
1458	-0.922194	569.787548	77.017106	0.002502	26.7
1459	-0.925983	569.299933	77.080726	0.003048	24.3
1460	-0.908146	568.821576	77.143240	0.002698	26.0
1461	-0.902402	568.333967	77.207067	0.003322	21.2
1462	-0.921524	569.333967	77.076282	0.002985	26.1
1463	-0.881881	568.846353	77.139999	0.002639	20.7
1464	-0.900225	568.358738	77.203822	0.003760	27.2
1465	-0.900891	569.358738	77.073048	0.002750	22.2
1466	-0.879596	570.358738	76.942715	0.002698	29.6
1467	-0.923531	571.358738	76.812823	0.002767	20.8
1468	-0.891788	570.871131	76.876105	0.002922	25.0
1469	-0.898751	570.383529	76.939490	0.002795	20.5
1470	-0.896844	571.383529	76.809609	0.002782	25.3
1471	-0.898045	570.895914	76.872886	0.002735	21.5
1472	-0.905334	570.408300	76.936267	0.003535	21.8
1473	-0.889038	571.341819	76.815017	0.002874	25.9
1474	-0.907436	572.341819	76.685556	0.002911	20.9
1475	-0.924606	571.854205	76.748629	0.002887	26.3
1476	-0.924561	571.366590	76.811805	0.002854	19.5
1477	-0.898387	572.366256	76.682398	0.003113	27.9
1478	-0.895296	571.891171	76.743843	0.003069	19.0
1479	-0.899111	572.874798	76.616733	0.002617	26.4
1480	-0.905817	573.874798	76.487939	0.002636	19.7
1481	-0.898365	573.387189	76.550686	0.002965	21.4
1482	-0.921824	574.385192	76.422370	0.002917	25.3
1483	-0.909705	575.385191	76.294227	0.003515	22.0
1484	-0.934011	574.898593	76.356527	0.003159	27.4
1485	-0.904973	575.883667	76.230511	0.002867	22.0
1486	-0.909346	575.397995	76.292589	0.003641	26.0
1487	-0.891584	576.397973	76.164884	0.002916	22.5
1488	-0.928706	575.913274	76.226730	0.002968	26.6
1489	-0.901203	575.425660	76.289050	0.002783	21.3
1490	-0.900857	576.425470	76.161378	0.002854	28.4
1491	-0.883326	575.937856	76.223591	0.002646	20.2
1492	-0.881903	575.450811	76.285833	0.002585	29.9
1493	-0.902697	574.965994	76.347892	0.003396	20.7
1494	-0.895829	574.481947	76.409952	0.002874	28.5
1495	-0.884640	573.994332	76.472572	0.003273	20.4
1496	-0.881505	573.506718	76.535295	0.002633	29.3
1497	-0.918520	573.019103	76.598121	0.002752	20.6
1498	-0.885968	572.810825	76.624988	0.002305	28.0
1499	-0.918364	572.323213	76.687960	0.003443	20.4
1500	-0.907492	571.835599	76.751037	0.002847	28.0
1501	-0.915665	571.347984	76.814218	0.003050	20.9
1502	-0.904934	572.347984	76.684759	0.003246	25.3
1503	-0.904426	573.347984	76.555736	0.003514	22.4
1504	-0.902911	574.347984	76.427146	0.003025	24.1
1505	-0.886612	573.860370	76.489794	0.002898	21.4
1506	-0.910862	573.372755	76.552545	0.002815	21.2
1507	-0.882741	572.885141	76.615399	0.002728	25.2
1508	-0.903707	572.406055	76.677255	0.003325	21.7
1509	-0.898656	573.406055	76.548256	0.003193	25.4
1510	-0.904127	572.918458	76.611101	0.003267	18.9
1511	-0.920710	572.430844	76.674052	0.003850	25.9
1512	-0.912136	571.943230	76.737105	0.003138	19.8
1513	-0.915242	572.448018	76.671833	0.003388	27.0
1514	-0.919068	571.960404	76.734883	0.003089	20.2
1515	-0.911014	571.472789	76.798037	0.003336	26.1
1516	-0.894377	572.472789	76.668632	0.003331	23.0
1517	-0.908217	571.985175	76.731677	0.002839	21.8
1518	-0.894476	571.497560	76.794826	0.002677	25.6
1519	-0.886865	571.009947	76.858079	0.003495	21.8
1520	-0.914029	570.522332	76.921436	0.002968	27.1
1521	-0.910625	571.522332	76.791616	0.003200	22.1
1522	-0.887270	572.522332	76.662233	0.002978	26.8
1523	-0.885412	573.522330	76.533285	0.002380	22.3
1524	-0.892468	573.034728	76.596106	0.003021	26.6
1525	-0.892332	573.624944	76.520078	0.003069	21.7
1526	-0.934969	573.137329	76.582879	0.003215	28.5
1527	-0.903555	574.137329	76.454198	0.003076	20.9
1528	-0.905356	573.649715	76.516891	0.002533	28.4
1529	-0.891399	573.162100	76.579686	0.003220	21.5
1530	-0.933141	573.016025	76.598518	0.003084	28.2
1531	-0.913557	572.528410	76.661448	0.003369	21.5
1532	-0.919948	573.519783	76.533613	0.003013	29.4
1533	-0.927658	574.501020	76.407505	0.003720	21.5
1534	-0.894071	574.013405	76.470121	0.002815	27.9
1535	-0.895573	573.525791	76.532840	0.002644	20.6
1536	-0.907384	573.667777	76.514566	0.003313	28.7
1537	-0.937320	574.667773	76.386115	0.003074	21.1
1538	-0.921302	575.667773	76.258094	0.002813	29.6
1539	-0.893215	576.667621	76.130521	0.002934	21.7
1540	-0.911478	577.667621	76.003354	0.002706	25.3
1541	-0.899772	578.667621	75.876612	0.002363	21.0
1542	-0.881242	578.180006	75.938360	0.002937	24.4
1543	-0.897538	577.693620	76.000053	0.002938	23.0
1544	-0.906687	577.372991	76.040777	0.003453	24.3
1545	-0.910931	576.885377	76.102793	0.002842	21.7
1546	-0.911350	576.397763	76.164911	0.002970	26.1
1547	-0.902573	575.910148	76.227129	0.003023	21.3
1548	-0.923223	576.695946	76.126913	0.002914	22.7
1549	-0.875340	577.663475	76.003880	0.003257	24.2
1550	-0.903672	578.663475	75.877136	0.002565	21.3
1551	-0.921539	578.175861	75.938886	0.002519	26.5
1552	-0.905891	577.688274	76.000732	0.002877	33.1
1553	-0.915448	577.202280	76.062477	0.003039	22.2
1554	-0.905414	578.202280	75.935537	0.002457	23.7
1555	-0.881005	577.714666	75.997382	0.003337	24.3
1556	-0.898998	578.714640	75.870663	0.002917	23.3
1557	-0.895653	579.714639	75.744362	0.003104	24.9
1558	-0.915721	579.227024	75.805896	0.002939	21.6
1559	-0.901531	578.739410	75.867529	0.002976	25.5
1560	-0.915210	578.251795	75.929263	0.002655	21.3
1561	-0.917603	579.251795	75.802767	0.003283	25.3
1562	-0.899969	578.768113	75.863898	0.003026	20.2
1563	-0.914400	579.768113	75.737620	0.002750	38.5
1564	-0.885808	579.280499	75.799143	0.003126	39.2
1565	-0.882337	580.263716	75.675192	0.003320	33.9
1566	-0.903660	579.776101	75.736613	0.002794	34.8
1567	-0.902497	580.577057	75.635775	0.003447	32.7
1568	-0.918290	581.577053	75.510255	0.002984	29.9
1569	-0.916465	582.577053	75.385151	0.003199	20.4
1570	-0.914963	583.577053	75.260460	0.002490	28.8
1571	-0.909121	583.089438	75.321210	0.002667	20.0
1572	-0.897633	582.723334	75.366885	0.002421	23.3
1573	-0.905594	582.418440	75.404966	0.003380	25.7
1574	-0.922440	581.930825	75.465949	0.003202	23.3
1575	-0.903842	581.443211	75.527031	0.002787	25.0
1576	-0.909935	580.955599	75.588212	0.003638	23.3
1577	-0.920100	581.955599	75.462849	0.002792	25.6
1578	-0.911271	582.955599	75.337901	0.002783	24.4
1579	-0.906556	583.955599	75.213366	0.002640	26.3
1580	-0.902200	583.467984	75.274040	0.002740	24.5
1581	-0.887861	584.467982	75.149716	0.002598	25.7
1582	-0.924421	584.492901	75.146624	0.003324	24.6
1583	-0.908821	584.005287	75.207189	0.003169	26.1
1584	-0.902300	585.005287	75.083086	0.002391	24.0
1585	-0.918531	586.005287	74.959392	0.003633	23.4
1586	-0.888165	585.517673	75.019656	0.002706	21.2
1587	-0.907601	585.030058	75.080017	0.002449	25.9
1588	-0.884609	586.030058	74.956333	0.002947	22.0
1589	-0.902516	586.806815	74.860541	0.003199	26.3
1590	-0.924620	587.806815	74.737579	0.003404	21.3
1591	-0.934948	587.363196	74.792077	0.002796	25.8
1592	-0.896393	587.613242	74.761349	0.002938	22.7
1593	-0.876813	587.391294	74.788623	0.003047	25.8
1594	-0.900071	586.903679	74.848613	0.003182	22.4
1595	-0.919563	586.416065	74.908699	0.002638	31.4
1596	-0.903612	585.928642	74.968858	0.003052	22.8
1597	-0.898983	586.280907	74.925371	0.002366	25.4
1598	-0.902808	585.793293	74.985580	0.002595	25.2
1599	-0.902054	585.305678	75.045887	0.002908	23.1
1600	-0.897628	584.818093	75.106286	0.003604	24.3
1601	-0.908327	584.330479	75.166787	0.003240	21.4
1602	-0.878511	585.329989	75.042878	0.002363	25.4
1603	-0.912084	584.842374	75.103276	0.002898	25.2
1604	-0.907423	584.357040	75.163489	0.003094	21.8
1605	-0.917150	585.336405	75.042083	0.003064	26.3
1606	-0.916868	584.848791	75.102481	0.002459	21.3
1607	-0.917841	585.848791	74.978723	0.003289	25.2
1608	-0.909514	586.848783	74.855373	0.003685	19.9
1609	-0.915247	587.848783	74.732427	0.002874	27.8
1610	-0.911693	587.361168	74.792327	0.003002	19.0
1611	-0.907004	586.873654	74.852310	0.002310	26.7
1612	-0.939801	586.386039	74.912402	0.003274	20.4
1613	-0.920251	585.898428	74.972590	0.003032	24.7
1614	-0.892737	586.652403	74.879564	0.003521	22.4
1615	-0.903795	586.164796	74.939699	0.002856	21.1
1616	-0.911182	587.164796	74.816476	0.002963	25.4
1617	-0.890253	586.754516	74.866983	0.003108	23.3
1618	-0.882698	586.266902	74.927099	0.002354	27.1
1619	-0.891116	587.266902	74.803918	0.003195	21.9
1620	-0.902003	588.266426	74.681199	0.003942	26.8
1621	-0.903559	587.778812	74.741016	0.003388	23.4
1622	-0.893690	588.778812	74.618446	0.003269	25.5
1623	-0.907246	589.778812	74.496276	0.002777	21.3
1624	-0.895656	589.291204	74.555797	0.002783	28.6
1625	-0.920355	588.803589	74.615414	0.002789	23.4
1626	-0.912511	589.803589	74.493254	0.003498	27.0
1627	-0.883484	589.392624	74.543409	0.003061	21.7
1628	-0.908944	590.392624	74.421485	0.002578	26.4
1629	-0.921855	589.949330	74.475484	0.003556	22.6
1630	-0.891366	589.461723	74.534971	0.002636	27.3
1631	-0.892434	590.461723	74.413075	0.003284	23.1
1632	-0.909768	591.461723	74.291577	0.002778	24.9
1633	-0.921083	592.461723	74.170475	0.002827	22.6
1634	-0.891733	593.461723	74.049767	0.003268	24.5
1635	-0.914295	594.461723	73.929451	0.002897	24.4
1636	-0.901194	595.461723	73.809525	0.002875	24.8
1637	-0.907887	596.461545	73.690010	0.003133	36.1
1638	-0.908971	597.039361	73.621115	0.002588	20.8
1639	-0.904218	596.551747	73.679246	0.002673	22.7
1640	-0.942743	597.511838	73.564877	0.003099	26.8
1641	-0.895029	597.070116	73.617452	0.002552	29.5
1642	-0.913304	596.582501	73.675577	0.002852	30.7
1643	-0.924317	596.094887	73.733794	0.002855	29.3
1644	-0.902101	595.608363	73.791972	0.003027	31.1
1645	-0.902310	596.249434	73.715332	0.003248	33.0
1646	-0.921644	595.761820	73.773612	0.003540	31.2
1647	-0.916028	596.760313	73.654371	0.002969	31.2
1648	-0.908722	597.760296	73.535337	0.002880	20.3
1649	-0.900233	598.760296	73.416686	0.003147	30.9
1650	-0.873637	598.272696	73.474493	0.003344	30.5
1651	-0.893217	599.272696	73.356037	0.002812	33.1
1652	-0.915506	600.272696	73.237964	0.003006	19.9
1653	-0.910008	599.785082	73.295491	0.003284	22.4
1654	-0.898943	599.297467	73.353108	0.003187	26.7
1655	-0.898412	600.297467	73.235044	0.002623	22.4
1656	-0.910649	599.849929	73.287835	0.002754	27.6
1657	-0.886470	600.849929	73.169980	0.003074	21.8
1658	-0.904050	601.849929	73.052504	0.002621	29.0
1659	-0.899746	601.362351	73.109736	0.003432	22.7
1660	-0.892837	602.362351	72.992453	0.003365	31.3
1661	-0.908901	601.874739	73.049595	0.003164	27.6
1662	-0.900531	602.874739	72.932504	0.003240	21.4
1663	-0.907751	603.874687	72.815795	0.002704	33.7
1664	-0.928405	604.874685	72.699453	0.002663	31.8
1665	-0.904485	604.387072	72.756136	0.002654	35.3
1666	-0.894099	603.899457	72.812909	0.002849	32.7
1667	-0.892880	603.411843	72.869770	0.003126	32.6
1668	-0.910044	604.411843	72.753255	0.002894	31.9
1669	-0.895927	603.924229	72.810022	0.002664	34.0
1670	-0.904515	603.436614	72.866879	0.003451	33.5
1671	-0.920276	602.949000	72.923824	0.003253	28.6
1672	-0.912119	603.756046	72.829623	0.003215	31.3
1673	-0.908057	603.268438	72.886509	0.003130	34.8
1674	-0.888172	602.790377	72.942368	0.002838	19.3
1675	-0.889379	602.302763	72.999431	0.003859	33.4
1676	-0.885860	603.302763	72.882502	0.003352	25.5
1677	-0.915547	604.302763	72.765946	0.002803	27.8
1678	-0.915191	605.302763	72.649763	0.003279	22.2
1679	-0.902457	604.815148	72.706369	0.002803	26.8
1680	-0.909825	604.327534	72.763064	0.002532	21.4
1681	-0.902791	605.327534	72.646890	0.002535	29.6
1682	-0.904427	606.327534	72.531086	0.002965	31.6
1683	-0.920060	605.839919	72.587507	0.002835	28.9
1684	-0.915581	606.839906	72.471894	0.002915	30.2
1685	-0.924272	607.839557	72.356687	0.003760	35.5
1686	-0.892951	607.351943	72.412837	0.002874	30.2
1687	-0.902180	608.351943	72.297778	0.003017	35.6
1688	-0.920758	607.864328	72.353837	0.002525	31.8
1689	-0.911270	608.864328	72.238965	0.002496	36.0
1690	-0.917536	608.376714	72.294933	0.002786	29.7
1691	-0.915107	607.889108	72.350986	0.002712	31.2
1692	-0.907672	607.401493	72.407128	0.003073	34.9
1693	-0.907659	606.913879	72.463356	0.002906	39.8
1694	-0.911756	606.426289	72.519670	0.002934	37.1
1695	-0.910973	605.938675	72.576073	0.003154	31.7
1696	-0.889002	605.451060	72.632565	0.003095	35.4
1697	-0.924148	605.050992	72.678979	0.002974	31.9
1698	-0.901075	606.050992	72.563073	0.002803	27.7
1699	-0.899522	607.007400	72.452565	0.002609	21.7
1700	-0.879780	608.007247	72.337397	0.002877	27.2
1701	-0.901679	609.007234	72.222579	0.002865	32.2
1702	-0.909268	610.007234	72.108123	0.002717	29.3
1703	-0.890491	609.519620	72.163888	0.002733	19.1
1704	-0.933731	609.032066	72.219732	0.002560	25.4
1705	-0.904952	608.544655	72.275647	0.003068	34.1
1706	-0.892470	609.544623	72.161026	0.002950	35.4
1707	-0.901507	609.913507	72.118835	0.002896	31.9
1708	-0.909401	610.913507	72.004707	0.002897	32.0
1709	-0.908693	610.425893	72.060312	0.002979	34.0
1710	-0.928451	611.244858	71.966971	0.002822	36.3
1711	-0.899689	610.837420	72.013378	0.002857	32.4
1712	-0.896497	610.349806	72.068997	0.002764	29.1
1713	-0.893361	611.349806	71.955027	0.003012	35.0
1714	-0.923403	611.563382	71.930732	0.003314	36.1
1715	-0.909743	611.076183	71.986176	0.003155	45.2
1716	-0.911266	610.588584	72.041750	0.002826	32.1
1717	-0.908579	610.100970	72.097413	0.003489	36.4
1718	-0.885935	610.040263	72.104349	0.002281	31.5
1719	-0.921437	609.552648	72.160108	0.002886	31.6
1720	-0.913535	609.076529	72.214636	0.003287	25.8
1721	-0.921330	610.076528	72.100205	0.002910	31.5
1722	-0.917738	611.076528	71.986136	0.002891	24.2
1723	-0.908644	612.076278	71.872456	0.003020	24.5
1724	-0.891170	611.624424	71.923791	0.003416	21.4
1725	-0.904418	612.624424	71.810280	0.002852	22.8
1726	-0.930382	612.136809	71.865585	0.002897	23.4
1727	-0.922341	613.136809	71.752257	0.003003	21.9
1728	-0.908371	612.649194	71.807473	0.002342	24.8
1729	-0.924421	612.161674	71.862763	0.002490	20.7
1730	-0.912226	613.161674	71.749443	0.002361	26.2
1731	-0.894724	612.674060	71.804655	0.002821	20.2
1732	-0.917127	612.244645	71.853347	0.003068	26.3
1733	-0.907133	611.757039	71.908717	0.002970	19.9
1734	-0.923502	612.680621	71.803911	0.002841	28.0
1735	-0.898593	612.193006	71.859207	0.002878	20.0
1736	-0.910183	613.193006	71.745899	0.002955	25.7
1737	-0.905950	614.193006	71.632947	0.002890	22.3
1738	-0.895866	614.453348	71.603600	0.003013	24.2
1739	-0.907331	615.453348	71.491096	0.002590	20.8
1740	-0.925570	616.453348	71.378944	0.002913	24.7
1741	-0.910593	617.453348	71.267145	0.002467	23.4
1742	-0.908794	618.453295	71.155701	0.003046	21.6
1743	-0.915184	619.453295	71.044598	0.002618	24.3
1744	-0.909000	618.965680	71.098730	0.002757	21.2
1745	-0.934302	618.478066	71.152944	0.003705	26.6
1746	-0.882321	619.478066	71.041851	0.002726	20.4
1747	-0.920050	620.478066	70.931104	0.003246	26.9
1748	-0.904761	621.478066	70.820701	0.003030	18.9
1749	-0.918379	622.417326	70.717317	0.002976	29.2
1750	-0.928333	621.930868	70.770824	0.002921	19.0
1751	-0.917081	621.463687	70.822286	0.002612	26.6
1752	-0.910919	620.976073	70.876079	0.003299	20.3
1753	-0.899976	620.488459	70.929954	0.002558	22.3
1754	-0.910062	621.488452	70.819556	0.002805	24.1
1755	-0.902416	622.488452	70.709501	0.002631	22.9
1756	-0.910643	622.000838	70.763123	0.002793	24.3
1757	-0.938391	622.998805	70.653465	0.002860	23.4
1758	-0.911495	622.511191	70.707002	0.002694	22.6
1759	-0.913509	623.511191	70.597296	0.002919	23.2
1760	-0.908852	623.023576	70.650748	0.002854	24.2
1761	-0.907458	622.535962	70.704280	0.003000	21.0
1762	-0.917982	623.535962	70.594583	0.002865	25.8
1763	-0.879114	624.535959	70.485225	0.002908	22.7
1764	-0.904994	625.535959	70.376205	0.002560	26.7
1765	-0.923418	626.535538	70.267568	0.002632	21.1
1766	-0.948319	626.080835	70.316944	0.002563	26.1
1767	-0.909461	625.593227	70.369972	0.002858	19.1
1768	-0.898645	625.105614	70.423080	0.003109	26.4
1769	-0.925260	626.105055	70.314313	0.002745	20.1
1770	-0.888743	625.617441	70.367337	0.002959	21.6
1771	-0.903949	626.617438	70.258681	0.002846	24.2
1772	-0.924991	627.617438	70.150361	0.002782	23.4
1773	-0.878635	627.129823	70.203138	0.003142	29.3
1774	-0.902844	628.129823	70.094988	0.002735	24.2
1775	-0.880894	627.642209	70.147682	0.002897	26.4
1776	-0.914531	627.154594	70.200455	0.002833	20.8
1777	-0.931791	626.667087	70.253295	0.002880	25.5
1778	-0.893252	627.056116	70.211122	0.003000	21.3
1779	-0.914695	626.568505	70.263990	0.002636	26.6
1780	-0.920640	626.080891	70.316938	0.003329	20.9
1781	-0.932266	627.080891	70.208438	0.003539	27.3
1782	-0.915507	628.080890	70.100272	0.003463	21.0
1783	-0.923131	629.080880	69.992440	0.003132	27.2
1784	-0.900206	628.593266	70.044980	0.003170	20.6
1785	-0.941758	629.593266	69.937316	0.002917	28.5
1786	-0.909092	629.357975	69.962619	0.002800	20.2
1787	-0.907530	628.870363	70.015113	0.003176	29.2
1788	-0.923313	628.382749	70.067687	0.003065	21.2
1789	-0.904563	629.382749	69.959954	0.003324	28.5
1790	-0.911939	630.382749	69.852552	0.003080	20.9
1791	-0.908413	629.895134	69.904881	0.002993	28.4
1792	-0.914347	629.407520	69.957289	0.003850	21.5
1793	-0.913575	628.926867	70.009026	0.002545	27.7
1794	-0.920099	629.926255	69.901539	0.003238	21.4
1795	-0.886506	630.926228	69.794319	0.002885	27.6
1796	-0.903551	631.926214	69.687426	0.003092	21.9
1797	-0.917633	631.438603	69.739508	0.002497	27.3
1798	-0.896703	630.950989	69.791668	0.003115	22.8
1799	-0.908883	631.950833	69.684798	0.002851	27.6
1800	-0.894417	632.386225	69.638363	0.002357	21.9
1801	-0.909220	633.247609	69.546677	0.003402	24.6
1802	-0.905413	632.759995	69.598549	0.002790	24.1
1803	-0.900117	633.756515	69.492622	0.003379	22.0
1804	-0.910520	634.640348	69.398943	0.003040	21.5
1805	-0.911128	634.152733	69.450595	0.003194	25.1
1806	-0.912836	633.665460	69.502288	0.002516	21.9
1807	-0.923444	633.177846	69.554094	0.002768	24.3
1808	-0.902043	632.690231	69.605977	0.003017	22.4
1809	-0.892803	632.202617	69.657938	0.003127	22.4
1810	-0.905014	633.202609	69.551461	0.002559	23.8
1811	-0.898732	634.148797	69.451012	0.003845	20.8
1812	-0.920662	633.661183	69.502742	0.002925	26.3
1813	-0.926906	634.661182	69.396738	0.003048	19.1
1814	-0.907317	634.173567	69.448387	0.002916	28.6
1815	-0.933490	633.825005	69.485354	0.002995	19.1
1816	-0.918132	633.337456	69.537128	0.002622	26.7
1817	-0.910630	632.849841	69.588986	0.003472	20.2
1818	-0.922459	632.362230	69.640920	0.003488	27.9
1819	-0.897088	631.874616	69.692933	0.003547	21.2
1820	-0.909209	631.387001	69.745024	0.003889	23.0
1821	-0.934460	632.387001	69.638280	0.002760	23.5
1822	-0.912818	633.387001	69.531863	0.002913	22.4
1823	-0.917773	632.899387	69.583713	0.003614	26.0
1824	-0.913416	633.898895	69.477514	0.002867	22.8
1825	-0.910059	634.898895	69.371587	0.002585	23.9
1826	-0.896064	634.411281	69.423198	0.002849	23.2
1827	-0.902108	633.923699	69.474883	0.002857	24.7
1828	-0.907462	634.923699	69.368963	0.002828	21.0
1829	-0.908672	634.436085	69.420571	0.003132	26.5
1830	-0.911747	635.435870	69.314840	0.002860	21.4
1831	-0.898112	634.952781	69.365888	0.003238	25.1
1832	-0.921732	634.465166	69.417491	0.003122	21.1
1833	-0.928530	635.465166	69.311746	0.003127	22.5
1834	-0.912548	634.977552	69.363269	0.002744	24.5
1835	-0.909512	635.977500	69.257695	0.002860	20.7
1836	-0.910908	636.907910	69.159751	0.002999	26.8
1837	-0.895009	636.420298	69.211047	0.002677	20.3
1838	-0.931081	635.932684	69.262420	0.003260	27.1
1839	-0.924148	635.445069	69.313868	0.002957	19.2
1840	-0.907665	634.957455	69.365394	0.002808	28.7
1841	-0.910573	634.469848	69.416995	0.002534	20.8
1842	-0.906861	633.982234	69.468674	0.002980	27.8
1843	-0.908983	633.494620	69.520430	0.003532	20.4
1844	-0.923181	634.494620	69.414372	0.002525	28.9
1845	-0.913177	634.007005	69.466047	0.002995	19.9
1846	-0.898533	635.007005	69.360154	0.003589	25.7
1847	-0.899954	636.007005	69.254584	0.002488	20.8
1848	-0.920752	635.937049	69.261959	0.003301	22.4
1849	-0.884493	636.930811	69.157344	0.002551	21.0
1850	-0.902992	636.443204	69.208636	0.002423	24.5
1851	-0.906288	635.955589	69.260005	0.002746	24.8
1852	-0.927044	636.803134	69.170767	0.003316	20.9
1853	-0.964531	636.315519	69.222079	0.003308	25.8
1854	-0.905577	637.315519	69.116929	0.002782	18.8
1855	-0.910696	636.827905	69.168162	0.002798	28.8
1856	-0.913137	636.345261	69.218948	0.003011	18.7
1857	-0.917578	635.857646	69.270332	0.003123	26.7
1858	-0.905921	635.370032	69.321792	0.002703	19.5
1859	-0.932016	636.370032	69.216339	0.002750	21.4
1860	-0.913510	637.369726	69.111238	0.003158	24.6
1861	-0.903231	636.882112	69.162463	0.003715	21.8
1862	-0.906785	637.882112	69.057493	0.002565	25.7
1863	-0.874105	638.882112	68.952842	0.003353	22.9
1864	-0.927163	639.150571	68.924802	0.003957	25.8
1865	-0.920842	638.662956	68.975750	0.003376	21.5
1866	-0.902322	639.662956	68.871346	0.002785	27.7
1867	-0.899469	639.175353	68.922214	0.002653	21.9
1868	-0.933554	638.687739	68.973159	0.003228	27.0
1869	-0.909235	638.200630	69.024126	0.002462	20.9
1870	-0.911554	637.781633	69.068026	0.002450	28.2
1871	-0.929379	637.294019	69.119187	0.003297	23.6
1872	-0.888892	636.806404	69.170423	0.002553	27.0
1873	-0.923033	636.318790	69.221735	0.002990	21.0
1874	-0.911064	637.318765	69.116588	0.002680	27.5
1875	-0.898587	636.831151	69.167821	0.002898	21.3
1876	-0.924666	636.343787	69.219103	0.003201	28.2
1877	-0.911329	635.969203	69.258569	0.002828	20.7
1878	-0.906590	635.481589	69.310013	0.003146	27.6
1879	-0.906537	634.993975	69.361532	0.002777	20.8
1880	-0.930224	634.506360	69.413128	0.003187	28.0
1881	-0.929437	635.464234	69.311845	0.002648	20.7
1882	-0.884198	634.976619	69.363367	0.002582	26.9
1883	-0.903503	634.489005	69.414966	0.002615	22.0
1884	-0.919579	635.488928	69.309238	0.003027	25.4
1885	-0.919516	635.002114	69.360672	0.002781	20.2
1886	-0.917118	634.514499	69.412267	0.002862	21.0
1887	-0.911644	634.026885	69.463938	0.003373	23.9
1888	-0.879512	635.026885	69.358053	0.002991	20.6
1889	-0.929907	634.539270	69.409644	0.003036	30.0
1890	-0.925718	634.051656	69.461312	0.002698	19.3
1891	-0.908264	633.569147	69.512514	0.002708	26.6
1892	-0.915154	633.081533	69.564335	0.002813	21.0
1893	-0.901335	634.078967	69.458416	0.002727	26.7
1894	-0.904302	635.078967	69.352547	0.002839	18.7
1895	-0.904832	634.591522	69.404112	0.003341	20.2
1896	-0.904079	634.103907	69.455771	0.002793	26.6
1897	-0.916112	633.616293	69.507508	0.003013	19.1
1898	-0.918369	634.560269	69.407420	0.002684	28.3
1899	-0.944479	634.072654	69.459085	0.003099	19.8
1900	-0.914902	633.585040	69.510827	0.003076	27.8
1901	-0.921914	634.585040	69.404798	0.003222	19.9
1902	-0.946166	635.583557	69.299249	0.002988	20.6
1903	-0.906533	635.097328	69.350606	0.002986	26.2
1904	-0.911612	636.097311	69.245067	0.002706	22.0
1905	-0.922605	636.966898	69.153551	0.003191	26.6
1906	-0.932295	637.966898	69.048608	0.002485	20.2
1907	-0.905359	638.965966	68.944081	0.003407	28.4
1908	-0.890997	638.478351	68.995058	0.003133	20.6
1909	-0.919556	637.990742	69.046110	0.003193	28.6
1910	-0.911634	638.990742	68.941493	0.003649	20.8
1911	-0.924001	638.503127	68.992466	0.003425	29.5
1912	-0.892121	639.490152	68.889365	0.003177	20.3
1913	-0.898287	639.002538	68.940261	0.002928	24.7
1914	-0.924230	640.002538	68.835964	0.002939	22.4
1915	-0.919133	641.001169	68.732125	0.002958	24.2
1916	-0.906027	640.513554	68.782789	0.002761	21.3
1917	-0.925174	641.513487	68.678975	0.002963	22.3
1918	-0.937526	641.025872	68.729560	0.003065	24.6
1919	-0.917274	642.025433	68.625945	0.003246	20.7
1920	-0.920133	641.543505	68.675863	0.002456	26.2
1921	-0.937289	642.543505	68.572365	0.003644	19.1
1922	-0.921069	643.543505	68.469177	0.003397	28.6
1923	-0.926925	644.543505	68.366300	0.002730	18.6
1924	-0.905001	645.543505	68.263732	0.002979	26.9
1925	-0.920105	645.055890	68.313707	0.003051	19.6
1926	-0.901731	646.055890	68.211297	0.003115	21.9
1927	-0.922362	645.568668	68.261155	0.002517	23.9
1928	-0.922457	645.081054	68.311127	0.003446	21.8
1929	-0.933502	646.081054	68.208723	0.003336	25.9
1930	-0.918941	645.593439	68.258618	0.002976	22.5
1931	-0.900494	646.593439	68.156372	0.002810	25.9
1932	-0.900591	646.105825	68.206191	0.002973	21.8
1933	-0.910847	646.738599	68.141556	0.002639	27.2
1934	-0.918267	647.738599	68.039660	0.002568	20.7
1935	-0.917366	647.250985	68.089308	0.002448	27.6
1936	-0.915695	646.763370	68.139028	0.003033	21.5
1937	-0.919120	646.275755	68.188821	0.003217	27.9
1938	-0.916329	646.659904	68.149588	0.003206	22.3
1939	-0.938277	646.172291	68.199396	0.003095	24.0
1940	-0.906204	647.158957	68.098686	0.002602	20.5
1941	-0.927658	648.156243	67.997194	0.003775	24.9
1942	-0.910980	647.668629	68.046780	0.003069	21.5
1943	-0.913658	647.181997	68.096338	0.002934	21.9
1944	-0.934177	646.694382	68.146069	0.002940	23.7
1945	-0.897572	647.694382	68.044159	0.003708	19.7
1946	-0.910170	648.693595	67.942634	0.002967	26.5
1947	-0.916281	649.693595	67.841332	0.003107	20.7
1948	-0.930090	649.205980	67.890691	0.003260	28.2
1949	-0.902276	650.205976	67.789544	0.003031	18.8
1950	-0.896213	651.205976	67.688698	0.002899	28.3
1951	-0.916320	650.718361	67.737834	0.002980	20.1
1952	-0.919677	651.718361	67.637142	0.003178	20.4
1953	-0.919584	652.718361	67.536748	0.003583	26.3
1954	-0.909755	652.230746	67.585664	0.002721	21.7
1955	-0.916501	651.743132	67.634651	0.003341	26.7
1956	-0.957805	652.733186	67.535262	0.003192	20.7
1957	-0.909826	652.245572	67.584176	0.002912	27.0
1958	-0.908737	653.245289	67.483968	0.002677	20.5
1959	-0.904601	652.757674	67.532807	0.002970	28.2
1960	-0.925353	652.270059	67.581718	0.002891	22.2
1961	-0.900461	652.462290	67.562427	0.002820	28.3
1962	-0.904257	651.978149	67.611032	0.002664	20.9
1963	-0.895448	652.978149	67.510716	0.002957	27.8
1964	-0.905020	653.977872	67.410724	0.003143	21.9
1965	-0.912882	654.977869	67.311001	0.003145	27.1
1966	-0.936168	655.973707	67.211986	0.003553	20.5
1967	-0.917926	656.973707	67.112849	0.002566	28.5
1968	-0.910975	656.486104	67.161152	0.003193	23.4
1969	-0.925930	655.998538	67.209520	0.002830	25.2
1970	-0.906654	655.510924	67.257964	0.002638	20.4
1971	-0.926480	656.316815	67.177938	0.003433	28.0
1972	-0.923191	657.315771	67.079005	0.002903	21.5
1973	-0.902523	656.828156	67.127260	0.002514	28.1
1974	-0.914813	657.828156	67.028373	0.003186	21.4
1975	-0.911298	657.341039	67.076507	0.002842	25.8
1976	-0.904585	656.853424	67.124758	0.003305	21.7
1977	-0.917342	657.853424	67.025879	0.002775	26.1
1978	-0.912690	657.365809	67.074057	0.003407	22.4
1979	-0.938910	658.365809	66.975327	0.002686	25.4
1980	-0.929302	657.878195	67.023433	0.003457	20.6
1981	-0.894479	657.391605	67.071507	0.002998	27.8
1982	-0.905144	658.391605	66.972784	0.003150	21.0
1983	-0.922187	659.391605	66.874351	0.002759	25.0
1984	-0.916323	660.391605	66.776207	0.002794	22.5
1985	-0.896112	659.903990	66.824028	0.002570	24.1
1986	-0.926481	659.416376	66.871917	0.003272	23.4
1987	-0.927063	660.416376	66.773780	0.003322	23.5
1988	-0.918025	659.928761	66.821597	0.003376	22.4
1989	-0.906203	659.441147	66.869482	0.002543	22.0
1990	-0.908068	660.441147	66.771353	0.002845	24.3
1991	-0.925876	659.953532	66.819166	0.003149	20.8
1992	-0.906133	659.465918	66.867048	0.002974	26.4
1993	-0.956868	658.978303	66.914998	0.002882	20.9
1994	-0.916028	659.978303	66.816735	0.003317	27.4
1995	-0.927286	659.490689	66.864614	0.003047	20.4
1996	-0.914619	660.490689	66.766499	0.002834	28.4
1997	-0.908930	661.476765	66.670031	0.003042	20.1
1998	-0.895490	662.453545	66.574747	0.002810	25.0
1999	-0.918666	661.965931	66.622279	0.002966	22.1
