1:ItNr	2:Metric	3a:Time	3b:StepSize	4:||Gradient||	Time[ms]
0	-1.206206	0.000000	1122.325487	0.006291	1158.9
1	-1.160090	0.000000	1122.325487	0.005951	8.1
2	-1.156112	1.000000	1071.310692	0.005352	7.6
3	-1.155276	2.000000	1024.731966	0.004935	7.8
4	-1.176784	3.000000	982.034801	0.005679	10.7
5	-1.170162	4.000000	942.753409	0.006806	9.9
6	-1.159524	5.000000	906.493662	0.005350	8.8
7	-1.171415	6.000000	872.919823	0.004913	9.5
8	-1.198298	5.200000	899.573864	0.006574	7.8
9	-1.216049	6.200000	866.501295	0.005764	10.4
10	-1.188852	7.200000	835.774299	0.005220	8.8
11	-1.190228	8.200000	807.151891	0.005021	12.5
12	-1.227550	9.199741	780.431700	0.006995	11.3
13	-1.218942	10.199741	755.417655	0.007227	7.6
14	-1.245353	11.199741	731.957291	0.006625	8.3
15	-1.217292	12.199741	709.910213	0.006859	7.4
16	-1.202053	13.199741	689.152447	0.006465	11.8
17	-1.182796	14.199741	669.574108	0.005705	8.9
18	-1.221426	15.199741	651.077454	0.005917	7.5
19	-1.210804	16.199741	633.575250	0.005698	8.5
20	-1.198274	17.199741	616.989398	0.005273	7.5
21	-1.225672	16.399743	630.187097	0.006782	8.7
22	-1.206819	17.399743	613.775864	0.006690	10.3
23	-1.153829	18.399743	598.197695	0.005031	8.6
24	-1.182249	19.399743	583.390727	0.006142	7.5
25	-1.215681	20.399743	569.299076	0.007004	10.1
26	-1.209416	21.399743	555.872129	0.005898	7.6
27	-1.192919	22.399743	543.063940	0.005166	9.1
28	-1.211744	23.399743	530.832699	0.006924	10.4
29	-1.216026	24.399743	519.140283	0.005439	7.6
30	-1.220693	25.399743	507.951853	0.007040	8.0
31	-1.192759	26.399743	497.235511	0.005984	9.8
32	-1.175230	27.399743	486.961995	0.004637	8.7
33	-1.218982	26.599743	495.146274	0.005877	7.8
34	-1.251755	25.799743	503.610360	0.008264	12.0
35	-1.215600	24.999743	512.368850	0.006481	7.7
36	-1.216613	25.999743	501.467325	0.006887	8.9
37	-1.235662	26.999743	491.020033	0.006663	7.7
38	-1.267306	27.999743	480.999164	0.007962	9.0
39	-1.205452	28.999743	471.379131	0.005501	7.6
40	-1.231210	29.999743	462.136356	0.005871	11.3
41	-1.228198	30.999743	453.249075	0.006213	8.7
42	-1.230151	30.199743	460.331127	0.005301	8.3
43	-1.225989	31.199743	451.512480	0.004831	9.5
44	-1.234245	30.399743	458.539946	0.006183	7.7
45	-1.160086	31.399743	449.789141	0.005187	9.7
46	-1.209887	32.399743	441.366083	0.007289	7.7
47	-1.203012	33.399743	433.252697	0.007784	8.4
48	-1.203694	34.399743	425.432215	0.005295	7.7
49	-1.237768	35.399743	417.889056	0.005813	9.9
50	-1.212739	36.399743	410.608727	0.005900	7.5
51	-1.220041	37.399743	403.577724	0.006321	10.0
52	-1.229129	38.399743	396.783457	0.004745	7.9
53	-1.258277	37.599743	402.200320	0.007778	10.6
54	-1.213045	36.799743	407.767131	0.005905	8.5
55	-1.222834	37.799743	400.832286	0.004329	8.4
56	-1.249444	36.999743	406.361031	0.007144	8.4
57	-1.198162	37.999743	399.473526	0.006854	10.3
58	-1.258497	38.999743	392.815605	0.006433	10.5
59	-1.208992	39.999743	386.375978	0.004911	7.7
60	-1.236903	40.999743	380.144082	0.005744	9.8
61	-1.250198	41.999743	374.110024	0.004450	7.5
62	-1.232472	42.999743	368.264531	0.005723	10.1
63	-1.244965	43.999743	362.598901	0.004710	11.5
64	-1.241728	44.999743	357.104957	0.005326	7.7
65	-1.220883	45.999743	351.775011	0.005925	8.4
66	-1.253913	46.999743	346.601830	0.007082	8.1
67	-1.216292	47.999743	341.578596	0.004609	9.3
68	-1.270312	48.999743	336.698884	0.006548	9.0
69	-1.212201	49.999743	331.956629	0.004701	8.9
70	-1.243242	50.999743	327.346104	0.005504	7.5
71	-1.232403	51.999743	322.861895	0.006016	9.6
72	-1.223297	52.999743	318.498881	0.006338	7.5
73	-1.243540	53.999743	314.252215	0.006475	8.8
74	-1.226436	54.999743	310.117303	0.006609	9.2
75	-1.212623	55.999743	306.089792	0.006390	8.5
76	-1.216807	56.999743	302.165551	0.006250	7.5
77	-1.226281	56.199743	305.296811	0.006515	9.7
78	-1.213814	57.199743	301.392747	0.006524	8.4
79	-1.218953	58.199743	297.587270	0.005001	7.6
80	-1.206392	59.199743	293.876694	0.006468	10.7
81	-1.251942	58.399743	296.837678	0.004897	8.6
82	-1.230348	59.399743	293.145655	0.005832	8.8
83	-1.227335	58.599743	296.091852	0.005236	7.5
84	-1.217756	59.599743	292.418244	0.006529	8.3
85	-1.225329	58.799743	295.349765	0.005640	7.6
86	-1.250344	59.799743	291.694434	0.006752	11.3
87	-1.215034	60.799743	288.128477	0.006116	7.5
88	-1.211554	61.799743	284.648653	0.005779	8.8
89	-1.258839	62.799743	281.251881	0.006295	7.5
90	-1.218466	63.799743	277.935221	0.005214	9.6
91	-1.248589	64.799743	274.695873	0.005146	7.5
92	-1.245440	65.799743	271.531165	0.004729	11.8
93	-1.209350	66.799743	268.438546	0.005405	8.4
94	-1.231199	67.799743	265.415580	0.004812	8.0
95	-1.224409	68.799743	262.459942	0.005722	8.7
96	-1.244005	69.799743	259.569406	0.006186	8.1
97	-1.221191	70.799743	256.741844	0.004851	9.0
98	-1.246089	69.999743	258.998922	0.004946	10.2
99	-1.225261	69.199743	261.296036	0.004575	10.5
100	-1.211157	68.399743	263.634263	0.004325	7.6
101	-1.230556	69.399743	260.717946	0.004819	8.7
102	-1.227000	70.399743	257.865444	0.005190	8.7
103	-1.249047	71.399743	255.074685	0.006428	7.6
104	-1.249967	72.399743	252.343685	0.005687	10.9
105	-1.227181	73.399743	249.670545	0.005913	8.0
106	-1.249848	74.399743	247.053447	0.006649	8.6
107	-1.250260	75.399743	244.490645	0.006390	7.5
108	-1.262203	76.399743	241.980467	0.006952	9.7
109	-1.251105	75.599743	243.984452	0.005967	8.6
110	-1.236671	76.599743	241.484604	0.005472	9.0
111	-1.235377	75.799743	243.480350	0.006237	7.6
112	-1.219184	76.799743	240.990769	0.005310	9.0
113	-1.267615	77.799743	238.551585	0.005223	7.5
114	-1.247410	76.999743	240.498950	0.005720	10.2
115	-1.236668	77.999743	238.069662	0.007219	8.6
116	-1.270337	77.199743	240.009134	0.005384	9.0
117	-1.235289	76.399743	241.980467	0.005251	7.5
118	-1.236028	75.599743	243.984452	0.005786	11.1
119	-1.241307	76.599743	241.484604	0.005009	10.4
120	-1.255729	75.799743	243.480350	0.006446	7.6
121	-1.222846	76.799743	240.990769	0.005046	11.4
122	-1.268835	75.999743	242.978327	0.006209	8.8
123	-1.270643	76.999743	240.498950	0.006522	9.6
124	-1.239024	77.999743	238.069662	0.005251	8.7
125	-1.248153	78.999743	235.688959	0.006628	8.3
126	-1.245194	79.999743	233.355399	0.006322	10.0
127	-1.238811	80.999743	231.067595	0.006166	8.9
128	-1.274365	80.199743	232.894221	0.006034	8.9
129	-1.247058	79.399743	234.749957	0.006730	7.5
130	-1.211176	78.599743	236.635503	0.005144	8.0
131	-1.250700	79.599743	234.283256	0.006597	7.8
132	-1.268963	78.799743	236.161283	0.005808	10.5
133	-1.245104	79.799743	233.818407	0.006592	8.6
134	-1.246300	78.999990	235.688375	0.004641	9.0
135	-1.281393	78.199990	237.589088	0.006623	7.6
136	-1.242099	77.399990	239.520707	0.005088	10.8
137	-1.264798	78.399990	237.111042	0.005475	8.2
138	-1.236755	79.399990	234.749378	0.005968	10.4
139	-1.230767	78.599990	236.634915	0.004956	8.3
140	-1.240790	79.599990	234.282679	0.006036	7.6
141	-1.257936	80.599990	231.976747	0.006995	9.3
142	-1.268502	81.599990	229.715765	0.005129	7.6
143	-1.229536	82.599990	227.498431	0.005765	9.0
144	-1.204380	83.599990	225.323493	0.005447	9.5
145	-1.218524	84.599990	223.189748	0.005827	9.4
146	-1.228699	85.599990	221.096035	0.005808	7.5
147	-1.227214	84.799990	222.767839	0.006527	8.9
148	-1.284352	85.799990	220.681998	0.005934	7.5
149	-1.241683	86.799990	218.634855	0.006032	8.5
150	-1.221724	87.799990	216.625343	0.005384	9.9
151	-1.223662	88.799990	214.652434	0.005605	9.7
152	-1.251617	87.999990	216.227865	0.005614	8.5
153	-1.231099	87.199990	217.826593	0.006247	7.5
154	-1.271721	88.199990	215.831844	0.005474	8.1
155	-1.270066	89.199990	213.873297	0.005740	8.6
156	-1.231143	90.199990	211.949976	0.006422	10.7
157	-1.224658	91.199990	210.060938	0.007260	7.5
158	-1.246694	92.199990	208.205276	0.004830	8.5
159	-1.231972	93.199990	206.382112	0.005453	7.5
160	-1.246820	92.399990	207.838071	0.004621	9.3
161	-1.219704	93.399990	206.021304	0.005172	7.9
162	-1.260728	92.599990	207.472159	0.006297	12.1
163	-1.273363	93.599990	205.661756	0.006539	7.6
164	-1.263347	94.599990	203.882675	0.005259	10.7
165	-1.266943	93.799990	205.303460	0.006984	8.5
166	-1.239352	92.999990	206.744186	0.005587	7.5
167	-1.262806	93.999990	204.946411	0.005789	10.9
168	-1.192105	94.999990	203.179631	0.005612	7.5
169	-1.241184	95.999990	201.443053	0.004969	9.4
170	-1.270474	96.999990	199.735908	0.005716	7.5
171	-1.239676	97.999990	198.057455	0.005483	9.8
172	-1.252591	98.999990	196.406976	0.005962	7.6
173	-1.245004	98.199990	197.725144	0.006030	11.4
174	-1.253245	99.199990	196.080176	0.006753	7.5
175	-1.241704	98.399990	197.393946	0.005730	8.2
176	-1.239567	99.399990	195.754461	0.005367	7.5
177	-1.246763	98.599990	197.063856	0.006087	8.1
178	-1.278831	97.799990	198.390885	0.007075	7.8
179	-1.271602	98.799990	196.734868	0.006185	11.0
180	-1.265346	97.999990	198.057455	0.006490	9.0
181	-1.220827	98.999990	196.406976	0.006301	7.8
182	-1.261741	99.999990	194.783778	0.006933	8.8
183	-1.274154	100.999990	193.187189	0.005824	7.7
184	-1.276461	100.199990	194.462352	0.005205	9.0
185	-1.254216	101.199990	192.871007	0.005493	9.2
186	-1.282398	100.399990	194.141986	0.006019	8.7
187	-1.260424	101.399990	192.555859	0.005548	7.5
188	-1.265805	102.399990	190.995438	0.006006	9.6
189	-1.222616	103.399990	189.460105	0.004718	7.5
190	-1.224650	104.399990	187.949259	0.004775	21.9
191	-1.240996	105.399990	186.462318	0.004805	14.9
192	-1.229962	104.599990	187.649976	0.005347	12.0
193	-1.221575	105.599990	186.167749	0.004748	19.6
194	-1.253322	104.799990	187.351646	0.005063	16.8
195	-1.209333	103.999990	188.550696	0.006291	17.9
196	-1.225597	104.999990	187.054262	0.004829	14.8
197	-1.274284	104.199990	188.249497	0.006112	13.2
198	-1.209890	103.399990	189.460105	0.005372	12.2
199	-1.216947	102.599990	190.686384	0.004324	10.4
200	-1.229847	103.599990	189.155996	0.005959	9.2
201	-1.238770	104.599990	187.649976	0.006524	10.8
202	-1.253192	105.599990	186.167749	0.006447	17.3
203	-1.251226	106.599990	184.708754	0.005308	16.4
204	-1.239379	107.599990	183.272449	0.006333	20.8
205	-1.264368	108.599990	181.858310	0.006237	16.4
206	-1.234390	109.599990	180.465827	0.007375	19.6
207	-1.225805	110.599990	179.094506	0.004560	13.7
208	-1.225360	111.599990	177.743868	0.006119	13.4
209	-1.278641	112.599990	176.413450	0.006198	10.0
210	-1.256731	111.799990	177.476182	0.005552	7.6
211	-1.217614	112.799990	176.149753	0.005515	11.8
212	-1.265781	113.799990	174.843004	0.006111	7.5
213	-1.245572	112.999990	175.886843	0.006298	10.5
214	-1.258882	113.999990	174.583977	0.005314	10.2
215	-1.256259	114.999990	173.300271	0.005473	7.9
216	-1.281463	114.199990	174.325717	0.005837	9.3
217	-1.257027	113.399990	175.363370	0.004598	9.9
218	-1.238738	112.599990	176.413450	0.006020	8.5
219	-1.189932	113.599990	175.102800	0.004929	7.5
220	-1.226694	112.799990	176.149753	0.006143	10.5
221	-1.233896	113.799990	174.843004	0.005372	7.9
222	-1.269052	112.999990	175.886843	0.005090	9.9
223	-1.231567	113.999990	174.583977	0.005692	9.2
224	-1.253183	114.999990	173.300271	0.005946	8.1
225	-1.247065	115.999990	172.035306	0.006743	8.5
226	-1.200227	116.999990	170.788673	0.004827	8.3
227	-1.244920	117.999990	169.559977	0.007611	8.8
228	-1.234415	118.999990	168.348835	0.005026	8.9
229	-1.231974	118.199990	169.316357	0.004283	9.7
230	-1.234643	119.199990	168.108679	0.004929	8.2
231	-1.257280	120.199990	166.918108	0.005821	8.6
232	-1.260529	119.399990	167.869208	0.005259	7.5
233	-1.236228	118.599990	168.831210	0.005019	10.4
234	-1.253216	119.599990	167.630419	0.004849	10.9
235	-1.232522	118.799991	168.589677	0.005106	7.6
236	-1.242426	119.799991	167.392307	0.005898	8.0
237	-1.267767	120.799991	166.211825	0.005637	7.5
238	-1.297787	121.799991	165.047877	0.006452	7.7
239	-1.240974	122.799991	163.900117	0.005682	9.5
240	-1.286893	123.799991	162.768210	0.005645	11.3
241	-1.198355	124.799991	161.651830	0.005325	7.5
242	-1.295475	123.999991	162.543702	0.005668	10.0
243	-1.263044	124.999925	161.430461	0.004739	9.2
244	-1.238066	125.999925	160.332294	0.005035	15.9
245	-1.247926	126.999847	159.249051	0.004452	20.6
246	-1.252768	127.999847	158.180264	0.005912	17.3
247	-1.258000	128.898718	157.231734	0.006361	23.6
248	-1.229207	129.898718	156.189765	0.005336	18.8
249	-1.256194	130.898718	155.161515	0.006404	9.8
250	-1.254040	131.898718	154.146716	0.005585	7.7
251	-1.266405	132.898718	153.145105	0.005613	8.5
252	-1.279719	133.898718	152.156426	0.005944	17.0
253	-1.266290	133.098718	152.946342	0.005714	14.6
254	-1.227542	134.098718	151.960220	0.004482	14.0
255	-1.249671	135.098718	150.986732	0.005065	14.8
256	-1.282150	136.098718	150.025637	0.006628	11.9
257	-1.246606	135.298718	150.793529	0.005423	13.5
258	-1.251802	136.298718	149.834885	0.006220	12.7
259	-1.292536	137.298718	148.888352	0.006285	14.5
260	-1.233665	138.298718	147.953703	0.005438	11.7
261	-1.257641	139.298718	147.030716	0.006147	11.8
262	-1.247310	138.498718	147.768180	0.005798	8.5
263	-1.258682	139.498718	146.847499	0.006259	7.6
264	-1.289569	140.498718	145.938219	0.006080	12.4
265	-1.238870	141.498718	145.040131	0.006480	7.5
266	-1.252889	140.698718	145.757713	0.005227	8.6
267	-1.262292	141.698718	144.861838	0.005531	7.5
268	-1.243307	140.898718	145.577652	0.005068	9.7
269	-1.233678	141.898718	144.683983	0.006597	9.5
270	-1.245977	141.098718	145.398036	0.004117	8.3
271	-1.234933	140.298718	146.119173	0.004487	7.8
272	-1.240580	141.298718	145.218863	0.005825	7.6
273	-1.287250	142.298718	144.329579	0.004822	7.5
274	-1.237180	143.298718	143.451121	0.006217	9.4
275	-1.245359	142.498718	144.153028	0.005883	9.3
276	-1.300350	143.498718	143.276711	0.005698	9.2
277	-1.223733	144.498718	142.410984	0.004963	8.5
278	-1.246620	143.698718	143.102725	0.005478	8.4
279	-1.259345	144.698718	142.239093	0.006045	9.0
280	-1.282959	143.898718	142.929160	0.004915	7.5
281	-1.264743	144.898718	142.067616	0.005429	9.9
282	-1.295927	144.098718	142.756016	0.006167	7.7
283	-1.244525	143.298718	143.451121	0.005337	10.2
284	-1.267649	142.498718	144.153028	0.005758	7.5
285	-1.236558	143.498718	143.276711	0.006052	8.6
286	-1.231834	142.698718	143.976908	0.005688	7.7
287	-1.214072	143.698718	143.102725	0.006298	11.9
288	-1.234050	144.698718	142.239093	0.006200	8.2
289	-1.240577	145.698718	141.385822	0.004866	7.7
290	-1.246892	144.898718	142.067616	0.005395	8.0
291	-1.274455	144.098718	142.756016	0.005662	7.6
292	-1.249379	145.098718	141.896551	0.005236	7.7
293	-1.276140	144.298718	142.583291	0.006676	11.9
294	-1.248906	143.498718	143.276711	0.005502	9.1
295	-1.235090	142.698718	143.976908	0.007150	7.5
296	-1.241607	141.898718	144.683983	0.005753	10.2
297	-1.254726	142.898718	143.801218	0.006296	7.5
298	-1.279694	143.898718	142.929160	0.004857	8.6
299	-1.223740	143.098718	143.625956	0.005723	9.7
300	-1.244277	144.098718	142.756016	0.005951	8.1
301	-1.285850	145.098718	141.896551	0.005542	14.4
302	-1.272295	146.098718	141.047373	0.005819	11.1
303	-1.251897	147.098718	140.208299	0.004729	16.1
304	-1.271185	146.298718	140.878756	0.005497	9.9
305	-1.273419	145.498718	141.555656	0.006440	9.7
306	-1.271195	146.498718	140.710541	0.004741	7.6
307	-1.209440	147.498718	139.875458	0.004015	9.5
308	-1.243639	146.698718	140.542728	0.005040	9.3
309	-1.265246	147.698718	139.709629	0.005630	10.0
310	-1.227914	146.898718	140.375314	0.004510	7.5
311	-1.264082	147.898718	139.544193	0.005253	8.9
312	-1.233385	147.098718	140.208299	0.005345	7.5
313	-1.238088	146.298718	140.878756	0.005898	12.1
314	-1.260908	145.498718	141.555656	0.006103	10.5
315	-1.294932	146.498718	140.710541	0.005312	7.7
316	-1.251268	145.698718	141.385822	0.004969	8.5
317	-1.223305	144.898718	142.067616	0.003618	7.6
318	-1.224307	145.898718	141.216395	0.005742	9.8
319	-1.279561	145.098718	141.896551	0.006121	7.7
320	-1.260619	146.098718	141.047373	0.005538	10.6
321	-1.243047	145.298718	141.725899	0.005798	8.3
322	-1.254211	146.298718	140.878756	0.005520	10.1
323	-1.250955	145.498718	141.555656	0.006854	7.7
324	-1.271324	146.498718	140.710541	0.005569	8.7
325	-1.265112	147.498718	139.875458	0.005265	8.8
326	-1.227159	146.698718	140.542728	0.006209	8.6
327	-1.257921	145.898718	141.216395	0.005016	8.1
328	-1.253809	146.898718	140.375314	0.004923	8.5
329	-1.242439	146.098718	141.047373	0.004446	8.6
330	-1.258103	145.298718	141.725899	0.005586	7.6
331	-1.214930	146.298717	140.878756	0.005665	10.3
332	-1.266511	145.498717	141.555656	0.007179	8.8
333	-1.256891	146.498717	140.710541	0.006121	8.7
334	-1.263267	147.498717	139.875458	0.008387	7.4
335	-1.259106	148.498717	139.050228	0.005603	8.1
336	-1.279483	149.498717	138.234678	0.005768	7.6
337	-1.255627	150.498717	137.428638	0.005639	10.3
338	-1.250730	151.498717	136.631945	0.005592	8.1
339	-1.298301	150.698717	137.268557	0.006663	8.7
340	-1.266045	149.898717	137.911130	0.005457	7.5
341	-1.295512	150.898717	137.108849	0.006055	9.7
342	-1.295170	150.098717	137.749923	0.007050	7.5
343	-1.275603	151.098717	136.949511	0.005388	10.0
344	-1.258642	152.098717	136.158347	0.006109	9.1
345	-1.293459	153.098717	135.376271	0.006644	8.9
346	-1.226034	154.098717	134.603129	0.005604	8.4
347	-1.279054	155.098717	133.838767	0.005398	8.7
348	-1.278610	156.098717	133.083037	0.006309	8.8
349	-1.250914	155.298717	133.686935	0.005978	9.6
350	-1.239409	156.298717	132.932914	0.005507	10.3
351	-1.253889	157.298717	132.187351	0.006135	8.3
352	-1.269835	158.298717	131.450105	0.005580	9.1
353	-1.284014	159.298717	130.721036	0.005976	17.0
354	-1.259311	158.498717	131.303641	0.004985	12.2
355	-1.266984	159.498717	130.576192	0.005969	14.7
356	-1.236711	158.698717	131.157504	0.004989	8.5
357	-1.277707	159.698717	130.431669	0.005824	9.7
358	-1.251314	158.898717	131.011691	0.005692	8.4
359	-1.255341	158.098717	131.596896	0.005802	10.4
360	-1.252712	159.098717	130.866202	0.004768	7.5
361	-1.259812	158.298717	131.450105	0.006777	8.5
362	-1.296815	159.298717	130.721036	0.006382	7.4
363	-1.259252	160.298717	130.000011	0.005145	9.5
364	-1.278160	161.298717	129.286895	0.005654	7.5
365	-1.249007	162.298717	128.581561	0.005110	11.1
366	-1.288581	161.498717	129.145210	0.005987	8.2
367	-1.250711	162.498717	128.441417	0.005767	8.4
368	-1.284279	163.498717	127.745252	0.005831	8.4
369	-1.242730	164.498717	127.056594	0.005277	7.5
370	-1.237497	165.498717	126.375321	0.004929	8.5
371	-1.259848	164.698717	126.919752	0.004667	10.3
372	-1.248089	163.898717	127.468895	0.005400	10.2
373	-1.265901	164.898717	126.783205	0.006035	8.1
374	-1.265609	165.898717	126.104853	0.005910	9.5
375	-1.250868	166.898717	125.433721	0.005229	7.6
376	-1.261041	167.898717	124.769694	0.005760	11.6
377	-1.256679	168.898717	124.112661	0.007412	8.4
378	-1.246071	169.898717	123.462512	0.006732	7.5
379	-1.273361	169.098717	123.982084	0.005936	8.1
380	-1.237224	170.098717	123.333299	0.004986	7.6
381	-1.264898	171.098717	122.691268	0.005781	7.8
382	-1.294308	172.098717	122.055887	0.005384	10.8
383	-1.252507	171.298717	122.563663	0.005832	8.7
384	-1.266047	172.298717	121.929600	0.005820	7.6
385	-1.236058	173.298717	121.302063	0.005564	9.0
386	-1.275802	174.298717	120.680952	0.004700	7.6
387	-1.246428	175.298717	120.066170	0.005569	8.9
388	-1.261163	174.498717	120.557493	0.005792	9.7
389	-1.261053	175.498717	119.943965	0.005022	8.4
390	-1.271967	174.698717	120.434286	0.005923	7.6
391	-1.273110	173.898717	120.928632	0.006023	10.3
392	-1.265510	174.898717	120.311330	0.005680	7.5
393	-1.250654	174.098717	120.804665	0.005099	9.9
394	-1.244516	173.298717	121.302063	0.005305	8.8
395	-1.248995	174.298717	120.680952	0.005115	9.7
396	-1.248177	173.498717	121.177330	0.006768	9.8
397	-1.293438	174.498717	120.557493	0.005952	7.5
398	-1.252775	175.498717	119.943965	0.004905	8.2
399	-1.257852	174.698717	120.434286	0.005126	9.5
400	-1.278739	173.898717	120.928632	0.004988	10.5
401	-1.271065	174.898717	120.311330	0.005650	8.1
402	-1.274811	174.098717	120.804665	0.006831	9.1
403	-1.239561	173.298717	121.302063	0.006468	7.5
404	-1.274798	174.298717	120.680952	0.005382	9.9
405	-1.273949	175.298717	120.066170	0.005855	10.8
406	-1.283222	174.498717	120.557493	0.004840	7.5
407	-1.306427	175.498717	119.943965	0.006204	8.2
408	-1.264116	174.698717	120.434286	0.005048	7.5
409	-1.250931	173.898718	120.928631	0.005680	9.0
410	-1.272438	174.898718	120.311329	0.006089	8.4
411	-1.276193	174.098718	120.804665	0.005475	10.6
412	-1.271222	173.298718	121.302062	0.006444	7.5
413	-1.292883	172.498718	121.803573	0.005592	10.0
414	-1.285912	173.498718	121.177329	0.005905	7.6
415	-1.247591	174.498718	120.557492	0.004611	8.5
416	-1.265540	175.498718	119.943964	0.006896	9.5
417	-1.238073	174.698718	120.434285	0.005336	7.7
418	-1.258552	173.898718	120.928631	0.005256	7.4
419	-1.236841	173.098718	121.427052	0.005951	9.6
420	-1.255676	174.098718	120.804664	0.006016	7.7
421	-1.244897	175.098718	120.188624	0.005926	8.2
422	-1.246409	176.098718	119.578835	0.004531	10.0
423	-1.255372	175.298718	120.066170	0.005787	8.2
424	-1.258102	176.298718	119.457619	0.004939	8.6
425	-1.259810	177.298718	118.855207	0.006261	16.1
426	-1.258267	176.498718	119.336649	0.005867	10.4
427	-1.240409	175.698718	119.822007	0.004621	13.8
428	-1.274022	176.698718	119.215923	0.005805	10.4
429	-1.288566	177.698718	118.615940	0.005644	7.4
430	-1.255363	176.898718	119.095441	0.005450	9.5
431	-1.261031	177.898718	118.496667	0.005523	7.6
432	-1.246060	178.898718	117.903884	0.006552	9.1
433	-1.284958	178.098718	118.377634	0.005108	7.5
434	-1.253850	179.098718	117.786038	0.005337	10.9
435	-1.274041	178.298718	118.258840	0.005389	7.6
436	-1.271792	179.298718	117.668427	0.006082	8.1
437	-1.261538	180.298718	117.083881	0.005759	7.5
438	-1.269122	179.498718	117.551052	0.005671	8.1
439	-1.241434	180.498718	116.967668	0.006028	7.6
440	-1.297008	181.498718	116.390046	0.005914	11.1
441	-1.223732	180.698718	116.851686	0.005735	8.1
442	-1.307984	181.698718	116.275206	0.006219	7.6
443	-1.266100	182.698718	115.704386	0.006018	8.0
444	-1.264855	183.698718	115.139144	0.005980	9.2
445	-1.228318	182.898718	115.590894	0.005209	9.1
446	-1.276505	183.898718	115.026758	0.006486	9.6
447	-1.282725	183.098718	115.477625	0.005875	8.2
448	-1.288319	182.298718	115.932040	0.006815	7.5
449	-1.242005	181.498718	116.390046	0.005124	9.7
450	-1.253685	182.498718	115.818101	0.004995	7.5
451	-1.270067	183.498718	115.251750	0.005658	9.3
452	-1.304349	182.698718	115.704386	0.006107	8.9
453	-1.242791	183.698718	115.139144	0.005703	9.4
454	-1.249904	184.698718	114.579397	0.006688	8.0
455	-1.256484	183.898718	115.026758	0.005390	8.3
456	-1.286674	184.898718	114.468101	0.004882	8.0
457	-1.256466	185.898718	113.914844	0.006192	8.9
458	-1.255445	186.898718	113.366910	0.006161	9.3
459	-1.247200	187.898718	112.824221	0.006134	9.6
460	-1.282661	187.098718	113.257955	0.004872	8.9
461	-1.300858	186.298718	113.695036	0.006166	8.3
462	-1.277898	185.498718	114.135504	0.005914	10.6
463	-1.282531	186.498718	113.585450	0.004751	10.0
464	-1.307576	187.498718	113.040672	0.006774	8.4
465	-1.272861	188.498718	112.501095	0.005205	8.0
466	-1.297599	189.498718	111.966645	0.005831	8.5
467	-1.258146	188.698718	112.393797	0.005418	8.1
468	-1.285525	187.898718	112.824221	0.006414	9.7
469	-1.310206	188.898718	112.286704	0.005972	11.7
470	-1.251670	188.098718	112.716306	0.004877	7.5
471	-1.261528	187.298718	113.149209	0.007529	10.3
472	-1.246094	188.298718	112.608598	0.005582	7.5
473	-1.273574	189.298718	112.073128	0.004072	8.5
474	-1.282447	188.502872	112.498865	0.004938	9.0
475	-1.245022	189.502872	111.964436	0.005633	9.5
476	-1.235687	188.702872	112.391571	0.005320	7.5
477	-1.230637	187.902872	112.821978	0.005818	9.5
478	-1.274771	188.902872	112.284482	0.005830	8.1
479	-1.249702	189.902872	111.752083	0.005884	7.7
480	-1.249828	190.902872	111.224709	0.005268	11.2
481	-1.243127	191.902872	110.702289	0.005829	7.6
482	-1.297498	192.902872	110.184754	0.005629	8.6
483	-1.264287	192.102872	110.598393	0.005136	7.5
484	-1.239274	193.102872	110.081827	0.005633	8.8
485	-1.287116	192.302872	110.494692	0.005849	7.7
486	-1.250647	191.502872	110.910667	0.005474	9.4
487	-1.289015	190.702872	111.329785	0.006201	8.4
488	-1.240120	191.702872	110.806380	0.006321	9.1
489	-1.265554	192.702872	110.287873	0.005340	7.5
490	-1.252179	193.702872	109.774196	0.005001	10.1
491	-1.253869	192.902872	110.184754	0.005726	7.6
492	-1.245410	192.102872	110.598393	0.004716	11.3
493	-1.222794	191.302872	111.015150	0.005462	9.2
494	-1.280338	192.302872	110.494692	0.005427	7.6
495	-1.252360	191.502872	110.910667	0.004942	8.2
496	-1.262598	190.702872	111.329785	0.004763	9.3
497	-1.288998	189.902872	111.752083	0.005727	8.7
498	-1.248305	190.902872	111.224709	0.005376	9.8
499	-1.251917	190.442563	111.466844	0.004985	10.2
500	-1.251908	191.442563	110.942153	0.005855	7.5
501	-1.252957	192.442563	110.422377	0.005518	13.2
502	-1.273617	191.642563	110.837806	0.005228	15.5
503	-1.267163	190.842563	111.256373	0.006040	14.3
504	-1.272847	191.842563	110.733656	0.005011	7.9
505	-1.270463	191.042563	111.151435	0.005515	9.7
506	-1.298567	190.242563	111.572379	0.006853	8.1
507	-1.226457	191.242563	111.046695	0.005029	9.6
508	-1.238809	192.242563	110.525942	0.005190	11.2
509	-1.259827	193.242563	110.010051	0.005771	7.5
510	-1.265533	192.442563	110.422377	0.005855	8.6
511	-1.286887	193.442563	109.907450	0.005114	7.4
512	-1.279031	192.642563	110.319006	0.005808	9.8
513	-1.265051	193.642563	109.805040	0.007270	9.6
514	-1.277297	194.642563	109.295841	0.005716	9.0
515	-1.294830	195.642563	108.791342	0.006097	7.5
516	-1.246778	196.642563	108.291480	0.004732	10.0
517	-1.267524	195.842563	108.691001	0.005592	7.7
518	-1.258880	195.042563	109.093481	0.005383	8.4
519	-1.301785	194.242563	109.498953	0.007049	15.1
520	-1.253619	193.442563	109.907450	0.005444	8.0
521	-1.243886	194.442563	109.397302	0.005738	10.3
522	-1.231090	193.642563	109.805040	0.004936	8.8
523	-1.258720	192.842563	110.215828	0.005211	7.8
524	-1.253575	193.842563	109.702821	0.005384	11.0
525	-1.244346	193.042563	110.112843	0.006657	8.0
526	-1.243663	194.042563	109.600792	0.005257	9.1
527	-1.265085	195.042563	109.093481	0.004665	7.6
528	-1.259348	194.242563	109.498953	0.005099	8.5
529	-1.284286	193.442564	109.907450	0.005207	7.6
530	-1.271628	192.642564	110.319006	0.004899	10.6
531	-1.271102	191.842564	110.733656	0.005244	8.7
532	-1.274946	191.042564	111.151435	0.004473	9.1
533	-1.225597	190.242564	111.572378	0.005484	7.6
534	-1.269583	189.442564	111.996522	0.004484	10.1
535	-1.278419	188.642564	112.423903	0.006132	8.5
536	-1.246671	189.642564	111.890184	0.004788	10.5
537	-1.293321	190.642564	111.361509	0.007052	9.7
538	-1.280043	191.642564	110.837806	0.007409	7.5
539	-1.214728	192.642564	110.319006	0.004832	10.4
540	-1.287662	191.842564	110.733656	0.005230	7.7
541	-1.254703	191.042564	111.151435	0.005878	8.7
542	-1.292228	192.042564	110.629702	0.005763	9.9
543	-1.276744	191.242564	111.046695	0.006116	9.8
544	-1.260714	190.442564	111.466844	0.005218	8.3
545	-1.238059	191.442564	110.942152	0.004251	8.8
546	-1.292313	190.642564	111.361509	0.006953	8.6
547	-1.222629	189.842564	111.784048	0.004951	9.4
548	-1.271927	190.842564	111.256373	0.005153	10.0
549	-1.273668	190.042564	111.678113	0.003863	7.9
550	-1.259258	191.042564	111.151435	0.005360	8.6
551	-1.312345	190.242564	111.572378	0.005108	7.6
552	-1.276294	191.242564	111.046695	0.005237	9.4
553	-1.258085	192.242564	110.525942	0.006263	10.9
554	-1.247071	191.442564	110.942152	0.006054	7.8
555	-1.268488	192.442564	110.422377	0.005087	7.7
556	-1.274807	193.442564	109.907450	0.005692	7.7
557	-1.262872	192.642768	110.318900	0.005511	8.3
558	-1.292495	191.842768	110.733550	0.005355	9.7
559	-1.272408	192.842768	110.215723	0.005269	11.0
560	-1.253266	192.042768	110.629595	0.006872	7.6
561	-1.274135	191.242768	111.046588	0.005032	9.9
562	-1.244273	192.242768	110.525836	0.005091	7.5
563	-1.281639	191.442768	110.942045	0.006068	8.8
564	-1.273646	190.642768	111.361401	0.005008	7.6
565	-1.250963	191.642768	110.837699	0.005322	10.5
566	-1.274025	190.842768	111.256265	0.007397	7.5
567	-1.257432	191.842768	110.733550	0.005399	18.2
568	-1.272630	192.842768	110.215723	0.004459	13.4
569	-1.262365	192.042768	110.629595	0.005541	14.8
570	-1.278769	193.042768	110.112738	0.005814	10.3
571	-1.281221	194.042760	109.600692	0.005552	7.4
572	-1.320014	193.242760	110.009949	0.007161	8.7
573	-1.253273	194.242760	109.498852	0.004216	7.6
574	-1.290979	195.242760	108.992482	0.008663	11.8
575	-1.270189	196.242760	108.490774	0.004636	8.4
576	-1.280709	195.442760	108.891770	0.006391	9.5
577	-1.242756	196.442760	108.390986	0.006490	7.8
578	-1.252420	197.442760	107.894788	0.005134	9.6
579	-1.237292	198.442760	107.403111	0.005314	9.1
580	-1.276602	197.642760	107.796093	0.006640	9.7
581	-1.284024	198.642760	107.305313	0.006435	9.0
582	-1.258963	199.642760	106.818983	0.005654	7.5
583	-1.277219	198.842760	107.207693	0.006395	9.7
584	-1.283028	198.042760	107.599243	0.006223	7.5
585	-1.259572	199.042760	107.110251	0.006412	10.6
586	-1.265716	200.042760	106.625683	0.005283	7.5
587	-1.281112	201.042760	106.145479	0.005126	9.7
588	-1.274051	202.042760	105.669582	0.008044	7.5
589	-1.245166	203.042760	105.197933	0.004339	8.9
590	-1.231468	202.242760	105.574914	0.004504	8.3
591	-1.272301	203.242760	105.104108	0.004862	10.8
592	-1.282154	204.242760	104.637482	0.006433	8.6
593	-1.274880	203.442760	105.010450	0.005386	7.9
594	-1.278655	204.442760	104.544654	0.005342	8.6
595	-1.247421	205.442760	104.082971	0.005294	7.5
596	-1.272246	206.442760	103.625348	0.004869	9.4
597	-1.266792	205.642760	103.991123	0.005560	9.6
598	-1.255026	206.642760	103.534306	0.004508	8.5
599	-1.242681	205.842760	103.899438	0.005728	7.4
600	-1.261881	205.042760	104.267154	0.005682	8.1
601	-1.273118	206.042760	103.807914	0.005491	7.5
602	-1.264039	205.242760	104.174981	0.005383	10.0
603	-1.276834	204.442760	104.544654	0.005722	10.4
604	-1.276040	203.642760	104.916959	0.005411	10.0
605	-1.225819	204.642760	104.451990	0.005496	9.4
606	-1.273897	205.642760	103.991123	0.006235	7.6
607	-1.254073	204.842760	104.359490	0.004128	8.3
608	-1.284752	205.842760	103.899438	0.004987	9.3
609	-1.270918	205.042760	104.267154	0.005568	8.6
610	-1.295350	206.042760	103.807914	0.005118	7.6
611	-1.287547	207.042760	103.352701	0.005912	8.7
612	-1.303460	208.042760	102.901464	0.006417	8.1
613	-1.274588	207.242760	103.262137	0.006624	9.9
614	-1.285913	206.442760	103.625348	0.004882	9.6
615	-1.266049	205.642760	103.991123	0.005219	9.8
616	-1.303901	204.842760	104.359490	0.006249	7.5
617	-1.242471	205.842760	103.899438	0.005736	9.1
618	-1.233694	206.842760	103.443424	0.004596	7.5
619	-1.282403	207.842760	102.991396	0.005545	8.3
620	-1.251709	207.042760	103.352701	0.004704	10.2
621	-1.276094	206.242760	103.716551	0.005056	8.6
622	-1.233068	207.242760	103.262137	0.004550	8.6
623	-1.254961	208.242760	102.811689	0.005111	7.5
624	-1.263866	209.242760	102.365153	0.005875	11.6
625	-1.288084	208.442760	102.722070	0.006790	7.5
626	-1.250776	207.642760	103.081485	0.004843	10.7
627	-1.267368	208.642760	102.632607	0.005138	7.5
628	-1.255618	209.642760	102.187622	0.004193	8.5
629	-1.302400	210.642760	101.746479	0.005862	7.4
630	-1.264756	209.842760	102.099088	0.004282	11.6
631	-1.263660	210.842760	101.658707	0.004294	18.1
632	-1.291405	210.042760	102.010707	0.004959	10.1
633	-1.263561	209.242760	102.365153	0.005514	14.9
634	-1.296967	210.242760	101.922479	0.007049	7.7
635	-1.246331	209.442760	102.276310	0.003839	8.4
636	-1.275774	208.642760	102.632607	0.007566	10.1
637	-1.233281	209.642760	102.187622	0.004950	10.0
638	-1.268534	208.842760	102.543301	0.005010	7.5
639	-1.281456	208.042760	102.901464	0.005987	8.5
640	-1.223327	209.042760	102.454149	0.004650	7.6
641	-1.250058	210.042760	102.010707	0.004824	10.2
642	-1.247564	211.042760	101.571086	0.005774	10.0
643	-1.282845	210.242760	101.922479	0.005967	8.4
644	-1.271234	211.242760	101.483617	0.005658	8.5
645	-1.286280	210.442760	101.834403	0.005571	7.8
646	-1.248788	209.642760	102.187622	0.005062	7.9
647	-1.252434	210.642760	101.746479	0.005089	10.5
648	-1.266941	209.842760	102.099088	0.006169	10.1
649	-1.259440	210.842760	101.658707	0.005393	7.5
650	-1.285093	211.842760	101.222109	0.006046	10.0
651	-1.242305	211.042760	101.571086	0.004383	7.8
652	-1.298713	210.242760	101.922479	0.004244	8.7
653	-1.272162	211.242760	101.483617	0.005387	8.8
654	-1.234038	212.242760	101.048518	0.006136	8.8
655	-1.289761	211.442760	101.396297	0.006967	7.6
656	-1.296745	212.442760	100.961946	0.007691	9.4
657	-1.253492	213.442760	100.531299	0.006237	8.3
658	-1.284140	212.642760	100.875521	0.005369	9.0
659	-1.258388	213.642760	100.445610	0.006403	11.1
660	-1.267389	212.842760	100.789245	0.005347	7.9
661	-1.272694	213.842760	100.360067	0.005460	8.6
662	-1.260636	214.842760	99.934529	0.004786	7.5
663	-1.260077	214.042760	100.274670	0.004569	9.2
664	-1.275612	213.242760	100.617134	0.005767	7.6
665	-1.278827	212.442760	100.961946	0.004867	11.1
666	-1.268546	211.642760	101.309128	0.005633	7.6
667	-1.284924	212.642760	100.875521	0.006948	8.6
668	-1.259497	213.642760	100.445610	0.004540	7.5
669	-1.283053	212.842760	100.789245	0.005968	10.2
670	-1.261578	213.842760	100.360067	0.005472	7.6
671	-1.249056	214.842760	99.934529	0.005175	10.3
672	-1.265819	215.842760	99.512585	0.005978	8.1
673	-1.292278	215.042760	99.849855	0.006415	7.9
674	-1.241900	216.042760	99.428623	0.005337	7.5
675	-1.276971	217.042760	99.010931	0.006459	11.1
676	-1.249141	216.242760	99.344803	0.006897	8.5
677	-1.276349	215.442760	99.680934	0.006451	10.3
678	-1.233451	216.442760	99.261124	0.005867	10.3
679	-1.275150	215.642760	99.596688	0.004171	7.5
680	-1.296557	214.842760	99.934529	0.006597	10.7
681	-1.265390	214.042760	100.274670	0.005323	7.5
682	-1.302387	213.242760	100.617134	0.005812	8.1
683	-1.267144	212.442760	100.961946	0.008004	10.0
684	-1.313895	213.442760	100.531299	0.006147	9.6
685	-1.256327	214.442760	100.104311	0.005703	10.3
686	-1.272450	213.642760	100.445610	0.006278	7.5
687	-1.253589	212.842760	100.789245	0.006025	9.9
688	-1.289049	212.042760	101.135239	0.005675	10.3
689	-1.279828	213.042760	100.703116	0.005745	8.9
690	-1.281156	212.242760	101.048518	0.005167	7.6
691	-1.260201	211.442760	101.396297	0.005885	9.0
692	-1.251365	212.442760	100.961946	0.004721	7.4
693	-1.303388	213.442760	100.531299	0.005225	10.2
694	-1.248750	212.642760	100.875521	0.004801	11.0
695	-1.242407	213.642760	100.445610	0.004633	7.5
696	-1.269606	214.642760	100.019348	0.006468	9.7
697	-1.274677	215.642760	99.596688	0.004602	7.6
698	-1.269950	214.842760	99.934529	0.005950	9.1
699	-1.245681	214.042760	100.274670	0.005488	8.0
700	-1.262913	215.042760	99.849854	0.006237	10.5
701	-1.297777	216.042760	99.428623	0.005979	7.6
702	-1.310891	217.042760	99.010931	0.005471	9.5
703	-1.295045	218.042760	98.596733	0.005467	7.6
704	-1.290141	217.242760	98.927813	0.005962	9.0
705	-1.265868	216.442760	99.261124	0.005176	9.6
706	-1.260247	215.642760	99.596688	0.005435	9.2
707	-1.277758	214.842760	99.934529	0.005230	8.4
708	-1.245891	214.042760	100.274670	0.006116	7.5
709	-1.302332	213.242760	100.617134	0.006701	8.2
710	-1.299435	214.242760	100.189418	0.005431	7.6
711	-1.252785	213.442760	100.531299	0.006373	8.0
712	-1.287549	212.642760	100.875521	0.005267	11.1
713	-1.294297	211.842760	101.222109	0.007594	9.8
714	-1.281105	212.842760	100.789245	0.005784	7.5
715	-1.287046	213.842760	100.360067	0.005380	10.0
716	-1.266300	214.842760	99.934529	0.006173	7.5
717	-1.261963	215.842760	99.512585	0.006167	10.1
718	-1.241674	216.842760	99.094188	0.005119	7.8
719	-1.250481	217.842760	98.679295	0.005605	8.5
720	-1.263164	218.832220	98.272180	0.006317	7.5
721	-1.297681	218.032220	98.601081	0.006178	10.0
722	-1.323365	219.032220	98.190298	0.006449	8.9
723	-1.239081	220.017904	97.788732	0.006124	19.5
724	-1.270925	219.217904	98.114399	0.005081	11.3
725	-1.224795	220.217904	97.707653	0.005166	10.8
726	-1.300164	221.217904	97.304265	0.005601	8.0
727	-1.271377	220.418742	97.626369	0.004969	8.0
728	-1.283722	221.418742	97.223651	0.006731	11.3
729	-1.269730	222.418742	96.824242	0.005406	7.6
730	-1.301515	223.418742	96.428102	0.005775	9.5
731	-1.252942	224.418742	96.035189	0.005186	7.6
732	-1.248338	223.618742	96.349262	0.006076	10.2
733	-1.284905	224.618742	95.956990	0.005381	10.2
734	-1.269322	223.818742	96.270551	0.005532	8.5
735	-1.262454	224.818742	95.878919	0.006583	7.8
736	-1.306128	225.818742	95.490460	0.006236	7.7
737	-1.309528	226.818742	95.105136	0.005758	7.5
738	-1.266819	226.018742	95.413146	0.005777	11.1
739	-1.271329	225.218742	95.723157	0.006602	11.0
740	-1.272342	226.218742	95.335957	0.006125	7.6
741	-1.264545	227.218742	94.951876	0.006350	10.3
742	-1.237530	226.418742	95.258892	0.004496	8.1
743	-1.237245	225.618742	95.567900	0.005736	8.8
744	-1.282457	224.818742	95.878919	0.004876	8.5
745	-1.268529	225.818742	95.490460	0.005899	10.5
746	-1.282660	226.818742	95.105136	0.006379	8.6
747	-1.234350	226.018742	95.413146	0.005424	11.6
748	-1.286016	227.018742	95.028445	0.004623	8.7
749	-1.286234	226.218742	95.335957	0.005566	7.7
750	-1.260430	225.418742	95.645465	0.004791	11.8
751	-1.263006	226.418742	95.258892	0.006178	7.8
752	-1.268033	227.418742	94.875431	0.005750	7.9
753	-1.264742	226.618742	95.181952	0.004245	7.6
754	-1.298290	225.818742	95.490460	0.005934	7.7
755	-1.291241	225.018742	95.800975	0.005794	8.1
756	-1.260674	226.018741	95.413146	0.005849	10.8
757	-1.288274	227.018741	95.028445	0.004950	8.7
758	-1.267874	228.018741	94.646833	0.005681	7.5
759	-1.243633	229.018741	94.268274	0.004214	9.5
760	-1.260959	228.218741	94.570878	0.006041	7.6
761	-1.259891	227.418741	94.875431	0.005425	8.9
762	-1.296938	228.418741	94.495045	0.007209	9.7
763	-1.245449	227.618741	94.799109	0.005421	8.5
764	-1.271493	226.818741	95.105137	0.005363	7.5
765	-1.278428	227.818741	94.722910	0.006445	10.0
766	-1.267388	228.818741	94.343743	0.006672	9.0
767	-1.273137	229.818741	93.967600	0.005530	11.3
768	-1.245112	229.018741	94.268274	0.005185	9.3
769	-1.234637	230.018741	93.892731	0.005970	7.7
770	-1.250592	231.018741	93.520169	0.005396	16.9
771	-1.304773	230.218741	93.817982	0.004949	11.4
772	-1.272933	231.218741	93.446011	0.006086	14.1
773	-1.285932	230.418741	93.743351	0.006610	8.9
774	-1.254985	231.297144	93.416972	0.005814	9.5
775	-1.291444	232.297144	93.048168	0.006083	8.8
776	-1.299546	231.497144	93.342977	0.005368	9.5
777	-1.272442	232.497144	92.974756	0.005837	10.0
778	-1.302390	231.697144	93.269100	0.005585	8.6
779	-1.275505	230.897144	93.565313	0.005904	8.3
780	-1.264253	231.897144	93.195340	0.007122	8.1
781	-1.259766	231.097144	93.491084	0.006570	10.6
782	-1.264087	230.297144	93.788711	0.006147	8.5
783	-1.305599	229.497144	94.088239	0.005488	9.3
784	-1.288046	230.497144	93.714127	0.006821	7.6
785	-1.292646	231.497144	93.342977	0.005384	10.4
786	-1.252267	230.697144	93.639661	0.005603	7.5
787	-1.286079	231.697144	93.269100	0.004788	8.7
788	-1.264951	230.897144	93.565313	0.005376	8.7
789	-1.276667	231.897144	93.195340	0.005633	9.6
790	-1.258361	232.897144	92.828280	0.005484	7.8
791	-1.306449	233.897144	92.464101	0.005196	9.4
792	-1.290461	234.897144	92.102768	0.005414	7.9
793	-1.265385	235.897144	91.744248	0.005645	8.6
794	-1.256202	236.897144	91.388508	0.005253	10.0
795	-1.303834	236.097144	91.672878	0.005788	8.0
796	-1.276148	237.097144	91.317691	0.005544	9.1
797	-1.266249	236.297144	91.601620	0.006891	7.6
798	-1.309821	235.497144	91.887320	0.005844	8.7
799	-1.239918	236.497144	91.530472	0.005160	7.5
800	-1.269363	235.697144	91.815728	0.005080	10.1
801	-1.270019	236.697144	91.459435	0.005815	9.3
802	-1.256553	237.697144	91.105896	0.004978	9.2
803	-1.264981	238.697144	90.755081	0.004971	7.5
804	-1.286791	239.697144	90.406956	0.007424	9.8
805	-1.282413	238.897144	90.685241	0.007389	7.5
806	-1.255761	239.897144	90.337651	0.005073	10.9
807	-1.296904	240.897144	89.992716	0.005737	8.4
808	-1.294850	240.097144	90.268453	0.005171	7.7
809	-1.273010	241.097144	89.924044	0.006437	11.0
810	-1.296866	242.097144	89.582254	0.006298	8.6
811	-1.274647	243.097144	89.243052	0.006182	8.5
812	-1.271818	244.097144	88.906409	0.005405	9.8
813	-1.238722	243.297144	89.175520	0.005833	10.1
814	-1.276939	244.297140	88.839387	0.006203	8.0
815	-1.296792	245.297140	88.505777	0.005432	7.8
816	-1.249353	246.297140	88.174663	0.006365	7.5
817	-1.289342	245.497140	88.439355	0.005894	7.8
818	-1.275716	244.697140	88.705641	0.005348	10.0
819	-1.292547	243.897140	88.973536	0.006818	9.5
820	-1.276467	244.897140	88.638919	0.005518	8.5
821	-1.279381	245.897140	88.306811	0.006277	7.6
822	-1.248292	246.897140	87.977181	0.006289	7.9
823	-1.312395	247.116027	87.905358	0.005691	8.5
824	-1.285008	248.116027	87.578713	0.005127	9.0
825	-1.266173	247.316027	87.839834	0.005143	8.3
826	-1.271497	246.516027	88.102517	0.005373	7.8
827	-1.314181	245.716027	88.366775	0.005036	7.6
828	-1.289620	244.916027	88.632624	0.005581	7.8
829	-1.299241	245.916027	88.300562	0.005465	8.4
830	-1.265870	246.916027	87.970979	0.005324	9.8
831	-1.252929	247.916027	87.643847	0.006391	8.7
832	-1.251835	248.916027	87.319140	0.004626	8.0
833	-1.288317	249.916027	86.996829	0.006036	8.6
834	-1.266483	250.916027	86.676889	0.006096	9.1
835	-1.274794	251.916027	86.359293	0.005040	7.5
836	-1.283185	252.916027	86.044017	0.005877	8.1
837	-1.304779	252.116027	86.296053	0.007242	9.5
838	-1.244392	253.116027	85.981238	0.005362	9.2
839	-1.247216	252.316027	86.232906	0.004626	7.6
840	-1.275151	251.516027	86.486052	0.006098	8.6
841	-1.274277	252.516027	86.169851	0.006330	7.4
842	-1.264770	251.716027	86.422626	0.004910	10.8
843	-1.266730	252.716027	86.106888	0.006408	9.5
844	-1.286885	253.716027	85.793448	0.006429	8.7
845	-1.314413	254.716027	85.482282	0.006027	7.8
846	-1.259277	255.716027	85.173365	0.006208	7.6
847	-1.300762	254.916027	85.420320	0.005636	7.7
848	-1.277269	255.916027	85.111850	0.005888	8.9
849	-1.324186	255.116027	85.358447	0.006076	10.2
850	-1.308494	256.116027	85.050423	0.005852	7.7
851	-1.282707	257.116027	84.744614	0.005614	9.4
852	-1.283669	258.116027	84.440996	0.006254	7.7
853	-1.301376	259.116027	84.139546	0.007211	9.0
854	-1.279806	260.116027	83.840240	0.006579	7.8
855	-1.262879	261.116027	83.543057	0.006225	10.0
856	-1.285756	262.116027	83.247973	0.005077	13.5
857	-1.290574	261.316027	83.483873	0.005190	15.6
858	-1.267789	260.915954	83.602346	0.006630	19.3
859	-1.277273	260.115954	83.840262	0.005725	7.6
860	-1.267660	261.115954	83.543078	0.004784	9.8
861	-1.291777	262.115954	83.247994	0.006032	7.6
862	-1.278816	263.115954	82.954987	0.005681	8.2
863	-1.260705	264.115954	82.664035	0.005710	7.6
864	-1.285487	265.115954	82.375117	0.005736	11.9
865	-1.260677	266.115954	82.088212	0.004923	7.5
866	-1.282678	265.315954	82.317576	0.005338	9.1
867	-1.290641	264.515954	82.548225	0.005683	7.9
868	-1.232480	265.515954	82.260115	0.004779	9.6
869	-1.270268	264.715954	82.490442	0.005668	9.5
870	-1.282253	263.915954	82.722062	0.004639	9.8
871	-1.294907	264.915954	82.432739	0.005442	8.5
872	-1.289955	264.115954	82.664035	0.005599	7.5
873	-1.284675	263.349624	82.886817	0.005689	9.3
874	-1.281181	264.349624	82.596342	0.005731	7.6
875	-1.287943	263.549624	82.828559	0.006858	9.8
876	-1.278601	264.549624	82.538492	0.005214	8.7
877	-1.283858	263.749624	82.770382	0.006925	9.7
878	-1.277451	264.749624	82.480722	0.006837	7.5
879	-1.273608	265.749624	82.193082	0.005207	9.0
880	-1.259908	266.749624	81.907441	0.005060	7.4
881	-1.265525	267.749624	81.623778	0.005578	9.4
882	-1.266776	268.749624	81.342074	0.004551	9.0
883	-1.242566	269.749624	81.062307	0.004810	9.6
884	-1.254943	268.949624	81.285966	0.006263	8.6
885	-1.252251	269.949624	81.006584	0.004864	7.5
886	-1.247952	270.949624	80.729117	0.006129	8.1
887	-1.253856	270.149624	80.950938	0.004927	10.4
888	-1.258958	271.149624	80.673851	0.007459	9.5
889	-1.292964	270.349624	80.895369	0.005758	8.3
890	-1.247638	271.349624	80.618661	0.006027	8.4
891	-1.323955	272.349624	80.343840	0.004789	7.5
892	-1.264769	271.549624	80.563546	0.006164	10.6
893	-1.262864	270.749624	80.784458	0.004998	11.0
894	-1.275738	271.749624	80.508507	0.005215	7.7
895	-1.289607	272.749624	80.234435	0.005528	8.1
896	-1.260473	273.749624	79.962223	0.005586	8.6
897	-1.256866	274.749624	79.691852	0.004804	8.2
898	-1.318447	275.749624	79.423303	0.005613	7.6
899	-1.263381	274.949624	79.637997	0.005437	11.4
900	-1.281007	274.149624	79.853855	0.005637	10.8
901	-1.277038	273.349624	80.070886	0.005390	11.0
902	-1.271485	272.549624	80.289100	0.005751	8.3
903	-1.294012	273.549624	80.016518	0.006074	8.4
904	-1.295169	274.549624	79.745780	0.005752	11.5
905	-1.257366	275.549624	79.476868	0.005171	8.5
906	-1.245533	276.549624	79.209763	0.004496	8.5
907	-1.296962	275.752400	79.422560	0.006618	7.4
908	-1.247651	274.952400	79.637250	0.005185	8.6
909	-1.281313	275.952400	79.369068	0.005768	7.5
910	-1.300738	275.152400	79.583469	0.007020	11.4
911	-1.278318	276.152400	79.315648	0.005006	7.5
912	-1.263006	275.352400	79.529760	0.005459	8.9
913	-1.284709	274.552400	79.745031	0.007091	7.4
914	-1.301935	275.552400	79.476124	0.005535	9.7
915	-1.288712	276.552400	79.209024	0.004982	7.5
916	-1.283666	277.552400	78.943714	0.005721	9.7
917	-1.259136	278.552400	78.680175	0.006353	9.4
918	-1.251186	279.552400	78.418390	0.005319	11.1
919	-1.262416	278.752400	78.627678	0.007237	14.7
920	-1.282998	279.752400	78.366242	0.005185	14.3
921	-1.278115	280.752400	78.106538	0.005198	17.2
922	-1.300439	281.752400	77.848550	0.004912	9.4
923	-1.258320	282.752400	77.592260	0.004827	7.5
924	-1.277653	281.952400	77.797156	0.005608	8.6
925	-1.303185	282.952400	77.541205	0.007293	10.5
926	-1.276371	283.952400	77.286931	0.006556	10.5
927	-1.305001	284.952400	77.034320	0.005999	8.0
928	-1.316389	284.152400	77.236277	0.007094	9.1
929	-1.267911	285.152400	76.983996	0.005325	7.8
930	-1.252522	286.152400	76.733359	0.005410	10.0
931	-1.268119	287.152400	76.484347	0.005610	11.1
932	-1.277797	286.352400	76.683427	0.005733	7.6
933	-1.214491	285.552400	76.883545	0.004768	8.5
934	-1.279070	286.552400	76.633560	0.005031	7.5
935	-1.301750	285.752400	76.833418	0.006926	9.6
936	-1.309756	286.752400	76.583758	0.005447	8.1
937	-1.303042	287.752400	76.335715	0.006268	12.1
938	-1.252145	288.752400	76.089274	0.005960	8.0
939	-1.262745	289.752400	75.844419	0.005570	10.4
940	-1.290994	288.952400	76.040177	0.006608	9.2
941	-1.249051	289.952400	75.795637	0.005386	7.6
942	-1.306332	289.152400	75.991143	0.007463	10.2
943	-1.267182	290.152400	75.746918	0.006228	7.5
944	-1.282232	291.152400	75.504258	0.005864	10.9
945	-1.287576	292.152400	75.263147	0.005961	7.5
946	-1.291727	293.152400	75.023572	0.007264	9.7
947	-1.266718	294.152400	74.785517	0.005939	7.5
948	-1.289426	293.352400	74.975840	0.005206	10.9
949	-1.261313	294.352400	74.738087	0.005485	8.5
950	-1.292806	293.552400	74.928169	0.004888	7.6
951	-1.266449	292.752400	75.119219	0.005484	8.1
952	-1.334552	293.752400	74.880558	0.005611	7.8
953	-1.270467	294.752400	74.643408	0.005292	8.1
954	-1.307789	295.752400	74.407756	0.005830	10.2
955	-1.247460	294.952400	74.596158	0.006333	8.9
956	-1.252677	295.952400	74.360804	0.004140	7.7
957	-1.306869	296.952400	74.126930	0.006120	9.4
958	-1.251905	297.952400	73.894522	0.005422	7.7
959	-1.326905	297.152400	74.080331	0.005931	10.2
960	-1.283019	296.353000	74.266937	0.006585	8.2
961	-1.284721	295.553000	74.454626	0.005808	8.3
962	-1.258558	296.553000	74.220162	0.005612	7.6
963	-1.285213	295.753000	74.407615	0.006160	10.5
964	-1.303163	296.753000	74.173447	0.004974	7.6
965	-1.326801	297.753000	73.940748	0.006338	11.3
966	-1.265531	296.953000	74.126790	0.004402	9.1
967	-1.298747	296.153000	74.313770	0.005680	7.9
968	-1.291500	297.153000	74.080192	0.005055	8.5
969	-1.290638	298.153000	73.848077	0.004862	7.5
970	-1.265382	297.353000	74.033652	0.005521	8.8
971	-1.301022	298.353000	73.801828	0.005291	8.8
972	-1.282521	297.553000	73.987171	0.005771	10.0
973	-1.291229	298.553000	73.755638	0.005128	7.6
974	-1.290433	297.753000	73.940748	0.006634	8.9
975	-1.223438	298.753000	73.709505	0.004767	7.4
976	-1.278933	299.753000	73.479703	0.006106	10.4
977	-1.213597	298.953000	73.663429	0.005331	10.7
978	-1.298233	299.953000	73.433915	0.005236	7.8
979	-1.264226	300.953000	73.205826	0.004911	7.8
980	-1.293661	301.953000	72.979149	0.006169	7.6
981	-1.278005	301.153000	73.160378	0.005575	7.5
982	-1.296809	300.353000	73.342509	0.004798	9.4
983	-1.280428	301.353000	73.114986	0.004887	11.1
984	-1.307144	300.553000	73.296891	0.007162	8.5
985	-1.246185	301.553000	73.069651	0.005453	9.8
986	-1.250999	302.553000	72.843816	0.006042	8.2
987	-1.287548	303.553000	72.619373	0.006275	9.1
988	-1.279163	304.553000	72.396308	0.005594	19.2
989	-1.304165	303.753000	72.574650	0.005816	8.2
990	-1.297445	304.753000	72.351859	0.005572	14.7
991	-1.243430	303.953000	72.529982	0.005033	9.2
992	-1.273193	303.153000	72.708984	0.006819	9.9
993	-1.288146	302.353000	72.888871	0.004690	8.5
994	-1.301831	301.553000	73.069651	0.005699	8.7
995	-1.255744	302.553000	72.843816	0.004671	7.6
996	-1.299095	303.553000	72.619373	0.004012	8.3
997	-1.281115	304.553000	72.396308	0.005437	7.6
998	-1.281112	303.753000	72.574650	0.006977	10.4
999	-1.264681	302.953000	72.753872	0.006542	9.1
