1:ItNr	2:Metric	3a:Time	3b:StepSize	4:||Gradient||	Time[ms]
0	-0.985388	0.000000	312.005944	0.007653	256.6
1	-1.018628	0.000000	312.005944	0.006115	19.1
2	-1.008015	0.000000	312.005944	0.005564	17.9
3	-1.016764	0.000000	312.005944	0.005189	18.0
4	-1.003581	0.000000	312.005944	0.004809	18.6
5	-1.027479	0.000000	312.005944	0.004920	17.8
6	-1.049295	0.000000	312.005944	0.004345	17.8
7	-1.029856	0.000000	312.005944	0.004305	18.9
8	-1.030621	0.000000	312.005944	0.003726	18.0
9	-1.066256	0.000000	312.005944	0.003755	17.8
10	-1.056972	0.000000	312.005944	0.003756	18.8
11	-1.059309	0.000000	312.005944	0.003331	19.3
12	-1.081931	0.000000	312.005944	0.003264	17.9
13	-1.058012	0.000000	312.005944	0.003464	18.8
14	-1.082206	0.000000	312.005944	0.002943	17.9
15	-1.087943	0.000000	312.005944	0.002763	18.4
16	-1.089076	0.000000	312.005944	0.002830	18.5
17	-1.078362	0.000000	312.005944	0.002622	19.4
18	-1.066725	0.000000	312.005944	0.002852	17.7
19	-1.085549	0.000000	312.005944	0.002583	18.8
20	-1.080485	0.000000	312.005944	0.002410	17.9
21	-1.066925	0.000000	312.005944	0.002720	17.9
22	-1.066842	0.000000	312.005944	0.002557	18.8
23	-1.096282	0.000000	312.005944	0.002097	17.9
24	-1.090300	0.000000	312.005944	0.002484	17.8
25	-1.069327	0.000000	312.005944	0.002203	19.1
26	-1.084885	0.000000	312.005944	0.002467	17.8
27	-1.092559	0.000000	312.005944	0.002229	18.0
28	-1.082406	0.000000	312.005944	0.001767	19.8
29	-1.093196	0.000000	312.005944	0.002062	18.8
30	-1.095583	0.000000	312.005944	0.002133	19.0
31	-1.104819	0.000000	312.005944	0.001919	18.4
32	-1.094441	0.000000	312.005944	0.002049	17.8
33	-1.076917	0.000000	312.005944	0.001978	19.9
34	-1.103342	0.000000	312.005944	0.001890	17.9
35	-1.104858	0.000000	312.005944	0.001821	17.8
36	-1.097156	0.000000	312.005944	0.001759	22.8
37	-1.109803	0.000000	312.005944	0.001716	18.1
38	-1.081201	0.000000	312.005944	0.001759	18.2
39	-1.091747	0.000000	312.005944	0.001685	20.4
40	-1.093598	0.000000	312.005944	0.001477	19.2
41	-1.100479	0.000000	312.005944	0.001809	17.9
42	-1.102854	0.000000	312.005944	0.001705	19.8
43	-1.110380	0.000000	312.005944	0.001552	18.1
44	-1.102566	0.000000	312.005944	0.001455	18.0
45	-1.087892	0.000000	312.005944	0.001591	19.3
46	-1.087488	0.000000	312.005944	0.001639	17.8
47	-1.091207	0.000000	312.005944	0.001555	18.0
48	-1.115631	0.000000	312.005944	0.001351	18.7
49	-1.106920	0.000000	312.005944	0.001433	17.7
50	-1.107809	0.000000	312.005944	0.001556	18.1
51	-1.112448	0.000000	312.005944	0.001505	18.8
52	-1.110837	0.000000	312.005944	0.001406	18.0
53	-1.102685	0.000000	312.005944	0.001285	18.1
54	-1.115446	0.000000	312.005944	0.001438	19.3
55	-1.098064	0.000000	312.005944	0.001427	18.0
56	-1.116070	0.000000	312.005944	0.001362	19.9
57	-1.107844	0.000000	312.005944	0.001339	18.0
58	-1.112164	0.000000	312.005944	0.001294	18.0
59	-1.122505	0.000000	312.005944	0.001358	19.9
60	-1.127169	0.000000	312.005944	0.001446	17.8
61	-1.100985	0.000000	312.005944	0.001274	17.8
62	-1.113248	0.000000	312.005944	0.001393	18.8
63	-1.111792	0.000000	312.005944	0.001150	18.7
64	-1.103354	0.000000	312.005944	0.001156	17.9
65	-1.127529	0.000000	312.005944	0.001266	22.1
66	-1.106262	0.000000	312.005944	0.001329	18.0
67	-1.107278	0.000000	312.005944	0.001244	17.8
68	-1.112041	0.000000	312.005944	0.001316	21.1
69	-1.111928	0.000000	312.005944	0.001385	18.0
70	-1.101390	0.000000	312.005944	0.001240	17.9
71	-1.099611	0.000000	312.005944	0.001262	24.3
72	-1.112357	0.000000	312.005944	0.001020	20.8
73	-1.110976	0.000000	312.005944	0.001077	21.4
74	-1.118197	0.000000	312.005944	0.001150	18.0
75	-1.091212	0.000000	312.005944	0.000916	17.8
76	-1.098069	0.000000	312.005944	0.001120	21.9
77	-1.121033	0.000000	312.005944	0.001336	17.9
78	-1.100675	0.000000	312.005944	0.001197	18.0
79	-1.121022	0.000000	312.005944	0.001179	18.7
80	-1.120978	0.000000	312.005944	0.001111	17.8
81	-1.096566	0.000000	312.005944	0.001080	18.0
82	-1.115956	0.000000	312.005944	0.001065	18.8
83	-1.089606	0.000000	312.005944	0.001054	17.8
84	-1.106521	0.000000	312.005944	0.001055	19.1
85	-1.110212	0.000000	312.005944	0.001186	18.0
86	-1.115076	0.000000	312.005944	0.001006	17.9
87	-1.113019	0.000000	312.005944	0.001102	17.9
88	-1.132619	0.000000	312.005944	0.001123	20.1
89	-1.103090	0.000000	312.005944	0.000994	18.0
90	-1.084034	0.000000	312.005944	0.000987	19.9
91	-1.123845	0.000000	312.005944	0.000932	17.8
92	-1.113926	0.000000	312.005944	0.001150	17.9
93	-1.132721	0.000000	312.005944	0.001142	21.1
94	-1.121821	0.000000	312.005944	0.001267	17.8
95	-1.109594	0.035668	311.476915	0.001310	17.7
96	-1.118206	0.000000	312.005944	0.001076	21.3
97	-1.113397	0.000000	312.005944	0.001011	17.8
98	-1.099763	0.000000	312.005944	0.001012	19.5
99	-1.100193	0.000000	312.005944	0.000998	20.1
100	-1.117925	0.000000	312.005944	0.000957	17.8
101	-1.117428	0.000000	312.005944	0.001019	17.9
102	-1.112736	0.000000	312.005944	0.001133	18.9
103	-1.100448	0.000000	312.005944	0.001084	18.0
104	-1.121611	0.000000	312.005944	0.000868	18.0
105	-1.108986	0.000000	312.005944	0.001074	18.9
106	-1.116990	0.000000	312.005944	0.000917	18.0
107	-1.116596	0.000000	312.005944	0.001114	20.2
108	-1.105040	0.000000	312.005944	0.001135	17.8
109	-1.112065	0.000000	312.005944	0.000929	17.7
110	-1.107116	0.000000	312.005944	0.000933	18.2
111	-1.109024	0.000000	312.005944	0.001166	18.5
112	-1.119279	0.000000	312.005944	0.001441	17.8
113	-1.099314	0.067105	311.012116	0.001118	17.9
114	-1.120664	0.003730	311.950536	0.001091	19.0
115	-1.103798	0.000000	312.005944	0.000973	18.5
116	-1.103295	0.000000	312.005944	0.001025	18.1
117	-1.103233	0.000000	312.005944	0.001180	20.5
118	-1.107563	0.024505	311.642286	0.001052	17.9
119	-1.125266	0.012463	311.820882	0.001010	18.0
120	-1.110206	0.000000	312.005944	0.000964	18.8
121	-1.108474	0.000000	312.005944	0.001049	18.4
122	-1.116328	0.000000	312.005944	0.000918	20.0
123	-1.125479	0.000000	312.005944	0.000967	18.7
124	-1.111578	0.000000	312.005944	0.001001	17.7
125	-1.107599	0.000000	312.005944	0.001232	21.4
126	-1.124902	0.000000	312.005944	0.000748	19.2
127	-1.113838	0.000000	312.005944	0.000942	17.9
128	-1.091873	0.000000	312.005944	0.000893	20.3
129	-1.107966	0.000000	312.005944	0.000975	17.7
130	-1.114969	0.000000	312.005944	0.001089	17.7
131	-1.118172	0.000000	312.005944	0.001086	20.0
132	-1.114540	0.000000	312.005944	0.001233	17.7
133	-1.125134	0.000000	312.005944	0.001164	17.9
134	-1.109527	0.251585	308.312287	0.001046	18.7
135	-1.124088	0.172054	309.470443	0.001329	17.8
136	-1.117984	0.069814	310.972128	0.000987	17.9
137	-1.119218	0.000000	312.005944	0.001214	19.1
138	-1.105499	0.000000	312.005944	0.001234	17.8
139	-1.105753	0.250128	308.333434	0.001097	19.8
140	-1.107739	0.033355	311.511157	0.000955	17.9
141	-1.088532	0.000000	312.005944	0.001255	17.8
142	-1.114740	0.000000	312.005944	0.000951	21.4
143	-1.097620	0.000000	312.005944	0.000924	18.0
144	-1.118836	0.000000	312.005944	0.001046	17.9
145	-1.120632	0.000000	312.005944	0.000862	21.2
146	-1.102627	0.000000	312.005944	0.001077	18.4
147	-1.119315	0.000000	312.005944	0.001439	17.8
148	-1.112449	0.000000	312.005944	0.001254	21.6
149	-1.110033	0.168781	309.518284	0.000961	17.9
150	-1.123707	0.101744	310.501575	0.000927	17.8
151	-1.122126	0.000000	312.005944	0.000939	18.9
152	-1.107639	0.000000	312.005944	0.000853	17.8
153	-1.126741	0.000000	312.005944	0.000970	18.0
154	-1.113882	0.000000	312.005944	0.000974	18.8
155	-1.113873	0.000000	312.005944	0.001014	17.9
156	-1.123066	0.000000	312.005944	0.001054	18.4
157	-1.110187	0.000000	312.005944	0.000818	18.1
158	-1.134639	0.000000	312.005944	0.001258	17.7
159	-1.091071	0.000000	312.005944	0.000988	17.9
160	-1.113455	0.000000	312.005944	0.000886	19.8
161	-1.124691	0.069361	310.978808	0.001090	17.9
162	-1.089359	0.000000	312.005944	0.000936	17.8
163	-1.102736	0.000000	312.005944	0.001283	21.4
164	-1.134284	0.000000	312.005944	0.000864	17.9
165	-1.112594	0.028605	311.581532	0.001024	21.1
166	-1.111896	0.000000	312.005944	0.001105	17.9
167	-1.136125	0.000000	312.005944	0.000916	17.7
168	-1.109818	0.000000	312.005944	0.001170	19.7
169	-1.103315	0.008517	311.879449	0.001019	18.0
170	-1.094027	0.000000	312.005944	0.001182	17.8
171	-1.104456	0.000000	312.005944	0.000854	21.2
172	-1.117162	0.000000	312.005944	0.000877	17.8
173	-1.119182	0.000000	312.005944	0.000908	17.9
174	-1.112811	0.000000	312.005944	0.000773	21.4
175	-1.110539	0.000000	312.005944	0.000980	17.9
176	-1.130188	0.000000	312.005944	0.001259	17.9
177	-1.114370	0.000000	312.005944	0.001136	21.7
178	-1.124557	0.387914	306.347071	0.001118	17.8
179	-1.105018	0.192849	309.166774	0.001063	17.9
180	-1.110642	0.010199	311.854486	0.001114	20.9
181	-1.089351	0.000000	312.005944	0.001048	18.1
182	-1.099258	0.000000	312.005944	0.001134	19.1
183	-1.100360	0.000000	312.005944	0.001098	18.0
184	-1.111301	0.000000	312.005944	0.000980	17.7
185	-1.115646	0.260916	308.176983	0.001083	17.7
186	-1.123920	0.076404	310.874899	0.000903	20.9
187	-1.123590	0.018435	311.732293	0.000987	17.8
188	-1.109741	0.000000	312.005944	0.000843	18.4
189	-1.120938	0.000000	312.005944	0.001080	18.3
190	-1.111385	0.094650	310.606005	0.000765	17.8
191	-1.104977	0.000000	312.005944	0.001053	17.7
192	-1.108113	0.000000	312.005944	0.001162	21.0
193	-1.132457	0.108359	310.404277	0.001160	19.4
194	-1.121155	0.488999	304.906004	0.000894	19.9
195	-1.108560	0.479504	305.040784	0.000877	17.9
196	-1.110849	0.318966	307.337836	0.001011	17.8
197	-1.113940	0.163098	309.601401	0.001295	21.3
198	-1.126710	0.129098	310.099594	0.000872	17.8
199	-1.098502	0.427824	305.776498	0.001077	17.9
200	-1.127533	0.263551	308.138793	0.001087	21.3
201	-1.111904	0.204091	309.002867	0.000903	17.7
202	-1.120770	0.019842	311.711422	0.000921	17.7
203	-1.109911	0.000000	312.005944	0.001259	21.1
204	-1.119553	0.000000	312.005944	0.001099	17.7
205	-1.111417	0.031679	311.535989	0.000918	17.7
206	-1.107958	0.000000	312.005944	0.000766	18.9
207	-1.104391	0.000000	312.005944	0.000829	19.3
208	-1.094231	0.000000	312.005944	0.000955	17.8
209	-1.116496	0.000000	312.005944	0.001300	18.6
210	-1.110609	0.000000	312.005944	0.001241	19.5
211	-1.109899	0.476605	305.081960	0.000995	18.2
212	-1.099876	0.474381	305.113557	0.000930	18.7
213	-1.113311	0.390102	306.315730	0.001217	18.3
214	-1.121040	0.525915	304.383105	0.001061	18.5
215	-1.120513	0.308909	307.482884	0.001043	18.6
216	-1.110567	0.438958	305.617685	0.000949	17.7
217	-1.116252	0.249104	308.348291	0.000914	21.9
218	-1.113299	0.193994	309.150068	0.000987	17.7
219	-1.114874	0.029984	311.561097	0.000891	17.7
220	-1.105776	0.000000	312.005944	0.001021	21.3
221	-1.122808	0.095425	310.594583	0.001520	17.9
222	-1.120479	0.132323	310.052274	0.000979	17.9
223	-1.101710	0.603081	303.295849	0.000787	21.6
224	-1.110673	0.527487	304.360878	0.000714	17.7
225	-1.113387	0.371983	306.575424	0.000933	17.9
226	-1.120672	0.259993	308.190363	0.000752	18.7
227	-1.114092	0.202326	309.028592	0.000947	17.8
228	-1.126520	0.045710	311.328288	0.001441	17.9
229	-1.113161	0.223057	308.726727	0.001102	18.7
230	-1.114364	0.784737	300.766764	0.000982	17.8
231	-1.119700	0.820777	300.270005	0.000937	17.8
232	-1.119603	0.644298	302.718290	0.000958	18.8
233	-1.119454	0.676789	302.264550	0.000937	17.7
234	-1.107222	0.487721	304.924138	0.001043	17.9
235	-1.118233	0.294037	307.697628	0.001178	20.9
236	-1.123423	0.438172	305.628893	0.000932	17.8
237	-1.097079	0.652698	302.600849	0.000918	18.5
238	-1.118231	0.739495	301.392688	0.001030	18.2
239	-1.110985	0.647030	302.680088	0.001101	17.8
240	-1.121149	0.906798	299.090943	0.001025	17.8
241	-1.098686	0.892922	299.280507	0.001145	18.7
242	-1.122442	0.791017	300.680079	0.000766	17.7
243	-1.101758	0.885968	299.375607	0.001161	17.9
244	-1.118883	0.687489	302.115421	0.000942	20.9
245	-1.110579	0.757688	301.140671	0.000879	17.7
246	-1.109494	0.783482	300.784093	0.000833	18.2
247	-1.094331	0.584698	303.554157	0.001095	18.2
248	-1.122114	0.677818	302.250199	0.000773	17.7
249	-1.120422	0.643459	302.730028	0.000974	17.8
250	-1.114273	0.621862	303.032406	0.001140	18.7
251	-1.105068	1.017999	297.580397	0.000819	17.8
252	-1.124848	1.334469	293.363811	0.001076	17.7
253	-1.110442	1.144293	295.883229	0.000816	19.6
254	-1.116467	1.126257	296.124408	0.000980	17.6
255	-1.106324	1.023521	297.505788	0.000846	17.9
256	-1.126518	0.853092	299.825990	0.000975	18.7
257	-1.103190	0.800800	300.545162	0.000971	17.8
258	-1.122148	0.723001	301.621531	0.001198	17.8
259	-1.102447	0.882290	299.425926	0.000747	18.8
260	-1.114779	0.768226	300.994894	0.000908	17.7
261	-1.115653	0.751492	301.226457	0.001173	17.8
262	-1.114142	0.789403	300.702355	0.000958	21.0
263	-1.121517	0.605074	303.267869	0.000831	17.8
264	-1.105676	0.468055	305.203464	0.001346	19.3
265	-1.116921	0.333731	307.125119	0.000940	17.9
266	-1.111215	0.187615	309.243157	0.001007	17.7
267	-1.128616	0.003074	311.960283	0.000834	19.3
268	-1.123007	0.000000	312.005944	0.001103	18.1
269	-1.113584	0.000000	312.005944	0.000942	17.6
270	-1.131656	0.233775	308.570892	0.001227	17.8
271	-1.128031	0.109660	310.385146	0.001007	18.6
272	-1.093392	0.284973	307.828662	0.000833	17.8
273	-1.104851	0.317725	307.355724	0.000853	17.8
274	-1.108624	0.311796	307.441225	0.000979	20.1
275	-1.104178	0.363709	306.694163	0.000896	17.8
276	-1.125115	0.437138	305.643639	0.000950	18.5
277	-1.111915	0.373646	306.551571	0.000841	18.4
278	-1.112483	0.344575	306.969086	0.000922	17.7
279	-1.117289	0.328807	307.196028	0.000673	17.6
280	-1.127427	0.335439	307.100534	0.000975	19.2
281	-1.111190	0.235499	308.545838	0.000872	17.7
282	-1.104162	0.144236	309.877586	0.001011	18.0
283	-1.110786	0.355267	306.815403	0.000974	20.8
284	-1.112740	0.209781	308.919969	0.000914	17.8
285	-1.100652	0.085553	310.740005	0.000642	18.2
286	-1.097180	0.000000	312.005944	0.001019	18.3
287	-1.116624	0.000000	312.005944	0.000794	17.9
288	-1.125276	0.000000	312.005944	0.001033	17.7
289	-1.106311	0.000000	312.005944	0.000879	18.6
290	-1.113698	0.123162	310.186748	0.000955	17.7
291	-1.120047	0.000000	312.005944	0.001109	18.0
292	-1.098227	0.281864	307.873631	0.000857	18.6
293	-1.100114	0.097309	310.566855	0.000944	17.7
294	-1.100046	0.000000	312.005944	0.000745	17.7
295	-1.100421	0.000000	312.005944	0.000920	20.2
296	-1.107471	0.000000	312.005944	0.000948	17.8
297	-1.115217	0.071542	310.946622	0.000827	19.2
298	-1.117063	0.000000	312.005944	0.000812	18.0
299	-1.126433	0.000000	312.005944	0.001070	17.7
300	-1.127137	0.035153	311.484528	0.001036	18.0
301	-1.109462	0.000000	312.005944	0.000748	19.1
302	-1.095818	0.050491	311.257576	0.000909	17.8
303	-1.111687	0.000000	312.005944	0.000806	20.1
304	-1.121711	0.107194	310.421401	0.000725	18.0
305	-1.100851	0.000000	312.005944	0.000887	17.9
306	-1.130001	0.000000	312.005944	0.000762	17.9
307	-1.096753	0.000000	312.005944	0.000842	19.3
308	-1.112528	0.000000	312.005944	0.000898	17.9
309	-1.094834	0.000000	312.005944	0.001209	17.8
310	-1.089016	0.000000	312.005944	0.000729	18.6
311	-1.109280	0.000000	312.005944	0.000974	17.8
312	-1.107421	0.000000	312.005944	0.000850	19.4
313	-1.108565	0.000000	312.005944	0.000786	18.6
314	-1.102628	0.000000	312.005944	0.001013	17.7
315	-1.108429	0.000000	312.005944	0.000703	17.9
316	-1.107933	0.000000	312.005944	0.000696	19.0
317	-1.122309	0.000000	312.005944	0.001223	17.6
318	-1.108180	0.000000	312.005944	0.001044	17.9
319	-1.103435	0.026923	311.606455	0.001036	19.2
320	-1.108208	0.020988	311.694425	0.000953	17.6
321	-1.114073	0.053677	311.210481	0.001222	17.9
322	-1.094642	0.144226	309.877733	0.000859	18.7
323	-1.096269	0.284659	307.833210	0.000916	17.6
324	-1.115509	0.573544	303.711097	0.000970	17.7
325	-1.109517	0.507930	304.637630	0.000938	20.8
326	-1.120908	0.607589	303.232580	0.001206	19.4
327	-1.112955	0.593715	303.427406	0.000963	20.5
328	-1.107222	0.800612	300.547749	0.001045	17.8
329	-1.098292	0.785812	300.751917	0.001465	17.7
330	-1.110368	0.537856	304.214343	0.001036	19.4
331	-1.123790	0.583642	303.569006	0.000901	17.9
332	-1.106114	0.556402	303.952619	0.000872	17.7
333	-1.115775	0.432147	305.714809	0.000749	21.2
334	-1.101009	0.364178	306.687435	0.000852	17.7
335	-1.117702	0.266035	308.102799	0.000911	17.7
336	-1.108708	0.219322	308.781066	0.000975	21.2
337	-1.124703	0.099866	310.529208	0.000839	17.7
338	-1.103902	0.000000	312.005944	0.000955	17.6
339	-1.125218	0.044681	311.343513	0.000634	21.3
340	-1.111497	0.039184	311.424854	0.000894	17.7
341	-1.100232	0.000000	312.005944	0.001020	19.4
342	-1.136127	0.000000	312.005944	0.000933	17.7
343	-1.121863	0.017308	311.749005	0.001190	17.6
344	-1.110886	0.000000	312.005944	0.000867	17.8
345	-1.106396	0.000000	312.005944	0.001054	18.8
346	-1.115494	0.025762	311.623650	0.000734	17.8
347	-1.117650	0.000000	312.005944	0.000661	17.7
348	-1.117467	0.000000	312.005944	0.000868	18.7
349	-1.111152	0.000000	312.005944	0.000951	17.6
350	-1.111967	0.000000	312.005944	0.000920	17.7
351	-1.110655	0.211897	308.889146	0.000744	20.9
352	-1.108665	0.204244	309.000639	0.000693	17.8
353	-1.132672	0.139749	309.943356	0.001006	22.6
354	-1.111298	0.115227	310.303307	0.000826	17.8
355	-1.104057	0.125173	310.157218	0.000990	18.1
356	-1.090706	0.000000	312.005944	0.000932	19.8
357	-1.122310	0.183119	309.308790	0.000971	17.7
358	-1.110997	0.083759	310.766442	0.000934	17.7
359	-1.112112	0.000000	312.005944	0.000972	20.8
360	-1.107730	0.000000	312.005944	0.001280	19.2
361	-1.114554	0.000000	312.005944	0.001201	18.8
362	-1.122490	0.711919	301.775478	0.000956	18.6
363	-1.126550	0.639001	302.792390	0.000744	17.6
364	-1.114311	0.488074	304.919134	0.001102	18.0
365	-1.116453	0.376786	306.506546	0.001104	18.6
366	-1.110015	0.320156	307.320679	0.000947	17.6
367	-1.107880	0.321938	307.294991	0.000997	21.7
368	-1.112111	0.199895	309.064030	0.001225	17.9
369	-1.105453	0.285798	307.816728	0.000901	17.5
370	-1.109862	0.351185	306.874060	0.000817	21.1
371	-1.116728	0.250154	308.333056	0.000694	17.6
372	-1.099972	0.103427	310.476823	0.000888	17.7
373	-1.124675	0.000000	312.005944	0.000982	21.5
374	-1.100847	0.000000	312.005944	0.000848	17.8
375	-1.109575	0.000000	312.005944	0.000792	18.0
376	-1.102259	0.000000	312.005944	0.001027	18.9
377	-1.108423	0.059309	311.127254	0.000874	17.7
378	-1.123710	0.000000	312.005944	0.000792	17.9
379	-1.124688	0.000000	312.005944	0.000822	18.6
380	-1.118357	0.021962	311.679986	0.000747	17.7
381	-1.121664	0.054203	311.202706	0.000855	17.8
382	-1.118532	0.175566	309.419107	0.000683	18.5
383	-1.117936	0.103406	310.477118	0.000872	17.7
384	-1.134589	0.000000	312.005944	0.001007	18.1
385	-1.118330	0.000000	312.005944	0.001075	18.5
386	-1.132061	0.225644	308.689101	0.000718	17.9
387	-1.115302	0.153343	309.744174	0.000792	17.8
388	-1.116219	0.024054	311.648972	0.001018	18.7
389	-1.104834	0.000000	312.005944	0.001184	17.8
390	-1.127072	0.000000	312.005944	0.000904	17.8
391	-1.118466	0.000000	312.005944	0.000974	19.1
392	-1.107631	0.053768	311.209136	0.001064	17.6
393	-1.102207	0.137663	309.973954	0.000863	17.7
394	-1.120708	0.022819	311.667283	0.000907	18.4
395	-1.118529	0.047691	311.298985	0.001012	17.6
396	-1.115874	0.000000	312.005944	0.000958	17.6
397	-1.133030	0.000000	312.005944	0.001005	21.2
398	-1.114647	0.000000	312.005944	0.000839	17.6
399	-1.111815	0.115897	310.293466	0.001187	18.9
400	-1.116421	0.086300	310.728995	0.000966	17.7
401	-1.109611	0.000000	312.005944	0.001076	17.6
402	-1.110282	0.000000	312.005944	0.000969	17.6
403	-1.105898	0.089286	310.684996	0.001060	20.8
404	-1.118686	0.479996	305.033798	0.000617	17.6
405	-1.108253	0.476337	305.085769	0.001045	21.9
406	-1.130104	0.502107	304.720128	0.000842	17.8
407	-1.113321	0.566819	303.805801	0.000987	17.6
408	-1.107902	0.533100	304.281544	0.000881	21.1
409	-1.105615	0.730116	301.522773	0.000969	17.7
410	-1.109394	0.814919	300.350644	0.000706	17.7
411	-1.131303	0.741443	301.365681	0.000738	21.5
412	-1.116938	0.685631	302.141306	0.000836	17.7
413	-1.110633	0.602755	303.300428	0.001077	17.6
414	-1.114159	0.755554	301.170218	0.000963	19.3
415	-1.114451	0.683282	302.174032	0.000850	17.7
416	-1.109729	0.716545	301.711200	0.000954	17.7
417	-1.119882	0.689057	302.093582	0.001117	18.7
418	-1.109150	0.748927	301.261981	0.000956	17.9
419	-1.133614	0.688923	302.095446	0.000751	17.9
420	-1.105383	0.544684	304.117931	0.000819	19.4
421	-1.104936	0.397178	306.214439	0.001067	17.5
422	-1.134363	0.499241	304.760749	0.001130	17.7
423	-1.100747	0.585045	303.549283	0.001112	18.7
424	-1.116551	1.020126	297.551649	0.001459	17.7
425	-1.114309	1.844743	286.811049	0.000910	17.7
426	-1.128669	2.364501	280.430762	0.000732	25.4
427	-1.118692	2.242363	281.904417	0.001323	33.4
428	-1.117429	2.073273	283.970320	0.001030	31.6
429	-1.115153	2.259203	281.700317	0.000780	29.3
430	-1.116874	2.346340	280.648906	0.001055	31.0
431	-1.106263	2.293386	281.286927	0.001002	27.7
432	-1.114224	2.563765	278.059334	0.000741	27.1
433	-1.106185	2.529443	278.464932	0.000740	28.2
434	-1.115678	2.512715	278.663051	0.001072	31.1
435	-1.106816	2.509635	278.699560	0.000711	54.1
436	-1.126507	2.391486	280.107250	0.000961	33.5
437	-1.111194	2.425283	279.703123	0.000851	27.2
438	-1.106933	2.233508	282.011858	0.000961	26.5
439	-1.123292	2.488334	278.952304	0.000789	26.7
440	-1.127938	2.390603	280.117830	0.000695	26.8
441	-1.111665	2.393062	280.088384	0.001002	26.5
442	-1.124640	2.280998	281.436595	0.000971	23.6
443	-1.102815	2.312951	281.050857	0.000864	26.9
444	-1.093247	2.316463	281.008526	0.000904	27.4
445	-1.110187	2.223602	282.132153	0.000870	24.3
446	-1.104094	2.278860	281.462447	0.001184	25.2
447	-1.113338	2.343847	280.678880	0.000945	19.7
448	-1.101507	2.238181	281.955149	0.001124	27.8
449	-1.140415	2.229175	282.064469	0.000807	21.7
450	-1.118532	2.292762	281.294459	0.000952	19.2
451	-1.100961	2.178390	282.682486	0.000963	26.7
452	-1.136066	2.380418	280.239851	0.000953	17.7
453	-1.111461	2.403560	279.962746	0.000667	22.9
454	-1.122289	2.236947	281.970119	0.000918	21.5
455	-1.097191	2.355612	280.537489	0.000607	20.4
456	-1.118686	2.280387	281.443978	0.000632	25.0
457	-1.123904	2.251783	281.790207	0.001103	27.4
458	-1.103542	2.138496	283.169861	0.000695	26.8
459	-1.117494	2.251068	281.798881	0.000847	27.4
460	-1.113690	2.209642	282.301846	0.000852	26.6
461	-1.102303	2.158191	282.929039	0.001025	27.4
462	-1.122353	2.267836	281.595803	0.000721	17.7
463	-1.114138	2.180521	282.656492	0.000986	17.7
464	-1.108134	2.121116	283.382721	0.000673	27.3
465	-1.113058	2.078360	283.907730	0.000952	21.8
466	-1.111057	1.957645	285.400561	0.000755	18.3
467	-1.115444	1.842340	286.841224	0.000726	27.8
468	-1.110474	1.812968	287.210537	0.001122	22.2
469	-1.112992	1.681155	288.879678	0.000705	22.1
470	-1.122824	1.789722	287.503502	0.000810	22.6
471	-1.126704	1.708182	288.535856	0.000937	25.9
472	-1.119161	1.625284	289.593040	0.000981	17.6
473	-1.107435	1.495700	291.261211	0.000953	22.1
474	-1.115354	1.488700	291.351874	0.001029	22.2
475	-1.113847	1.758888	287.893014	0.000927	22.8
476	-1.128151	2.061272	284.118097	0.000800	26.6
477	-1.123802	1.964157	285.319634	0.001100	19.4
478	-1.120928	1.842159	286.843500	0.000954	26.8
479	-1.124639	2.334662	280.789358	0.000841	17.6
480	-1.102149	2.243527	281.890302	0.000638	26.6
481	-1.123715	2.185359	282.597512	0.000863	19.5
482	-1.117541	2.181923	282.639403	0.000926	21.3
483	-1.122482	1.978890	285.136701	0.000855	23.6
484	-1.104630	1.905312	286.052628	0.001219	22.5
485	-1.125218	2.248959	281.824433	0.000730	21.9
486	-1.120628	2.231116	282.040897	0.000759	22.6
487	-1.120870	2.251814	281.789835	0.001032	17.8
488	-1.122113	2.262343	281.662285	0.000979	23.2
489	-1.109318	2.077252	283.921356	0.001012	21.6
490	-1.099887	1.965597	285.301740	0.000811	18.7
491	-1.110407	1.993693	284.953136	0.001104	27.2
492	-1.128261	2.255482	281.745387	0.000844	21.6
493	-1.124065	2.544074	278.291887	0.000936	22.0
494	-1.115089	2.403985	279.957658	0.000878	17.9
495	-1.116378	2.274846	281.510988	0.000765	22.6
496	-1.117379	2.156689	282.947391	0.001056	25.3
497	-1.116579	2.118774	283.411428	0.000839	26.1
498	-1.113150	1.974111	285.196013	0.000835	20.4
499	-1.109852	2.121995	283.371949	0.001198	20.9
500	-1.115810	1.937986	285.645171	0.000946	23.8
501	-1.119936	2.462627	279.257939	0.001175	26.5
502	-1.097986	2.799254	275.307990	0.000682	22.4
503	-1.094329	2.842822	274.804926	0.000795	22.6
504	-1.117074	2.898855	274.160619	0.000876	19.2
505	-1.112665	2.877969	274.400422	0.000710	21.1
506	-1.105535	2.762638	275.732212	0.000722	24.1
507	-1.111202	2.638630	277.178706	0.000966	25.8
508	-1.108721	2.754939	275.821580	0.000798	24.5
509	-1.124507	2.797760	275.325277	0.000857	19.0
510	-1.107579	2.782891	275.497403	0.001014	23.1
511	-1.105779	3.088732	271.999568	0.001111	24.8
512	-1.122963	3.629075	266.032108	0.000833	23.2
513	-1.103393	3.587446	266.482535	0.000763	21.4
514	-1.118674	3.540604	266.991178	0.000873	23.2
515	-1.123223	3.490737	267.534816	0.000973	21.4
516	-1.125990	3.337408	269.220322	0.000900	21.8
517	-1.124849	3.371056	268.848622	0.001204	21.0
518	-1.106440	3.325455	269.352607	0.000791	26.9
519	-1.093921	3.361099	268.958506	0.000779	27.1
520	-1.117394	3.312339	269.497924	0.000768	27.0
521	-1.127341	3.240870	270.292474	0.000761	27.4
522	-1.114178	3.246976	270.224415	0.000836	33.4
523	-1.115042	3.267915	269.991258	0.000786	30.8
524	-1.109487	3.113432	271.720955	0.001291	32.1
525	-1.114940	3.356031	269.014468	0.000555	26.8
526	-1.100955	3.238858	270.314916	0.001116	19.8
527	-1.122265	3.193164	270.825465	0.000818	17.6
528	-1.116019	3.278938	269.868678	0.000805	17.6
529	-1.117299	3.404172	268.483795	0.000834	19.6
530	-1.098131	3.256183	270.121838	0.000825	17.7
531	-1.110120	3.142958	271.388657	0.000720	17.5
532	-1.132176	3.097738	271.897915	0.000893	20.1
533	-1.125245	3.024767	272.723756	0.000603	17.7
534	-1.112879	3.039944	272.551589	0.000837	17.7
535	-1.119099	2.989731	273.122062	0.000781	18.5
536	-1.111918	2.878500	274.394319	0.000876	17.6
537	-1.115900	2.926226	273.846987	0.000964	17.8
538	-1.112435	2.836993	274.872124	0.000995	18.8
539	-1.116997	2.865526	274.543487	0.000833	17.7
540	-1.108870	3.047119	272.470264	0.001010	17.7
541	-1.130589	3.513157	267.290131	0.001003	18.7
542	-1.113058	3.335972	269.236210	0.000959	17.6
543	-1.115997	3.402052	268.507120	0.001048	17.9
544	-1.099713	3.866987	263.486875	0.000776	19.9
545	-1.121121	3.886244	263.282991	0.000983	17.7
546	-1.121422	3.872181	263.431858	0.001020	18.6
547	-1.113090	3.867321	263.483339	0.000647	17.8
548	-1.100512	4.032512	261.744603	0.001001	17.7
549	-1.127569	3.949898	262.611286	0.001025	19.9
550	-1.124156	4.323567	258.736250	0.000723	17.9
551	-1.121550	4.253722	259.451849	0.000993	17.4
552	-1.125668	4.367520	258.287953	0.000844	21.8
553	-1.113303	4.452597	257.424610	0.001127	17.6
554	-1.116332	4.254356	259.445337	0.001269	17.7
555	-1.119429	4.383437	258.125995	0.000871	22.6
556	-1.111017	4.187226	260.136822	0.000926	17.9
557	-1.114335	4.047906	261.583737	0.001050	17.7
558	-1.128281	4.186346	260.145912	0.000789	21.5
559	-1.111864	4.030357	261.767131	0.001082	17.8
560	-1.113128	4.051432	261.546920	0.000744	17.8
561	-1.122307	3.970749	262.392000	0.000944	19.2
562	-1.120244	3.939776	262.717867	0.000806	17.9
563	-1.101572	4.108449	260.952985	0.001041	17.8
564	-1.115061	4.018771	261.888361	0.001043	18.9
565	-1.097798	4.152418	260.496815	0.000771	17.7
566	-1.106050	4.206227	259.940726	0.001197	17.9
567	-1.137658	4.066955	261.384949	0.000767	19.5
568	-1.125514	3.940973	262.705262	0.000849	18.5
569	-1.110727	4.077365	261.276449	0.000761	22.1
570	-1.135505	3.939264	262.723266	0.001026	17.8
571	-1.104461	4.036154	261.706526	0.001083	17.8
572	-1.102048	4.617785	255.764690	0.001038	23.7
573	-1.112996	4.528571	256.658503	0.001052	17.8
574	-1.115497	4.455307	257.397202	0.000935	18.1
575	-1.127434	4.550243	256.440806	0.001431	21.9
576	-1.130397	4.409268	257.863580	0.000726	17.9
577	-1.123719	4.537128	256.572505	0.000714	18.2
578	-1.103687	4.542448	256.519059	0.000854	21.3
579	-1.110234	4.558312	256.359840	0.000881	18.1
580	-1.108339	4.622956	255.713070	0.000705	23.5
581	-1.105864	4.520652	256.738149	0.000977	18.1
582	-1.119491	4.570031	256.242354	0.000869	18.0
583	-1.109919	4.373429	258.227806	0.000632	22.0
584	-1.109234	4.350249	258.463927	0.000621	17.8
585	-1.120166	4.296602	259.012052	0.001283	18.9
586	-1.094335	4.284883	259.132096	0.000684	21.0
587	-1.109523	4.283910	259.142075	0.000815	17.9
588	-1.115931	4.161803	260.399652	0.000933	17.8
589	-1.118725	4.262651	259.360146	0.000950	21.0
590	-1.109441	4.167963	260.335917	0.000880	18.9
591	-1.103372	3.972629	262.372249	0.001047	20.4
592	-1.111393	4.080812	261.240540	0.000750	18.1
593	-1.103049	4.027838	261.793482	0.000917	17.7
594	-1.122861	3.963572	262.467439	0.000893	23.5
595	-1.116656	3.980363	262.291012	0.001438	17.8
596	-1.101641	4.729980	254.649438	0.001037	19.1
597	-1.130750	5.499811	247.251753	0.001133	19.1
598	-1.078243	5.502814	247.223744	0.000672	17.6
599	-1.106833	5.347988	248.676476	0.000930	17.8
600	-1.116060	5.375808	248.414185	0.000805	19.5
601	-1.112318	5.206333	250.020663	0.000950	17.7
602	-1.120573	5.081978	251.212729	0.000724	18.0
603	-1.115997	5.079473	251.236856	0.000842	19.2
604	-1.130597	5.084392	251.189479	0.000947	17.7
605	-1.114878	5.147345	250.584712	0.000951	17.9
606	-1.120340	5.116228	250.883278	0.000835	18.8
607	-1.098122	4.935753	252.629055	0.000773	17.8
608	-1.113467	4.963734	252.356797	0.000656	17.9
609	-1.127239	4.936968	252.617223	0.000919	18.9
610	-1.122103	4.894150	253.034946	0.000771	17.8
611	-1.104452	4.876628	253.206281	0.000786	18.5
612	-1.116246	4.757616	254.376210	0.000963	18.7
613	-1.108355	4.836563	253.598937	0.000926	17.8
614	-1.113107	4.877180	253.200883	0.000830	17.7
615	-1.130984	4.977853	252.219646	0.000982	18.8
616	-1.087985	5.191419	250.163033	0.000962	17.8
617	-1.124598	5.471618	247.515087	0.001363	21.4
618	-1.102062	6.019165	242.499162	0.001065	17.8
619	-1.108186	6.048069	242.240026	0.001044	17.8
620	-1.091969	6.451657	238.678667	0.001305	20.8
621	-1.112554	6.260970	240.348194	0.000999	21.9
622	-1.123214	6.884986	234.969627	0.000962	17.8
623	-1.119652	6.701849	236.523012	0.000942	20.5
624	-1.110246	6.844814	235.308621	0.000712	17.7
625	-1.114457	6.983308	234.144044	0.000890	17.8
626	-1.120354	6.853126	235.238401	0.000837	24.8
627	-1.118324	6.888672	234.938576	0.001053	17.7
628	-1.122522	6.911510	234.746340	0.000988	20.2
629	-1.122755	7.060948	233.496201	0.000904	17.9
630	-1.122886	7.024601	233.799038	0.000579	17.8
631	-1.101743	7.010781	233.914393	0.000629	19.1
632	-1.126475	6.950826	234.416143	0.001228	18.4
633	-1.106301	6.821578	235.505145	0.000599	25.8
634	-1.112082	6.792302	235.753223	0.000818	22.5
635	-1.109339	6.922839	234.651095	0.000588	17.7
636	-1.108652	6.797799	235.706603	0.000852	17.8
637	-1.123602	6.741107	236.188293	0.000808	19.0
638	-1.109991	6.643968	237.018248	0.000681	17.9
639	-1.108808	6.648767	236.977111	0.000646	20.3
640	-1.120689	6.568087	237.670637	0.001410	20.9
641	-1.128515	6.529835	238.000878	0.001011	17.8
642	-1.134202	7.008631	233.932349	0.000995	21.6
643	-1.114817	6.860985	235.172045	0.000921	17.8
644	-1.116352	6.986640	234.116167	0.000921	19.9
645	-1.126611	7.009290	233.926842	0.000838	22.3
646	-1.130536	7.111304	233.077943	0.000843	23.1
647	-1.132402	6.938243	234.521722	0.000801	21.1
648	-1.112374	6.784920	235.815862	0.000729	19.7
649	-1.107755	6.817721	235.537802	0.000636	17.8
650	-1.122363	6.767326	235.965280	0.001068	23.9
651	-1.108145	6.687731	236.643616	0.001093	22.6
652	-1.109562	7.099351	233.177085	0.000661	22.7
653	-1.126833	7.114140	233.054431	0.000724	17.9
654	-1.098601	7.023805	233.805683	0.001159	17.7
655	-1.135264	7.053451	233.558604	0.000910	19.9
656	-1.106415	7.004757	233.964707	0.000889	17.7
657	-1.121376	6.922647	234.652713	0.000620	22.1
658	-1.115535	6.923645	234.644321	0.000932	26.7
659	-1.118726	6.916891	234.701096	0.000851	17.8
660	-1.106699	6.931829	234.575573	0.001161	20.3
661	-1.127033	7.127008	232.947804	0.000846	17.9
662	-1.113036	7.249208	231.940126	0.000688	17.9
663	-1.115103	7.129002	232.931290	0.000788	24.4
664	-1.098849	7.005181	233.961167	0.000785	17.8
665	-1.115280	6.886507	234.956810	0.001363	25.7
666	-1.118683	6.948431	234.436227	0.001078	17.8
667	-1.106086	7.787982	227.599308	0.000861	18.1
668	-1.114920	7.895849	226.749694	0.001038	19.8
669	-1.084115	7.992547	225.993419	0.000638	17.5
670	-1.120147	8.002006	225.919709	0.000946	18.3
671	-1.125975	7.909957	226.639041	0.001177	18.9
672	-1.144394	8.322771	223.448352	0.000715	17.8
673	-1.105212	8.128985	224.934879	0.000922	18.0
674	-1.107199	8.038159	225.638440	0.001099	19.1
675	-1.138050	8.215321	224.270163	0.000880	17.7
676	-1.117489	8.616769	221.230240	0.000833	17.9
677	-1.121022	8.488739	222.190744	0.000803	18.9
678	-1.100677	8.414811	222.749174	0.000979	17.8
679	-1.118355	8.528184	221.893934	0.000892	17.9
680	-1.116830	8.407373	222.805515	0.000898	18.9
681	-1.126049	8.404334	222.828544	0.000670	17.8
682	-1.108023	8.439510	222.562290	0.000830	17.8
683	-1.128583	8.539376	221.809861	0.000861	19.5
684	-1.092637	8.563378	221.629776	0.000898	17.8
685	-1.116814	8.484741	222.220867	0.000828	18.0
686	-1.112948	8.519347	221.960360	0.000611	18.6
687	-1.107467	8.523880	221.926276	0.000792	17.8
688	-1.092598	8.467641	222.349825	0.000916	17.8
689	-1.121996	8.776057	220.046757	0.001180	19.4
690	-1.125224	9.155769	217.276001	0.000839	17.8
691	-1.129020	9.027061	218.207330	0.001064	17.7
692	-1.121898	9.052998	218.019006	0.000982	22.9
693	-1.114088	9.110453	217.602994	0.000784	17.6
694	-1.116046	8.915125	219.023812	0.000664	21.3
695	-1.125035	8.797829	219.885983	0.000750	17.9
696	-1.123017	8.713500	220.510035	0.000876	17.7
697	-1.099423	8.537151	221.826565	0.000702	19.6
698	-1.118122	8.627447	221.150502	0.000784	17.7
699	-1.124015	8.641612	221.044825	0.000868	18.1
700	-1.142007	8.731352	220.377630	0.000900	20.8
701	-1.104059	8.809903	219.796918	0.001019	17.7
702	-1.119097	9.052174	218.024988	0.000902	17.5
703	-1.116708	9.268857	216.464227	0.000728	18.9
704	-1.123807	9.176008	217.130272	0.001109	17.7
705	-1.106186	9.106118	217.634327	0.001063	17.7
706	-1.118129	9.309036	216.177279	0.000924	18.6
707	-1.098416	9.569047	214.338536	0.000782	17.7
708	-1.124260	9.458786	215.114446	0.000893	17.7
709	-1.113819	9.561279	214.393017	0.000831	18.6
710	-1.114319	9.652258	213.756674	0.000605	17.7
711	-1.107984	9.743900	213.119504	0.001011	17.7
712	-1.098419	9.660777	213.697286	0.001013	22.2
713	-1.099731	9.550297	214.470088	0.000800	17.7
714	-1.118753	9.706290	213.380540	0.000595	18.5
715	-1.101166	9.629833	213.913178	0.000923	18.8
716	-1.130986	9.690088	213.493189	0.000899	17.7
717	-1.112988	9.892612	212.093584	0.000749	17.8
718	-1.117994	10.004250	211.329895	0.000952	18.5
719	-1.115597	10.030954	211.148027	0.000851	17.5
720	-1.129421	10.080000	210.814824	0.000703	17.7
721	-1.112216	10.186533	210.094682	0.000722	18.7
722	-1.124690	10.143544	210.384689	0.000765	17.7
723	-1.114379	10.041328	211.077464	0.000817	17.7
724	-1.108623	10.209861	209.937649	0.000848	22.9
725	-1.120234	10.076646	210.837578	0.001250	18.4
726	-1.112690	10.125830	210.504418	0.000861	21.2
727	-1.118299	10.345778	209.027345	0.000889	17.6
728	-1.129200	10.237104	209.754553	0.000920	17.7
729	-1.120302	10.246730	209.689939	0.000662	20.7
730	-1.139932	10.282826	209.447980	0.000940	17.6
731	-1.115416	10.159610	210.276212	0.000793	17.7
732	-1.115131	10.018259	211.234448	0.000729	18.6
733	-1.116809	9.926196	211.863262	0.000755	17.8
734	-1.106517	9.900531	212.039229	0.000853	20.5
735	-1.108968	9.857406	212.335569	0.000934	17.7
736	-1.111238	10.007450	211.308083	0.000776	19.3
737	-1.126018	9.886856	212.133110	0.001165	21.1
738	-1.126359	9.944590	211.737331	0.000761	17.6
739	-1.118973	10.075861	210.842904	0.000679	17.7
740	-1.113784	10.000074	211.358362	0.000999	20.7
741	-1.108777	9.952068	211.686171	0.000905	17.8
742	-1.108081	10.012736	211.272064	0.000753	17.7
743	-1.113793	9.996481	211.382860	0.000972	21.1
744	-1.128247	9.830377	212.521722	0.001439	17.6
745	-1.120061	10.497322	208.021651	0.000818	17.5
746	-1.115234	10.313768	209.241021	0.000962	18.6
747	-1.099303	10.213112	209.915782	0.000829	17.6
748	-1.102226	10.279608	209.469534	0.000810	18.9
749	-1.124221	10.146320	210.365938	0.000815	18.1
750	-1.117809	10.202688	209.985909	0.000815	17.6
751	-1.108585	10.214946	209.903447	0.000949	19.8
752	-1.085747	10.328949	209.139628	0.000780	17.7
753	-1.125065	10.164239	210.244981	0.001144	18.2
754	-1.117086	10.348536	209.008960	0.001004	20.4
755	-1.116011	10.149751	210.342770	0.000768	17.6
756	-1.108731	10.094165	210.718792	0.000975	17.6
757	-1.087665	10.152496	210.324230	0.000885	20.1
758	-1.125600	10.296026	209.359644	0.000646	17.7
759	-1.119364	10.243311	209.712883	0.000579	17.5
760	-1.114205	10.205715	209.965537	0.000773	19.2
761	-1.106723	10.087184	210.766109	0.000992	17.9
762	-1.123374	10.016574	211.245925	0.000829	17.6
763	-1.122618	9.959418	211.635918	0.000682	19.8
764	-1.124252	9.865186	212.282043	0.000650	17.7
765	-1.111432	9.846245	212.412395	0.000844	17.8
766	-1.101642	9.819532	212.596506	0.000820	17.8
767	-1.115669	9.848055	212.399936	0.000756	18.6
768	-1.109386	9.763428	212.984226	0.001071	17.9
769	-1.118282	9.889088	212.117783	0.000933	18.5
770	-1.124285	9.960024	211.631778	0.000715	20.0
771	-1.107381	9.946947	211.721205	0.000916	17.8
772	-1.109200	10.127171	210.495352	0.000899	17.7
773	-1.121758	9.982732	211.476663	0.000966	18.5
774	-1.128203	10.178611	210.148067	0.000926	17.6
775	-1.116654	10.004714	211.326730	0.000792	17.7
776	-1.121903	10.020298	211.220565	0.000726	18.8
777	-1.104948	10.125260	210.508276	0.000951	17.7
778	-1.122073	10.239013	209.741735	0.000632	19.8
779	-1.103405	10.265929	209.561173	0.000810	18.1
780	-1.105585	10.193683	210.046529	0.000743	17.8
781	-1.101478	10.111281	210.602859	0.000627	17.6
782	-1.104090	10.079667	210.817084	0.001076	18.8
783	-1.100322	10.079702	210.816850	0.000771	17.6
784	-1.121240	10.116930	210.564631	0.001013	17.8
785	-1.117652	10.102998	210.658950	0.000959	18.5
786	-1.117234	10.028528	211.164541	0.000839	17.6
787	-1.110551	10.188130	210.083930	0.000719	17.6
788	-1.119938	10.216335	209.894111	0.000912	18.8
789	-1.125225	10.125705	210.505268	0.001027	24.7
790	-1.107502	10.019096	211.228748	0.000936	20.2
791	-1.127899	10.454964	208.301775	0.001145	17.7
792	-1.104922	10.800196	206.040392	0.001127	19.7
793	-1.127984	11.335113	202.631883	0.000853	19.6
794	-1.106870	11.285019	202.946291	0.000814	19.6
795	-1.120090	11.235621	203.257287	0.000810	17.8
796	-1.123298	11.351658	202.528254	0.000602	18.8
797	-1.109157	11.290961	202.908946	0.000824	18.9
798	-1.108160	11.206807	203.439131	0.000988	18.0
799	-1.106922	11.157630	203.750241	0.000645	18.8
800	-1.110921	11.078135	204.255167	0.000910	17.7
801	-1.112340	11.020864	204.620490	0.000782	17.6
802	-1.103394	10.950092	205.073740	0.001073	18.8
803	-1.107192	10.854808	205.687155	0.001049	17.8
804	-1.108069	11.217904	203.369056	0.001008	18.2
805	-1.116976	11.728900	200.193859	0.001020	17.8
806	-1.102311	11.656336	200.638700	0.000939	17.7
807	-1.102904	12.076732	198.088640	0.000891	18.5
808	-1.117937	11.900649	199.148804	0.000838	18.8
809	-1.120761	11.769408	199.946393	0.001004	17.7
810	-1.102796	11.758533	200.012769	0.000942	17.8
811	-1.102225	11.632011	200.788261	0.000852	18.7
812	-1.113488	11.555189	201.262073	0.000959	18.3
813	-1.106021	11.556237	201.255595	0.001023	17.8
814	-1.120676	11.619414	200.865806	0.000872	19.2
815	-1.098848	12.081748	198.058602	0.000691	17.6
816	-1.115856	12.075134	198.098211	0.000833	17.8
817	-1.096793	12.164934	197.561823	0.000796	18.6
818	-1.122862	12.256419	197.018353	0.000889	17.6
819	-1.116479	12.378614	196.297090	0.000931	17.8
820	-1.098958	12.585041	195.090571	0.000712	18.9
821	-1.131096	12.673962	194.575407	0.000702	20.2
822	-1.135728	12.544630	195.325596	0.000769	19.0
823	-1.103220	12.546217	195.316357	0.000709	18.3
824	-1.136789	12.543644	195.331336	0.000945	17.6
825	-1.118028	12.535057	195.381355	0.000725	17.7
826	-1.129588	12.542013	195.340832	0.000803	18.7
827	-1.108280	12.470649	195.757328	0.000998	17.6
828	-1.134020	12.303396	196.740439	0.000728	17.7
829	-1.102901	12.480015	195.702565	0.000804	21.0
830	-1.110075	12.654818	194.686087	0.000833	17.7
831	-1.129740	12.903834	193.256163	0.001006	18.2
832	-1.121472	13.143099	191.901880	0.000808	18.5
833	-1.115042	13.072982	192.296784	0.000930	17.7
834	-1.114351	13.244120	191.335765	0.000797	19.9
835	-1.101730	13.109123	192.093030	0.000772	17.7
836	-1.110989	13.249250	191.307107	0.001147	17.6
837	-1.107025	13.390740	190.520028	0.000853	19.8
838	-1.107931	13.566571	189.550907	0.000885	17.7
839	-1.107308	13.929342	187.582256	0.000933	17.5
840	-1.120100	14.094596	186.698967	0.000939	20.2
841	-1.121676	14.129008	186.516079	0.001040	33.9
842	-1.127215	14.177575	186.258572	0.000995	31.1
843	-1.099923	14.150317	186.403010	0.000864	26.4
844	-1.112969	14.271965	185.760132	0.000816	17.6
845	-1.116192	14.209091	186.091850	0.000979	20.9
846	-1.117641	14.198195	186.149455	0.000747	17.6
847	-1.112661	14.261413	185.815718	0.000888	17.5
848	-1.117570	14.231108	185.975556	0.000976	20.4
849	-1.126253	14.079317	186.780285	0.001011	17.6
850	-1.117376	13.869194	187.905829	0.000942	17.6
851	-1.101973	13.831545	188.108935	0.000692	21.0
852	-1.104801	13.854301	187.986119	0.001308	17.4
853	-1.131041	13.897080	187.755674	0.000978	20.0
854	-1.105160	14.070522	186.827124	0.000669	18.2
855	-1.107298	14.008552	187.157834	0.001345	17.7
856	-1.108361	14.296530	185.630848	0.000876	17.6
857	-1.112698	14.575197	184.176769	0.001224	18.8
858	-1.116718	14.765010	183.199299	0.000674	17.8
859	-1.110813	15.083982	181.579874	0.000766	19.7
860	-1.107299	15.059208	181.704626	0.000736	17.8
861	-1.132925	15.067852	181.661077	0.000953	17.6
862	-1.105463	14.899884	182.511032	0.000708	17.6
863	-1.088789	14.958526	182.213387	0.000851	18.4
864	-1.133119	14.963460	182.188388	0.000861	17.5
865	-1.112067	14.940504	182.304755	0.000671	17.8
866	-1.116042	14.939903	182.307805	0.000717	20.8
867	-1.102974	14.888779	182.567505	0.000774	17.7
868	-1.115547	14.939981	182.307410	0.000794	17.6
869	-1.108433	14.938050	182.317203	0.001075	18.7
870	-1.118100	15.226486	180.865590	0.000956	17.5
871	-1.124519	15.255357	180.721565	0.000742	18.0
872	-1.119369	15.190346	181.046206	0.000832	18.6
873	-1.115532	15.149511	181.250716	0.000919	17.8
874	-1.104530	15.547842	179.275286	0.000845	17.7
875	-1.126570	15.422620	179.891640	0.000947	19.0
876	-1.107616	15.498502	179.517634	0.001002	29.7
877	-1.100667	15.914743	177.493442	0.000890	23.5
878	-1.115365	15.708893	178.488761	0.000711	18.1
879	-1.124822	15.765633	178.213303	0.000903	28.4
880	-1.112139	15.798165	178.055749	0.001016	24.2
881	-1.120252	15.683924	178.610250	0.000740	17.6
882	-1.105760	15.607958	178.980888	0.000920	21.1
883	-1.133202	15.463677	179.689089	0.000802	18.0
884	-1.121148	15.508033	179.470769	0.000755	17.6
885	-1.104318	15.399079	180.007982	0.000764	18.6
886	-1.110364	15.442197	179.794999	0.001094	17.5
887	-1.104370	15.428873	179.860763	0.000925	17.7
888	-1.128566	15.847305	177.818291	0.000699	18.6
889	-1.131571	15.805936	178.018157	0.000888	17.7
890	-1.131233	15.785433	178.117375	0.000862	17.7
891	-1.107097	15.839100	177.857895	0.000870	18.6
892	-1.115344	15.809767	177.999629	0.000795	17.5
893	-1.119233	15.679668	178.630976	0.000766	17.7
894	-1.135210	15.546767	179.280559	0.001085	18.6
895	-1.126395	15.585333	179.091573	0.000786	17.6
896	-1.090095	15.417921	179.914851	0.000845	19.3
897	-1.099714	15.381065	180.097113	0.000946	17.6
898	-1.116895	15.243362	180.781376	0.000877	17.5
899	-1.117568	15.339615	180.302538	0.000742	21.9
900	-1.116707	15.281485	180.591416	0.000975	17.5
901	-1.108639	15.171354	181.141266	0.000875	17.5
902	-1.122659	15.218231	180.906813	0.000784	20.4
903	-1.125986	15.386544	180.069998	0.000713	17.7
904	-1.125105	15.243834	180.779023	0.000707	17.5
905	-1.102061	15.250861	180.743978	0.000652	20.0
906	-1.125481	15.227397	180.861043	0.000793	17.7
907	-1.107993	15.359924	180.201829	0.000809	20.0
908	-1.120641	15.376003	180.122174	0.000846	18.5
909	-1.113444	15.368117	180.161231	0.000957	17.6
910	-1.107436	15.188075	181.057565	0.001116	17.7
911	-1.096731	15.692201	178.569959	0.000816	21.4
912	-1.121717	15.659156	178.730926	0.000769	17.8
913	-1.117279	15.565165	179.190352	0.000728	19.4
914	-1.120924	15.552984	179.250065	0.000961	17.7
915	-1.116291	15.552026	179.254763	0.000753	17.7
916	-1.119950	15.711490	178.476136	0.001011	18.0
917	-1.107782	15.713049	178.468554	0.000651	18.3
918	-1.101213	15.720328	178.433178	0.001071	17.6
919	-1.115872	15.645763	178.796245	0.000973	17.7
920	-1.103383	16.066985	176.764440	0.000782	18.4
921	-1.114276	16.093124	176.639875	0.000787	17.7
922	-1.110951	16.140956	176.412390	0.000894	17.6
923	-1.116060	16.344887	175.449049	0.001027	20.2
924	-1.130171	16.227640	176.001614	0.001074	26.4
925	-1.115889	16.809100	173.294915	0.000805	17.8
926	-1.125560	16.676681	173.903983	0.000719	17.7
927	-1.107737	16.599104	174.262792	0.000976	19.4
928	-1.123355	16.720621	173.701404	0.000741	17.6
929	-1.105059	16.659023	173.985524	0.001246	17.6
930	-1.108756	16.909035	172.838081	0.000784	17.6
931	-1.127974	17.374668	170.740886	0.000840	18.4
932	-1.114359	17.326216	170.956735	0.000814	17.8
933	-1.113600	17.237914	171.351523	0.000760	17.6
934	-1.107842	17.219697	171.433197	0.001021	18.7
935	-1.106741	17.128638	171.842614	0.000705	17.7
936	-1.121742	17.016568	172.349192	0.001406	17.7
937	-1.106837	16.938572	172.703516	0.001051	19.3
938	-1.111313	17.840811	168.691762	0.000706	17.7
939	-1.129109	18.014464	167.940916	0.000725	17.6
940	-1.087910	18.006952	167.973259	0.001175	21.0
941	-1.123907	17.996590	168.017889	0.000986	17.7
942	-1.105520	17.973521	168.117345	0.000924	17.6
943	-1.118130	17.945212	168.239546	0.001000	19.1
944	-1.114079	17.787016	168.925726	0.001099	17.6
945	-1.111520	17.877506	168.532539	0.000767	17.6
946	-1.110249	17.734591	169.154355	0.000908	21.2
947	-1.108023	17.803476	168.854067	0.000953	18.5
948	-1.136180	17.743426	169.115783	0.000785	19.3
949	-1.103308	17.862216	168.598846	0.000700	17.8
950	-1.111111	17.812189	168.816162	0.000795	17.6
951	-1.110324	17.790010	168.912685	0.000977	17.6
952	-1.113753	18.013045	167.947025	0.000756	18.7
953	-1.126815	17.878334	168.528949	0.000713	17.9
954	-1.109170	17.806145	168.842457	0.000838	17.6
955	-1.117242	17.835521	168.714740	0.001108	18.7
956	-1.112290	17.853272	168.637657	0.000898	17.6
957	-1.128581	17.879037	168.525904	0.001054	19.4
958	-1.108970	17.735425	169.150713	0.000973	17.7
959	-1.124152	17.574264	169.857417	0.001131	19.2
960	-1.111902	17.923219	168.334610	0.000817	20.7
961	-1.126465	17.772764	168.987821	0.000841	17.7
962	-1.120299	17.738057	169.139220	0.001133	19.2
963	-1.101424	17.717089	169.230821	0.000820	21.2
964	-1.102398	17.680099	169.392657	0.000692	17.6
965	-1.110822	17.770108	168.999395	0.000816	17.5
966	-1.123646	17.787630	168.923051	0.000791	20.6
967	-1.113216	17.699675	169.306972	0.000574	17.6
968	-1.112281	17.727846	169.183819	0.000861	17.8
969	-1.116964	17.679207	169.396564	0.000828	20.3
970	-1.094034	17.618764	169.661689	0.000822	17.7
971	-1.102973	17.802645	168.857685	0.000829	17.7
972	-1.100979	17.665770	169.455434	0.000943	18.7
973	-1.103330	17.807477	168.836662	0.000699	17.7
974	-1.126097	17.656574	169.495746	0.000622	17.6
975	-1.104936	17.620578	169.653721	0.000652	18.8
976	-1.117794	17.586986	169.801413	0.000803	17.5
977	-1.105624	17.559401	169.922888	0.001265	18.8
978	-1.117966	18.080271	167.658123	0.000716	18.3
979	-1.116012	18.060219	167.744189	0.000675	17.6
980	-1.125408	17.948478	168.225437	0.000857	17.7
981	-1.109491	17.799185	168.872742	0.001039	18.5
982	-1.123103	17.714801	169.240822	0.000818	18.3
983	-1.117351	17.803397	168.854412	0.001136	17.8
984	-1.126700	17.806733	168.839897	0.001304	18.4
985	-1.119873	17.593777	169.771537	0.001457	17.4
986	-1.130746	18.540808	165.705386	0.000948	17.6
987	-1.120890	18.890287	164.253641	0.000923	18.6
988	-1.117179	18.801989	164.618026	0.001041	17.6
989	-1.118522	19.069540	163.518842	0.000871	17.6
990	-1.123016	19.131209	163.267567	0.000929	20.9
991	-1.115818	19.194884	163.008924	0.000711	18.1
992	-1.117772	19.199981	162.988255	0.000727	18.5
993	-1.122081	19.049216	163.601825	0.000682	18.3
994	-1.128561	19.172535	163.099611	0.000614	17.6
995	-1.108196	19.069751	163.517983	0.000780	17.7
996	-1.109574	19.058051	163.565741	0.000638	18.4
997	-1.143825	19.001452	163.797173	0.000748	19.2
998	-1.108199	18.968831	163.930858	0.001046	17.7
999	-1.118079	18.875258	164.315549	0.000958	18.7
1000	-1.116970	19.420184	162.100323	0.000751	17.7
1001	-1.120335	19.551385	161.575858	0.000818	17.7
1002	-1.125167	19.456061	161.956569	0.000740	19.0
1003	-1.120363	19.494520	161.802755	0.001126	17.5
1004	-1.127028	19.406336	162.155877	0.001003	17.5
1005	-1.119387	19.479120	161.864309	0.001058	18.9
1006	-1.128411	19.462770	161.929714	0.000749	17.6
1007	-1.124465	19.514715	161.722102	0.000796	19.7
1008	-1.114605	19.522793	161.689862	0.000826	17.7
1009	-1.105846	19.399163	162.184667	0.001001	17.5
1010	-1.126302	19.255431	162.763746	0.001004	19.0
1011	-1.121098	19.262583	162.734834	0.000793	17.8
1012	-1.110068	19.092323	163.425922	0.000823	17.8
1013	-1.104512	19.170742	163.106889	0.000869	17.5
1014	-1.122595	19.109125	163.357462	0.000781	20.9
1015	-1.122392	19.152417	163.181330	0.000822	17.7
1016	-1.111404	19.229763	162.867597	0.000737	17.6
1017	-1.095763	19.091594	163.428893	0.000615	19.5
1018	-1.108586	19.076348	163.491066	0.000826	17.5
1019	-1.121890	19.047741	163.607852	0.000610	18.8
1020	-1.128214	19.035968	163.655962	0.000705	17.8
1021	-1.114327	18.973613	163.911251	0.000949	17.7
1022	-1.096397	18.902842	164.201958	0.001050	17.6
1023	-1.107754	19.401949	162.173485	0.001058	21.2
1024	-1.121865	20.009895	159.769363	0.001137	17.7
1025	-1.125093	20.095224	159.437625	0.000970	17.6
1026	-1.117317	20.335978	158.509005	0.000794	19.0
1027	-1.098975	20.301414	158.641659	0.000854	17.7
1028	-1.119133	20.311791	158.601810	0.000798	17.5
1029	-1.101538	20.217859	158.963251	0.000857	18.6
1030	-1.097418	20.163940	159.171469	0.000888	17.5
1031	-1.111393	20.054741	159.594839	0.000882	17.6
1032	-1.122578	19.894621	160.219722	0.000778	18.7
1033	-1.116124	19.856133	160.370656	0.000887	17.7
1034	-1.096365	19.808803	160.556654	0.001302	17.5
1035	-1.102356	20.342928	158.482360	0.000653	21.4
1036	-1.107992	20.390627	158.299725	0.001062	17.8
1037	-1.105980	20.410571	158.223482	0.000834	17.8
1038	-1.127618	20.288558	158.691056	0.000734	18.5
1039	-1.129217	20.282005	158.716246	0.000956	17.5
1040	-1.091334	20.388123	158.309303	0.000976	17.7
1041	-1.125890	20.338789	158.498229	0.000880	18.5
1042	-1.107513	20.414419	158.208784	0.001027	17.6
1043	-1.119917	20.304744	158.628869	0.000702	17.6
1044	-1.126018	20.537128	157.741402	0.000999	20.9
1045	-1.100880	20.427569	158.158566	0.000914	17.6
1046	-1.117606	20.252742	158.828832	0.000984	17.9
1047	-1.121946	20.297167	158.657975	0.001022	18.6
1048	-1.114569	20.154315	159.208696	0.001295	17.6
1049	-1.109662	20.464023	158.019514	0.000852	17.7
1050	-1.098745	21.109994	155.595483	0.000900	18.6
1051	-1.117859	20.972069	156.106785	0.000873	17.8
1052	-1.114390	21.020470	155.926977	0.001287	18.0
1053	-1.124354	20.905531	156.354654	0.000921	18.3
1054	-1.092603	20.810173	156.711257	0.000887	17.5
1055	-1.112033	20.764813	156.881460	0.000828	17.6
1056	-1.099619	20.790336	156.785645	0.000864	20.8
1057	-1.114372	21.000731	156.000257	0.000883	17.6
1058	-1.123031	20.818615	156.679622	0.000890	17.8
1059	-1.097133	21.169594	155.375573	0.000699	18.5
1060	-1.122808	21.118864	155.562715	0.000837	17.9
1061	-1.106631	21.303835	154.882526	0.000868	17.6
1062	-1.103269	21.300122	154.896122	0.000927	18.5
1063	-1.103791	21.251297	155.075118	0.000878	18.2
1064	-1.111163	21.141897	155.477692	0.001086	18.8
1065	-1.121865	21.161438	155.405631	0.000904	18.0
1066	-1.110921	21.307530	154.868998	0.000741	17.7
1067	-1.115949	21.231153	155.149086	0.000764	17.7
1068	-1.121344	21.347337	154.723419	0.000919	21.4
1069	-1.112032	21.426545	154.434559	0.000858	17.7
1070	-1.101694	21.283770	154.956023	0.000957	23.5
1071	-1.092678	21.371960	154.633508	0.000643	17.6
1072	-1.106787	21.367320	154.650443	0.000646	17.6
1073	-1.133062	21.385763	154.583150	0.000712	21.7
1074	-1.098824	21.277740	154.978123	0.000960	17.7
1075	-1.131378	21.240957	155.113077	0.000843	17.6
1076	-1.100863	21.219610	155.191507	0.000816	21.3
1077	-1.084122	21.530544	154.056927	0.000816	17.6
1078	-1.104717	21.620708	153.731016	0.000940	17.4
1079	-1.109906	21.653983	153.611091	0.000657	20.3
1080	-1.112480	21.664047	153.574855	0.000676	17.6
1081	-1.109395	21.546114	154.000546	0.000906	22.6
1082	-1.095989	21.647877	153.633084	0.000814	17.6
1083	-1.109509	21.486257	154.217513	0.000854	17.5
1084	-1.093009	21.490693	154.201410	0.001037	23.7
1085	-1.108318	21.425979	154.436621	0.000981	18.1
1086	-1.130573	21.194959	155.282170	0.000813	17.7
1087	-1.113131	21.119847	155.559086	0.000648	23.6
1088	-1.112799	21.075391	155.723446	0.000905	17.8
1089	-1.113988	21.034233	155.875924	0.000881	20.3
1090	-1.100418	20.903613	156.361810	0.000945	18.1
1091	-1.129960	21.013296	155.953603	0.000951	17.7
1092	-1.113551	21.145304	155.465122	0.000769	21.3
1093	-1.101936	21.544256	154.007271	0.000772	17.5
1094	-1.112630	21.651856	153.618751	0.000837	17.6
1095	-1.106799	21.822906	153.005142	0.000680	20.5
1096	-1.113351	21.728864	153.341892	0.000900	17.6
1097	-1.117567	21.940060	152.587695	0.000668	17.8
1098	-1.092130	21.882780	152.791512	0.001053	18.8
1099	-1.101014	21.862049	152.865412	0.000761	17.6
1100	-1.106251	22.121751	151.944777	0.000847	17.8
1101	-1.101307	22.239939	151.529466	0.000802	18.7
1102	-1.123843	22.158669	151.814802	0.000678	17.8
1103	-1.116885	22.173587	151.762344	0.000808	17.7
1104	-1.121395	22.276342	151.402002	0.000658	18.5
1105	-1.098604	22.360913	151.106708	0.000765	17.6
1106	-1.144978	22.401305	150.966079	0.000936	19.8
1107	-1.086071	22.346232	151.157888	0.000845	17.8
1108	-1.129816	22.360491	151.108177	0.000833	17.8
1109	-1.103705	22.265390	151.440326	0.000898	17.7
1110	-1.117750	22.384232	151.025489	0.001224	18.5
1111	-1.123446	22.199514	151.671263	0.000898	19.2
1112	-1.122178	22.060854	152.159659	0.001132	17.6
1113	-1.111759	22.168550	151.780054	0.000905	18.5
1114	-1.127516	22.117486	151.959806	0.000650	17.6
1115	-1.108333	22.054480	152.182186	0.000854	17.6
1116	-1.088985	21.920905	152.655794	0.000697	21.1
1117	-1.133312	21.831337	152.975026	0.000773	17.6
1118	-1.126804	21.961362	152.512038	0.000752	17.7
1119	-1.097202	21.867474	152.846066	0.001119	18.5
1120	-1.128695	21.711807	153.403129	0.000760	18.5
1121	-1.105289	21.708905	153.413552	0.000685	17.6
1122	-1.114295	21.702040	153.438216	0.001053	18.8
1123	-1.123086	21.804696	153.070236	0.000895	17.5
1124	-1.106795	22.059302	152.165142	0.001059	19.2
1125	-1.092020	22.201359	151.664786	0.000968	17.6
1126	-1.105366	22.550397	150.449256	0.001188	18.1
1127	-1.122110	22.316594	151.261312	0.000793	18.9
1128	-1.119073	22.374297	151.060082	0.001115	17.9
1129	-1.120521	22.359879	151.110313	0.000806	17.5
1130	-1.115477	22.311200	151.280148	0.000739	17.6
1131	-1.102787	22.252367	151.485924	0.001068	20.9
1132	-1.099801	22.272084	151.416901	0.000837	17.6
1133	-1.135761	22.135863	151.895067	0.000823	17.7
1134	-1.103612	22.093884	152.043031	0.000996	18.4
1135	-1.122209	22.089169	152.059670	0.000740	17.5
1136	-1.130925	22.099248	152.024110	0.000889	19.8
1137	-1.113402	22.114173	151.971485	0.000900	17.6
1138	-1.116783	22.331166	151.210445	0.000654	17.6
1139	-1.106926	22.324225	151.234669	0.000902	22.0
1140	-1.109616	22.386183	151.018698	0.000943	17.4
1141	-1.108130	22.397496	150.979329	0.000924	17.5
1142	-1.121561	22.241528	151.523897	0.000807	21.3
1143	-1.114535	22.418124	150.907599	0.000902	17.5
1144	-1.108092	22.409923	150.936109	0.001118	18.3
1145	-1.113003	22.684086	149.988827	0.000883	21.4
1146	-1.121637	22.634262	150.160091	0.000854	17.4
1147	-1.115826	22.552966	150.440382	0.000583	17.6
1148	-1.115016	22.477900	150.700120	0.000862	18.4
1149	-1.104135	22.419369	150.903271	0.001000	17.6
1150	-1.115094	22.468750	150.731845	0.000940	17.5
1151	-1.121590	22.530679	150.517403	0.000922	19.6
1152	-1.123538	22.451016	150.793362	0.000585	17.6
1153	-1.123623	22.390384	151.004077	0.000935	18.5
1154	-1.103788	22.370517	151.073248	0.000801	18.0
1155	-1.113855	22.334971	151.197166	0.000869	17.5
1156	-1.107824	22.163728	151.797010	0.000848	20.1
1157	-1.118805	22.417307	150.910439	0.001026	17.7
1158	-1.112143	22.332627	151.205345	0.000682	17.6
1159	-1.123417	22.180098	151.739463	0.001054	17.6
1160	-1.125182	22.077295	152.101585	0.000760	18.7
1161	-1.124394	22.240038	151.529117	0.000855	19.1
1162	-1.112681	22.321401	151.244527	0.000822	17.5
1163	-1.119039	22.332426	151.206048	0.000879	18.5
1164	-1.116116	22.261959	151.452339	0.000881	17.8
1165	-1.116953	22.577761	150.354784	0.000863	17.5
1166	-1.102175	22.769454	149.696288	0.000829	20.5
1167	-1.126387	22.737280	149.806410	0.001004	17.6
1168	-1.129932	22.839206	149.458108	0.000739	17.6
1169	-1.109111	22.932529	149.140625	0.001174	18.7
1170	-1.114385	22.989124	148.948745	0.001349	17.7
1171	-1.112989	23.741788	146.443072	0.001212	17.5
1172	-1.098718	23.541049	147.103065	0.000701	18.6
1173	-1.118751	23.945404	145.779641	0.001073	17.5
1174	-1.109165	23.812370	146.212416	0.001057	17.7
1175	-1.118696	24.260923	144.763395	0.000724	18.5
1176	-1.112554	24.151209	145.115157	0.000910	17.6
1177	-1.096092	24.097825	145.286935	0.000604	17.6
1178	-1.126229	23.980613	145.665530	0.000599	18.8
1179	-1.117157	23.871625	146.019333	0.000965	17.5
1180	-1.123480	23.838581	146.126943	0.001098	17.7
1181	-1.089161	23.780831	146.315393	0.000681	19.1
1182	-1.117829	23.680739	146.643162	0.000755	17.4
1183	-1.129190	23.755494	146.398222	0.000936	17.6
1184	-1.118184	23.867646	146.032283	0.000884	18.8
1185	-1.115118	23.977716	145.674912	0.000962	17.4
1186	-1.107272	23.960881	145.729459	0.000765	17.5
1187	-1.110391	23.853273	146.079079	0.000914	24.8
1188	-1.112807	24.131397	145.178860	0.000824	17.5
1189	-1.123802	24.152361	145.111455	0.000596	18.3
1190	-1.094506	24.117081	145.224929	0.001039	17.9
1191	-1.093880	24.083117	145.334336	0.000854	17.5
1192	-1.109252	24.080436	145.342978	0.000943	18.5
1193	-1.118421	23.949551	145.766192	0.000796	18.2
1194	-1.095237	23.965335	145.715023	0.000924	17.4
1195	-1.111436	23.831552	146.149857	0.000608	17.9
1196	-1.098834	23.883307	145.981329	0.000828	18.6
1197	-1.117303	23.810598	146.218198	0.000966	17.6
1198	-1.101612	23.969204	145.702487	0.001032	17.5
1199	-1.109068	24.342019	144.504480	0.000805	19.1
1200	-1.108325	24.223146	144.884322	0.000958	17.6
1201	-1.106936	24.206796	144.936721	0.000653	17.6
1202	-1.110787	24.079929	145.344614	0.000757	18.7
1203	-1.106251	23.969343	145.702036	0.000649	17.5
1204	-1.107796	23.919490	145.863739	0.001203	17.6
1205	-1.089321	23.841087	146.118779	0.000963	18.5
1206	-1.105669	24.166098	145.067322	0.000856	17.6
1207	-1.121758	24.227792	144.869439	0.000629	19.3
1208	-1.114904	24.138960	145.154535	0.000596	18.8
1209	-1.104713	24.073697	145.364707	0.000974	17.6
1210	-1.113472	23.983440	145.656375	0.000896	19.5
1211	-1.109002	23.946931	145.774687	0.000844	17.5
1212	-1.120242	23.826797	146.165358	0.000636	17.6
1213	-1.121369	23.787729	146.292858	0.000619	17.9
1214	-1.107577	23.770815	146.348126	0.000950	19.3
1215	-1.109951	23.890625	145.957533	0.000919	17.5
1216	-1.101682	23.801549	146.247728	0.000870	17.7
1217	-1.102392	23.652170	146.736985	0.000899	18.4
1218	-1.097651	23.545752	147.087535	0.000800	17.4
1219	-1.121322	23.458503	147.376190	0.000714	18.5
1220	-1.117385	23.363110	147.693089	0.000936	18.1
1221	-1.121647	23.521120	147.168914	0.000691	19.2
1222	-1.121010	23.608000	146.882281	0.000978	18.9
1223	-1.107091	23.560028	147.040412	0.000741	17.8
1224	-1.114775	23.588140	146.947704	0.000763	17.5
1225	-1.106104	23.582375	146.966706	0.000947	17.7
1226	-1.112234	23.405335	147.552649	0.000914	18.5
1227	-1.114806	23.266990	148.013787	0.000919	17.4
1228	-1.109633	23.342808	147.760711	0.000792	19.7
1229	-1.108180	23.243975	148.090780	0.000806	18.1
1230	-1.112572	23.408878	147.540876	0.000862	17.5
1231	-1.107232	23.563461	147.029082	0.000960	21.0
1232	-1.119633	23.424677	147.488405	0.000939	17.6
1233	-1.111628	23.525688	147.153814	0.000810	17.7
1234	-1.111827	23.394113	147.589947	0.000777	17.6
1235	-1.121560	23.245984	148.084058	0.000785	19.6
1236	-1.108552	23.351644	147.731273	0.000796	18.3
1237	-1.121211	23.449053	147.407523	0.001103	17.6
1238	-1.106225	23.267300	148.012752	0.000631	18.5
1239	-1.114348	23.294645	147.921376	0.000684	17.4
1240	-1.105200	23.328844	147.807255	0.000720	17.6
1241	-1.115081	23.365113	147.686424	0.000866	18.5
1242	-1.106426	23.474065	147.324621	0.000959	17.4
1243	-1.128850	23.329423	147.805327	0.000710	17.5
1244	-1.115082	23.291382	147.932274	0.001099	18.5
1245	-1.130185	23.166652	148.350045	0.001113	17.6
1246	-1.105209	23.466935	147.348245	0.000710	17.4
1247	-1.112547	23.754660	146.400951	0.000873	20.1
1248	-1.102981	23.664885	146.695212	0.000812	17.6
1249	-1.104334	23.472460	147.329939	0.001436	19.1
1250	-1.122877	23.938149	145.803177	0.000829	17.7
1251	-1.106896	24.474209	144.084417	0.000955	17.5
1252	-1.114078	24.560597	143.811216	0.001274	17.5
1253	-1.129383	25.050732	142.280579	0.000962	20.3
1254	-1.106941	25.228158	141.734500	0.000928	18.1
1255	-1.118158	25.227879	141.735354	0.000858	17.6
1256	-1.109387	25.422653	141.140681	0.000850	18.5
1257	-1.109248	25.396653	141.219775	0.000841	17.7
1258	-1.110176	25.323168	141.443798	0.000818	17.6
1259	-1.109669	25.566368	140.705087	0.000838	19.4
1260	-1.107166	25.413381	141.168877	0.000628	17.5
1261	-1.117651	25.440173	141.087432	0.000835	17.7
1262	-1.098719	25.388198	141.245514	0.000766	18.7
1263	-1.131499	25.502928	140.897038	0.000784	17.8
1264	-1.109131	25.533381	140.804829	0.000907	17.5
1265	-1.128332	25.676002	140.374593	0.001014	18.6
1266	-1.114403	25.903789	139.692867	0.001061	17.7
1267	-1.122831	25.691359	140.328423	0.000818	17.7
1268	-1.110688	26.072459	139.192321	0.000804	18.4
1269	-1.120525	25.998152	139.412393	0.000697	17.6
1270	-1.118795	25.881564	139.759093	0.001273	17.7
1271	-1.136141	25.971542	139.491372	0.000926	18.5
1272	-1.120495	25.916042	139.656386	0.000764	17.5
1273	-1.110281	25.963852	139.514214	0.000973	17.5
1274	-1.120516	26.126699	139.032118	0.001089	21.0
1275	-1.111741	26.282299	138.574583	0.001067	17.5
1276	-1.110522	26.341183	138.402220	0.000972	19.0
1277	-1.104273	26.384204	138.276562	0.000678	17.6
1278	-1.097822	26.340615	138.403879	0.001041	17.5
1279	-1.117467	26.212800	138.778569	0.000854	18.0
1280	-1.116953	26.332853	138.426578	0.001114	18.2
1281	-1.125678	26.582227	137.701095	0.000695	17.5
1282	-1.126446	26.655682	137.488849	0.000588	17.6
1283	-1.108390	26.592977	137.669993	0.000819	18.4
1284	-1.127452	26.541896	137.817912	0.000938	17.5
1285	-1.114197	26.455467	138.068916	0.001090	21.1
1286	-1.128135	26.510213	137.909818	0.000886	17.6
1287	-1.103647	26.584748	137.693802	0.000839	17.6
1288	-1.109479	26.488315	137.973410	0.000544	17.7
1289	-1.117003	26.464256	138.043347	0.000698	18.2
1290	-1.113757	26.384612	138.275373	0.000756	18.5
1291	-1.114897	26.264763	138.625997	0.000637	17.7
1292	-1.121109	26.194662	138.831904	0.000746	18.4
1293	-1.120854	26.099996	139.110943	0.000696	17.7
1294	-1.123638	25.980576	139.464548	0.001274	17.6
1295	-1.116212	25.881319	139.759822	0.000669	18.4
1296	-1.138651	25.749760	140.153123	0.000788	17.4
1297	-1.121732	25.676507	140.373077	0.000897	17.6
1298	-1.100808	25.700116	140.302111	0.000943	18.7
1299	-1.101527	26.016041	139.359347	0.000893	17.5
1300	-1.109789	25.881197	139.760186	0.000783	17.7
1301	-1.105875	26.017697	139.354439	0.000973	18.9
1302	-1.106566	25.989186	139.438994	0.000658	17.4
1303	-1.125720	25.981021	139.463228	0.000839	17.4
1304	-1.109208	25.987988	139.442548	0.000722	20.0
1305	-1.120303	25.985601	139.449634	0.000730	17.7
1306	-1.115313	25.858144	139.828945	0.001167	17.5
1307	-1.113956	25.945571	139.568540	0.000750	19.5
1308	-1.113785	26.153146	138.954140	0.000754	17.5
1309	-1.095237	26.204277	138.803627	0.000916	18.1
1310	-1.102768	26.072261	139.192907	0.000717	18.3
1311	-1.121761	25.999203	139.409277	0.000875	17.7
1312	-1.103899	25.965856	139.508260	0.000897	19.4
1313	-1.130063	26.297709	138.529433	0.000695	17.6
1314	-1.130260	26.348413	138.381086	0.000957	17.6
1315	-1.116802	26.300777	138.520449	0.000813	18.6
1316	-1.118608	26.461907	138.050179	0.000884	18.1
1317	-1.111808	26.666189	137.458541	0.000801	17.7
1318	-1.125810	26.695636	137.373677	0.000913	21.3
1319	-1.106833	26.672578	137.440118	0.000762	17.6
1320	-1.127737	26.693568	137.379631	0.000614	17.5
1321	-1.100868	26.651904	137.499749	0.000984	20.3
1322	-1.105975	26.843437	136.949293	0.000938	17.6
1323	-1.116471	26.851023	136.927581	0.000750	17.7
1324	-1.118854	26.784406	137.118474	0.000930	20.7
1325	-1.119975	26.795677	137.086138	0.000768	17.6
1326	-1.114516	26.738673	137.249832	0.000599	18.2
1327	-1.123300	26.783838	137.120103	0.000857	21.2
1328	-1.096966	26.796280	137.084408	0.000765	17.6
1329	-1.118288	26.695130	137.375134	0.000812	17.6
1330	-1.093133	26.755944	137.200196	0.000836	20.7
1331	-1.122250	26.891321	136.812363	0.000888	17.6
1332	-1.121976	26.874754	136.859708	0.000924	17.7
1333	-1.113389	26.759593	137.189713	0.001024	18.7
1334	-1.104578	26.634509	137.549960	0.000729	17.7
1335	-1.100193	26.542188	137.817066	0.000846	17.6
1336	-1.115764	26.463101	138.046709	0.000747	18.4
1337	-1.109363	26.470898	138.024034	0.000843	17.8
1338	-1.129014	26.579783	137.708171	0.001252	17.7
1339	-1.113018	26.614767	137.606991	0.001079	18.5
1340	-1.103852	26.383560	138.278442	0.000741	19.3
1341	-1.106997	26.294841	138.537833	0.000551	17.8
1342	-1.089391	26.228505	138.732422	0.000928	18.5
1343	-1.092616	26.166770	138.914003	0.000894	17.6
1344	-1.126826	26.167382	138.912200	0.000805	18.5
1345	-1.117004	26.101768	139.105708	0.000792	18.3
1346	-1.121992	26.042176	139.281926	0.000704	17.8
1347	-1.129432	26.030343	139.316967	0.000791	19.4
1348	-1.105369	26.167449	138.912004	0.000957	17.9
1349	-1.107256	26.052436	139.251555	0.000905	17.5
1350	-1.101410	26.421203	138.168675	0.000855	20.1
1351	-1.110925	26.474684	138.013026	0.000929	17.8
1352	-1.128792	26.456388	138.066236	0.001142	17.6
1353	-1.100702	26.301275	138.518990	0.000951	18.4
1354	-1.133954	26.331916	138.429316	0.000785	17.7
1355	-1.119961	26.290618	138.550206	0.000966	17.6
1356	-1.102633	26.247394	138.676956	0.000794	18.2
1357	-1.135564	26.476295	138.008344	0.000828	18.6
1358	-1.130714	26.358594	138.351338	0.001033	17.7
1359	-1.108754	26.394060	138.247808	0.000845	20.0
1360	-1.114860	26.385253	138.273502	0.000849	17.6
1361	-1.123925	26.528759	137.856004	0.000836	17.6
1362	-1.117737	26.485250	137.982316	0.001120	18.8
1363	-1.131469	26.456970	138.064541	0.000879	17.8
1364	-1.115974	26.444295	138.101427	0.000851	18.4
1365	-1.115121	26.289710	138.552864	0.001066	17.6
1366	-1.121308	26.598054	137.655310	0.000709	18.7
1367	-1.120532	26.639462	137.535659	0.001028	17.7
1368	-1.112640	26.522788	137.873325	0.000776	17.7
1369	-1.116251	26.475136	138.011713	0.000813	18.6
1370	-1.124732	26.460041	138.055609	0.000707	17.5
1371	-1.100423	26.334858	138.420714	0.000931	17.7
1372	-1.139592	26.523752	137.870527	0.000630	18.8
1373	-1.102644	26.452531	138.077456	0.000790	17.9
1374	-1.119815	26.382141	138.282583	0.000764	17.7
1375	-1.116217	26.486981	137.977289	0.000980	18.5
1376	-1.118034	26.666244	137.458384	0.000630	17.6
1377	-1.129045	26.728416	137.279326	0.000951	18.8
1378	-1.116998	26.662789	137.468347	0.000787	18.0
1379	-1.117786	26.555234	137.779258	0.000722	17.6
1380	-1.122278	26.745487	137.230245	0.000817	17.7
1381	-1.103841	26.765447	137.172899	0.000967	19.0
1382	-1.119973	26.952691	136.637270	0.001104	17.5
1383	-1.107859	26.983554	136.549387	0.000811	19.0
1384	-1.116197	27.126123	136.144872	0.000850	17.8
1385	-1.092288	27.087528	136.254140	0.000687	17.3
1386	-1.109691	27.153184	136.068360	0.000745	17.6
1387	-1.109595	27.093564	136.237040	0.000706	20.7
1388	-1.112690	27.202838	135.928196	0.001013	17.6
1389	-1.117526	27.338441	135.546878	0.001134	19.6
1390	-1.109241	27.214257	135.896004	0.000900	17.6
1391	-1.112649	27.094524	136.234322	0.000972	17.5
1392	-1.112517	27.425462	135.303299	0.000929	22.5
1393	-1.117155	27.216642	135.889282	0.000896	17.5
1394	-1.113541	27.285101	135.696615	0.000730	17.5
1395	-1.125359	27.436656	135.272031	0.000761	23.0
1396	-1.115415	27.478013	135.156630	0.000840	21.9
1397	-1.118782	27.635989	134.717624	0.000779	17.7
1398	-1.108528	27.736042	134.441053	0.000753	19.6
1399	-1.110586	27.999372	133.718548	0.001001	17.5
1400	-1.103652	28.197881	133.179005	0.001146	17.5
1401	-1.121529	27.988302	133.748763	0.000779	21.0
1402	-1.098968	28.099775	133.445109	0.001005	17.5
1403	-1.114559	28.228220	133.096928	0.000827	17.6
1404	-1.107783	28.571453	132.175362	0.000829	18.6
1405	-1.109161	28.470364	132.445454	0.000841	17.4
1406	-1.113401	28.399417	132.635671	0.000630	20.7
1407	-1.132294	28.339750	132.796068	0.000945	17.6
1408	-1.095701	28.475695	132.431183	0.000849	17.5
1409	-1.126844	28.530784	132.283892	0.001023	21.9
1410	-1.095845	28.589674	132.126797	0.001061	17.4
1411	-1.108606	29.198176	130.525158	0.000939	17.6
1412	-1.103845	29.309011	130.237600	0.000745	21.0
1413	-1.123866	29.188091	130.551387	0.000925	17.5
1414	-1.102754	29.055870	130.896232	0.000776	17.5
1415	-1.127679	28.889954	131.331547	0.000871	20.6
1416	-1.104249	28.777575	131.628045	0.000917	17.5
1417	-1.120202	29.038481	130.941722	0.001007	20.8
1418	-1.120741	28.982615	131.088076	0.000847	19.7
1419	-1.099145	29.018381	130.994340	0.001006	17.5
1420	-1.116123	28.872608	131.377226	0.000847	18.7
1421	-1.106746	28.732199	131.748143	0.000878	17.8
1422	-1.121694	28.788315	131.599651	0.000769	17.5
1423	-1.120561	28.699480	131.834877	0.000859	19.6
1424	-1.108772	28.696680	131.842306	0.001101	17.8
1425	-1.098237	28.500582	132.364601	0.000978	17.7
1426	-1.102394	28.380634	132.686123	0.000810	19.9
1427	-1.122336	28.439610	132.527841	0.000946	17.6
1428	-1.112873	28.599422	132.100830	0.001027	17.4
1429	-1.125898	29.132232	130.696849	0.001319	20.6
1430	-1.111049	28.986478	131.077945	0.000640	17.7
1431	-1.117795	28.961193	131.144282	0.001153	17.6
1432	-1.120795	29.109935	130.755007	0.000986	21.1
1433	-1.110517	29.065357	130.871428	0.000887	17.5
1434	-1.130361	28.883690	131.348038	0.000851	17.4
1435	-1.108598	29.024410	130.978553	0.000727	20.4
1436	-1.105777	28.886361	131.341005	0.000835	17.7
1437	-1.106543	28.959493	131.148745	0.000870	17.6
1438	-1.097027	29.070954	130.856799	0.001376	19.0
1439	-1.117507	29.662933	129.327785	0.001039	17.6
1440	-1.118005	30.577037	127.035697	0.000808	17.7
1441	-1.115292	31.057707	125.862723	0.001372	18.5
1442	-1.112023	31.340738	125.182126	0.000709	17.5
1443	-1.103374	31.192846	125.536838	0.000898	17.7
1444	-1.104604	31.400876	125.038460	0.001038	18.6
1445	-1.105448	31.868730	123.931950	0.000784	19.1
1446	-1.130193	31.796693	124.101045	0.000960	17.7
1447	-1.105049	32.089859	123.415751	0.000780	21.4
1448	-1.128208	32.001880	123.620612	0.000817	17.5
1449	-1.111473	32.234323	123.080832	0.000890	21.3
1450	-1.104256	32.088280	123.419422	0.001013	17.7
1451	-1.101367	31.991571	123.644661	0.000844	17.5
1452	-1.102740	32.108357	123.372766	0.000877	20.5
1453	-1.116205	32.143151	123.291990	0.000823	17.6
1454	-1.099740	32.081262	123.435740	0.001085	17.5
1455	-1.102055	32.138673	123.302380	0.000649	17.7
1456	-1.121377	31.986697	123.656033	0.001035	18.6
1457	-1.109409	32.104037	123.382802	0.000796	17.6
1458	-1.118803	32.063979	123.475942	0.001163	19.7
1459	-1.099961	32.087385	123.421502	0.000802	18.1
1460	-1.109887	32.012784	123.595184	0.000853	17.5
1461	-1.113515	32.221815	123.109759	0.000744	19.7
1462	-1.132850	32.082254	123.433433	0.000619	17.7
1463	-1.121002	32.085948	123.424842	0.000853	17.5
1464	-1.099596	32.004179	123.615251	0.001076	18.5
1465	-1.099201	32.024302	123.568337	0.000768	18.2
1466	-1.122002	32.021483	123.574906	0.000957	17.5
1467	-1.128043	32.179468	123.207792	0.001129	17.7
1468	-1.131517	32.016941	123.585495	0.000869	18.4
1469	-1.118168	32.503760	122.461015	0.000861	17.5
1470	-1.112049	32.484735	122.504576	0.000890	17.6
1471	-1.123391	32.390992	122.719668	0.000898	20.9
1472	-1.117028	32.277605	122.980843	0.000879	17.7
1473	-1.106615	32.472199	122.533297	0.000688	19.3
1474	-1.110876	32.404436	122.688774	0.000901	18.5
1475	-1.106624	32.400552	122.697699	0.000974	17.5
1476	-1.110347	32.271662	122.994564	0.000948	17.9
1477	-1.112998	32.213068	123.129995	0.001015	18.3
1478	-1.103412	32.304170	122.919555	0.000904	17.6
1479	-1.131282	32.511784	122.442653	0.001041	17.7
1480	-1.111227	33.013514	121.305287	0.000692	19.0
1481	-1.113755	32.997804	121.340580	0.000730	17.6
1482	-1.111302	32.941264	121.467765	0.000916	17.7
1483	-1.096326	33.120356	121.065812	0.000904	18.5
1484	-1.110583	33.149908	120.999740	0.000837	17.8
1485	-1.117922	33.314473	120.633128	0.000823	17.7
1486	-1.128463	33.150193	120.999103	0.000714	18.6
1487	-1.108125	33.156887	120.984148	0.000721	17.6
1488	-1.114774	33.134107	121.035059	0.000601	17.5
1489	-1.111203	33.173623	120.946773	0.001178	19.4
1490	-1.109273	33.095308	121.121870	0.000852	17.5
1491	-1.114904	33.391998	120.461190	0.000984	17.6
1492	-1.111541	33.423915	120.390545	0.001122	20.9
1493	-1.114901	33.266217	120.740403	0.000944	17.7
1494	-1.118318	33.757764	119.656543	0.000913	18.0
1495	-1.094683	33.979158	119.174702	0.000800	18.8
1496	-1.115331	34.029840	119.064944	0.000671	17.6
1497	-1.108585	34.041657	119.039381	0.001270	20.3
1498	-1.119796	34.036673	119.050163	0.000834	17.5
1499	-1.104821	34.159686	118.784665	0.000793	17.6
1500	-1.111210	34.177797	118.745677	0.000816	20.7
1501	-1.128504	34.019840	119.086585	0.000947	17.5
1502	-1.098671	34.395788	118.278393	0.000679	18.0
1503	-1.115179	34.409446	118.249238	0.000867	20.7
1504	-1.095222	34.455692	118.150628	0.000816	17.6
1505	-1.118108	34.511401	118.032056	0.001105	17.6
1506	-1.113661	34.365831	118.342391	0.000884	22.0
1507	-1.119661	34.509882	118.035287	0.000813	17.6
1508	-1.121284	34.374049	118.324829	0.000635	17.5
1509	-1.106719	34.246689	118.597602	0.000940	20.3
1510	-1.096748	34.235537	118.621546	0.000717	17.7
1511	-1.104923	34.286501	118.512200	0.000712	17.7
1512	-1.126503	34.352121	118.371703	0.000777	19.8
1513	-1.110130	34.354966	118.365620	0.000917	17.5
1514	-1.115710	34.357873	118.359404	0.000902	17.7
1515	-1.115483	34.453347	118.155624	0.000885	18.6
1516	-1.130608	34.625766	117.789386	0.000922	17.5
1517	-1.110580	34.568735	117.910275	0.000676	19.0
1518	-1.109991	34.437672	118.189033	0.000679	17.9
1519	-1.113452	34.456329	118.149270	0.000725	17.5
1520	-1.121094	34.387026	118.297104	0.000954	17.5
1521	-1.127894	34.488650	118.080450	0.000880	18.7
1522	-1.130989	34.665297	117.705738	0.001177	17.6
1523	-1.109721	34.537975	117.975581	0.000842	17.5
1524	-1.105412	34.899731	117.212099	0.000993	18.9
1525	-1.115432	35.087038	116.820661	0.000994	17.7
1526	-1.121367	35.265948	116.449204	0.000820	17.8
1527	-1.097814	35.435219	116.099927	0.001125	18.9
1528	-1.113890	35.357833	116.259346	0.000922	17.5
1529	-1.102331	35.551860	115.860466	0.000953	18.1
1530	-1.108551	35.387599	116.197975	0.000671	18.7
1531	-1.112106	35.559052	115.845734	0.000917	17.5
1532	-1.119323	35.404610	116.162931	0.000927	17.6
1533	-1.102945	35.680778	115.596945	0.000684	18.5
1534	-1.102842	35.830410	115.292584	0.000880	18.1
1535	-1.114775	35.800339	115.353622	0.000684	17.4
1536	-1.111162	35.755494	115.444767	0.000846	18.6
1537	-1.111773	35.687645	115.582943	0.000947	17.5
1538	-1.117932	35.532430	115.900286	0.000918	18.4
1539	-1.120912	35.674368	115.610019	0.000962	17.9
1540	-1.100858	35.546486	115.871476	0.000660	17.4
1541	-1.126608	35.617175	115.726806	0.001004	17.8
1542	-1.112046	35.578127	115.806676	0.000585	18.6
1543	-1.101845	35.618935	115.723208	0.000908	20.7
1544	-1.124739	35.609904	115.741670	0.000891	17.6
1545	-1.130369	35.577494	115.807971	0.000913	18.2
1546	-1.112401	35.504226	115.958138	0.000897	17.6
1547	-1.122883	35.374422	116.225135	0.001069	17.5
1548	-1.117137	35.824927	115.303709	0.000610	18.7
1549	-1.117467	35.722906	115.511093	0.000737	17.5
1550	-1.121407	35.650026	115.659696	0.001089	17.5
1551	-1.104261	35.584579	115.793471	0.000593	18.5
1552	-1.084874	35.586764	115.789000	0.000634	17.7
1553	-1.104025	35.522390	115.920874	0.000961	17.6
1554	-1.124100	35.387484	116.198212	0.000982	18.5
1555	-1.121670	35.222672	116.538838	0.000686	17.7
1556	-1.105723	35.095763	116.802490	0.001114	17.6
1557	-1.123552	35.192943	116.600493	0.001021	18.7
1558	-1.103460	35.438102	116.093996	0.000712	17.6
1559	-1.127466	35.493802	115.979534	0.000757	17.6
1560	-1.117160	35.414139	116.143311	0.000705	18.4
1561	-1.122728	35.469024	116.030424	0.000887	18.6
1562	-1.117300	35.441865	116.086257	0.000953	17.7
1563	-1.114315	35.630561	115.699451	0.001015	18.5
1564	-1.123372	35.977123	114.995711	0.000796	17.7
1565	-1.119469	36.061746	114.825172	0.000890	17.4
1566	-1.128323	36.099627	114.748994	0.000904	18.7
1567	-1.117606	36.009175	114.931058	0.000988	19.1
1568	-1.110262	35.981277	114.987329	0.001025	17.7
1569	-1.131450	35.909735	115.131880	0.001002	18.5
1570	-1.118709	36.207812	114.531994	0.001047	17.4
1571	-1.116567	36.335345	114.277238	0.000973	17.6
1572	-1.101602	36.750677	113.455377	0.000953	18.6
1573	-1.120994	36.847010	113.266438	0.001084	17.6
1574	-1.111292	36.654700	113.644244	0.000984	17.8
1575	-1.108873	36.517505	113.915317	0.000974	19.2
1576	-1.114762	36.610536	113.731365	0.000863	17.6
1577	-1.109679	36.903053	113.156811	0.000806	17.4
1578	-1.117244	36.957646	113.050224	0.000931	20.3
1579	-1.109669	36.829031	113.301653	0.001030	17.6
1580	-1.112223	36.678511	113.597330	0.001227	17.7
1581	-1.097757	36.446198	114.056718	0.000857	19.4
1582	-1.116468	37.006251	112.955495	0.000831	17.7
1583	-1.104793	37.021134	112.926521	0.000849	17.6
1584	-1.123436	36.963226	113.039341	0.000732	18.7
1585	-1.117295	36.822484	113.314481	0.000926	17.5
1586	-1.104863	37.016344	112.935844	0.000878	17.5
1587	-1.114499	36.858858	113.243245	0.000804	21.1
1588	-1.113216	36.954418	113.056520	0.000702	17.7
1589	-1.124448	37.008366	112.951377	0.000820	20.7
1590	-1.114431	37.113435	112.747161	0.001047	17.7
1591	-1.116555	37.105279	112.762986	0.001161	19.0
1592	-1.108294	37.647062	111.721280	0.000749	21.0
1593	-1.109846	37.549403	111.907627	0.001409	17.5
1594	-1.115124	37.408043	112.178468	0.000710	17.8
1595	-1.114836	37.788023	111.453395	0.000909	21.0
1596	-1.120220	37.931095	111.182811	0.000942	17.6
1597	-1.094735	37.985322	111.080598	0.000739	17.5
1598	-1.119225	37.956948	111.134057	0.000799	20.4
1599	-1.110501	37.849392	111.337170	0.000848	17.6
1600	-1.125086	38.075300	110.911411	0.000806	17.6
1601	-1.114347	38.093928	110.876449	0.001020	20.9
1602	-1.116749	38.350135	110.397808	0.000782	17.5
1603	-1.103275	38.525798	110.072021	0.000777	17.5
1604	-1.108214	38.533774	110.057274	0.000847	18.6
1605	-1.104997	38.546610	110.033549	0.000721	17.5
1606	-1.112625	38.447013	110.217899	0.000817	17.6
1607	-1.110418	38.358095	110.383004	0.000816	18.7
1608	-1.117918	38.300119	110.490923	0.000649	17.5
1609	-1.105273	38.254635	110.575734	0.000873	17.5
1610	-1.116740	38.152200	110.767220	0.000959	19.1
1611	-1.119039	37.997413	111.057834	0.000826	17.7
1612	-1.110886	37.884301	111.271165	0.001083	20.1
1613	-1.104072	37.910483	111.221714	0.000636	17.7
1614	-1.112413	37.745222	111.534599	0.000738	17.4
1615	-1.107426	37.835538	111.363387	0.000941	20.8
1616	-1.108394	37.745816	111.533472	0.000846	17.7
1617	-1.130449	37.785930	111.457364	0.000932	17.5
1618	-1.137569	37.754950	111.516133	0.000822	21.0
1619	-1.106380	37.644312	111.726518	0.000674	17.5
1620	-1.110281	37.549709	111.907043	0.000907	17.5
1621	-1.102540	37.426070	112.143857	0.000943	18.4
1622	-1.115139	37.530008	111.944711	0.000813	18.1
1623	-1.118821	37.355088	112.280265	0.001152	17.4
1624	-1.121508	37.235376	112.511076	0.000946	17.5
1625	-1.127927	37.524198	111.955825	0.001029	18.7
1626	-1.111392	37.698209	111.623931	0.000897	17.6
1627	-1.107443	37.511468	111.980183	0.000653	17.7
1628	-1.130130	37.634267	111.745660	0.000819	18.4
1629	-1.115742	37.665381	111.686394	0.000865	17.6
1630	-1.115270	37.601474	111.808191	0.000860	17.5
1631	-1.131749	37.717808	111.586673	0.001096	18.6
1632	-1.116870	38.078429	110.905535	0.001080	17.5
1633	-1.094350	37.946270	111.154189	0.000836	17.5
1634	-1.100283	38.001055	111.050978	0.000790	18.5
1635	-1.104512	38.053521	110.952314	0.000900	17.5
1636	-1.107621	37.952305	111.142810	0.000991	17.6
1637	-1.113878	37.924349	111.195541	0.000905	19.0
1638	-1.115887	37.890830	111.258829	0.001384	17.6
1639	-1.111633	37.711197	111.599238	0.000872	17.5
1640	-1.113859	37.508106	111.986616	0.000906	18.8
1641	-1.100954	37.568668	111.870819	0.000694	17.5
1642	-1.108206	37.658855	111.698820	0.000817	17.7
1643	-1.106836	37.709829	111.601838	0.000872	18.6
1644	-1.117111	37.685424	111.648249	0.000793	18.2
1645	-1.108380	37.810119	111.411522	0.001046	19.1
1646	-1.130205	37.897216	111.246765	0.000841	18.6
1647	-1.116060	38.220983	110.638569	0.000790	17.6
1648	-1.105228	38.116015	110.835021	0.001224	17.7
1649	-1.108272	38.303648	110.484347	0.000761	18.6
1650	-1.127919	38.377614	110.346718	0.000840	17.5
1651	-1.104449	38.233571	110.615057	0.000988	17.6
1652	-1.100263	38.248186	110.587772	0.001000	19.2
1653	-1.120423	38.096963	110.870753	0.000744	17.7
1654	-1.119560	38.145109	110.780500	0.001290	17.8
1655	-1.109781	38.503511	110.113246	0.000735	18.9
1656	-1.114342	38.834793	109.503593	0.001102	18.5
1657	-1.109434	39.032077	109.143731	0.000738	17.8
1658	-1.095347	39.324707	108.614284	0.000723	18.5
1659	-1.106797	39.400049	108.478799	0.000796	17.6
1660	-1.127771	39.493965	108.310388	0.000882	17.7
1661	-1.121421	39.422249	108.438944	0.000676	20.1
1662	-1.103918	39.478285	108.338469	0.000789	17.7
1663	-1.106272	39.423951	108.435889	0.000699	18.9
1664	-1.106836	39.342091	108.582993	0.000929	18.2
1665	-1.114728	39.431519	108.422309	0.000647	17.6
1666	-1.108430	39.375040	108.523735	0.000748	17.6
1667	-1.114326	39.455088	108.380040	0.001042	18.5
1668	-1.117551	39.520337	108.263191	0.000960	17.5
1669	-1.099016	39.415911	108.450319	0.000881	17.5
1670	-1.099561	39.622755	108.080287	0.000943	19.2
1671	-1.109623	39.658157	108.017209	0.001114	17.9
1672	-1.121553	39.533286	108.240032	0.000684	19.5
1673	-1.116145	39.373549	108.526414	0.000908	17.5
1674	-1.107568	39.302051	108.655091	0.000888	17.5
1675	-1.107100	39.279443	108.695843	0.000877	17.5
1676	-1.127480	39.194107	108.849938	0.001034	18.7
1677	-1.110065	39.324574	108.614523	0.000592	17.5
1678	-1.103546	39.419248	108.444329	0.000875	17.6
1679	-1.101581	39.331329	108.602363	0.001080	18.6
1680	-1.127673	39.313280	108.634862	0.000737	17.6
1681	-1.127641	39.230098	108.784894	0.000821	18.4
1682	-1.102650	39.138620	108.950369	0.000933	18.2
1683	-1.122127	39.348356	108.571721	0.000916	17.4
1684	-1.102414	39.365311	108.541226	0.000752	17.6
1685	-1.091384	39.336756	108.592593	0.000991	18.5
1686	-1.141311	39.206302	108.827890	0.000586	17.7
1687	-1.114079	39.122289	108.979963	0.000907	20.0
1688	-1.118798	39.010110	109.183682	0.000632	17.9
1689	-1.108030	38.925876	109.337155	0.000720	17.5
1690	-1.102710	38.947753	109.297254	0.000803	17.8
1691	-1.109854	39.070920	109.073156	0.000918	18.7
1692	-1.117511	39.162514	108.907099	0.000729	17.7
1693	-1.100308	39.236301	108.773691	0.001011	17.6
1694	-1.096714	39.153528	108.923368	0.001096	18.5
1695	-1.125433	39.180203	108.875088	0.000858	17.5
1696	-1.116097	39.246531	108.755222	0.000932	17.5
1697	-1.123405	39.181458	108.872816	0.000824	18.9
1698	-1.108116	39.459884	108.371443	0.001092	17.6
1699	-1.128826	39.697109	107.947889	0.000890	18.4
1700	-1.094316	39.796965	107.770590	0.001155	18.1
1701	-1.114707	39.823063	107.724349	0.001026	17.4
1702	-1.121994	39.859671	107.659551	0.000660	17.6
1703	-1.114298	39.840857	107.692843	0.000756	20.8
1704	-1.112266	39.749760	107.854332	0.000884	17.7
1705	-1.113759	39.777755	107.804654	0.000734	17.8
1706	-1.108162	39.714634	107.916731	0.001089	18.4
1707	-1.125563	39.675144	107.986968	0.000851	17.5
1708	-1.120475	39.556823	108.197961	0.001152	17.6
1709	-1.132756	39.341942	108.583261	0.000788	18.5
1710	-1.120569	39.328561	108.607346	0.001039	17.5
1711	-1.110995	39.408199	108.464165	0.001055	17.4
1712	-1.125496	39.244074	108.759657	0.000815	20.7
1713	-1.114162	39.237708	108.771151	0.000719	17.7
1714	-1.122227	39.139574	108.948640	0.001156	17.5
1715	-1.104550	39.227217	108.790098	0.000777	18.9
1716	-1.110988	39.010473	109.183023	0.000830	17.6
1717	-1.112081	38.891726	109.399499	0.000793	19.2
1718	-1.108624	39.095885	109.027845	0.000962	17.8
1719	-1.125606	38.991568	109.217428	0.000869	17.5
1720	-1.127263	38.867091	109.444516	0.001031	17.8
1721	-1.117886	39.097504	109.024908	0.000982	18.3
1722	-1.115167	39.592095	108.134978	0.000826	17.5
1723	-1.112688	39.453004	108.383776	0.000910	17.6
1724	-1.119884	39.354296	108.561034	0.000934	20.8
1725	-1.094510	39.284158	108.687340	0.000687	17.7
1726	-1.120431	39.221388	108.800627	0.001022	17.5
1727	-1.109886	39.109377	109.003373	0.000845	18.5
1728	-1.101259	39.408546	108.463541	0.000723	17.6
1729	-1.110519	39.392500	108.492360	0.000916	18.5
1730	-1.106621	39.262874	108.725728	0.000700	18.1
1731	-1.138446	39.362397	108.546466	0.000717	17.5
1732	-1.116454	39.305066	108.649658	0.000872	17.6
1733	-1.111969	39.292114	108.672998	0.000744	20.9
1734	-1.098278	39.170479	108.892682	0.000750	17.6
1735	-1.114941	39.218874	108.805171	0.001151	20.7
1736	-1.105218	39.008410	109.186775	0.000872	17.6
1737	-1.104566	39.346397	108.575245	0.000852	17.6
1738	-1.113269	39.241816	108.763734	0.000999	20.3
1739	-1.096603	39.172990	108.888138	0.000714	17.6
1740	-1.112006	39.055365	109.101408	0.000718	18.2
1741	-1.131466	39.209141	108.822758	0.001325	21.0
1742	-1.101195	39.183145	108.869765	0.000803	17.7
1743	-1.116589	39.623313	108.079294	0.000654	17.6
1744	-1.110388	39.537938	108.231714	0.000918	20.9
1745	-1.100185	39.572563	108.169847	0.001117	17.8
1746	-1.125709	39.358362	108.553722	0.001015	18.2
1747	-1.139393	39.356416	108.557222	0.000780	20.3
1748	-1.113100	39.224994	108.794113	0.001035	17.5
1749	-1.102336	39.361919	108.547326	0.000629	17.6
1750	-1.106498	39.310111	108.640569	0.000884	18.5
1751	-1.101120	39.423311	108.437037	0.000796	17.5
1752	-1.122748	39.592992	108.133376	0.000771	19.2
1753	-1.120394	39.565155	108.183076	0.000916	19.4
1754	-1.101358	39.450816	108.387699	0.000607	17.7
1755	-1.118963	39.631239	108.065164	0.000854	19.8
1756	-1.120403	39.576782	108.162313	0.000970	17.7
1757	-1.099894	39.516702	108.269694	0.001121	17.8
1758	-1.102047	39.446993	108.394554	0.001050	20.9
1759	-1.109263	39.449640	108.389807	0.000778	17.6
1760	-1.106265	39.298146	108.662127	0.000896	17.6
1761	-1.114557	39.523934	108.256758	0.000986	21.0
1762	-1.116056	39.870511	107.640378	0.000932	17.5
1763	-1.105945	39.915374	107.561102	0.000848	17.4
1764	-1.128682	39.931773	107.532155	0.000860	20.6
1765	-1.108743	39.773465	107.812264	0.000806	17.5
1766	-1.108934	39.663209	108.008213	0.000997	17.6
1767	-1.113598	40.048217	107.327046	0.000797	20.7
1768	-1.128393	39.987458	107.433972	0.000800	17.5
1769	-1.115916	39.922631	107.548291	0.000891	17.6
1770	-1.132294	39.853941	107.669688	0.001031	18.8
1771	-1.098059	39.918224	107.556071	0.000801	17.5
1772	-1.119675	40.005586	107.402047	0.000921	17.5
1773	-1.121184	40.184270	107.088388	0.001023	19.0
1774	-1.109828	39.972075	107.461077	0.000982	17.8
1775	-1.128365	39.868138	107.644574	0.000755	18.6
1776	-1.106768	39.873090	107.635818	0.000913	17.8
1777	-1.108433	39.980467	107.446289	0.000744	17.4
1778	-1.118875	39.919553	107.553724	0.000860	18.2
1779	-1.108783	39.806565	107.753576	0.000782	18.3
1780	-1.103422	39.750446	107.853114	0.000762	17.5
1781	-1.110231	39.951793	107.496834	0.000739	17.5
1782	-1.122035	39.982927	107.441953	0.000927	18.5
1783	-1.118927	40.032933	107.353923	0.000905	17.5
1784	-1.124890	40.176199	107.102516	0.000790	17.5
1785	-1.120931	40.227665	107.012489	0.000673	21.0
1786	-1.102517	40.166776	107.119016	0.000966	17.4
1787	-1.107662	40.304770	106.877896	0.000800	17.7
1788	-1.137805	40.284173	106.913817	0.000904	18.6
1789	-1.111417	40.370315	106.763748	0.000978	17.5
1790	-1.114016	40.653438	106.273471	0.001047	17.4
1791	-1.103923	41.029654	105.628912	0.001051	18.7
1792	-1.096221	41.236164	105.278417	0.000677	17.5
1793	-1.101685	41.351618	105.083476	0.001059	19.0
1794	-1.094086	41.268754	105.223316	0.000705	19.4
1795	-1.104902	41.396693	105.007565	0.000667	17.4
1796	-1.107786	41.323948	105.130130	0.001006	18.2
1797	-1.103604	41.301795	105.167513	0.000780	17.7
1798	-1.098884	41.245257	105.263038	0.000564	17.6
1799	-1.108219	41.206212	105.329107	0.000838	17.5
1800	-1.104206	41.298561	105.172972	0.001184	18.8
1801	-1.109687	41.505401	104.824939	0.000798	17.7
1802	-1.114646	41.769662	104.383624	0.000856	17.6
1803	-1.105551	42.003126	103.996821	0.001040	20.8
1804	-1.109537	41.915193	104.142172	0.000616	19.5
1805	-1.112077	41.894676	104.176144	0.000716	19.6
1806	-1.118934	41.813562	104.310672	0.001279	17.5
1807	-1.106168	41.697284	104.504126	0.000799	18.5
1808	-1.098373	41.678017	104.536250	0.000881	20.4
1809	-1.120811	41.600060	104.666430	0.000967	17.6
1810	-1.092854	41.735217	104.440937	0.000982	17.6
1811	-1.128093	42.198313	103.675629	0.000819	19.6
1812	-1.106991	42.070242	103.886153	0.000880	17.5
1813	-1.113673	41.913453	104.145052	0.000950	17.6
1814	-1.118873	42.127376	103.792130	0.000786	17.9
1815	-1.097461	42.038967	103.937694	0.000866	19.2
1816	-1.102639	41.993844	104.012145	0.000664	19.1
1817	-1.119181	41.993834	104.012161	0.000764	20.6
1818	-1.112106	41.990806	104.017161	0.000941	17.5
1819	-1.122328	42.000779	104.000696	0.000879	17.5
1820	-1.110623	42.231748	103.620807	0.000823	20.7
1821	-1.125672	42.312346	103.488897	0.001120	19.2
1822	-1.123935	42.333437	103.454433	0.000817	17.6
1823	-1.114499	42.205315	103.664143	0.000846	21.4
1824	-1.107653	42.249670	103.591447	0.000941	17.6
1825	-1.116893	42.259215	103.575817	0.000621	18.0
1826	-1.123752	42.132706	103.783367	0.000953	21.5
1827	-1.120198	42.085435	103.861134	0.000601	17.6
1828	-1.117650	41.966806	104.056807	0.000951	18.3
1829	-1.089745	41.871278	104.214914	0.000825	18.2
1830	-1.117283	42.258348	103.577236	0.000924	17.5
1831	-1.089759	42.335179	103.451588	0.001003	17.8
1832	-1.126609	42.191029	103.687579	0.000631	19.1
1833	-1.118854	42.162735	103.734026	0.001015	17.7
1834	-1.111441	42.150349	103.754372	0.000778	17.7
1835	-1.110584	42.203884	103.666490	0.000950	18.6
1836	-1.129330	42.117361	103.808598	0.000782	17.5
1837	-1.114559	42.062787	103.898433	0.000660	19.8
1838	-1.111346	42.106960	103.825708	0.001037	17.7
1839	-1.106230	42.027935	103.955886	0.001070	17.5
1840	-1.118594	42.209031	103.658049	0.000679	20.4
1841	-1.103867	42.168988	103.723758	0.001074	17.5
1842	-1.120546	42.111242	103.818664	0.000895	17.5
1843	-1.103857	42.126227	103.794019	0.000893	21.4
1844	-1.125237	42.266518	103.563861	0.000818	18.4
1845	-1.112834	42.455354	103.255665	0.000994	17.5
1846	-1.114655	42.502611	103.178825	0.000756	21.0
1847	-1.112926	42.706595	102.848454	0.000742	17.8
1848	-1.114691	42.764711	102.754716	0.000911	17.5
1849	-1.109075	42.622750	102.983992	0.000981	18.4
1850	-1.100067	42.719121	102.828237	0.000888	17.6
1851	-1.099929	42.824090	102.659119	0.000869	18.0
1852	-1.122047	42.751873	102.775409	0.000959	18.3
1853	-1.112730	42.553815	103.095697	0.000729	17.6
1854	-1.107132	42.558952	103.087364	0.001061	17.8
1855	-1.120785	42.618491	102.990888	0.000687	20.1
1856	-1.127017	42.436960	103.285606	0.000821	17.6
1857	-1.116174	42.576933	103.058208	0.000908	17.8
1858	-1.105521	42.476753	103.220856	0.000929	19.7
1859	-1.116659	42.431083	103.295175	0.000954	17.9
1860	-1.099688	42.584637	103.045723	0.000918	17.7
1861	-1.144115	42.371323	103.392583	0.000775	18.8
1862	-1.113376	42.174821	103.714180	0.000994	18.3
1863	-1.121660	42.613826	102.998439	0.000999	17.8
1864	-1.116004	42.757606	102.766168	0.000720	20.9
1865	-1.096489	42.926011	102.495443	0.000891	17.6
1866	-1.134176	43.042066	102.309705	0.000882	19.8
1867	-1.122718	43.373526	101.782911	0.000643	17.6
1868	-1.101361	43.305635	101.890368	0.000747	17.6
1869	-1.108886	43.436401	101.683594	0.000953	19.3
1870	-1.106902	43.320143	101.867386	0.001072	18.2
1871	-1.114407	43.144805	102.145837	0.000887	17.8
1872	-1.116399	43.508834	101.569419	0.000830	17.6
1873	-1.118331	43.678993	101.302209	0.001085	20.8
1874	-1.110978	43.912946	100.937105	0.000735	17.5
1875	-1.112366	43.957846	100.867335	0.000998	17.7
1876	-1.116702	43.842784	101.046323	0.000845	18.5
1877	-1.114026	44.016849	100.775798	0.001002	17.4
1878	-1.092370	44.046311	100.730152	0.000773	17.6
1879	-1.120240	43.921381	100.923990	0.000962	18.5
1880	-1.102563	43.870845	101.002612	0.001008	17.6
1881	-1.103731	44.149026	100.571339	0.000601	17.7
1882	-1.117148	44.108582	100.633813	0.000842	20.7
1883	-1.088716	44.078598	100.680178	0.001140	17.6
1884	-1.106438	44.147275	100.574043	0.000881	17.4
1885	-1.103670	43.958603	100.866160	0.000969	18.7
1886	-1.102259	43.858784	101.021395	0.000604	17.5
1887	-1.099139	43.777444	101.148245	0.000526	18.2
1888	-1.109329	43.794215	101.122065	0.000997	19.8
1889	-1.111292	43.697759	101.272825	0.000917	17.5
1890	-1.107020	43.510062	101.567487	0.000811	17.5
1891	-1.119927	43.495741	101.590039	0.000785	21.2
1892	-1.109341	43.406645	101.730572	0.000925	17.6
1893	-1.096142	43.325893	101.858279	0.000903	18.0
1894	-1.120510	43.417161	101.713964	0.001185	17.9
1895	-1.113035	43.252630	101.974422	0.000860	17.6
1896	-1.103549	43.250665	101.977541	0.000852	17.7
1897	-1.113472	43.369313	101.789573	0.000798	20.9
1898	-1.109883	43.436909	101.682791	0.000759	17.6
1899	-1.119523	43.303952	101.893035	0.000741	20.6
1900	-1.126001	43.202428	102.054160	0.001165	17.4
1901	-1.094845	43.189331	102.074982	0.000628	17.5
1902	-1.119790	43.039180	102.314315	0.000774	21.0
1903	-1.119248	43.076212	102.255184	0.000790	18.0
1904	-1.099348	42.986796	102.398077	0.000710	17.7
1905	-1.097513	43.085539	102.240302	0.000772	21.1
1906	-1.115512	43.037860	102.316424	0.000893	17.6
1907	-1.109114	42.872784	102.580855	0.000999	17.5
1908	-1.123543	42.891714	102.550463	0.000987	20.5
1909	-1.105603	43.110920	102.199825	0.000680	20.1
1910	-1.112970	43.181769	102.087010	0.000749	20.0
1911	-1.117621	43.178352	102.092444	0.000657	20.8
1912	-1.118346	43.103214	102.212111	0.000800	17.6
1913	-1.114679	43.078518	102.251504	0.000837	21.7
1914	-1.107698	43.289819	101.915434	0.000799	17.6
1915	-1.103316	43.243491	101.988929	0.000977	19.2
1916	-1.091719	43.506802	101.572618	0.000918	20.2
1917	-1.112232	43.508318	101.570232	0.000737	17.6
1918	-1.113264	43.429775	101.694050	0.000834	17.6
1919	-1.107782	43.373158	101.783492	0.000698	18.6
1920	-1.098462	43.437017	101.682622	0.000800	19.3
1921	-1.123548	43.391904	101.753860	0.000741	22.7
1922	-1.098757	43.308219	101.886274	0.000672	17.6
1923	-1.112779	43.236380	102.000219	0.000909	17.5
1924	-1.100898	43.326416	101.857453	0.000869	21.2
1925	-1.109785	43.535047	101.528164	0.000983	17.7
1926	-1.115392	43.578172	101.460363	0.001133	17.5
1927	-1.106155	43.432001	101.690538	0.000993	20.9
1928	-1.091259	43.400488	101.740298	0.001070	17.5
1929	-1.109621	43.220841	102.024899	0.000808	17.6
1930	-1.117273	43.153818	102.131487	0.000632	18.7
1931	-1.114155	43.105867	102.207881	0.000903	17.8
1932	-1.105878	43.101407	102.214993	0.000808	20.6
1933	-1.099131	43.062267	102.277443	0.000831	17.4
1934	-1.124411	43.002991	102.372166	0.000675	17.6
1935	-1.086808	43.094618	102.225819	0.000717	18.4
1936	-1.123055	43.026217	102.335029	0.001013	17.9
1937	-1.119842	42.957173	102.445504	0.000782	19.1
1938	-1.105644	42.881586	102.566722	0.000811	17.5
1939	-1.125207	42.918982	102.506714	0.000838	18.6
1940	-1.114335	42.883858	102.563073	0.000765	17.6
1941	-1.112530	42.944227	102.466244	0.000755	17.5
1942	-1.107418	42.991860	102.389973	0.000820	18.5
1943	-1.116354	42.952815	102.452485	0.001049	17.4
1944	-1.133497	42.788072	102.717085	0.000928	17.6
1945	-1.115567	42.759342	102.763369	0.001150	18.4
1946	-1.113100	42.823595	102.659916	0.000862	17.4
1947	-1.119744	42.708096	102.846031	0.000733	17.6
1948	-1.125046	42.823868	102.659475	0.001002	18.5
1949	-1.100757	43.063176	102.275991	0.000876	17.5
1950	-1.113713	42.937911	102.476368	0.000778	17.6
1951	-1.105941	42.874358	102.578328	0.000870	18.8
1952	-1.116362	42.710120	102.842764	0.000854	17.9
1953	-1.125939	42.563867	103.079392	0.000764	17.6
1954	-1.121642	42.468618	103.234086	0.000803	18.9
1955	-1.127350	42.535209	103.125887	0.000935	17.5
1956	-1.120510	42.791353	102.711802	0.000919	17.6
1957	-1.139608	42.652565	102.935756	0.000692	19.3
1958	-1.118616	42.713539	102.837245	0.000806	17.4
1959	-1.124536	42.693890	102.868969	0.000918	19.6
1960	-1.089239	42.665488	102.914861	0.000734	17.9
1961	-1.140002	42.558613	103.087913	0.000668	17.5
1962	-1.090176	42.579110	103.054681	0.000890	17.5
1963	-1.114215	42.735802	102.801323	0.000825	19.5
1964	-1.103217	42.565813	103.076238	0.000973	17.4
1965	-1.101067	42.490031	103.199269	0.001086	17.5
1966	-1.111397	42.551320	103.099743	0.001075	20.7
1967	-1.113916	43.304769	101.891740	0.000755	17.4
1968	-1.116484	43.456940	101.651192	0.000807	19.3
1969	-1.120711	43.434954	101.685877	0.000792	17.6
1970	-1.109673	43.453710	101.656287	0.000836	18.1
1971	-1.121232	43.435554	101.684930	0.001003	17.5
1972	-1.124090	43.307231	101.887840	0.000795	21.0
1973	-1.107385	43.283418	101.925583	0.001102	17.6
1974	-1.104463	43.150248	102.137170	0.000800	17.6
1975	-1.107467	43.594555	101.434631	0.000921	18.8
1976	-1.113139	43.508286	101.570282	0.000890	17.5
1977	-1.114081	43.696173	101.275308	0.000811	18.4
1978	-1.127724	43.756035	101.181687	0.001041	17.8
1979	-1.106724	43.884519	100.981327	0.001050	17.6
1980	-1.110044	43.901745	100.954525	0.000730	17.7
1981	-1.127901	43.793605	101.123016	0.000826	18.6
1982	-1.119458	43.712600	101.249599	0.000844	17.5
1983	-1.105560	43.628239	101.381762	0.000947	17.7
1984	-1.102151	43.745514	101.198129	0.000670	18.5
1985	-1.090437	43.742392	101.203009	0.000649	17.4
1986	-1.109271	43.746402	101.196741	0.000815	17.5
1987	-1.122528	43.693077	101.280155	0.001179	18.5
1988	-1.094981	43.685258	101.292396	0.000762	17.5
1989	-1.125569	43.721932	101.235001	0.000803	17.6
1990	-1.102228	43.761642	101.172926	0.000783	19.0
1991	-1.097745	43.684833	101.293063	0.001136	17.4
1992	-1.114538	43.622624	101.390573	0.001484	17.5
1993	-1.099656	44.379879	100.216228	0.001084	18.7
1994	-1.111346	45.303136	98.820739	0.000779	17.5
1995	-1.094387	45.134800	99.072271	0.000747	17.8
1996	-1.114424	45.026291	99.235089	0.000657	20.9
1997	-1.098493	44.933669	99.374491	0.000703	17.6
1998	-1.120652	44.920900	99.393740	0.000748	19.5
1999	-1.117488	44.966626	99.324844	0.000718	17.5
