1:ItNr	2:Metric	3a:Time	3b:StepSize	4:||Gradient||	Time[ms]
0	-1.194432	0.000000	2.709041	0.033939	307.3
1	-1.138264	0.000000	2.709041	0.026360	3.6
2	-1.172626	0.000000	2.709041	0.025242	4.1
3	-1.188371	0.000000	2.709041	0.035136	4.2
4	-1.153612	0.000000	2.709041	0.019224	4.0
5	-1.155579	0.292596	2.671814	0.017944	3.5
6	-1.143270	0.174520	2.686713	0.030903	4.6
7	-1.197514	0.398259	2.658621	0.020861	5.8
8	-1.165044	0.821231	2.607087	0.020854	5.6
9	-1.132088	0.465759	2.650260	0.019398	4.0
10	-1.187137	0.849483	2.603716	0.027604	3.6
11	-1.166891	0.973892	2.588975	0.036867	4.0
12	-1.177902	1.518393	2.526373	0.029176	3.6
13	-1.218853	2.518203	2.418971	0.023228	4.0
14	-1.187887	2.536525	2.417088	0.021156	4.0
15	-1.143281	3.079350	2.362599	0.019482	3.8
16	-1.146594	2.677483	2.402698	0.030937	3.6
17	-1.151313	3.634291	2.309377	0.021150	6.6
18	-1.169962	3.737324	2.299758	0.037073	4.5
19	-1.145073	4.654730	2.217519	0.026658	3.6
20	-1.169535	5.654173	2.134369	0.017674	4.0
21	-1.184583	5.344938	2.159422	0.020989	3.7
22	-1.165892	5.472774	2.148995	0.039065	4.9
23	-1.152042	6.185655	2.092642	0.022565	4.1
24	-1.188078	6.703086	2.053557	0.016946	4.4
25	-1.133670	7.218095	2.016077	0.028124	7.3
26	-1.153912	7.109282	2.023881	0.027786	4.3
27	-1.181136	6.918733	2.037695	0.026340	4.5
28	-1.146064	6.576524	2.062981	0.011628	6.0
29	-1.232983	6.601795	2.061092	0.022849	3.8
30	-1.173888	6.378865	2.077875	0.021864	5.8
31	-1.157905	7.297770	2.010401	0.020611	5.7
32	-1.167309	6.917691	2.037771	0.029911	3.7
33	-1.171294	7.812084	1.974514	0.031711	7.5
34	-1.199049	8.810564	1.908379	0.019450	5.7
35	-1.172382	8.311068	1.940900	0.029577	3.7
36	-1.161775	9.283913	1.878550	0.019322	4.5
37	-1.186807	10.173731	1.824929	0.027455	4.4
38	-1.192400	10.094087	1.829604	0.024588	4.3
39	-1.207627	11.079501	1.773402	0.012649	4.8
40	-1.155575	10.769644	1.790698	0.020051	3.6
41	-1.231573	10.834593	1.787045	0.029765	8.3
42	-1.164807	10.535104	1.804017	0.015712	4.6
43	-1.137918	11.303426	1.761109	0.028132	3.6
44	-1.181710	10.815104	1.788140	0.025326	5.3
45	-1.190235	11.678710	1.740884	0.021991	4.4
46	-1.156813	11.242482	1.764438	0.015457	3.6
47	-1.173933	11.035925	1.775814	0.015120	4.6
48	-1.158324	10.979615	1.778941	0.023812	4.5
49	-1.169530	11.164164	1.768734	0.019609	7.0
50	-1.166436	10.740198	1.792360	0.028149	4.8
51	-1.146846	11.588185	1.745720	0.019298	3.6
52	-1.191835	11.101794	1.772170	0.034209	4.6
53	-1.177041	12.090407	1.719225	0.023709	3.5
54	-1.176111	13.074955	1.669550	0.018441	3.8
55	-1.187330	12.806782	1.682794	0.016161	4.3
56	-1.159906	12.781874	1.684035	0.019855	5.2
57	-1.160323	13.409166	1.653334	0.031624	7.9
58	-1.186561	12.971480	1.674636	0.021234	5.9
59	-1.149979	13.145185	1.666116	0.025073	6.9
60	-1.162472	13.948523	1.627819	0.022347	8.2
61	-1.176685	13.560167	1.646110	0.022131	6.1
62	-1.184493	13.145481	1.666102	0.023085	4.6
63	-1.172013	12.844838	1.680902	0.021868	9.1
64	-1.167641	12.812181	1.682525	0.029308	5.7
65	-1.160405	12.329444	1.706895	0.027845	4.6
66	-1.166724	12.811815	1.682544	0.029369	3.6
67	-1.176091	12.324018	1.707173	0.030488	4.9
68	-1.192106	12.433133	1.701601	0.018560	5.6
69	-1.172409	11.946652	1.726726	0.030757	3.6
70	-1.189755	11.795888	1.734664	0.029018	4.4
71	-1.145090	12.259554	1.710482	0.014072	9.3
72	-1.201864	12.652850	1.690491	0.024528	3.6
73	-1.159071	12.974338	1.674495	0.019011	4.4
74	-1.138769	12.893492	1.678489	0.029824	4.1
75	-1.201047	13.654543	1.641628	0.023170	4.2
76	-1.171823	13.598810	1.644272	0.029271	5.0
77	-1.130251	13.106472	1.668008	0.024835	3.7
78	-1.216378	12.818115	1.682230	0.017909	5.5
79	-1.198407	12.398499	1.703366	0.025514	7.3
80	-1.169908	12.785149	1.683872	0.015691	3.5
81	-1.189580	12.311382	1.707820	0.016328	5.4
82	-1.180520	12.687411	1.688757	0.019741	4.3
83	-1.198270	12.327090	1.707015	0.039080	3.6
84	-1.123320	13.275064	1.659803	0.021586	4.2
85	-1.175782	14.273847	1.612805	0.017587	4.4
86	-1.193441	14.044217	1.623373	0.022215	5.1
87	-1.182488	14.452343	1.604685	0.031330	6.0
88	-1.171237	15.418482	1.562115	0.021208	4.4
89	-1.186313	16.247816	1.527334	0.021849	4.7
90	-1.217612	15.748866	1.548071	0.024521	4.0
91	-1.174917	16.500246	1.517053	0.026872	5.1
92	-1.166549	16.310416	1.524771	0.022711	4.0
93	-1.149520	16.624894	1.512027	0.022314	3.9
94	-1.142651	16.559588	1.514656	0.024410	4.4
95	-1.171800	16.077556	1.534347	0.030942	6.2
96	-1.178666	17.060413	1.494725	0.021634	4.5
97	-1.199988	17.344481	1.483652	0.024328	4.8
98	-1.209860	17.399611	1.481522	0.018797	4.1
99	-1.198525	17.065074	1.494542	0.022067	4.8
100	-1.160207	17.748971	1.468164	0.030438	3.6
101	-1.182555	17.636651	1.472432	0.021200	4.5
102	-1.169060	18.632416	1.435437	0.020190	5.1
103	-1.167407	18.193713	1.451505	0.019858	6.6
104	-1.202773	18.902383	1.425726	0.013025	4.6
105	-1.211348	19.032506	1.421091	0.024804	5.7
106	-1.178807	18.912903	1.425350	0.020997	3.6
107	-1.159473	18.712850	1.432530	0.029656	4.3
108	-1.165254	19.702354	1.397704	0.014400	3.6
109	-1.192776	19.213558	1.414693	0.022108	7.2
110	-1.179596	18.784434	1.429953	0.019286	5.4
111	-1.197139	19.734116	1.396614	0.023533	7.8
112	-1.170282	19.556963	1.402715	0.024239	3.6
113	-1.196536	20.549035	1.369222	0.013438	4.0
114	-1.187016	20.399092	1.374181	0.031164	3.5
115	-1.206229	20.832763	1.359935	0.027180	5.3
116	-1.166124	21.831481	1.328225	0.016302	3.7
117	-1.164262	22.292007	1.314096	0.012170	4.2
118	-1.208136	22.207074	1.316679	0.024734	4.0
119	-1.177903	21.871733	1.326978	0.026784	5.7
120	-1.199931	21.440606	1.340458	0.015585	4.2
121	-1.188163	21.522464	1.337878	0.015273	3.9
122	-1.174985	21.773051	1.330040	0.026919	4.5
123	-1.208410	21.986528	1.323434	0.032133	4.2
124	-1.207430	22.260265	1.315060	0.036115	4.7
125	-1.166525	23.224748	1.286380	0.018755	3.6
126	-1.155905	23.765942	1.270829	0.020241	5.3
127	-1.183390	23.512372	1.278068	0.023372	5.6
128	-1.206852	23.369425	1.282186	0.023566	5.9
129	-1.185429	24.125380	1.260706	0.022453	4.7
130	-1.178525	24.105434	1.261264	0.017162	4.8
131	-1.182151	23.991778	1.264450	0.024133	3.8
132	-1.207253	24.699515	1.244868	0.013695	4.7
133	-1.189447	25.418218	1.225593	0.012229	4.5
134	-1.192019	25.303887	1.228619	0.014394	4.3
135	-1.219646	25.026749	1.236017	0.019048	5.8
136	-1.188602	25.154872	1.232586	0.036069	8.0
137	-1.181974	26.094676	1.207989	0.016611	3.6
138	-1.161805	25.792258	1.215796	0.018023	4.6
139	-1.129138	25.409654	1.225819	0.014802	4.7
140	-1.177968	25.947124	1.211786	0.015014	3.8
141	-1.160913	26.351216	1.201444	0.026103	4.3
142	-1.197108	25.868377	1.213822	0.025816	3.9
143	-1.184771	26.270488	1.203496	0.020545	4.9
144	-1.226789	25.770593	1.216359	0.028049	6.8
145	-1.212341	26.590522	1.195403	0.026135	3.8
146	-1.155848	26.156060	1.206417	0.024761	4.5
147	-1.211730	26.656311	1.193753	0.030572	4.5
148	-1.170539	27.596122	1.170666	0.022243	3.8
149	-1.208973	27.118671	1.182282	0.018923	3.7
150	-1.217246	26.626709	1.194495	0.018977	4.7
151	-1.193257	26.161112	1.206287	0.029700	4.0
152	-1.170429	25.785214	1.215979	0.033169	6.0
153	-1.156603	26.776340	1.190754	0.017025	5.6
154	-1.216103	26.286643	1.203085	0.023131	3.7
155	-1.169036	26.969879	1.185949	0.023554	4.6
156	-1.185965	27.560445	1.171527	0.019777	3.7
157	-1.159742	27.314259	1.177496	0.016512	5.1
158	-1.145345	26.907583	1.187492	0.024908	4.1
159	-1.187383	27.613960	1.170237	0.015633	3.9
160	-1.172603	27.194432	1.180424	0.018398	6.1
161	-1.227449	27.122177	1.182196	0.026017	7.9
162	-1.204774	27.133332	1.181922	0.028842	6.4
163	-1.160587	28.015157	1.160658	0.017357	5.4
164	-1.163937	28.833989	1.141587	0.021909	6.8
165	-1.188099	29.769981	1.120541	0.018823	8.5
166	-1.185395	30.699877	1.100387	0.019217	7.8
167	-1.172901	30.859819	1.096993	0.025228	6.4
168	-1.195552	30.386910	1.107088	0.016547	4.8
169	-1.191773	31.166849	1.090536	0.013902	3.6
170	-1.164277	31.085988	1.092229	0.023229	3.9
171	-1.210975	31.100958	1.091916	0.018930	4.4
172	-1.175180	30.606283	1.102382	0.015652	5.1
173	-1.129440	30.177522	1.111618	0.024803	4.0
174	-1.168479	29.775063	1.120429	0.022057	7.2
175	-1.188834	30.719733	1.099964	0.030941	4.1
176	-1.186262	30.601610	1.102482	0.026200	3.9
177	-1.211514	31.600586	1.081544	0.035362	4.2
178	-1.199011	32.588160	1.061612	0.021082	4.0
179	-1.139905	33.561412	1.042676	0.027817	3.6
180	-1.188422	34.360013	1.027634	0.029011	4.6
181	-1.168166	35.352537	1.009535	0.017672	4.5
182	-1.142377	34.853380	1.018557	0.029116	6.2
183	-1.201054	35.712737	1.003123	0.038388	5.0
184	-1.155160	36.709420	0.985798	0.025644	4.2
185	-1.191904	37.009200	0.980704	0.015995	3.9
186	-1.163495	37.140912	0.978482	0.018825	3.7
187	-1.173029	37.189798	0.977660	0.025441	3.7
188	-1.209199	36.734634	0.985368	0.016287	4.1
189	-1.164817	36.252326	0.993669	0.019165	3.8
190	-1.171618	36.309076	0.992685	0.017569	3.6
191	-1.162902	36.988427	0.981055	0.026702	5.4
192	-1.157573	37.670734	0.969646	0.029788	4.6
193	-1.176258	37.168776	0.978014	0.029709	3.8
194	-1.157981	38.168144	0.961495	0.020169	3.8
195	-1.215389	39.120119	0.946270	0.016281	3.8
196	-1.144302	38.742413	0.952252	0.023799	4.1
197	-1.218611	38.258885	0.960022	0.021970	3.9
198	-1.175950	38.784360	0.951584	0.020091	5.6
199	-1.173679	39.718458	0.936945	0.013478	4.3
200	-1.162607	39.848180	0.934947	0.014870	9.1
201	-1.194636	39.901291	0.934132	0.018146	3.9
202	-1.218930	40.600863	0.923524	0.014125	5.3
203	-1.200513	41.019549	0.917289	0.030465	4.5
204	-1.243087	40.986175	0.917783	0.027025	5.3
205	-1.158603	40.592084	0.923655	0.014377	5.3
206	-1.155489	40.148991	0.930348	0.023563	12.3
207	-1.226076	40.703782	0.921983	0.029510	7.0
208	-1.187261	41.601093	0.908768	0.018445	4.3
209	-1.187074	41.155678	0.915280	0.023252	3.6
210	-1.191388	40.904296	0.918997	0.027779	4.7
211	-1.207433	41.810645	0.905736	0.030432	5.2
212	-1.221217	42.806924	0.891594	0.017655	4.7
213	-1.163518	43.074783	0.887866	0.023850	4.7
214	-1.195791	42.962623	0.889423	0.027161	6.5
215	-1.159126	43.891477	0.876692	0.025605	3.6
216	-1.147196	44.418424	0.869630	0.015041	3.9
217	-1.191390	44.675217	0.866230	0.016188	3.9
218	-1.223035	44.458331	0.869100	0.012239	4.2
219	-1.167924	44.287585	0.871373	0.023588	5.5
220	-1.189179	44.031366	0.874806	0.033013	5.0
221	-1.171567	45.030502	0.861569	0.023930	3.9
222	-1.206244	46.029047	0.848734	0.030574	5.3
223	-1.183996	46.025219	0.848783	0.015573	5.4
224	-1.193599	45.770234	0.852024	0.017924	3.8
225	-1.223988	45.627063	0.853855	0.025001	3.7
226	-1.240408	45.173921	0.859702	0.034351	3.6
227	-1.188020	44.715218	0.865703	0.024190	3.7
228	-1.168984	45.704895	0.852859	0.021019	3.7
229	-1.204995	46.637470	0.841100	0.012911	3.7
230	-1.193896	46.238558	0.846090	0.025569	3.8
231	-1.199681	46.894545	0.837915	0.020224	4.3
232	-1.166561	46.447396	0.843470	0.017979	8.3
233	-1.187977	46.254401	0.845890	0.024406	4.4
234	-1.240630	46.555947	0.842115	0.023042	3.8
235	-1.161317	46.956619	0.837150	0.030617	4.9
236	-1.172676	46.512618	0.842655	0.022718	4.1
237	-1.237217	46.051271	0.848453	0.021607	4.1
238	-1.204883	45.841196	0.851120	0.020196	3.6
239	-1.187766	45.552754	0.854808	0.017576	5.7
240	-1.224536	45.448879	0.856145	0.019067	4.9
241	-1.206737	45.660557	0.853426	0.022456	3.6
242	-1.211045	46.629958	0.841193	0.023306	4.3
243	-1.198974	47.496045	0.830557	0.025849	3.6
244	-1.163230	47.863363	0.826127	0.022602	3.9
245	-1.188495	48.237967	0.821657	0.022769	3.6
246	-1.177153	47.745546	0.827542	0.022871	4.1
247	-1.185883	48.283296	0.821119	0.022513	3.6
248	-1.190412	48.582216	0.817592	0.023847	4.2
249	-1.171617	48.185772	0.822277	0.022331	5.2
250	-1.203019	49.129432	0.811212	0.021249	4.2
251	-1.202120	48.628477	0.817049	0.023503	3.5
252	-1.178412	48.433106	0.819348	0.020928	4.1
253	-1.200397	49.291666	0.809340	0.014878	3.5
254	-1.196896	48.831704	0.814671	0.014659	4.0
255	-1.209183	49.126886	0.811242	0.020948	3.6
256	-1.197937	48.873971	0.814178	0.015906	4.0
257	-1.192788	49.232026	0.810027	0.022711	3.6
258	-1.181202	49.905789	0.802330	0.027345	6.1
259	-1.185525	50.858818	0.791689	0.027108	5.8
260	-1.168468	50.497796	0.795687	0.026062	4.9
261	-1.194883	51.242698	0.787482	0.024110	6.1
262	-1.175012	52.033597	0.778955	0.013459	5.7
263	-1.167243	51.589833	0.783717	0.024521	5.5
264	-1.143087	51.118405	0.788840	0.020315	5.4
265	-1.173926	51.118453	0.788839	0.014834	7.7
266	-1.223660	50.924063	0.790971	0.024857	5.5
267	-1.196883	50.504762	0.795609	0.016740	6.9
268	-1.202798	50.101955	0.800117	0.032257	6.9
269	-1.213174	51.014013	0.789983	0.029048	5.7
270	-1.158426	51.537842	0.784278	0.018468	4.2
271	-1.158466	52.405236	0.775011	0.031879	4.6
272	-1.204842	53.051391	0.768248	0.022364	5.6
273	-1.201861	54.023409	0.758295	0.018942	3.5
274	-1.192208	53.685139	0.761729	0.018227	3.6
275	-1.211046	54.202828	0.756486	0.024777	4.9
276	-1.165730	53.757692	0.760990	0.015606	3.8
277	-1.214825	54.066877	0.757856	0.029448	3.6
278	-1.195084	53.714195	0.761433	0.016454	3.7
279	-1.204199	53.932120	0.759218	0.016774	3.6
280	-1.208719	53.476351	0.763865	0.017495	3.7
281	-1.180204	53.685674	0.761724	0.014438	7.0
282	-1.183420	53.518662	0.763431	0.023212	4.2
283	-1.161938	54.057337	0.757952	0.021304	3.6
284	-1.200947	54.062747	0.757897	0.025413	3.9
285	-1.177434	53.564092	0.762966	0.017630	3.7
286	-1.182782	53.129298	0.767441	0.025545	4.0
287	-1.180915	53.658228	0.762004	0.012265	4.0
288	-1.186109	53.707395	0.761502	0.030580	3.9
289	-1.114735	54.250122	0.756010	0.023081	3.8
290	-1.175932	53.770589	0.760859	0.016306	5.8
291	-1.224257	54.247618	0.756035	0.012814	4.1
292	-1.205961	54.164572	0.756871	0.028583	3.8
293	-1.168767	54.017322	0.758356	0.026962	4.0
294	-1.217159	54.246935	0.756042	0.025968	3.6
295	-1.169637	53.749824	0.761070	0.029399	4.3
296	-1.188815	53.321337	0.765458	0.025312	3.7
297	-1.185531	52.819445	0.770662	0.017454	4.0
298	-1.183871	52.778763	0.771087	0.010725	3.5
299	-1.211658	52.514648	0.773857	0.015264	4.7
300	-1.223727	53.002331	0.768758	0.029832	5.1
301	-1.221701	53.324452	0.765426	0.019807	4.1
302	-1.220733	54.320368	0.755305	0.021880	3.7
303	-1.188838	55.103316	0.747534	0.019988	4.0
304	-1.216250	55.106051	0.747508	0.038316	3.8
305	-1.216645	56.087006	0.737995	0.021426	4.1
306	-1.158824	55.944682	0.739360	0.015550	3.6
307	-1.200940	55.674474	0.741966	0.019416	4.1
308	-1.162968	55.260417	0.745995	0.031150	3.7
309	-1.168906	55.086099	0.747704	0.022865	5.6
310	-1.201965	54.590415	0.752607	0.020709	4.7
311	-1.194633	55.440740	0.744235	0.028739	3.8
312	-1.188720	56.290142	0.736056	0.016518	4.2
313	-1.163798	56.925434	0.730055	0.019191	3.6
314	-1.155123	57.009381	0.729269	0.018221	3.9
315	-1.145023	57.096851	0.728453	0.017798	3.6
316	-1.221045	57.052018	0.728871	0.027293	3.9
317	-1.217576	57.186945	0.727613	0.024439	3.7
318	-1.185332	57.715760	0.722725	0.015077	4.3
319	-1.160663	57.727074	0.722621	0.014986	5.7
320	-1.216264	57.411190	0.725532	0.018395	4.1
321	-1.229630	56.984324	0.729504	0.020365	5.2
322	-1.165115	57.375068	0.725867	0.025324	3.7
323	-1.203566	57.145582	0.727998	0.020731	3.7
324	-1.175075	57.638299	0.723437	0.023938	5.5
325	-1.165060	57.324264	0.726338	0.017355	4.7
326	-1.169123	57.419178	0.725458	0.020127	3.7
327	-1.171165	57.551479	0.724237	0.031052	7.6
328	-1.163436	58.172407	0.718557	0.022870	6.0
329	-1.191598	57.671313	0.723133	0.013856	10.2
330	-1.213746	58.213953	0.718180	0.030679	18.8
331	-1.198442	58.207351	0.718240	0.020391	13.7
332	-1.182677	58.574216	0.714928	0.016814	8.6
333	-1.168947	58.749038	0.713361	0.024282	7.0
334	-1.178888	58.568932	0.714976	0.017268	7.7
335	-1.191807	59.077735	0.710433	0.023265	8.6
336	-1.140993	58.599219	0.714704	0.016913	6.9
337	-1.143037	59.453901	0.707111	0.031947	6.9
338	-1.231198	58.985308	0.711254	0.024805	6.4
339	-1.200825	59.982901	0.702492	0.019462	5.2
340	-1.177289	59.675989	0.705165	0.010354	6.6
341	-1.187466	59.914662	0.703085	0.028134	10.4
342	-1.182938	60.354340	0.699285	0.014011	6.2
343	-1.222099	59.945006	0.702821	0.032954	6.7
344	-1.189346	60.919830	0.694458	0.016869	6.9
345	-1.217156	60.681312	0.696486	0.023905	6.8
346	-1.214559	61.599734	0.688741	0.023682	8.8
347	-1.162625	61.112199	0.692831	0.016699	3.7
348	-1.176019	61.926191	0.686030	0.017421	4.3
349	-1.198721	61.470683	0.689819	0.025984	5.2
350	-1.193753	62.325454	0.682743	0.028093	3.7
351	-1.186836	62.944825	0.677705	0.027184	4.4
352	-1.180707	63.933059	0.669820	0.020373	3.6
353	-1.165687	64.257676	0.667270	0.015388	5.1
354	-1.191489	64.184103	0.667846	0.028195	6.1
355	-1.158043	64.317369	0.666803	0.017106	3.6
356	-1.205607	64.426230	0.665953	0.029351	4.6
357	-1.171782	64.055592	0.668855	0.021127	3.9
358	-1.159077	65.034950	0.661241	0.023894	4.2
359	-1.198037	65.774840	0.655603	0.025863	3.6
360	-1.214141	65.525250	0.657494	0.030857	5.0
361	-1.197476	66.319260	0.651516	0.011396	3.7
362	-1.176085	66.349622	0.651289	0.021291	4.3
363	-1.151545	66.507114	0.650117	0.021562	6.2
364	-1.216593	66.614030	0.649324	0.023111	3.7
365	-1.181866	66.172301	0.652614	0.022660	4.2
366	-1.186414	65.674272	0.656364	0.018802	3.5
367	-1.209804	66.294894	0.651697	0.027915	4.4
368	-1.238690	65.810159	0.655336	0.025208	3.9
369	-1.216124	66.768436	0.648181	0.015910	4.3
370	-1.207558	66.795116	0.647984	0.012490	3.8
371	-1.160603	66.379576	0.651066	0.013567	8.3
372	-1.235245	66.276449	0.651835	0.013272	4.5
373	-1.185048	66.589818	0.649503	0.013740	4.3
374	-1.204504	66.504982	0.650133	0.014596	4.5
375	-1.196997	66.239837	0.652109	0.017908	4.1
376	-1.204143	65.791582	0.655477	0.029903	3.6
377	-1.196138	66.775419	0.648130	0.028350	3.9
378	-1.207926	66.276462	0.651835	0.028286	4.5
379	-1.193103	65.778393	0.655576	0.021954	4.4
380	-1.224499	66.035987	0.653636	0.020535	4.8
381	-1.191915	65.696515	0.656195	0.021229	5.1
382	-1.202806	65.774300	0.655607	0.018350	4.6
383	-1.167117	65.822716	0.655242	0.026235	3.6
384	-1.214857	66.329234	0.651441	0.015968	3.9
385	-1.193379	65.867717	0.654902	0.017234	3.9
386	-1.168565	65.399489	0.658451	0.019594	4.7
387	-1.226092	65.577499	0.657097	0.015201	3.7
388	-1.153426	65.295388	0.659246	0.016286	4.0
389	-1.168528	65.087569	0.660837	0.017150	5.6
390	-1.163625	65.128643	0.660522	0.023873	4.9
391	-1.181109	64.757779	0.663378	0.011033	3.7
392	-1.214993	64.306676	0.666886	0.015696	4.1
393	-1.184165	64.594002	0.664648	0.019469	5.5
394	-1.190393	64.152299	0.668095	0.031525	3.7
395	-1.184339	65.123582	0.660561	0.026230	4.2
396	-1.134584	66.112396	0.653063	0.017696	3.7
397	-1.166742	66.946332	0.646870	0.018286	7.2
398	-1.188342	66.519134	0.650028	0.019245	9.1
399	-1.223297	66.142655	0.652836	0.020991	7.2
400	-1.222253	66.930191	0.646989	0.012247	4.7
401	-1.203832	66.497218	0.650190	0.017044	3.7
402	-1.203196	66.657735	0.649000	0.017373	5.9
403	-1.193041	67.333704	0.644033	0.034864	6.1
404	-1.192428	66.832690	0.647707	0.023603	9.9
405	-1.175206	67.830266	0.640433	0.027944	5.5
406	-1.184064	67.351442	0.643904	0.025984	6.8
407	-1.184589	68.346508	0.636733	0.024082	6.5
408	-1.203119	68.326115	0.636878	0.015033	6.5
409	-1.137754	69.114952	0.631303	0.021319	5.9
410	-1.192601	69.540489	0.628336	0.020523	8.5
411	-1.187211	70.144700	0.624171	0.016108	6.9
412	-1.178147	69.962698	0.625420	0.019642	5.7
413	-1.174727	69.850428	0.626192	0.027249	6.9
414	-1.185156	70.667085	0.620614	0.017297	5.5
415	-1.209714	71.317036	0.616244	0.019315	6.5
416	-1.242895	70.903373	0.619018	0.018663	9.4
417	-1.173324	71.527393	0.614843	0.015838	5.8
418	-1.180055	71.307981	0.616305	0.027362	6.7
419	-1.184903	70.843907	0.619419	0.012023	6.0
420	-1.161700	70.471378	0.621942	0.029550	3.8
421	-1.178936	70.992994	0.618415	0.019105	4.3
422	-1.212343	70.509505	0.621682	0.022763	6.1
423	-1.203554	71.376295	0.615849	0.018864	6.9
424	-1.181960	71.690551	0.613761	0.015754	3.7
425	-1.153542	71.338734	0.616100	0.016980	5.8
426	-1.212874	70.947186	0.618723	0.008072	3.5
427	-1.197015	70.661494	0.620652	0.029831	4.1
428	-1.183361	70.237857	0.623533	0.019409	3.7
429	-1.151187	70.442525	0.622138	0.017578	5.3
430	-1.194286	70.997155	0.618387	0.015200	3.7
431	-1.201174	71.222453	0.616876	0.025685	5.4
432	-1.190457	71.764818	0.613270	0.017952	5.5
433	-1.195067	71.272407	0.616542	0.030688	3.7
434	-1.182356	71.816637	0.612927	0.024937	4.1
435	-1.164264	71.315886	0.616252	0.017035	3.8
436	-1.199141	72.180506	0.610534	0.016807	5.8
437	-1.192111	71.698836	0.613706	0.026528	4.1
438	-1.186081	71.795406	0.613068	0.024531	3.7
439	-1.138900	72.752845	0.606807	0.019665	5.0
440	-1.207029	72.308167	0.609699	0.016986	7.0
441	-1.166048	72.423616	0.608945	0.020177	3.6
442	-1.194131	72.351933	0.609413	0.024683	5.0
443	-1.146767	72.896625	0.605877	0.021552	3.7
444	-1.197314	73.422668	0.602502	0.024397	4.0
445	-1.201912	73.553033	0.601671	0.027596	3.7
446	-1.179564	73.203190	0.603906	0.033563	4.3
447	-1.213305	74.200728	0.597578	0.009217	4.2
448	-1.207432	74.038462	0.598598	0.021924	5.9
449	-1.187720	73.909158	0.599414	0.020000	4.5
450	-1.230729	73.444289	0.602364	0.022198	4.6
451	-1.180789	73.078241	0.604708	0.022273	4.4
452	-1.196523	72.626533	0.607625	0.014196	3.6
453	-1.237669	72.543305	0.608166	0.027003	4.3
454	-1.188273	72.297298	0.609770	0.022320	4.6
455	-1.216971	73.090364	0.604630	0.024170	3.6
456	-1.174115	72.635861	0.607565	0.026590	3.7
457	-1.208630	72.980888	0.605334	0.018284	8.7
458	-1.197257	72.486998	0.608532	0.024003	3.5
459	-1.228759	73.421458	0.602510	0.015807	4.2
460	-1.164955	74.115915	0.598111	0.008391	4.5
461	-1.186361	74.119699	0.598087	0.018204	4.3
462	-1.199852	73.918649	0.599354	0.024312	3.7
463	-1.168524	74.865902	0.593432	0.014594	4.1
464	-1.133318	74.790642	0.593898	0.035173	4.3
465	-1.189191	75.581863	0.589032	0.019175	6.9
466	-1.136376	76.569049	0.583073	0.022192	4.2
467	-1.190887	76.456894	0.583744	0.017911	4.0
468	-1.187802	76.095098	0.585919	0.018442	5.4
469	-1.163470	76.930386	0.580921	0.020125	3.9
470	-1.160906	76.793813	0.581733	0.014988	3.6
471	-1.202220	76.400948	0.584079	0.017721	5.0
472	-1.159657	76.011175	0.586426	0.019028	3.6
473	-1.192044	75.612422	0.588846	0.009250	4.8
474	-1.189150	75.244638	0.591096	0.021256	5.8
475	-1.228058	75.236088	0.591149	0.022218	3.8
476	-1.184181	76.056611	0.586151	0.019168	3.8
477	-1.185194	75.600865	0.588917	0.022404	3.7
478	-1.203906	75.618813	0.588807	0.025608	4.1
479	-1.178370	75.142304	0.591725	0.023383	4.3
480	-1.229271	76.139458	0.585651	0.010252	4.0
481	-1.156623	76.211421	0.585218	0.023398	3.7
482	-1.197683	76.001741	0.586483	0.013785	5.4
483	-1.226377	76.211419	0.585218	0.019404	5.6
484	-1.217218	75.845101	0.587431	0.016465	3.8
485	-1.205102	75.895512	0.587126	0.032276	3.6
486	-1.188404	76.869484	0.581283	0.029288	5.8
487	-1.196831	76.604745	0.582859	0.030473	4.4
488	-1.176526	76.347579	0.584399	0.021282	3.6
489	-1.215625	76.429693	0.583907	0.020439	5.4
490	-1.204744	77.204219	0.579302	0.016926	4.8
491	-1.209088	76.761010	0.581928	0.027327	6.6
492	-1.223816	76.389830	0.584146	0.019383	5.8
493	-1.191165	77.268623	0.578922	0.030185	4.3
494	-1.196218	76.836035	0.581482	0.041834	3.7
495	-1.175552	76.334050	0.584480	0.029022	4.2
496	-1.168502	77.332764	0.578544	0.020331	5.6
497	-1.216374	76.857934	0.581351	0.015986	6.4
498	-1.202019	76.502497	0.583471	0.028815	8.3
499	-1.154761	77.244445	0.579064	0.024454	4.9
500	-1.156478	76.765885	0.581899	0.020184	3.9
501	-1.204893	76.423481	0.583944	0.013371	4.6
502	-1.186152	76.063885	0.586107	0.017977	5.8
503	-1.172254	76.151731	0.585577	0.021623	16.1
504	-1.189344	75.676992	0.588453	0.020651	7.8
505	-1.190401	75.350770	0.590445	0.021106	9.7
506	-1.211551	75.735858	0.588095	0.022662	6.6
507	-1.184797	75.291243	0.590810	0.029347	6.5
508	-1.198599	76.188081	0.585358	0.024031	3.5
509	-1.194269	76.994355	0.580542	0.014968	4.7
510	-1.190228	77.541730	0.577317	0.024542	5.8
511	-1.190252	77.062052	0.580141	0.015425	4.0
512	-1.207084	77.546635	0.577289	0.014356	4.0
513	-1.213215	77.414760	0.578062	0.035611	3.6
514	-1.243258	76.945292	0.580833	0.032634	5.5
515	-1.225325	77.945266	0.574963	0.033041	4.2
516	-1.173381	77.892432	0.575270	0.017002	4.4
517	-1.180081	77.523431	0.577425	0.019601	3.6
518	-1.171322	77.051031	0.580207	0.022248	7.8
519	-1.190778	77.710611	0.576330	0.015779	4.4
520	-1.163596	77.953690	0.574914	0.019878	3.7
521	-1.215460	77.904203	0.575202	0.020239	6.0
522	-1.210733	78.650658	0.570893	0.013562	4.4
523	-1.176871	78.352931	0.572604	0.019485	3.7
524	-1.203796	77.922546	0.575095	0.017440	4.9
525	-1.225121	78.094022	0.574100	0.020349	4.5
526	-1.208641	78.312523	0.572837	0.029169	6.9
527	-1.172253	77.819804	0.575693	0.016193	4.4
528	-1.213014	77.356572	0.578404	0.021583	4.7
529	-1.198233	77.182702	0.579428	0.015166	4.1
530	-1.180297	76.759905	0.581934	0.011549	3.6
531	-1.187838	76.736312	0.582075	0.023308	4.8
532	-1.203439	76.788531	0.581764	0.014974	3.9
533	-1.155670	77.359603	0.578386	0.022306	3.7
534	-1.207888	78.268963	0.573088	0.009495	4.7
535	-1.207513	78.307981	0.572863	0.013792	6.7
536	-1.181813	78.301550	0.572900	0.012322	3.9
537	-1.214115	78.076456	0.574202	0.030161	3.8
538	-1.193954	77.813852	0.575727	0.019853	4.1
539	-1.212680	78.812566	0.569967	0.020819	5.3
540	-1.235721	78.678115	0.570736	0.012646	3.8
541	-1.168747	78.426688	0.572179	0.011919	3.6
542	-1.170214	78.792197	0.570083	0.019630	4.6
543	-1.195107	78.855503	0.569722	0.014318	5.3
544	-1.189411	78.808269	0.569991	0.019037	4.3
545	-1.207307	79.296258	0.567218	0.019561	3.9
546	-1.205180	80.174377	0.562295	0.024155	4.2
547	-1.169670	81.125936	0.557056	0.009976	3.7
548	-1.195092	81.416777	0.555474	0.017843	4.0
549	-1.194395	81.200896	0.556647	0.027630	3.7
550	-1.208678	82.139286	0.551583	0.021715	4.8
551	-1.213068	81.691946	0.553986	0.022267	3.6
552	-1.209624	81.412897	0.555495	0.019996	4.8
553	-1.201271	81.111476	0.557135	0.014027	5.4
554	-1.204028	80.734038	0.559202	0.025687	3.6
555	-1.184066	80.419834	0.560934	0.017562	3.5
556	-1.193350	79.947074	0.563561	0.022017	3.7
557	-1.188716	80.538937	0.560276	0.029249	3.9
558	-1.191329	80.379190	0.561159	0.026468	4.7
559	-1.201616	79.878293	0.563945	0.013615	3.7
560	-1.188814	79.434859	0.566435	0.017204	3.6
561	-1.228090	79.353479	0.566895	0.018163	4.1
562	-1.198116	79.991647	0.563312	0.038438	6.9
563	-1.243954	80.164257	0.562351	0.010668	3.9
564	-1.210303	80.675280	0.559525	0.020984	3.8
565	-1.157406	80.380717	0.561151	0.017325	5.2
566	-1.177604	81.306138	0.556075	0.008749	4.0
567	-1.193534	81.330148	0.555944	0.015538	3.5
568	-1.187397	81.297663	0.556121	0.018697	3.8
569	-1.219439	81.014425	0.557665	0.026848	4.1
570	-1.163318	80.533375	0.560307	0.013578	4.4
571	-1.256230	80.439895	0.560823	0.016769	6.0
572	-1.213613	80.550969	0.560210	0.012795	5.5
573	-1.183005	80.354902	0.561294	0.022318	4.2
574	-1.175209	79.964071	0.563466	0.024875	3.7
575	-1.223245	80.811395	0.558777	0.019836	3.9
576	-1.177088	80.942361	0.558059	0.022774	4.4
577	-1.221292	81.477023	0.555147	0.027166	3.9
578	-1.203436	80.975836	0.557876	0.012187	3.5
579	-1.161794	81.511865	0.554959	0.032241	4.3
580	-1.144947	82.000158	0.552328	0.020853	6.3
581	-1.195456	81.582244	0.554578	0.023011	3.6
582	-1.158623	81.408385	0.555519	0.023403	3.5
583	-1.182468	81.469199	0.555190	0.019922	4.3
584	-1.172179	81.199403	0.556655	0.017033	4.3
585	-1.178763	80.826679	0.558693	0.015192	3.7
586	-1.174358	81.111341	0.557135	0.011079	3.6
587	-1.149975	81.176345	0.556781	0.018867	3.8
588	-1.173272	81.527855	0.554872	0.010092	4.4
589	-1.208311	81.189934	0.556707	0.028758	5.9
590	-1.195639	81.794191	0.553434	0.020950	4.0
591	-1.168906	81.552826	0.554737	0.024768	4.6
592	-1.196320	81.405011	0.555538	0.030528	4.3
593	-1.159719	82.165520	0.551442	0.021159	3.6
594	-1.201988	81.716271	0.553854	0.029422	3.7
595	-1.178398	82.701482	0.548592	0.018381	4.6
596	-1.195232	82.663371	0.548794	0.019332	3.5
597	-1.157976	83.135710	0.546305	0.021658	3.5
598	-1.192958	82.681318	0.548699	0.024443	7.3
599	-1.203753	82.626838	0.548988	0.013579	4.0
600	-1.193221	82.822409	0.547953	0.020906	3.5
601	-1.227497	83.536720	0.544209	0.025804	3.6
602	-1.177193	83.125305	0.546360	0.015891	3.5
603	-1.172071	82.706281	0.548567	0.016897	5.2
604	-1.216107	83.405159	0.544895	0.028454	3.6
605	-1.173903	82.926273	0.547406	0.018744	3.7
606	-1.197838	83.887286	0.542390	0.021576	3.6
607	-1.194002	84.146035	0.541056	0.020066	7.0
608	-1.200656	84.680533	0.538319	0.017447	3.6
609	-1.188305	85.549391	0.533929	0.020416	3.6
610	-1.184821	86.346036	0.529967	0.032175	4.0
611	-1.156396	86.296119	0.530214	0.022127	3.9
612	-1.169349	86.862862	0.527428	0.015044	3.8
613	-1.193424	86.677177	0.528337	0.023780	3.5
614	-1.151847	86.303135	0.530179	0.018004	4.1
615	-1.150106	86.014115	0.531611	0.020428	3.9
616	-1.200163	85.767576	0.532838	0.038354	5.2
617	-1.229628	86.766866	0.527897	0.022938	4.6
618	-1.225102	87.579142	0.523948	0.020298	4.4
619	-1.162511	87.181742	0.525873	0.029143	3.9
620	-1.188602	87.755846	0.523097	0.022919	3.5
621	-1.184050	88.713885	0.518529	0.022743	3.5
622	-1.203606	88.388067	0.520074	0.022019	4.6
623	-1.205996	88.229050	0.520831	0.033003	3.8
624	-1.203160	89.217534	0.516160	0.021631	3.5
625	-1.235952	90.188158	0.511654	0.033571	3.5
626	-1.186729	91.185859	0.507104	0.014433	7.7
627	-1.182705	91.491816	0.505724	0.015115	4.1
628	-1.208523	91.210990	0.506990	0.022402	4.2
629	-1.178578	91.447438	0.505924	0.026160	3.8
630	-1.170522	91.093420	0.507522	0.027439	4.4
631	-1.202394	92.046085	0.503245	0.023610	3.6
632	-1.209457	91.585175	0.505305	0.016918	3.7
633	-1.170537	92.324425	0.502009	0.027187	4.1
634	-1.221356	93.052807	0.498803	0.022419	5.0
635	-1.229698	92.779504	0.500001	0.018034	6.1
636	-1.167317	92.463867	0.501392	0.026408	4.0
637	-1.176537	92.156184	0.502755	0.012681	4.6
638	-1.196338	91.713501	0.504730	0.012845	3.5
639	-1.215435	91.418273	0.506055	0.027012	3.8
640	-1.184584	91.947515	0.503684	0.022048	3.6
641	-1.185218	91.897821	0.503906	0.012354	3.9
642	-1.197690	92.098945	0.503010	0.019971	4.2
643	-1.173259	91.736737	0.504626	0.022268	4.3
644	-1.205981	91.797771	0.504353	0.017703	6.2
645	-1.180601	92.253741	0.502322	0.016741	4.2
646	-1.157848	91.878234	0.503993	0.019459	3.6
647	-1.202920	92.060412	0.503181	0.024952	4.0
648	-1.166100	92.696258	0.500367	0.019535	4.3
649	-1.176266	93.592870	0.496452	0.012621	4.0
650	-1.194255	94.024792	0.494588	0.015535	3.9
651	-1.209492	93.804444	0.495537	0.018479	3.6
652	-1.206175	94.167613	0.493974	0.029848	4.9
653	-1.169610	93.751890	0.495764	0.018400	5.8
654	-1.211226	93.568314	0.496558	0.018906	4.1
655	-1.194957	93.760558	0.495727	0.015813	3.9
656	-1.205433	93.483596	0.496926	0.022474	4.6
657	-1.215132	93.474307	0.496966	0.018883	3.9
658	-1.201987	93.704656	0.495968	0.018879	3.7
659	-1.188746	93.811185	0.495508	0.021981	4.1
660	-1.194178	94.399901	0.492980	0.029223	4.0
661	-1.153204	95.342566	0.488986	0.020290	4.6
662	-1.207558	95.137243	0.489850	0.019335	5.4
663	-1.222337	96.030145	0.486113	0.010196	4.9
664	-1.210264	95.765994	0.487213	0.022915	3.9
665	-1.228840	95.771325	0.487190	0.009196	3.8
666	-1.204670	96.149661	0.485617	0.017557	3.7
667	-1.221943	96.380064	0.484664	0.027676	4.5
668	-1.201003	97.009925	0.482077	0.028409	5.5
669	-1.173347	96.531216	0.484040	0.017751	6.0
670	-1.196029	96.419079	0.484503	0.025872	6.4
671	-1.179960	96.894881	0.482547	0.020120	4.1
672	-1.158312	97.708894	0.479238	0.018474	3.5
673	-1.168553	98.149304	0.477467	0.027356	4.9
674	-1.192144	97.814576	0.478812	0.011514	6.1
675	-1.189328	97.502262	0.480074	0.022752	6.9
676	-1.237563	97.486145	0.480139	0.024199	5.2
677	-1.175119	98.452003	0.476257	0.024773	10.2
678	-1.145370	98.078390	0.477751	0.021973	4.2
679	-1.223545	97.629674	0.479558	0.021633	4.1
680	-1.173113	98.137746	0.477513	0.027086	3.6
681	-1.204222	98.187434	0.477314	0.015049	4.8
682	-1.223712	98.598948	0.475672	0.033272	3.7
683	-1.199329	98.102929	0.477653	0.027039	4.0
684	-1.200161	97.656388	0.479450	0.013572	3.5
685	-1.198476	98.481516	0.476139	0.020875	4.8
686	-1.183914	98.613315	0.475615	0.019851	7.3
687	-1.175550	99.047349	0.473895	0.013613	3.7
688	-1.206243	98.912040	0.474430	0.021777	4.5
689	-1.184281	98.452964	0.476253	0.021667	5.7
690	-1.194337	98.465973	0.476201	0.022404	5.2
691	-1.187198	98.375562	0.476562	0.020522	4.5
692	-1.252116	97.889455	0.478510	0.017289	3.7
693	-1.232619	97.597443	0.479689	0.027848	8.0
694	-1.212637	98.231434	0.477138	0.021623	4.8
695	-1.218214	97.763592	0.479018	0.017080	3.8
696	-1.184438	98.700798	0.475267	0.022358	5.1
697	-1.168971	99.511902	0.472068	0.019243	4.5
698	-1.224203	100.405924	0.468592	0.018609	3.6
699	-1.150644	101.077249	0.466015	0.010930	5.2
700	-1.180455	100.854334	0.466868	0.025065	4.4
701	-1.204096	101.160016	0.465699	0.033032	5.5
702	-1.175264	102.158635	0.461923	0.022880	5.8
703	-1.141954	102.964971	0.458919	0.016068	3.6
704	-1.174437	102.586581	0.460324	0.021423	4.5
705	-1.187609	102.124850	0.462050	0.018345	3.9
706	-1.212522	103.057049	0.458578	0.024093	5.0
707	-1.177483	103.820819	0.455772	0.018666	4.6
708	-1.180732	104.069382	0.454866	0.024380	3.5
709	-1.217699	103.774856	0.455940	0.020026	5.9
710	-1.214812	103.278688	0.457760	0.026565	5.8
711	-1.184039	103.497064	0.456957	0.018600	3.6
712	-1.165533	104.484879	0.453360	0.012234	4.4
713	-1.172897	104.046901	0.454948	0.030301	4.9
714	-1.240681	104.344718	0.453867	0.018935	4.8
715	-1.188255	103.924607	0.455393	0.026018	3.8
716	-1.227182	104.756194	0.452382	0.019297	4.4
717	-1.221348	105.545108	0.449562	0.022026	6.1
718	-1.156210	105.101556	0.451143	0.017396	5.0
719	-1.176410	104.917687	0.451802	0.030908	4.1
720	-1.170028	104.445321	0.453503	0.027608	5.2
721	-1.185961	103.948929	0.455305	0.022727	3.6
722	-1.237091	103.689048	0.456254	0.010491	3.9
723	-1.209635	104.203012	0.454381	0.017604	4.0
724	-1.206162	104.133854	0.454632	0.019415	4.3
725	-1.199117	104.970062	0.451614	0.019227	3.6
726	-1.202216	105.715541	0.448957	0.020993	5.1
727	-1.212079	105.475348	0.449810	0.013788	5.0
728	-1.207301	106.137846	0.447466	0.022747	5.8
729	-1.165865	106.244463	0.447091	0.019468	5.1
730	-1.248705	106.270398	0.447000	0.030858	6.1
731	-1.205699	107.265232	0.443533	0.013032	7.1
732	-1.239569	108.069094	0.440771	0.013770	9.9
733	-1.228897	108.615135	0.438914	0.015815	6.1
734	-1.237190	108.195657	0.440339	0.017020	4.0
735	-1.186724	108.416998	0.439586	0.025702	5.3
736	-1.177196	108.024214	0.440924	0.019538	3.6
737	-1.217920	107.528295	0.442625	0.017932	4.1
738	-1.189946	108.339831	0.439848	0.034822	3.7
739	-1.144820	107.862569	0.441477	0.016219	4.1
740	-1.190052	107.435201	0.442946	0.020739	4.0
741	-1.211413	106.993310	0.444475	0.016755	4.7
742	-1.186396	106.753644	0.445309	0.016068	5.8
743	-1.201315	106.712288	0.445453	0.025100	3.6
744	-1.189253	106.511957	0.446153	0.016235	5.2
745	-1.200905	106.782872	0.445207	0.025216	6.4
746	-1.201379	106.307504	0.446870	0.015865	3.7
747	-1.217341	106.157171	0.447398	0.027180	4.1
748	-1.168526	106.182026	0.447310	0.023016	3.6
749	-1.178349	107.174214	0.443848	0.029817	5.4
750	-1.159182	106.949535	0.444627	0.017351	5.0
751	-1.211079	107.524940	0.442637	0.024996	3.6
752	-1.180710	107.794520	0.441710	0.021421	4.1
753	-1.192803	108.757946	0.438431	0.017428	3.9
754	-1.175622	109.143133	0.437133	0.018464	4.2
755	-1.174936	109.215729	0.436889	0.021024	3.6
756	-1.160053	108.791202	0.438318	0.022286	4.0
757	-1.193616	109.082619	0.437336	0.027665	3.7
758	-1.223644	109.172791	0.437033	0.026631	5.0
759	-1.155664	109.265307	0.436723	0.012849	5.1
760	-1.171303	108.805050	0.438271	0.017744	3.7
761	-1.209926	109.367428	0.436381	0.017875	4.2
762	-1.194404	110.167883	0.433718	0.014840	3.6
763	-1.218764	109.744141	0.435124	0.017027	3.9
764	-1.189459	109.338903	0.436476	0.021259	3.5
765	-1.193178	109.696307	0.435283	0.019990	3.8
766	-1.203690	109.213448	0.436897	0.023576	3.5
767	-1.196521	108.840631	0.438151	0.015726	3.5
768	-1.226058	108.825184	0.438204	0.025729	6.4
769	-1.206859	108.901895	0.437945	0.017875	3.9
770	-1.186194	109.784910	0.434988	0.030213	3.6
771	-1.189419	109.288560	0.436645	0.014651	3.7
772	-1.165298	109.205679	0.436923	0.021913	3.6
773	-1.208850	109.926706	0.434517	0.020197	3.5
774	-1.173457	110.350233	0.433116	0.030075	3.8
775	-1.204091	111.022326	0.430911	0.018599	3.7
776	-1.182804	110.543307	0.432480	0.013093	3.5
777	-1.180955	111.078636	0.430727	0.012358	4.2
778	-1.182663	110.768711	0.431740	0.019062	5.4
779	-1.223902	110.953889	0.431134	0.018625	3.6
780	-1.202821	111.201803	0.430326	0.021345	3.5
781	-1.186249	110.845080	0.431490	0.032507	3.6
782	-1.192627	110.349166	0.433119	0.012115	3.5
783	-1.159960	110.145109	0.433793	0.021775	3.6
784	-1.189656	110.210023	0.433579	0.025374	3.5
785	-1.235190	110.926690	0.431223	0.019551	3.5
786	-1.185233	110.761381	0.431764	0.032594	3.5
787	-1.177923	111.747918	0.428556	0.013006	4.0
788	-1.149024	111.483870	0.429410	0.012621	5.8
789	-1.245269	111.792247	0.428412	0.030302	4.1
790	-1.168887	112.074660	0.427503	0.014710	3.6
791	-1.197538	112.271404	0.426872	0.015943	3.5
792	-1.202602	111.907177	0.428042	0.015548	4.3
793	-1.194325	112.642413	0.425687	0.023924	3.6
794	-1.183651	112.350831	0.426618	0.016941	4.3
795	-1.150800	112.672537	0.425591	0.017450	3.6
796	-1.188041	112.264072	0.426896	0.018224	3.8
797	-1.209977	113.103012	0.424225	0.017415	5.4
798	-1.182979	113.755379	0.422171	0.017488	4.3
799	-1.191073	113.292399	0.423627	0.014870	3.5
800	-1.183671	112.970227	0.424645	0.028265	4.1
801	-1.157972	113.614876	0.422612	0.020615	3.5
802	-1.235250	114.132092	0.420994	0.015594	5.9
803	-1.160398	114.199999	0.420783	0.013577	4.6
804	-1.190639	114.022224	0.421337	0.027818	3.6
805	-1.177280	114.360503	0.420284	0.023386	5.8
806	-1.196331	115.355579	0.417217	0.017191	6.5
807	-1.205336	115.130471	0.417907	0.017686	3.6
808	-1.181649	114.935337	0.418507	0.018485	5.7
809	-1.209532	114.852524	0.418762	0.021029	3.6
810	-1.188927	114.513757	0.419809	0.012217	4.2
811	-1.246798	114.135211	0.420985	0.024149	4.3
812	-1.221436	113.684708	0.422393	0.021322	4.7
813	-1.132854	113.191817	0.423944	0.026844	5.0
814	-1.179014	112.709743	0.425473	0.022690	6.6
815	-1.236448	112.488059	0.426179	0.026401	4.9
816	-1.154371	112.039671	0.427616	0.016460	4.5
817	-1.210876	111.701973	0.428704	0.013615	3.6
818	-1.197142	111.765412	0.428499	0.015792	5.1
819	-1.200772	112.197245	0.427110	0.033573	4.4
820	-1.217667	113.118163	0.424177	0.011011	3.7
821	-1.193609	112.639688	0.425696	0.023173	4.3
822	-1.223680	112.548437	0.425987	0.025869	8.6
823	-1.206818	112.096187	0.427434	0.020194	3.7
824	-1.247279	111.991682	0.427770	0.018101	4.4
825	-1.206147	112.941106	0.424738	0.023057	5.5
826	-1.161476	113.319784	0.423540	0.023514	4.2
827	-1.200801	112.824390	0.425108	0.022382	4.2
828	-1.175120	112.836205	0.425071	0.022702	4.0
829	-1.211130	112.362729	0.426580	0.014939	5.8
830	-1.230075	112.004170	0.427730	0.015510	6.5
831	-1.148839	112.488175	0.426179	0.021658	3.7
832	-1.165468	112.139361	0.427296	0.026286	5.3
833	-1.209171	112.436457	0.426344	0.019827	3.6
834	-1.229482	112.098477	0.427427	0.008570	4.0
835	-1.182407	111.834968	0.428275	0.011516	3.7
836	-1.220257	111.614128	0.428988	0.022483	4.9
837	-1.172463	111.211399	0.430295	0.026035	4.0
838	-1.160476	111.979907	0.427808	0.016686	4.7
839	-1.217364	112.561077	0.425946	0.022503	5.2
840	-1.182123	112.851996	0.425021	0.018138	3.6
841	-1.243537	113.771211	0.422122	0.027088	3.7
842	-1.203586	113.308246	0.423577	0.023874	3.5
843	-1.161255	114.252783	0.420619	0.027320	4.5
844	-1.170723	113.816566	0.421980	0.021444	3.6
845	-1.177931	113.373600	0.423371	0.022706	3.7
846	-1.178300	113.838211	0.421912	0.025847	3.5
847	-1.210399	113.551667	0.422810	0.010233	4.7
848	-1.203523	113.881148	0.421778	0.023302	5.5
849	-1.189572	113.930757	0.421623	0.014429	3.5
850	-1.191677	114.049870	0.421251	0.014023	3.6
851	-1.170652	113.832649	0.421929	0.011704	3.5
852	-1.218726	113.803199	0.422022	0.025160	3.5
853	-1.181841	114.004735	0.421392	0.025710	3.4
854	-1.127151	113.857953	0.421850	0.011698	3.6
855	-1.186339	114.146103	0.420951	0.016366	3.5
856	-1.189115	113.762406	0.422149	0.029410	3.6
857	-1.196457	114.563802	0.419654	0.024236	3.5
858	-1.191928	114.255268	0.420611	0.014096	6.4
859	-1.228876	113.934906	0.421610	0.015550	3.7
860	-1.189692	114.037874	0.421288	0.021533	3.5
861	-1.193132	113.832465	0.421930	0.020905	3.5
862	-1.189488	114.721299	0.419167	0.020287	3.7
863	-1.173113	114.823319	0.418852	0.016960	3.5
864	-1.203164	115.435418	0.416973	0.014259	3.6
865	-1.175446	116.035870	0.415146	0.016757	3.6
866	-1.220620	116.117140	0.414900	0.026624	3.7
867	-1.205897	115.703896	0.416154	0.024159	3.7
868	-1.135360	116.421591	0.413980	0.036113	6.2
869	-1.164336	116.420789	0.413983	0.011786	4.3
870	-1.185854	116.774530	0.412920	0.019796	3.6
871	-1.194671	116.503751	0.413733	0.021728	4.1
872	-1.197128	116.073315	0.415032	0.016578	3.7
873	-1.166508	116.274879	0.414423	0.022226	4.1
874	-1.218149	116.096675	0.414962	0.024447	3.6
875	-1.247340	116.149133	0.414803	0.022657	4.4
876	-1.184664	115.778013	0.415928	0.021788	3.5
877	-1.195496	116.487806	0.413781	0.022775	6.8
878	-1.184482	117.035620	0.412139	0.023346	4.7
879	-1.188588	116.876610	0.412614	0.017049	4.5
880	-1.186247	117.415942	0.411006	0.016911	5.0
881	-1.180607	117.905037	0.409559	0.027528	4.6
882	-1.214880	117.613229	0.410422	0.014947	3.7
883	-1.188163	118.509115	0.407786	0.023939	5.2
884	-1.178815	118.176934	0.408759	0.012847	3.6
885	-1.181327	118.361075	0.408219	0.029282	6.1
886	-1.226572	119.131333	0.405975	0.012919	5.8
887	-1.181369	119.351703	0.405338	0.015724	3.8
888	-1.195711	119.039551	0.406241	0.021582	4.4
889	-1.267145	119.725305	0.404262	0.018569	3.8
890	-1.180291	120.441471	0.402215	0.012845	5.2
891	-1.208990	120.778229	0.401259	0.023064	4.3
892	-1.180217	121.199626	0.400070	0.020098	3.6
893	-1.232347	121.865581	0.398205	0.018102	5.8
894	-1.216597	122.201619	0.397271	0.017495	5.2
895	-1.173857	121.885159	0.398151	0.013297	4.0
896	-1.192402	121.672533	0.398744	0.018254	4.2
897	-1.185748	121.236296	0.399967	0.018460	4.7
898	-1.198933	121.948419	0.397975	0.029322	4.5
899	-1.213034	121.451587	0.399363	0.013314	3.7
900	-1.202678	121.248468	0.399933	0.024299	5.0
901	-1.173482	122.002918	0.397823	0.022533	4.1
902	-1.182165	122.805380	0.395603	0.016888	7.3
903	-1.180099	123.570532	0.393509	0.015233	4.7
904	-1.182625	123.435256	0.393878	0.015994	3.9
905	-1.219786	123.102348	0.394788	0.020017	4.4
906	-1.218385	123.050937	0.394929	0.021228	3.6
907	-1.223943	122.569388	0.396253	0.013747	5.3
908	-1.170610	122.269497	0.397083	0.024360	4.3
909	-1.213571	122.386038	0.396760	0.015671	3.5
910	-1.205694	122.699022	0.395896	0.028738	5.3
911	-1.187241	122.279978	0.397054	0.033885	6.4
912	-1.195406	121.779843	0.398445	0.019923	3.7
913	-1.205388	121.688879	0.398699	0.018469	4.4
914	-1.202432	121.300009	0.399788	0.024788	5.1
915	-1.189439	122.241255	0.397161	0.017067	4.6
916	-1.211355	123.151372	0.394654	0.019881	3.5
917	-1.205836	123.054235	0.394920	0.025436	4.7
918	-1.221613	122.556042	0.396290	0.019046	4.8
919	-1.200783	123.297586	0.394254	0.020463	6.6
920	-1.230964	123.538835	0.393596	0.023725	4.5
921	-1.175180	123.040102	0.394958	0.031276	5.2
922	-1.207825	122.612584	0.396134	0.025496	3.5
923	-1.186399	122.986160	0.395106	0.012502	4.4
924	-1.157878	122.570693	0.396250	0.018250	3.9
925	-1.208464	122.414512	0.396681	0.026261	5.0
926	-1.202697	122.816192	0.395573	0.014128	3.6
927	-1.207673	122.367457	0.396811	0.015406	6.1
928	-1.202543	122.695620	0.395905	0.019035	5.4
929	-1.184625	122.717442	0.395845	0.019141	3.5
930	-1.223988	122.299822	0.396999	0.020735	4.4
931	-1.165620	123.272495	0.394322	0.017198	4.0
932	-1.196826	123.548356	0.393570	0.019259	4.9
933	-1.230350	124.058454	0.392186	0.015647	3.6
934	-1.182099	124.537449	0.390895	0.012934	4.3
935	-1.181297	124.498749	0.390999	0.017447	6.1
936	-1.176045	124.614087	0.390689	0.015168	4.6
937	-1.171166	124.528112	0.390920	0.023016	4.4
938	-1.231165	125.038729	0.389553	0.023420	3.7
939	-1.208183	125.639273	0.387958	0.028925	5.1
940	-1.214774	125.527442	0.388254	0.024879	3.9
941	-1.190715	126.288016	0.386249	0.022960	6.0
942	-1.231551	126.475909	0.385757	0.020828	11.8
943	-1.177611	126.524227	0.385631	0.029144	7.5
944	-1.193557	126.029653	0.386928	0.018613	6.0
945	-1.208761	125.887175	0.387303	0.019795	5.1
946	-1.203581	125.507653	0.388306	0.031698	6.1
947	-1.235057	125.195418	0.389136	0.028038	5.5
948	-1.236821	124.764541	0.390286	0.023258	4.9
949	-1.229028	125.320193	0.388804	0.017662	7.8
950	-1.195253	125.005501	0.389642	0.026222	5.3
951	-1.191652	125.601439	0.388058	0.023946	5.1
952	-1.209085	125.382662	0.388638	0.018903	5.7
953	-1.167895	126.161417	0.386581	0.024994	5.2
954	-1.204896	126.157882	0.386591	0.028824	5.4
955	-1.199925	125.968267	0.387089	0.028986	6.2
956	-1.200407	126.967899	0.384474	0.023661	8.7
957	-1.200897	127.927975	0.381996	0.013594	8.9
958	-1.183016	127.894223	0.382082	0.023361	9.0
959	-1.195465	127.460765	0.383198	0.014567	6.4
960	-1.192457	127.192749	0.383891	0.017047	8.9
961	-1.173101	127.635293	0.382748	0.023032	12.6
962	-1.168694	127.167679	0.383956	0.026440	3.7
963	-1.154212	127.696525	0.382590	0.023012	4.0
964	-1.199022	128.540993	0.380430	0.026102	3.6
965	-1.205716	128.159004	0.381404	0.013991	3.9
966	-1.165114	128.596406	0.380289	0.023337	3.6
967	-1.186011	128.407153	0.380771	0.027497	3.8
968	-1.199465	129.114859	0.378975	0.024644	3.7
969	-1.199052	130.092242	0.376524	0.016752	6.6
970	-1.204686	129.620654	0.377703	0.012988	3.6
971	-1.180876	129.967926	0.376834	0.028094	4.1
972	-1.202731	129.689428	0.377530	0.021558	3.7
973	-1.232057	129.539215	0.377907	0.020945	4.0
974	-1.229309	129.430768	0.378180	0.034477	3.5
975	-1.190188	130.240969	0.376154	0.027589	4.1
976	-1.245349	130.832486	0.374688	0.025976	3.7
977	-1.192401	131.746306	0.372447	0.016615	4.1
978	-1.197395	131.270911	0.373609	0.021309	5.3
979	-1.150455	131.765371	0.372400	0.020861	4.4
980	-1.165255	132.667883	0.370213	0.014989	4.7
981	-1.157041	132.301697	0.371097	0.026497	3.8
982	-1.183870	133.162591	0.369025	0.031913	5.1
983	-1.170053	132.783643	0.369934	0.020307	3.6
984	-1.191105	132.728336	0.370067	0.021149	4.6
985	-1.181375	133.446027	0.368348	0.015415	4.3
986	-1.178125	133.227747	0.368869	0.024186	5.0
987	-1.164636	134.040455	0.366936	0.015637	6.1
988	-1.180043	134.095362	0.366806	0.021198	3.8
989	-1.149177	134.553388	0.365726	0.027298	4.8
990	-1.198998	134.861841	0.365002	0.021723	4.4
991	-1.230421	135.723923	0.362994	0.025780	3.6
992	-1.222308	135.223694	0.364156	0.015374	4.3
993	-1.199841	134.941328	0.364816	0.023000	4.3
994	-1.146653	135.499703	0.363514	0.018624	4.4
995	-1.188711	135.323639	0.363924	0.027977	6.2
996	-1.212569	136.236143	0.361812	0.018863	3.8
997	-1.201284	135.794507	0.362831	0.023073	4.8
998	-1.234944	135.329466	0.363910	0.029891	3.9
999	-1.213194	136.243237	0.361795	0.028335	4.5
