1:ItNr	2:Metric	3a:Time	3b:StepSize	4:||Gradient||	Time[ms]
0	-1.119779	0.000000	1014.046656	0.008290	4784.9
1	-1.129845	0.000000	1014.046656	0.006013	8.1
2	-1.146784	1.000000	967.953626	0.009744	8.0
3	-1.153354	2.000000	925.868686	0.009104	8.3
4	-1.115939	2.999463	887.310694	0.006993	9.8
5	-1.057029	2.065538	923.237929	0.007443	8.2
6	-1.130100	1.212893	958.676558	0.006932	9.9
7	-1.120740	2.212892	917.377287	0.005629	8.8
8	-1.127225	3.212892	879.489319	0.007640	9.4
9	-1.146746	3.606165	865.432689	0.008724	10.1
10	-1.107751	4.606146	831.635486	0.009104	8.1
11	-1.071142	5.606146	800.378216	0.007944	8.0
12	-1.095771	6.606146	771.385467	0.006909	8.5
13	-1.104825	7.606140	744.419888	0.007089	11.9
14	-1.135302	7.080922	758.343321	0.007055	8.1
15	-1.133037	7.703088	741.905542	0.009860	8.0
16	-1.164858	6.769167	766.856988	0.006530	8.0
17	-1.115218	7.769167	740.201472	0.007237	10.6
18	-1.153459	6.835243	765.036611	0.006326	8.4
19	-1.102001	7.835243	738.505307	0.007534	9.3
20	-1.134790	8.835243	713.752523	0.008763	8.2
21	-1.150357	7.901318	736.816897	0.007875	8.1
22	-1.130802	8.901318	712.175278	0.006544	13.1
23	-1.132110	7.967394	735.136189	0.008752	8.1
24	-1.112819	7.033471	759.626947	0.006813	8.2
25	-1.115424	8.033471	733.463112	0.008619	8.1
26	-1.119979	7.099604	757.839128	0.006553	10.3
27	-1.122659	8.099604	731.796193	0.009595	8.5
28	-1.093671	7.165685	756.061146	0.007139	9.7
29	-1.097426	6.234349	781.916227	0.008667	8.9
30	-1.114258	7.234349	754.222434	0.007731	9.7
31	-1.093189	8.234336	728.423572	0.006897	9.9
32	-1.122943	7.300412	752.461821	0.008270	7.9
33	-1.132665	6.463747	775.385097	0.009575	8.0
34	-1.167198	7.463747	748.143950	0.007320	12.7
35	-1.116521	8.463747	722.751933	0.006161	13.9
36	-1.136506	7.529822	746.411232	0.009107	13.8
37	-1.132351	8.529822	721.134709	0.008095	11.6
38	-1.109582	9.529785	697.514892	0.007727	8.1
39	-1.152258	10.529785	675.392481	0.009038	9.5
40	-1.134710	9.595861	696.008518	0.009771	8.4
41	-1.107010	8.661937	717.922773	0.009802	8.4
42	-1.133158	9.661936	694.508639	0.007188	12.0
43	-1.161812	10.661932	672.573606	0.007708	8.3
44	-1.132244	9.728008	693.015309	0.007870	8.3
45	-1.138005	10.728008	671.172926	0.007574	8.1
46	-1.124558	9.794083	691.528287	0.007730	10.6
47	-1.086143	8.860159	713.156941	0.006208	8.1
48	-1.178700	7.926235	736.182219	0.010934	9.7
49	-1.107181	8.926131	711.584791	0.008023	8.1
50	-1.171680	8.166467	730.118588	0.008514	8.3
51	-1.097757	9.166467	705.915602	0.007625	11.9
52	-1.151332	10.166467	683.265759	0.009455	8.2
53	-1.129462	11.162925	662.097110	0.009746	8.1
54	-1.151766	12.162925	642.132131	0.009918	8.3
55	-1.160480	13.162925	623.335961	0.008062	10.9
56	-1.124829	12.229001	640.855254	0.006839	8.2
57	-1.108473	13.228998	622.132724	0.007657	9.8
58	-1.115088	14.228909	604.474572	0.007627	8.2
59	-1.113104	13.295091	620.933763	0.007406	8.1
60	-1.135011	12.361166	638.316403	0.008762	12.8
61	-1.150841	13.360372	619.754061	0.008272	7.9
62	-1.137571	12.426447	637.069792	0.007615	8.3
63	-1.146389	13.405963	618.932821	0.005749	8.1
64	-1.132194	12.472039	636.202053	0.008732	10.5
65	-1.125388	13.472039	617.746456	0.006758	8.1
66	-1.130692	12.558299	634.566725	0.005262	10.3
67	-1.140393	11.624375	652.732201	0.006354	8.2
68	-1.114734	10.690450	671.968357	0.008777	9.2
69	-1.118310	9.756526	692.372728	0.006054	11.3
70	-1.167720	10.756525	670.570224	0.009802	8.1
71	-1.147067	9.822601	690.888468	0.006345	7.9
72	-1.135765	10.822601	669.177848	0.007577	8.1
73	-1.150716	9.888678	689.410530	0.007823	11.0
74	-1.154118	10.888663	667.791561	0.006434	8.1
75	-1.106525	11.888663	647.486948	0.007258	9.9
76	-1.130841	12.888663	628.380648	0.007015	8.2
77	-1.152505	13.881390	610.496876	0.007569	9.0
78	-1.146160	12.947466	627.292175	0.005594	11.6
79	-1.132295	12.013542	645.037719	0.006057	8.1
80	-1.141117	11.079618	663.816501	0.009218	8.4
81	-1.195821	12.079617	643.749284	0.008872	8.2
82	-1.155394	13.079560	624.860764	0.006150	10.7
83	-1.161962	14.079560	607.048090	0.010024	8.2
84	-1.126777	13.145636	623.651586	0.007127	9.3
85	-1.130433	14.099480	606.703563	0.006020	8.1
86	-1.159981	13.165556	623.287961	0.009271	10.1
87	-1.144550	12.231632	640.804518	0.008607	10.5
88	-1.131816	12.236855	640.703820	0.008377	7.9
89	-1.133009	12.354308	638.447664	0.008378	8.4
90	-1.138883	11.420498	656.836913	0.005895	13.6
91	-1.114030	12.420498	637.183199	0.006095	17.1
92	-1.143893	13.420498	618.671462	0.006440	10.0
93	-1.146069	14.420498	601.204981	0.008861	10.0
94	-1.107397	13.486574	617.486098	0.009753	12.9
95	-1.137771	14.486573	600.085545	0.008412	8.3
96	-1.136061	15.486573	583.638795	0.007871	8.2
97	-1.156620	16.486573	568.069520	0.007867	8.1
98	-1.161897	17.486573	553.309324	0.008977	10.7
99	-1.147169	16.552649	567.069978	0.006772	8.1
100	-1.126696	17.550452	552.392477	0.009290	9.1
101	-1.106539	18.536419	538.616811	0.006481	8.0
102	-1.161996	17.602494	551.647764	0.008214	11.1
103	-1.146631	18.602494	537.718143	0.005577	9.1
104	-1.157700	19.602494	524.474667	0.008046	8.4
105	-1.133096	18.668581	536.822317	0.005530	8.0
106	-1.134063	19.668581	523.622390	0.009330	8.2
107	-1.132832	18.735286	535.921134	0.007624	12.4
108	-1.162923	19.130942	530.637427	0.006776	8.3
109	-1.140063	18.197027	543.280484	0.008736	8.2
110	-1.129330	19.197027	529.765045	0.007580	8.1
111	-1.139151	18.263103	542.366198	0.007563	11.8
112	-1.129438	19.263103	528.895646	0.005798	9.5
113	-1.122135	20.262858	516.081066	0.007122	8.1
114	-1.152530	21.262858	503.869846	0.006875	8.5
115	-1.148482	20.329109	515.253783	0.006608	8.1
116	-1.137206	20.647580	511.313743	0.007016	10.7
117	-1.151336	19.713656	523.042684	0.008433	8.1
118	-1.145942	18.782003	535.291800	0.008566	9.7
119	-1.166183	19.782003	522.166113	0.009609	8.2
120	-1.132485	20.782003	509.668720	0.007684	10.8
121	-1.127700	19.848078	521.321459	0.008592	9.6
122	-1.126410	20.848078	508.863983	0.008354	8.1
123	-1.106203	21.736398	498.286729	0.007140	8.0
124	-1.159034	20.802759	509.415657	0.006572	8.2
125	-1.154550	21.802452	497.517750	0.010512	12.2
126	-1.146245	20.869279	508.606312	0.008205	8.0
127	-1.156389	19.935355	520.209968	0.008101	7.9
128	-1.173528	19.001434	532.355406	0.007560	8.4
129	-1.144101	19.999310	519.398485	0.008833	10.5
130	-1.159425	20.999310	507.031652	0.007564	8.0
131	-1.153280	21.999310	495.240029	0.007276	9.5
132	-1.135506	21.065386	506.235214	0.009250	8.5
133	-1.144205	22.065386	494.480176	0.008265	8.4
134	-1.203729	23.065386	483.258666	0.008972	12.2
135	-1.151705	24.065386	472.535166	0.010068	8.9
136	-1.124529	23.131462	482.535107	0.007699	8.2
137	-1.130895	24.131462	471.843339	0.008312	8.0
138	-1.182133	25.131462	461.615106	0.008252	10.5
139	-1.114876	26.131462	451.820903	0.007623	8.2
140	-1.162410	25.197538	460.954864	0.009528	9.3
141	-1.145762	26.197538	451.188362	0.006324	8.8
142	-1.117964	27.185553	441.937023	0.007625	9.0
143	-1.144668	28.185553	432.951925	0.006850	11.5
144	-1.157370	27.251886	441.329484	0.007683	7.9
145	-1.146787	26.317961	450.040095	0.007614	8.3
146	-1.164930	25.384037	459.101475	0.007416	13.7
147	-1.126154	24.450113	468.535241	0.008506	12.1
148	-1.123164	23.516189	478.364844	0.007832	11.4
149	-1.159898	22.582265	488.615723	0.007065	12.2
150	-1.149036	21.648340	499.315556	0.007624	12.6
151	-1.138779	20.714416	510.494495	0.007633	8.3
152	-1.117327	21.714416	498.543156	0.009278	8.2
153	-1.159404	22.714416	487.138608	0.008325	8.1
154	-1.164644	23.714416	476.244166	0.007216	10.0
155	-1.125606	22.780492	486.403386	0.007686	9.0
156	-1.145015	22.079497	494.318208	0.006598	9.5
157	-1.141785	23.079497	483.103964	0.007993	8.1
158	-1.124682	22.145598	493.560890	0.007228	8.9
159	-1.156914	21.332267	503.043687	0.005993	9.5
160	-1.146023	22.332267	491.434701	0.005411	9.2
161	-1.163012	21.398723	502.255218	0.007525	8.1
162	-1.177839	20.464799	513.567665	0.009283	8.0
163	-1.164219	21.464798	501.473710	0.008308	10.6
164	-1.122185	20.806403	509.371256	0.005841	8.1
165	-1.164916	21.806403	497.471839	0.008395	9.9
166	-1.172934	22.805923	486.121015	0.007479	8.1
167	-1.140365	23.805923	475.271534	0.007475	8.6
168	-1.141087	24.805864	464.896368	0.007416	10.7
169	-1.175118	23.871940	474.572304	0.009142	10.1
170	-1.142807	22.938026	484.659454	0.005962	8.4
171	-1.126585	23.938026	473.874392	0.007457	7.9
172	-1.136189	23.004102	483.931699	0.009654	11.9
173	-1.161871	24.004102	473.178642	0.008686	8.5
174	-1.160780	23.070178	483.206126	0.007010	8.3
175	-1.182502	22.136256	493.667781	0.006353	8.2
176	-1.160536	23.136251	482.482754	0.007037	8.0
177	-1.169623	24.136251	471.793281	0.007967	10.7
178	-1.139278	23.202326	481.761516	0.007316	9.6
179	-1.142474	24.202326	471.103624	0.007357	8.0
180	-1.137002	23.292428	480.781495	0.009462	8.2
181	-1.160843	22.358505	491.137314	0.006825	8.2
182	-1.157837	21.424581	501.949089	0.008338	10.1
183	-1.167165	20.490657	513.247592	0.009009	10.1
184	-1.139921	21.490657	501.168522	0.006960	8.0
185	-1.154356	22.488306	489.671402	0.008038	8.5
186	-1.134942	21.554382	500.418027	0.006500	8.4
187	-1.141842	22.554382	488.928528	0.008302	11.0
188	-1.136575	23.554382	477.954781	0.007313	8.0
189	-1.170260	24.554382	467.462820	0.008782	9.6
190	-1.168047	23.620457	477.247007	0.008913	8.2
191	-1.134192	22.686533	487.449523	0.009788	11.8
192	-1.144694	23.686533	476.541326	0.005754	9.4
193	-1.141644	24.686533	466.110652	0.007951	8.8
194	-1.164891	25.638772	456.593919	0.007999	8.1
195	-1.154520	24.706310	465.908972	0.008285	8.2
196	-1.146031	25.706309	455.933686	0.009086	10.8
197	-1.127684	26.703634	446.401623	0.007880	8.2
198	-1.127904	27.703634	437.235949	0.007332	9.6
199	-1.151092	28.703634	428.439095	0.009340	8.2
200	-1.113981	29.703623	419.989313	0.007175	11.1
201	-1.176183	28.776362	427.813103	0.007267	14.7
202	-1.126474	29.776357	419.387702	0.006178	15.1
203	-1.170155	30.707388	411.836305	0.007749	12.9
204	-1.154450	31.707388	404.022670	0.007001	8.7
205	-1.147614	32.707388	396.500006	0.007651	10.0
206	-1.167211	33.707388	389.252356	0.006695	8.2
207	-1.130523	32.773784	396.010442	0.005659	8.1
208	-1.159476	31.840114	403.007830	0.008168	12.3
209	-1.117361	30.941436	409.980575	0.007287	9.0
210	-1.151843	31.941436	402.236535	0.007414	8.0
211	-1.163660	32.941040	394.782521	0.007882	8.1
212	-1.133154	33.941040	387.596954	0.006806	10.4
213	-1.132703	34.940930	380.669032	0.007224	8.0
214	-1.156479	34.007006	387.132137	0.008285	9.5
215	-1.139575	35.007006	380.219928	0.006860	8.0
216	-1.152534	36.007006	373.550222	0.007739	8.4
217	-1.173132	37.007006	367.110479	0.007724	12.2
218	-1.149676	36.073082	373.117748	0.009019	9.0
219	-1.170402	37.067923	366.725355	0.009104	8.2
220	-1.149666	36.139607	372.683344	0.007699	8.1
221	-1.130638	37.139607	366.273198	0.009107	10.4
222	-1.151084	36.969030	367.350975	0.009670	7.9
223	-1.148430	37.969030	361.121418	0.005826	10.3
224	-1.154043	38.969030	355.099619	0.008046	9.1
225	-1.168441	39.969017	349.275430	0.006876	9.1
226	-1.124097	40.945358	343.770386	0.007418	10.5
227	-1.143860	40.011452	349.032503	0.008064	8.0
228	-1.131706	39.077544	354.458226	0.009474	8.2
229	-1.168986	39.205386	353.705562	0.007909	8.0
230	-1.153478	40.205386	347.926568	0.007350	10.6
231	-1.143398	41.204759	342.336828	0.007704	7.9
232	-1.162102	42.204759	336.920513	0.007860	9.4
233	-1.134211	41.270834	341.973573	0.006293	7.9
234	-1.153156	42.270834	336.568657	0.006103	8.2
235	-1.151103	43.256930	331.403629	0.005724	10.9
236	-1.181996	42.323006	336.291361	0.006886	9.2
237	-1.142423	42.276281	336.539686	0.007636	8.1
238	-1.166396	43.276261	331.303957	0.010378	8.2
239	-1.150351	44.276261	326.228545	0.009327	11.2
240	-1.185032	45.276261	321.306292	0.006106	11.3
241	-1.163693	44.342337	325.898655	0.008156	14.5
242	-1.150782	43.492343	330.193921	0.007020	10.5
243	-1.125595	42.558419	335.045774	0.007837	12.7
244	-1.152786	43.558419	329.855967	0.007447	9.2
245	-1.146822	42.624495	334.697818	0.007442	8.1
246	-1.175955	43.624495	329.518701	0.007611	8.6
247	-1.142938	43.694110	329.164120	0.007935	11.5
248	-1.140984	44.694110	324.153562	0.008392	8.0
249	-1.166831	45.694110	319.293260	0.009282	9.9
250	-1.171160	44.760186	323.827853	0.006323	8.3
251	-1.182742	45.760186	318.977240	0.009438	10.9
252	-1.149385	44.857423	323.349729	0.009215	9.6
253	-1.144269	45.857423	318.513322	0.008901	8.4
254	-1.135674	46.857423	313.819461	0.007888	8.2
255	-1.144616	47.857423	309.261935	0.006221	14.2
256	-1.164921	48.840645	304.908118	0.008339	13.1
257	-1.145283	47.906721	309.040677	0.008829	13.3
258	-1.132327	46.972797	313.286796	0.010525	11.1
259	-1.139444	47.972797	308.744617	0.009436	10.4
260	-1.164984	48.972797	304.332265	0.009534	8.4
261	-1.158339	49.502694	302.044909	0.010250	8.1
262	-1.157948	48.568770	306.099704	0.009149	8.2
263	-1.115406	49.567099	301.769240	0.005183	12.3
264	-1.125949	50.397622	298.258949	0.007214	8.2
265	-1.135293	50.558226	297.589541	0.008411	8.4
266	-1.205126	49.624302	301.524817	0.009316	8.1
267	-1.157745	48.690378	305.565566	0.007296	11.3
268	-1.155998	47.756454	309.716087	0.009098	9.7
269	-1.163090	46.822529	313.980914	0.008281	8.8
270	-1.182703	47.822529	309.418732	0.008694	8.3
271	-1.143227	48.822529	304.987229	0.007754	8.4
272	-1.142713	49.822529	300.680870	0.008159	10.5
273	-1.139984	48.888605	304.698881	0.006473	8.3
274	-1.126746	49.888543	300.400868	0.005605	9.7
275	-1.164223	49.554310	301.823940	0.007755	8.2
276	-1.159560	48.622817	305.862080	0.006716	10.5
277	-1.169496	49.616990	301.556038	0.008973	9.5
278	-1.148941	48.683066	305.597630	0.008029	8.2
279	-1.150070	49.683066	301.274138	0.008482	8.1
280	-1.167234	50.683064	297.071282	0.007893	8.1
281	-1.179634	51.683064	292.984067	0.008466	11.0
282	-1.155567	50.932375	296.041662	0.007317	8.0
283	-1.167127	51.932242	291.983066	0.008409	9.6
284	-1.162280	51.119007	295.275554	0.009115	8.0
285	-1.136727	50.185083	299.149470	0.006729	11.4
286	-1.162900	51.185083	295.005269	0.007278	9.6
287	-1.152157	50.251159	298.872049	0.008218	8.2
288	-1.162053	51.251159	294.735478	0.007927	8.4
289	-1.163749	52.137297	291.164434	0.006591	8.2
290	-1.139632	51.203373	294.930539	0.009410	11.1
291	-1.147165	50.289296	298.712163	0.006502	8.1
292	-1.126929	49.355372	302.677384	0.006565	10.2
293	-1.168555	50.355371	298.435554	0.008731	8.9
294	-1.158913	49.421447	302.393384	0.006734	11.1
295	-1.169130	48.487523	306.457603	0.008097	9.9
296	-1.193476	49.487511	302.109969	0.010026	8.1
297	-1.170356	50.487511	297.883916	0.008843	8.5
298	-1.155499	51.487511	293.774465	0.006721	10.9
299	-1.153401	52.487511	289.776854	0.005028	9.4
300	-1.158597	51.849682	292.313970	0.006700	8.1
301	-1.160379	50.923130	296.079713	0.008975	8.3
302	-1.163336	49.989206	299.974897	0.010307	8.2
303	-1.156347	50.989206	295.807955	0.008198	10.8
304	-1.149854	51.887409	292.162665	0.008017	9.4
305	-1.139169	50.953492	295.954779	0.006786	8.1
306	-1.145415	50.122503	299.412687	0.007423	8.2
307	-1.165830	49.255787	303.106417	0.007851	11.2
308	-1.183656	48.607290	305.930308	0.007901	9.8
309	-1.196468	49.607290	301.597465	0.007865	8.3
310	-1.140357	48.673366	305.640175	0.008420	11.0
311	-1.180538	47.739589	309.792074	0.008558	14.3
312	-1.130584	46.805665	314.059008	0.007307	15.9
313	-1.175392	45.871740	318.445126	0.009276	9.6
314	-1.185513	46.871740	313.753260	0.008166	8.7
315	-1.155642	45.937816	318.130782	0.009483	11.1
316	-1.120350	46.937816	313.448106	0.005217	8.2
317	-1.154940	47.937816	308.901282	0.009633	9.7
318	-1.144688	48.937816	304.484484	0.008702	8.0
319	-1.112993	49.937816	300.192210	0.006753	11.5
320	-1.113718	50.937816	296.019270	0.005870	9.3
321	-1.184840	50.003892	299.912854	0.009405	8.6
322	-1.155330	51.003892	295.747623	0.006966	9.4
323	-1.174246	52.003892	291.696501	0.006193	8.9
324	-1.167244	51.069967	295.476473	0.007545	9.3
325	-1.179091	52.068737	291.437633	0.008549	8.0
326	-1.190035	53.063663	287.522636	0.009672	9.6
327	-1.155081	54.063290	283.693664	0.008012	8.0
328	-1.165085	55.063290	279.963958	0.007621	10.1
329	-1.165754	56.063290	276.331049	0.010247	10.3
330	-1.157892	55.129527	279.720372	0.008680	8.0
331	-1.137828	56.129527	276.093741	0.010568	8.0
332	-1.137704	57.129527	272.559946	0.008413	9.5
333	-1.149805	58.129527	269.115467	0.008268	10.2
334	-1.160479	59.129491	265.757083	0.007637	8.1
335	-1.153551	60.129490	262.481372	0.009685	9.3
336	-1.151387	59.195565	265.538122	0.010506	8.0
337	-1.172680	58.261641	268.666905	0.009272	10.5
338	-1.130912	57.327717	271.870298	0.006722	9.5
339	-1.108520	58.327717	268.443119	0.006102	8.2
340	-1.163040	59.327716	265.101271	0.007621	8.3
341	-1.133483	58.393792	268.219708	0.008808	8.8
342	-1.170798	57.459868	271.412383	0.009753	10.6
343	-1.132193	58.459868	267.996667	0.007980	8.0
344	-1.152557	57.532840	271.160190	0.009095	9.7
345	-1.135132	56.598916	274.423677	0.010201	8.2
346	-1.167533	55.664991	277.766675	0.006561	11.5
347	-1.186972	56.664989	274.190210	0.009789	11.1
348	-1.158517	57.664989	270.704667	0.009661	8.0
349	-1.175339	58.664989	267.306631	0.008422	9.1
350	-1.177784	57.740015	270.446731	0.008539	10.0
351	-1.162479	58.740015	267.055125	0.009744	10.2
352	-1.146670	59.730646	263.778143	0.007142	10.0
353	-1.138154	60.730645	260.550735	0.006252	8.0
354	-1.128659	59.796739	263.562366	0.008214	8.4
355	-1.148756	60.780366	260.392327	0.008893	10.5
356	-1.119604	59.911584	263.188270	0.008047	9.5
357	-1.160895	60.911584	259.975192	0.008894	8.0
358	-1.165684	59.977716	262.973333	0.009326	8.2
359	-1.175634	60.977716	259.765469	0.007266	12.1
360	-1.131855	61.977716	256.634924	0.008758	8.1
361	-1.171581	62.977715	253.578936	0.009497	8.1
362	-1.126129	62.043791	256.430727	0.006582	8.1
363	-1.177267	63.036849	253.400504	0.007270	8.0
364	-1.177435	62.102924	256.248260	0.010128	10.5
365	-1.165119	63.102924	253.201419	0.008885	9.9
366	-1.134842	64.102195	250.228327	0.007776	11.7
367	-1.175814	63.168270	253.004840	0.006738	11.3
368	-1.186994	62.234346	255.843660	0.007532	16.6
369	-1.166699	63.234346	252.806376	0.009134	11.5
370	-1.125692	62.300422	255.640720	0.005593	8.1
371	-1.201553	63.300422	252.608223	0.008221	8.2
372	-1.161140	62.366498	255.438100	0.009854	9.2
373	-1.158152	61.432573	258.332100	0.006490	8.9
374	-1.153173	60.498649	261.292427	0.008998	10.7
375	-1.131634	61.498649	258.125194	0.008140	9.8
376	-1.198540	60.564725	261.080753	0.007899	9.4
377	-1.151835	61.564725	257.918619	0.008439	8.6
378	-1.183131	60.632095	260.865286	0.010307	9.5
379	-1.148628	61.632095	257.708337	0.009130	8.1
380	-1.172886	62.632095	254.626885	0.008241	8.0
381	-1.158886	63.632095	251.618252	0.008504	11.8
382	-1.163692	64.632095	248.679888	0.008867	8.1
383	-1.161205	63.698171	251.421957	0.008595	8.0
384	-1.153231	62.764609	254.224068	0.007426	8.1
385	-1.125862	63.764609	251.224891	0.009330	8.1
386	-1.192499	62.830685	254.023688	0.009673	10.7
387	-1.166455	63.830685	251.029209	0.009214	9.5
388	-1.161200	64.830685	248.104507	0.008238	8.0
389	-1.177114	65.830685	245.247170	0.009462	8.2
390	-1.173614	64.896761	247.913653	0.008735	8.1
391	-1.170782	65.896761	245.060686	0.008127	11.0
392	-1.166917	64.963952	247.719878	0.007269	8.3
393	-1.134290	64.030028	250.440700	0.009441	9.4
394	-1.200724	63.096125	253.221890	0.008074	8.1
395	-1.171720	64.096125	250.246175	0.008154	11.1
396	-1.202760	65.096125	247.339584	0.010160	9.2
397	-1.152114	66.096125	244.499738	0.009223	8.3
398	-1.183119	67.086622	241.750441	0.009214	7.9
399	-1.135273	68.086617	239.036800	0.009798	8.5
400	-1.137766	69.086617	236.383389	0.009045	11.3
401	-1.163563	68.152692	238.859637	0.010078	8.0
402	-1.175802	69.152692	236.210136	0.007267	10.1
403	-1.128378	70.152670	233.618827	0.006320	7.9
404	-1.191550	71.152670	231.083699	0.008239	10.7
405	-1.172608	70.218820	233.449411	0.007573	8.0
406	-1.196172	71.218820	230.917938	0.008967	9.4
407	-1.155555	70.284896	233.280431	0.006841	8.1
408	-1.174515	71.242064	230.859750	0.007960	8.3
409	-1.169499	70.311332	233.212893	0.010532	12.1
410	-1.163065	71.311332	230.686519	0.007745	8.0
411	-1.147201	72.311332	228.214295	0.008068	8.2
412	-1.169712	73.311331	225.794500	0.007568	8.0
413	-1.161058	74.311331	223.425479	0.008637	11.1
414	-1.193553	73.414188	225.548514	0.007636	8.0
415	-1.153930	72.480264	227.801880	0.007963	9.3
416	-1.154143	71.546344	230.100714	0.008521	7.9
417	-1.191044	70.612419	232.446429	0.009129	8.1
418	-1.168971	70.682834	232.267905	0.008135	12.0
419	-1.157669	69.748910	234.658244	0.008681	8.2
420	-1.158245	70.748910	232.100630	0.006324	8.0
421	-1.175140	71.748903	229.598184	0.009030	8.9
422	-1.167576	72.748903	227.149108	0.009664	14.0
423	-1.162007	71.815335	229.433851	0.008250	13.2
424	-1.169763	72.815335	226.988261	0.009237	11.0
425	-1.173183	73.815335	224.594257	0.010742	10.0
426	-1.195200	74.815335	222.250224	0.009338	12.7
427	-1.148835	75.815335	219.954615	0.009952	8.0
428	-1.183760	74.881464	222.096940	0.009596	8.7
429	-1.169407	75.881464	219.804479	0.008810	8.2
430	-1.189772	74.947540	221.943989	0.009179	10.2
431	-1.157569	75.947540	219.654669	0.008338	8.1
432	-1.174762	76.947540	217.412094	0.009485	9.4
433	-1.152870	77.947540	215.214848	0.009672	8.0
434	-1.151917	78.947540	213.061570	0.009214	8.4
435	-1.145087	79.947540	210.950953	0.007178	12.2
436	-1.186174	79.013616	212.920807	0.007847	8.1
437	-1.148097	80.013616	210.812964	0.006360	8.2
438	-1.173110	79.079691	212.780230	0.009450	8.0
439	-1.173036	78.145767	214.784558	0.008661	11.3
440	-1.162239	77.211861	216.826966	0.006431	8.1
441	-1.157495	76.277937	218.908627	0.008510	9.4
442	-1.164003	75.344191	221.030240	0.007284	8.8
443	-1.151335	74.410267	223.193797	0.008200	8.2
444	-1.188454	73.476343	225.400127	0.008868	12.3
445	-1.141966	74.476343	223.039331	0.008221	7.9
446	-1.134991	75.474035	220.732758	0.008181	9.2
447	-1.149614	74.540111	222.890465	0.007624	7.9
448	-1.165738	73.606187	225.090774	0.007890	10.6
449	-1.146042	74.606187	222.736421	0.007710	8.1
450	-1.151419	75.465537	220.752203	0.008024	9.0
451	-1.159465	76.465537	218.487278	0.009320	9.4
452	-1.144220	77.465537	216.268356	0.007396	7.9
453	-1.141187	76.531612	218.339257	0.009087	12.1
454	-1.168613	77.531612	216.123326	0.006853	7.9
455	-1.146492	76.887841	217.544688	0.008943	8.1
456	-1.163170	77.887841	215.344775	0.005991	9.3
457	-1.187346	78.887841	213.188909	0.008689	10.3
458	-1.145147	79.887841	211.075781	0.007951	8.1
459	-1.173777	80.887841	209.004133	0.008983	9.4
460	-1.157605	79.953916	210.937629	0.007716	8.2
461	-1.175759	80.953916	208.868679	0.007095	7.9
462	-1.157904	80.019992	210.799658	0.007122	13.3
463	-1.165222	81.017149	208.739217	0.007184	8.0
464	-1.151056	82.016327	206.714610	0.008481	8.3
465	-1.128750	81.101266	208.567246	0.010296	7.9
466	-1.171463	81.993778	206.759867	0.007295	11.1
467	-1.160950	82.993778	204.771672	0.008640	8.0
468	-1.134561	83.993778	202.821350	0.007215	9.2
469	-1.157436	84.993778	200.907829	0.008296	8.0
470	-1.167508	85.993647	199.030320	0.007112	7.9
471	-1.167260	85.059723	200.782910	0.009047	12.3
472	-1.186242	86.059723	198.907481	0.009121	8.1
473	-1.182982	87.059723	197.066763	0.006833	8.1
474	-1.162453	86.190809	198.664233	0.010026	7.9
475	-1.162518	87.190803	196.828003	0.007866	11.3
476	-1.195557	88.190803	195.025397	0.007620	8.0
477	-1.176810	87.257698	196.706378	0.010782	9.3
478	-1.162795	86.323774	198.418104	0.007248	12.8
479	-1.160619	85.654227	199.663721	0.008901	12.2
480	-1.171773	84.720302	201.427534	0.008618	15.0
481	-1.159688	83.786378	203.222787	0.007175	9.9
482	-1.199955	82.852454	205.050328	0.007895	8.9
483	-1.176814	83.852454	203.094720	0.008413	10.9
484	-1.140766	84.852454	201.176062	0.007155	9.9
485	-1.149216	85.852454	199.293316	0.007727	8.2
486	-1.162994	86.852454	197.445483	0.008070	8.5
487	-1.157355	85.918529	199.170152	0.007734	10.8
488	-1.181592	86.918529	197.324592	0.007365	9.1
489	-1.144604	85.984605	199.047140	0.008534	8.1
490	-1.139148	85.515514	199.923738	0.009834	7.9
491	-1.151715	84.581625	201.692101	0.009653	9.4
492	-1.197343	85.560820	199.838737	0.009604	10.3
493	-1.163623	86.560820	197.980823	0.008625	9.4
494	-1.174997	85.626896	199.714899	0.008317	8.1
495	-1.167095	84.692972	201.479620	0.007108	8.1
496	-1.172449	83.759048	203.275805	0.008232	11.3
497	-1.167288	84.754848	201.361736	0.006996	9.2
498	-1.178296	83.820924	203.155811	0.008205	8.1
499	-1.165951	82.891422	204.973417	0.008767	7.9
500	-1.200042	83.890243	203.021551	0.009821	8.1
501	-1.133334	84.890243	201.104268	0.008557	10.8
502	-1.172926	85.890243	199.222859	0.007357	9.5
503	-1.150611	85.013951	200.869598	0.007070	8.0
504	-1.175948	84.080027	202.654875	0.008794	8.2
505	-1.177573	85.080017	200.744497	0.007751	8.4
506	-1.172632	84.146093	202.527542	0.006409	11.2
507	-1.168678	85.146093	200.619534	0.008983	8.3
508	-1.162722	84.212169	202.400349	0.007931	9.0
509	-1.175190	85.212084	200.494887	0.007459	9.0
510	-1.206086	86.212084	198.624809	0.007375	10.9
511	-1.178190	87.212079	196.789304	0.009659	9.5
512	-1.180180	88.210291	194.990597	0.008004	7.9
513	-1.168500	87.276373	196.672452	0.007985	9.0
514	-1.157509	88.276373	194.872681	0.008030	8.1
515	-1.173224	89.276373	193.105551	0.008651	10.8
516	-1.156428	88.342449	194.754919	0.008794	8.0
517	-1.159676	87.488858	196.287251	0.008041	9.5
518	-1.172651	88.488858	194.494492	0.008481	8.0
519	-1.189489	89.488858	192.734183	0.009835	11.0
520	-1.171900	88.554934	194.377186	0.008887	9.4
521	-1.180763	89.554934	192.618991	0.008357	8.0
522	-1.145804	90.554934	190.892317	0.007046	8.0
523	-1.125452	89.621009	192.503936	0.008481	8.0
524	-1.147388	90.598177	190.818347	0.006945	11.1
525	-1.189045	91.598177	189.123663	0.010270	8.0
526	-1.136565	92.598177	187.458815	0.009128	9.4
527	-1.143953	93.598177	185.823023	0.007046	8.2
528	-1.193824	94.598168	184.215547	0.006692	11.3
529	-1.177694	95.598168	182.635629	0.009001	9.6
530	-1.176707	96.597618	181.083427	0.008553	8.1
531	-1.163290	97.597107	179.557329	0.008287	8.0
532	-1.183411	96.663183	180.982524	0.008774	8.1
533	-1.184652	95.779148	182.352587	0.010309	14.3
534	-1.192868	96.779148	180.804328	0.008738	10.6
535	-1.179628	95.845224	182.249467	0.006621	12.0
536	-1.168229	95.472717	182.832343	0.007484	14.1
537	-1.172545	96.472717	181.275962	0.007926	11.2
538	-1.199975	97.472715	179.745858	0.009145	8.3
539	-1.187720	98.472715	178.241365	0.008687	8.3
540	-1.161475	97.538791	179.645663	0.008374	8.8
541	-1.164647	98.439447	178.291011	0.008375	9.9
542	-1.170210	99.439037	176.811276	0.007679	10.6
543	-1.191685	98.505297	178.192769	0.009685	8.0
544	-1.154728	97.686927	179.421444	0.007531	8.1
545	-1.175724	96.753861	180.843155	0.008372	11.1
546	-1.150834	97.753861	179.320315	0.008957	9.5
547	-1.173384	98.753861	177.822908	0.008670	8.1
548	-1.168143	99.753861	176.350301	0.007370	8.0
549	-1.192617	98.831870	177.707147	0.008869	11.1
550	-1.172168	99.831870	176.236449	0.009563	8.0
551	-1.152247	100.831870	174.789895	0.006846	10.1
552	-1.142830	99.897948	176.140126	0.008806	8.1
553	-1.168056	100.897948	174.695146	0.008430	8.0
554	-1.188609	99.964023	176.043911	0.008646	11.1
555	-1.175267	100.964023	174.600503	0.009752	9.2
556	-1.165069	101.964023	173.180571	0.009906	8.1
557	-1.126560	102.963992	171.783592	0.009549	8.0
558	-1.187979	103.963992	170.408927	0.008133	11.1
559	-1.163859	104.963992	169.056089	0.007847	8.0
560	-1.157129	105.963992	167.724561	0.007605	9.3
561	-1.200598	106.963992	166.413844	0.008077	8.0
562	-1.208733	107.963992	165.123454	0.007212	9.6
563	-1.198942	108.963992	163.852922	0.008172	9.5
564	-1.156977	108.030069	165.038894	0.010365	9.3
565	-1.157770	107.096144	166.242160	0.010056	7.9
566	-1.175140	106.162220	167.463101	0.008028	8.3
567	-1.148139	107.162220	166.156452	0.008416	11.6
568	-1.164257	107.971689	165.113599	0.008688	8.0
569	-1.181799	108.764269	164.105111	0.008190	8.8
570	-1.137054	107.834841	165.288982	0.009319	7.9
571	-1.173611	108.834841	164.015911	0.009071	8.0
572	-1.152478	107.900917	165.204254	0.009642	10.2
573	-1.145967	107.005592	166.359762	0.009083	9.5
574	-1.154537	108.005398	165.070455	0.010526	7.9
575	-1.143251	107.071474	166.274183	0.008423	8.0
576	-1.127073	106.149217	167.480227	0.007924	8.1
577	-1.200680	107.149217	166.173311	0.010958	11.0
578	-1.189023	108.149217	164.886634	0.007022	8.0
579	-1.157998	109.149217	163.619730	0.007189	9.4
580	-1.141709	108.215293	164.802318	0.009218	8.0
581	-1.150604	109.215293	163.536703	0.008485	11.7
582	-1.176390	110.215257	162.290424	0.010267	9.8
583	-1.178038	111.215257	161.062953	0.007473	7.9
584	-1.191793	112.215257	159.853910	0.009335	8.0
585	-1.166091	111.286963	160.975649	0.008974	7.9
586	-1.158077	112.286963	159.767912	0.008958	11.0
587	-1.168826	111.883504	160.252997	0.009246	7.9
588	-1.166373	112.787471	159.170209	0.010123	9.8
589	-1.201443	113.787471	157.989312	0.008265	8.2
590	-1.187031	114.787471	156.825807	0.008565	12.8
591	-1.186090	115.787471	155.679315	0.009387	14.0
592	-1.181382	116.787471	154.549464	0.008918	9.9
593	-1.183835	117.787471	153.435895	0.008582	10.9
594	-1.157658	116.853547	154.475386	0.006218	13.2
595	-1.136445	117.853547	153.362880	0.008493	9.7
596	-1.176198	118.853547	152.266283	0.008797	8.1
597	-1.184406	119.853547	151.185258	0.008990	8.9
598	-1.140600	120.853547	150.119474	0.006364	11.9
599	-1.155424	121.853547	149.068611	0.009821	8.7
600	-1.179981	120.919955	150.049228	0.009198	8.1
601	-1.156772	119.986031	151.043189	0.012544	8.0
602	-1.173665	119.052107	152.050406	0.012166	11.1
603	-1.172650	120.052107	150.972433	0.007427	8.0
604	-1.183790	121.052107	149.909637	0.008467	9.5
605	-1.185948	120.118183	150.901743	0.007939	7.9
606	-1.187822	121.118183	149.839939	0.008644	8.2
607	-1.189523	122.118183	148.792972	0.008412	10.7
608	-1.203345	121.184579	149.769967	0.008730	9.1
609	-1.133312	120.251830	150.758965	0.009183	8.0
610	-1.172072	121.251534	149.699474	0.005946	8.0
611	-1.149566	120.317610	150.688791	0.009070	10.4
612	-1.185313	119.383686	151.691272	0.009182	8.2
613	-1.181973	120.383686	150.618366	0.008452	9.5
614	-1.181705	119.449769	151.619899	0.009412	8.3
615	-1.177355	120.449769	150.548000	0.008029	8.0
616	-1.146261	119.515848	151.548598	0.008947	10.9
617	-1.143159	120.507247	150.486849	0.008901	9.1
618	-1.192213	121.507247	149.430855	0.007110	8.2
619	-1.183530	122.507247	148.389578	0.008662	8.0
620	-1.152893	121.573323	149.361601	0.008974	11.0
621	-1.166906	120.639399	150.346443	0.008472	8.2
622	-1.174413	120.771172	150.206699	0.006051	9.7
623	-1.191617	119.837248	151.202754	0.007356	7.9
624	-1.160856	118.913551	152.200981	0.006186	8.3
625	-1.146774	119.913551	151.120879	0.008759	10.6
626	-1.206912	118.979958	152.128777	0.008484	9.5
627	-1.160875	119.979958	151.049696	0.009747	8.0
628	-1.185306	119.046034	152.057000	0.007363	9.5
629	-1.165509	118.112243	153.077682	0.006605	11.3
630	-1.161431	117.178319	154.112309	0.009258	8.2
631	-1.179381	116.244395	155.161016	0.008565	8.2
632	-1.203892	117.244395	154.038649	0.009721	8.0
633	-1.157569	118.244395	152.932402	0.009574	8.3
634	-1.184818	117.313781	153.961374	0.010200	10.7
635	-1.189563	118.313780	152.856234	0.006627	9.4
636	-1.162503	119.313780	151.766845	0.008952	8.0
637	-1.118033	119.277382	151.806225	0.007365	8.2
638	-1.163747	118.343457	152.823679	0.008769	8.0
639	-1.201709	119.343455	151.734755	0.011455	10.1
640	-1.151662	120.343455	150.661237	0.008806	8.0
641	-1.151394	121.343455	149.602802	0.009015	9.4
642	-1.139325	122.343232	148.559367	0.006348	8.0
643	-1.131626	123.343232	147.530158	0.009552	8.1
644	-1.147104	124.342637	146.515710	0.007799	11.8
645	-1.183953	125.342637	145.514528	0.008534	8.5
646	-1.191543	124.408713	146.449132	0.009188	12.9
647	-1.170543	125.408713	145.448856	0.007965	12.2
648	-1.212613	124.474789	146.382613	0.008825	12.4
649	-1.182567	125.474789	145.383243	0.009386	10.2
650	-1.179385	124.540864	146.316156	0.006732	8.3
651	-1.183996	125.539748	145.318796	0.007980	8.0
652	-1.181974	126.539748	144.333850	0.009867	10.4
653	-1.172807	125.605860	145.253264	0.006141	8.0
654	-1.163048	124.692788	146.163582	0.010114	9.5
655	-1.182535	123.758893	147.106539	0.007106	7.9
656	-1.153336	122.824969	148.061772	0.007283	8.2
657	-1.182310	121.891045	149.029492	0.010587	10.9
658	-1.147905	122.891045	147.993781	0.010443	9.5
659	-1.192140	121.957121	148.960609	0.007163	8.0
660	-1.201498	121.323006	149.624297	0.008044	8.1
661	-1.185996	120.389116	150.612582	0.010533	11.1
662	-1.149408	121.389116	149.554828	0.008944	8.0
663	-1.168416	122.389116	148.511828	0.007315	9.6
664	-1.181801	121.455195	149.485456	0.007238	7.9
665	-1.174873	122.435101	148.464216	0.008091	8.2
666	-1.187925	121.501176	149.437221	0.008748	10.7
667	-1.158515	120.567252	150.423064	0.007395	9.7
668	-1.193268	121.567252	149.367961	0.008362	8.1
669	-1.190406	122.567252	148.327557	0.008531	8.0
670	-1.168780	123.567252	147.301546	0.009195	11.3
671	-1.191616	124.567206	146.289679	0.008681	8.0
672	-1.191419	125.564748	145.294009	0.009119	10.8
673	-1.176385	126.564746	144.309398	0.010238	8.9
674	-1.183579	125.746235	145.114317	0.009273	9.0
675	-1.205266	126.746235	144.132131	0.008688	10.0
676	-1.161833	125.829125	145.032395	0.008388	8.3
677	-1.212292	124.896706	145.959291	0.009789	8.5
678	-1.183089	125.896277	144.966096	0.008444	8.9
679	-1.154122	126.896277	143.985909	0.005369	12.1
680	-1.167543	127.896277	143.018887	0.007349	8.2
681	-1.156398	126.962355	143.921606	0.009170	8.3
682	-1.183200	126.028430	144.835796	0.007320	8.3
683	-1.157043	126.869348	144.012130	0.008614	11.0
684	-1.193276	127.820319	143.091884	0.008679	9.3
685	-1.172370	128.820319	142.136794	0.007872	8.0
686	-1.197274	127.886394	143.028380	0.008941	8.3
687	-1.183012	128.886394	142.074135	0.007413	8.0
688	-1.181444	129.786212	141.226307	0.007514	10.6
689	-1.188492	130.786175	140.295911	0.010984	8.0
690	-1.151866	131.666155	139.487234	0.007630	9.4
691	-1.146993	130.752178	140.327342	0.008475	8.1
692	-1.185094	129.818254	141.196302	0.006925	11.1
693	-1.193957	128.884330	142.076092	0.006292	8.4
694	-1.194555	127.950405	142.966914	0.008824	9.1
695	-1.193639	128.941808	142.021629	0.008374	8.1
696	-1.217001	128.007884	142.911766	0.009172	8.0
697	-1.195125	129.007884	141.959071	0.008641	10.8
698	-1.182099	128.073962	142.848419	0.008697	8.3
699	-1.147058	127.140038	143.748983	0.007054	9.4
700	-1.170631	126.206114	144.660974	0.009486	8.2
701	-1.165597	127.197765	143.692988	0.008655	8.2
702	-1.163231	126.263841	144.604267	0.007907	16.6
703	-1.155525	127.256144	143.636406	0.008718	13.5
704	-1.193191	126.322220	144.546965	0.007411	12.0
705	-1.178720	125.388698	145.468742	0.008947	12.6
706	-1.164063	126.388698	144.481769	0.008485	8.2
707	-1.146345	125.454773	145.403112	0.009385	8.1
708	-1.163996	124.520849	146.336280	0.006613	9.4
709	-1.175491	125.520849	145.337540	0.008353	9.1
710	-1.171903	126.290354	144.578238	0.008492	9.8
711	-1.162201	127.259000	143.633640	0.007900	8.2
712	-1.156981	128.259000	142.671328	0.007433	8.2
713	-1.151929	127.347487	143.547964	0.007290	11.1
714	-1.172565	128.347487	142.586797	0.010382	9.1
715	-1.175572	129.347487	141.638415	0.006293	9.2
716	-1.177244	130.347487	140.702566	0.007559	8.0
717	-1.169396	129.413568	141.576189	0.008034	10.7
718	-1.172954	130.413568	140.641160	0.008106	8.9
719	-1.173262	131.318214	139.805866	0.009116	9.6
720	-1.144407	132.318214	138.893999	0.009475	8.9
721	-1.187911	133.318214	137.993950	0.007612	8.8
722	-1.162028	132.384289	138.834165	0.008538	12.0
723	-1.151610	131.450495	139.684557	0.007086	8.1
724	-1.162995	132.450494	138.774266	0.009000	8.4
725	-1.166795	133.450494	137.875763	0.010148	8.3
726	-1.199722	134.450494	136.988820	0.008735	10.7
727	-1.193470	135.450494	136.113215	0.008955	8.0
728	-1.140050	134.582967	136.872179	0.008349	9.1
729	-1.171136	135.582967	135.998060	0.008203	8.1
730	-1.162515	135.713863	135.884467	0.008509	11.2
731	-1.161017	136.713863	135.022878	0.007342	9.7
732	-1.183378	137.713863	134.172147	0.008252	8.2
733	-1.184768	138.713427	133.332433	0.009550	10.6
734	-1.166106	139.713427	132.502804	0.008149	9.1
735	-1.219291	140.606107	131.770885	0.007043	9.1
736	-1.161121	141.584726	130.977738	0.008382	8.0
737	-1.188066	142.564047	130.193525	0.009615	9.5
738	-1.144015	143.564047	129.402383	0.007814	8.2
739	-1.201735	144.564047	128.620798	0.007228	10.2
740	-1.208755	145.564047	127.848598	0.009975	9.5
741	-1.161586	146.564047	127.085614	0.006807	8.2
742	-1.132600	147.564047	126.331683	0.008065	8.0
743	-1.164473	146.630122	127.035520	0.009873	8.0
744	-1.162896	147.630122	126.282182	0.007956	10.2
745	-1.199014	146.696198	126.985465	0.007514	8.2
746	-1.211958	147.683940	126.241892	0.008706	10.3
747	-1.198275	148.683940	125.497910	0.010072	8.8
748	-1.200585	147.765596	126.180811	0.010909	9.4
749	-1.190013	146.831672	126.882963	0.010429	13.0
750	-1.161577	147.831672	126.131427	0.010379	8.9
751	-1.200392	146.897748	126.833028	0.010166	9.4
752	-1.178098	147.897748	126.082083	0.007961	9.5
753	-1.155557	148.897700	125.340012	0.006412	10.1
754	-1.190510	149.897696	124.606594	0.009792	10.1
755	-1.168456	150.897696	123.881706	0.007631	9.1
756	-1.191055	151.897696	123.165203	0.008598	10.4
757	-1.188116	152.897696	122.456940	0.008481	16.7
758	-1.158210	153.897695	121.756778	0.008826	11.0
759	-1.161515	152.965734	122.409047	0.009064	16.2
760	-1.158300	153.665428	121.918688	0.010243	11.3
761	-1.149778	152.731503	122.574083	0.008724	12.5
762	-1.203354	153.731503	121.872584	0.010921	8.8
763	-1.159183	154.731503	121.179068	0.009243	11.1
764	-1.184975	153.797579	121.826514	0.008185	10.8
765	-1.194133	154.797579	121.133521	0.009667	8.8
766	-1.186321	155.797579	120.448367	0.007884	8.5
767	-1.185127	154.863671	121.087998	0.007002	10.7
768	-1.195396	153.935785	121.730267	0.010679	8.8
769	-1.177390	153.001861	122.383632	0.008721	10.3
770	-1.217886	154.001861	121.684305	0.010854	8.9
771	-1.166912	153.067936	122.337176	0.009358	9.7
772	-1.191255	154.028768	121.665598	0.007748	9.8
773	-1.178943	155.028762	120.974433	0.008588	10.4
774	-1.153353	154.094838	121.619689	0.010378	9.0
775	-1.152917	153.160914	122.271865	0.006974	10.0
776	-1.218683	152.226990	122.931073	0.008947	11.2
777	-1.171451	153.226989	122.225494	0.006931	8.3
778	-1.162374	152.293065	122.884201	0.008471	9.9
779	-1.186790	153.293065	122.179157	0.009408	8.4
780	-1.176883	154.293065	121.482158	0.008493	11.9
781	-1.205071	153.359141	122.132856	0.007542	10.0
782	-1.125747	154.359141	121.436383	0.007049	9.1
783	-1.154438	155.359141	120.747808	0.008563	8.4
784	-1.172287	156.359141	120.066999	0.007658	12.0
785	-1.196781	157.359141	119.393823	0.009711	8.5
786	-1.208797	156.425223	120.022280	0.009464	8.5
787	-1.194197	157.425223	119.349605	0.009437	8.3
788	-1.131752	158.425223	118.684427	0.008013	8.5
789	-1.157908	159.425223	118.026623	0.005890	11.6
790	-1.182902	160.306830	117.452717	0.008268	9.8
791	-1.181132	161.306830	116.808458	0.008513	8.5
792	-1.154192	162.306830	116.171229	0.010624	8.5
793	-1.159278	161.372906	116.766137	0.008335	10.9
794	-1.173298	160.438981	117.367170	0.007539	8.7
795	-1.164758	159.505057	117.974422	0.009650	10.3
796	-1.181034	160.505057	117.324443	0.009156	8.9
797	-1.185689	161.505057	116.681587	0.008793	10.0
798	-1.210466	160.571133	117.281747	0.009666	10.1
799	-1.177049	161.322386	116.798492	0.011430	10.1
800	-1.212275	162.322386	116.161371	0.007943	10.5
801	-1.191155	163.322386	115.531164	0.009042	13.7
802	-1.193106	162.388462	116.119518	0.007960	8.5
803	-1.177335	161.461870	116.709205	0.009709	8.9
804	-1.169720	160.527946	117.309650	0.008890	8.8
805	-1.194827	159.594022	117.916305	0.007182	10.5
806	-1.185386	158.851427	118.403174	0.010789	13.4
807	-1.160756	157.919494	119.019897	0.009750	8.6
808	-1.186228	156.985570	119.644417	0.008703	16.0
809	-1.183815	157.985570	118.975959	0.007466	19.8
810	-1.201518	158.985570	118.314928	0.007412	13.6
811	-1.191224	158.068348	118.920960	0.008554	13.6
812	-1.143789	157.134424	119.544439	0.009495	10.4
813	-1.211398	158.134424	118.877094	0.007089	9.5
814	-1.175235	159.132728	118.218272	0.007205	9.3
815	-1.199439	160.132728	117.565611	0.006745	10.2
816	-1.196538	161.132728	116.920117	0.009318	9.0
817	-1.191337	160.198803	117.522740	0.007673	9.4
818	-1.199754	159.264879	118.131607	0.010254	8.0
819	-1.176590	158.330955	118.746815	0.006604	9.5
820	-1.191094	159.330955	118.088322	0.007369	10.0
821	-1.144085	160.330955	117.437091	0.007998	9.7
822	-1.189742	161.282772	116.823875	0.009397	10.3
823	-1.149931	162.282772	116.186478	0.006942	9.7
824	-1.169234	163.281789	115.556615	0.006338	13.7
825	-1.148041	164.273884	114.937839	0.007694	8.3
826	-1.185128	165.129881	114.409248	0.009252	12.4
827	-1.183272	164.195957	114.986202	0.008815	14.0
828	-1.198823	163.262033	115.569005	0.009644	13.7
829	-1.155430	164.262033	114.945191	0.006907	10.5
830	-1.179563	165.262033	114.328076	0.008043	11.2
831	-1.178371	164.328141	114.904189	0.009059	13.9
832	-1.176618	164.660245	114.698652	0.007149	11.3
833	-1.186529	163.726320	115.278536	0.008709	10.2
834	-1.141280	164.725377	114.658428	0.008243	15.5
835	-1.157551	163.791453	115.237905	0.006359	12.7
836	-1.152037	162.857668	115.823180	0.008047	11.3
837	-1.180416	161.929065	116.411133	0.011125	9.4
838	-1.165005	162.929034	115.778240	0.008700	14.9
839	-1.186601	161.995109	116.369120	0.007577	13.3
840	-1.113509	161.061185	116.966061	0.005488	11.5
841	-1.159557	162.061185	116.327116	0.009284	13.1
842	-1.170275	161.127261	116.923626	0.008787	10.4
843	-1.166075	162.127261	116.285143	0.007462	11.1
844	-1.193959	161.193337	116.881222	0.006508	9.1
845	-1.177359	160.259704	117.483254	0.007504	17.2
846	-1.198836	159.325780	118.091711	0.008973	14.4
847	-1.183213	160.325757	117.440457	0.007528	8.0
848	-1.179705	161.325757	116.796333	0.008381	8.4
849	-1.184140	160.391832	117.397677	0.008745	11.3
850	-1.192725	161.391832	116.754021	0.009390	8.5
851	-1.157222	162.391832	116.117384	0.007183	8.0
852	-1.160789	163.391815	115.487663	0.007065	8.4
853	-1.177157	162.466800	116.069936	0.006884	8.2
854	-1.193960	163.464556	115.442122	0.008565	15.0
855	-1.203774	162.530631	116.029567	0.009320	14.8
856	-1.184314	161.597546	116.622486	0.007555	9.5
857	-1.161410	162.597546	115.987279	0.007391	10.1
858	-1.189234	161.663622	116.580300	0.007435	12.7
859	-1.157957	162.663622	115.945551	0.007298	8.0
860	-1.168530	163.663622	115.317676	0.006999	8.3
861	-1.160460	162.729698	115.903852	0.006717	8.0
862	-1.179630	161.846146	116.463925	0.008684	10.8
863	-1.182909	162.846146	115.830439	0.010882	8.7
864	-1.161010	163.846146	115.203807	0.009124	8.1
865	-1.174338	164.846146	114.583919	0.007136	8.2
866	-1.180761	165.846146	113.970667	0.009084	8.0
867	-1.171869	165.554709	114.148712	0.008731	10.9
868	-1.192671	166.554709	113.540096	0.007761	8.2
869	-1.178286	165.620785	114.108296	0.009327	8.3
870	-1.199998	164.686861	114.682211	0.007883	7.9
871	-1.166187	163.752936	115.261929	0.007824	8.0
872	-1.176721	162.819012	115.847537	0.009747	10.5
873	-1.186410	163.819012	115.220721	0.006773	8.2
874	-1.156525	162.885088	115.805909	0.009537	8.1
875	-1.184439	163.885088	115.179542	0.006517	8.1
876	-1.153367	164.884692	114.560158	0.006856	7.9
877	-1.131243	163.950768	115.138639	0.007367	10.5
878	-1.160402	163.016844	115.722992	0.007609	8.2
879	-1.186157	162.108729	116.296912	0.008854	8.4
880	-1.179407	161.174805	116.893112	0.008466	8.4
881	-1.176848	162.174805	116.254961	0.009612	8.2
882	-1.143059	161.240880	116.850729	0.008218	10.7
883	-1.203218	162.240880	116.213040	0.008449	8.0
884	-1.212200	161.306956	116.808378	0.007995	8.2
885	-1.149855	162.306956	116.171149	0.007850	8.6
886	-1.151106	163.306956	115.540836	0.008758	8.2
887	-1.212077	164.306953	114.917327	0.007873	10.4
888	-1.194639	163.373033	115.499427	0.007467	8.3
889	-1.162446	162.439109	116.087457	0.008269	8.1
890	-1.146691	163.438341	115.458530	0.007089	8.2
891	-1.200723	164.167284	115.004008	0.008635	8.0
892	-1.170081	165.164397	114.388036	0.007441	10.9
893	-1.181936	166.164164	113.777014	0.006618	8.1
894	-1.150625	167.135833	113.189388	0.009096	8.2
895	-1.159077	166.201908	113.754074	0.007933	8.0
896	-1.144468	165.267984	114.324423	0.007555	8.9
897	-1.183792	166.267957	113.713954	0.008482	11.2
898	-1.151407	167.161475	113.173963	0.006957	7.9
899	-1.180150	166.227630	113.738446	0.009472	8.3
900	-1.178623	167.227630	113.134186	0.008495	8.1
901	-1.203153	168.227630	112.536313	0.007893	10.8
902	-1.169345	169.227630	111.944725	0.009245	8.0
903	-1.169026	170.227630	111.359325	0.009735	8.5
904	-1.182559	171.227630	110.780015	0.009432	8.0
905	-1.168423	172.227630	110.206702	0.008566	8.0
906	-1.171643	173.227630	109.639292	0.007543	10.7
907	-1.204551	174.223595	109.079949	0.008628	8.4
908	-1.182026	175.223595	108.524053	0.008758	8.1
909	-1.186750	176.223595	107.973794	0.007940	7.9
910	-1.162160	177.223595	107.429087	0.009572	8.6
911	-1.134459	176.427150	107.862469	0.009150	10.4
912	-1.179616	177.427150	107.318881	0.010414	13.8
913	-1.177760	178.426994	106.780829	0.006919	14.7
914	-1.160770	177.493070	107.283240	0.006248	11.5
915	-1.157267	178.493032	106.745482	0.009551	9.7
916	-1.140224	179.493028	106.213069	0.008247	9.0
917	-1.199723	180.493001	105.685953	0.008326	8.2
918	-1.149644	179.559077	106.178090	0.008409	8.7
919	-1.162735	180.559077	105.651306	0.007856	10.0
920	-1.132925	179.625152	106.143121	0.006983	8.1
921	-1.161056	180.625152	105.616683	0.008220	8.1
922	-1.180520	180.104793	105.889966	0.005763	8.4
923	-1.191368	179.170871	106.384009	0.009868	11.7
924	-1.159981	180.168120	105.856633	0.008779	8.2
925	-1.183290	181.168120	105.333026	0.009003	8.0
926	-1.191520	182.168042	104.814613	0.006691	7.9
927	-1.186581	181.236580	105.297369	0.007949	7.9
928	-1.160323	182.236580	104.779266	0.007391	10.6
929	-1.182219	181.302656	105.262977	0.008832	8.1
930	-1.158491	182.302656	104.745212	0.008430	8.0
931	-1.201810	183.302656	104.232516	0.008070	7.9
932	-1.202996	182.368739	104.711176	0.009135	8.1
933	-1.209318	181.434815	105.194256	0.007813	10.3
934	-1.164655	182.434815	104.677166	0.008219	7.9
935	-1.181285	181.500890	105.159932	0.007382	8.2
936	-1.194765	180.568198	105.646526	0.010762	8.2
937	-1.165407	179.634274	106.138295	0.007990	8.0
938	-1.183472	178.700349	106.634665	0.010896	10.6
939	-1.197964	179.700349	106.103352	0.007208	8.2
940	-1.175818	178.766425	106.599394	0.008559	8.6
941	-1.143269	177.832501	107.100095	0.007398	8.1
942	-1.184674	176.898577	107.605523	0.008283	8.1
943	-1.182852	177.898577	107.064516	0.009734	10.4
944	-1.164937	178.898577	106.528921	0.009099	7.9
945	-1.180202	179.898319	105.998795	0.006991	8.4
946	-1.216184	180.898319	105.473784	0.007825	8.0
947	-1.190544	181.898319	104.953949	0.010071	8.2
948	-1.188503	182.898295	104.439224	0.009821	11.0
949	-1.145711	181.994481	104.904230	0.009053	8.1
950	-1.177565	182.994481	104.389980	0.006259	8.2
951	-1.175102	183.994462	103.880757	0.009930	9.0
952	-1.187446	184.994462	103.376468	0.010685	8.1
953	-1.181883	185.994462	102.877051	0.007937	11.1
954	-1.167138	186.994462	102.382437	0.009227	8.1
955	-1.156922	187.994451	101.892560	0.007852	7.9
956	-1.166169	188.994451	101.407345	0.007465	8.0
957	-1.180708	189.994451	100.926729	0.009416	10.8
958	-1.181656	189.060527	101.375447	0.009300	8.1
959	-1.186328	188.126604	101.828172	0.007823	8.0
960	-1.204666	189.126604	101.343568	0.008568	8.1
961	-1.181007	190.126603	100.863555	0.007886	7.9
962	-1.178731	189.192685	101.311707	0.008744	10.7
963	-1.192694	190.192685	100.831995	0.008611	7.9
964	-1.190245	189.258763	101.279868	0.009216	9.2
965	-1.201568	190.258728	100.800473	0.010105	8.5
966	-1.167026	189.324803	101.248067	0.008749	8.0
967	-1.208280	190.324803	100.768956	0.009266	11.1
968	-1.114200	191.324803	100.294358	0.007787	8.2
969	-1.157275	190.390881	100.737457	0.009289	8.1
970	-1.192875	189.474241	101.176180	0.009499	8.2
971	-1.175911	190.474136	100.697798	0.007315	13.5
972	-1.178217	191.474136	100.223868	0.009444	14.1
973	-1.168216	190.540211	100.666344	0.011567	10.6
974	-1.181101	191.540211	100.192710	0.007848	9.9
975	-1.142985	192.540211	99.723512	0.009082	11.1
976	-1.176585	193.540211	99.258687	0.008377	8.0
977	-1.190987	192.606287	99.692664	0.011280	8.0
978	-1.169329	191.672363	100.130452	0.007759	9.2
979	-1.203056	192.672363	99.661835	0.006428	11.4
980	-1.169962	191.738438	100.099352	0.007327	7.9
981	-1.172303	190.804514	100.540727	0.006804	8.1
982	-1.181679	191.790540	100.074843	0.009979	8.1
983	-1.212663	190.856615	100.516001	0.009048	8.1
984	-1.201715	191.856615	100.043777	0.009342	10.5
985	-1.182738	191.059448	100.419858	0.007633	8.9
986	-1.189859	190.137926	100.858146	0.008937	8.1
987	-1.184316	191.137926	100.382709	0.007948	8.9
988	-1.189930	192.137926	99.911734	0.008393	8.2
989	-1.168024	191.204053	100.351428	0.008194	10.8
990	-1.193656	190.270129	100.795034	0.007696	8.2
991	-1.164015	191.269830	100.320332	0.008897	8.0
992	-1.184325	192.269830	99.849940	0.010348	8.2
993	-1.209222	191.335906	100.289113	0.011263	10.6
994	-1.194225	192.335906	99.819014	0.010407	8.3
995	-1.155909	193.332479	99.354890	0.008606	8.0
996	-1.200221	194.332479	98.893487	0.010148	8.1
997	-1.175322	195.332452	98.436363	0.008712	8.2
998	-1.191973	194.398537	98.863159	0.009908	10.6
999	-1.174646	193.464613	99.293676	0.008542	8.2
