1:ItNr	2:Metric	3a:Time	3b:StepSize	4:||Gradient||	Time[ms]
0	-1.172406	0.000000	2.769842	0.024760	292.7
1	-1.141718	0.000000	2.769842	0.025912	10.0
2	-1.151267	0.000000	2.769842	0.037524	4.1
3	-1.130193	0.000000	2.769842	0.039391	9.1
4	-1.113488	0.999483	2.644002	0.018937	4.5
5	-1.145921	1.656392	2.567341	0.019077	8.0
6	-1.101837	1.092783	2.632836	0.025254	4.8
7	-1.132822	0.518129	2.703148	0.017903	4.0
8	-1.128024	0.972365	2.647265	0.020827	11.0
9	-1.164635	0.492481	2.706373	0.026418	4.5
10	-1.138636	0.000000	2.769842	0.020933	8.2
11	-1.098753	0.000000	2.769842	0.029320	6.0
12	-1.181382	0.000000	2.769842	0.027610	3.6
13	-1.160070	0.991503	2.644962	0.044024	9.2
14	-1.097740	1.977785	2.531431	0.015799	4.5
15	-1.181829	2.056548	2.522783	0.022238	4.7
16	-1.210059	1.684205	2.564193	0.015999	8.2
17	-1.155153	1.374085	2.599734	0.024865	5.2
18	-1.240279	1.363607	2.600952	0.021683	8.4
19	-1.141780	2.241442	2.502714	0.025359	4.6
20	-1.151369	2.006477	2.528274	0.020818	3.6
21	-1.154881	1.439096	2.592202	0.025910	8.5
22	-1.145679	2.302845	2.496119	0.016528	3.9
23	-1.152107	2.685006	2.455844	0.032527	4.3
24	-1.171955	3.445191	2.379473	0.025192	7.5
25	-1.175266	3.377258	2.386104	0.032387	5.6
26	-1.162286	4.265843	2.302186	0.024898	6.9
27	-1.137930	5.261490	2.214904	0.018915	5.7
28	-1.153517	6.196036	2.138792	0.017995	3.6
29	-1.165026	6.002041	2.154159	0.020756	7.8
30	-1.140450	6.503287	2.114899	0.016190	5.0
31	-1.160298	6.115547	2.145141	0.026021	4.3
32	-1.143570	6.165529	2.141194	0.028806	7.8
33	-1.179211	5.955131	2.157907	0.020927	4.9
34	-1.167281	6.184199	2.139724	0.026142	7.4
35	-1.125599	6.741626	2.096729	0.027469	7.5
36	-1.145012	7.725968	2.024881	0.014913	4.5
37	-1.156397	7.565074	2.036287	0.023621	6.9
38	-1.160027	7.387568	2.049019	0.022207	4.7
39	-1.165455	7.948295	2.009330	0.026001	4.3
40	-1.199608	8.691404	1.959041	0.039307	7.9
41	-1.202187	9.551199	1.903908	0.014905	4.7
42	-1.207609	9.123540	1.930938	0.022087	6.6
43	-1.147072	8.847167	1.948817	0.022704	7.7
44	-1.192212	9.026674	1.937167	0.013945	4.7
45	-1.153057	8.779806	1.953226	0.024244	7.6
46	-1.139359	8.346383	1.982073	0.017894	4.6
47	-1.192224	9.145973	1.929501	0.028851	3.9
48	-1.142205	10.032260	1.874394	0.029350	6.3
49	-1.122661	11.015751	1.816814	0.019993	6.1
50	-1.147173	11.867090	1.769754	0.025364	3.8
51	-1.138661	11.323702	1.799505	0.042366	11.5
52	-1.175436	12.323544	1.745513	0.031635	3.8
53	-1.171560	11.844062	1.770995	0.023273	5.4
54	-1.174733	11.264593	1.802802	0.018243	8.6
55	-1.117196	11.868292	1.769690	0.033924	3.8
56	-1.192605	12.351598	1.744045	0.016896	5.9
57	-1.173016	13.326156	1.694529	0.018476	4.2
58	-1.171606	13.258644	1.697869	0.017820	6.9
59	-1.164312	13.067206	1.707410	0.017953	9.4
60	-1.182864	13.301201	1.695762	0.021517	4.2
61	-1.141088	13.763352	1.673218	0.029378	6.7
62	-1.201622	13.994602	1.662161	0.028750	5.4
63	-1.120645	14.898668	1.620302	0.020633	3.9
64	-1.196128	14.397431	1.643246	0.022384	7.1
65	-1.174153	15.343306	1.600478	0.024077	5.0
66	-1.158235	16.297991	1.559512	0.022298	3.6
67	-1.170670	15.729902	1.583633	0.016414	8.8
68	-1.180420	15.477670	1.594583	0.028409	4.2
69	-1.156428	14.935910	1.618623	0.026331	4.7
70	-1.182397	15.931783	1.574976	0.024732	8.0
71	-1.165134	16.015922	1.571396	0.026619	3.6
72	-1.171257	15.999358	1.572100	0.015515	5.2
73	-1.181418	15.744429	1.583007	0.028691	7.2
74	-1.166627	15.232341	1.605380	0.020640	3.6
75	-1.138222	16.139812	1.566154	0.024773	4.3
76	-1.164422	15.558972	1.591037	0.035801	6.1
77	-1.198752	16.557681	1.548729	0.021237	4.4
78	-1.182665	17.555921	1.508632	0.036142	4.4
79	-1.179736	18.418408	1.475622	0.030364	3.9
80	-1.158140	18.066633	1.488909	0.020255	4.0
81	-1.165863	18.165834	1.485138	0.019672	4.0
82	-1.136260	17.852777	1.497105	0.022816	3.7
83	-1.165395	18.748897	1.463353	0.021723	3.9
84	-1.145664	19.720695	1.428430	0.026733	3.9
85	-1.150481	20.273413	1.409301	0.020773	3.9
86	-1.142123	19.792792	1.425906	0.032524	3.9
87	-1.151036	19.679619	1.429873	0.021926	3.9
88	-1.207043	20.190097	1.412152	0.016784	4.0
89	-1.145921	19.657018	1.430668	0.017034	5.6
90	-1.204097	19.108554	1.450231	0.025131	3.6
91	-1.148707	19.824795	1.424788	0.038303	4.6
92	-1.153784	20.164227	1.413039	0.026942	3.5
93	-1.211148	20.718152	1.394277	0.025502	4.0
94	-1.188431	20.484976	1.402114	0.028648	3.6
95	-1.163354	20.564863	1.399419	0.015399	4.4
96	-1.119724	21.513817	1.368183	0.021263	3.6
97	-1.171003	21.427260	1.370974	0.017712	4.0
98	-1.155701	21.162557	1.379581	0.023066	3.5
99	-1.199937	21.093710	1.381838	0.033937	4.3
100	-1.177019	22.089334	1.349909	0.021789	3.7
101	-1.147959	22.179044	1.347104	0.031808	5.9
102	-1.165024	22.675096	1.331804	0.020267	4.1
103	-1.178603	22.138229	1.348379	0.032525	4.3
104	-1.122063	22.716481	1.330543	0.018149	4.7
105	-1.141051	23.694703	1.301422	0.024310	3.6
106	-1.170653	24.069731	1.290593	0.021347	4.2
107	-1.163307	25.031067	1.263640	0.020893	3.5
108	-1.214919	24.708671	1.272552	0.023660	4.3
109	-1.158926	24.194274	1.287036	0.017814	3.6
110	-1.148406	24.219176	1.286328	0.023378	4.4
111	-1.195290	24.025896	1.291849	0.016998	9.5
112	-1.188125	24.606810	1.275395	0.016416	10.3
113	-1.146041	24.603342	1.275492	0.018446	5.9
114	-1.160543	24.121887	1.289101	0.026570	4.3
115	-1.168123	23.897360	1.295548	0.017920	4.6
116	-1.182764	24.675201	1.273485	0.022958	5.0
117	-1.191996	24.179641	1.287453	0.020881	3.8
118	-1.156664	24.881545	1.267758	0.027041	3.6
119	-1.208471	25.777413	1.243478	0.036759	4.0
120	-1.166670	26.764143	1.217790	0.024581	3.5
121	-1.150918	27.441796	1.200754	0.025503	3.8
122	-1.157966	28.436922	1.176584	0.017997	7.6
123	-1.185987	29.013545	1.163019	0.031732	4.0
124	-1.180879	28.824672	1.167427	0.021323	3.6
125	-1.134296	29.779611	1.145473	0.032025	3.9
126	-1.186819	30.069274	1.138976	0.025897	3.6
127	-1.185784	30.882839	1.121116	0.029090	4.1
128	-1.148720	31.879523	1.099985	0.020366	4.7
129	-1.193802	31.336450	1.111399	0.017468	9.5
130	-1.138363	31.365352	1.110786	0.027445	14.4
131	-1.211429	31.119854	1.116018	0.018620	69.2
132	-1.200418	30.926929	1.120164	0.022375	7.6
133	-1.188957	30.383284	1.132016	0.016177	26.7
134	-1.191359	29.849901	1.143890	0.017327	12.3
135	-1.226467	29.488271	1.152083	0.013573	12.2
136	-1.173111	29.141885	1.160042	0.015643	8.9
137	-1.159477	28.800815	1.167986	0.034495	8.7
138	-1.148902	29.663673	1.148094	0.016971	8.7
139	-1.197213	29.086731	1.161319	0.020258	6.9
140	-1.196943	28.807044	1.167840	0.019557	4.5
141	-1.153004	28.318492	1.179409	0.019013	6.6
142	-1.196103	28.617699	1.172297	0.015117	5.2
143	-1.191494	29.000345	1.163326	0.030745	4.1
144	-1.191013	29.285097	1.156738	0.017614	4.0
145	-1.203611	29.200637	1.158684	0.017346	4.0
146	-1.177773	29.014961	1.162986	0.029369	4.5
147	-1.179002	28.434292	1.176646	0.020299	6.5
148	-1.124861	28.223704	1.181680	0.027184	5.2
149	-1.153883	27.826877	1.191284	0.018236	6.3
150	-1.175447	27.774708	1.192558	0.017655	5.3
151	-1.158778	27.286776	1.204609	0.024120	6.4
152	-1.176808	28.251635	1.181010	0.027962	5.2
153	-1.142364	29.231779	1.157966	0.019324	7.8
154	-1.189624	28.669444	1.171076	0.028225	6.8
155	-1.153937	29.355165	1.155128	0.019912	4.2
156	-1.176058	29.817585	1.144617	0.022699	8.8
157	-1.141543	29.774605	1.145586	0.025802	16.0
158	-1.238652	29.844624	1.144008	0.024047	6.9
159	-1.178116	30.126622	1.137698	0.022294	6.6
160	-1.145085	30.766070	1.123645	0.023028	11.5
161	-1.196849	31.621529	1.105378	0.029877	9.6
162	-1.175845	32.416498	1.088927	0.026588	6.6
163	-1.161968	33.390585	1.069425	0.025885	7.8
164	-1.165567	34.321894	1.051422	0.022099	6.1
165	-1.151954	33.805384	1.061331	0.021156	6.7
166	-1.176991	34.056093	1.056498	0.035353	7.1
167	-1.163937	33.695549	1.063463	0.013776	10.4
168	-1.191287	34.419306	1.049574	0.013848	5.5
169	-1.204040	34.500472	1.048039	0.010453	4.7
170	-1.161549	34.194424	1.053851	0.023009	6.3
171	-1.120380	33.844229	1.060580	0.035855	4.3
172	-1.163197	34.838928	1.041687	0.022529	3.5
173	-1.208089	35.836718	1.023400	0.029064	4.4
174	-1.183711	36.257231	1.015884	0.024827	6.6
175	-1.154316	35.675351	1.026314	0.025250	3.5
176	-1.170426	35.113682	1.036586	0.026242	3.5
177	-1.179473	36.020121	1.020108	0.016486	8.3
178	-1.195837	35.694398	1.025969	0.023057	4.6
179	-1.182069	35.133510	1.036220	0.024610	4.0
180	-1.151144	34.870836	1.041092	0.026452	6.0
181	-1.214597	35.014157	1.038428	0.025034	3.7
182	-1.200209	34.486776	1.048298	0.015932	3.5
183	-1.206971	34.693733	1.044403	0.024479	3.9
184	-1.189486	34.189202	1.053950	0.017303	4.5
185	-1.165391	34.075373	1.056129	0.019446	3.5
186	-1.134765	34.475154	1.048518	0.032994	3.5
187	-1.240502	35.462983	1.030174	0.016641	3.6
188	-1.189737	36.312967	1.014896	0.025181	3.5
189	-1.212564	35.762823	1.024732	0.032029	5.2
190	-1.184638	36.327737	1.014634	0.021195	3.6
191	-1.211574	35.746026	1.025035	0.014414	4.4
192	-1.140409	35.259507	1.033900	0.018267	3.6
193	-1.130807	35.176545	1.035426	0.026209	3.5
194	-1.199631	35.988880	1.020667	0.025877	3.4
195	-1.157823	35.407068	1.031195	0.015048	3.5
196	-1.130604	34.985470	1.038960	0.021346	3.4
197	-1.191306	34.911093	1.040342	0.028908	3.6
198	-1.165639	35.809268	1.023894	0.021620	3.4
199	-1.148340	35.610995	1.027480	0.025741	3.5
200	-1.223754	36.433791	1.012761	0.022763	3.6
201	-1.173994	36.159891	1.017614	0.024066	3.6
202	-1.165806	36.068340	1.019246	0.019610	4.5
203	-1.137427	35.693322	1.025988	0.020241	4.0
204	-1.173469	35.129579	1.036293	0.018370	3.6
205	-1.163927	35.235214	1.034346	0.016112	3.5
206	-1.165205	35.048596	1.037790	0.023143	3.7
207	-1.175749	34.573935	1.046654	0.026906	5.3
208	-1.135145	34.923575	1.040110	0.022112	3.8
209	-1.163401	34.725661	1.043804	0.023350	4.9
210	-1.146212	34.401942	1.049903	0.021429	3.8
211	-1.149521	33.919780	1.059121	0.021526	3.6
212	-1.166523	34.890315	1.040729	0.021785	3.6
213	-1.217688	34.342984	1.051022	0.021443	3.5
214	-1.166138	34.954119	1.039542	0.023190	4.0
215	-1.152823	35.154840	1.035827	0.020582	5.6
216	-1.180209	35.398397	1.031353	0.032812	3.9
217	-1.154815	34.843428	1.041603	0.023988	4.0
218	-1.176262	35.816379	1.023766	0.029613	4.0
219	-1.208081	35.234417	1.034361	0.033256	3.6
220	-1.171901	34.652518	1.045176	0.023024	4.0
221	-1.192049	34.797393	1.042462	0.029545	3.7
222	-1.170285	34.417256	1.049613	0.027021	4.3
223	-1.150846	35.413802	1.031072	0.025305	3.7
224	-1.147076	34.920244	1.040172	0.013880	4.2
225	-1.200694	34.462072	1.048765	0.028543	3.9
226	-1.173659	34.009942	1.057385	0.026277	4.1
227	-1.159964	35.007471	1.038552	0.034795	5.1
228	-1.166841	34.425263	1.049461	0.016139	4.3
229	-1.166441	34.255687	1.052682	0.021690	4.5
230	-1.166963	34.495867	1.048126	0.030742	3.5
231	-1.168192	34.047279	1.056668	0.016795	4.2
232	-1.166062	34.872234	1.041066	0.014541	3.6
233	-1.155211	34.464554	1.048718	0.018638	4.5
234	-1.171160	34.497982	1.048086	0.022329	3.5
235	-1.183484	33.981472	1.057932	0.027353	4.3
236	-1.202930	33.420196	1.068844	0.026089	3.6
237	-1.186910	32.927860	1.078602	0.023719	8.4
238	-1.177235	32.392565	1.089415	0.030840	5.4
239	-1.152034	32.307196	1.091160	0.019418	9.0
240	-1.142865	31.725227	1.103204	0.021539	5.9
241	-1.215890	32.106735	1.095279	0.025076	3.8
242	-1.195429	31.765591	1.102360	0.031114	11.0
243	-1.207433	31.342795	1.111264	0.024288	9.7
244	-1.157386	32.319453	1.090909	0.032991	6.8
245	-1.163415	31.738323	1.102930	0.019961	11.0
246	-1.186332	31.156323	1.115237	0.024215	8.2
247	-1.158690	32.048417	1.096483	0.021992	9.7
248	-1.196831	31.726370	1.103180	0.021402	6.5
249	-1.186103	32.288280	1.091547	0.027385	9.3
250	-1.185135	32.096628	1.095487	0.017517	13.4
251	-1.217135	33.059855	1.075968	0.019659	7.1
252	-1.142886	32.875244	1.079655	0.008797	7.4
253	-1.187860	32.641567	1.084358	0.027092	3.5
254	-1.191251	32.259427	1.092139	0.020586	3.7
255	-1.201025	33.107188	1.075027	0.020659	9.9
256	-1.206265	32.579703	1.085610	0.024050	10.2
257	-1.166335	32.251597	1.092299	0.013133	7.4
258	-1.153709	31.741453	1.102865	0.022231	3.9
259	-1.198459	31.672522	1.104308	0.019186	10.3
260	-1.174360	31.115861	1.116103	0.020036	4.5
261	-1.172226	30.938030	1.119925	0.029137	5.4
262	-1.140508	31.693793	1.103862	0.031228	6.6
263	-1.227735	32.225893	1.092827	0.023782	3.5
264	-1.165124	32.743978	1.082292	0.029045	5.2
265	-1.215971	33.723296	1.062924	0.029342	6.7
266	-1.142565	34.717257	1.043962	0.029130	3.8
267	-1.177883	35.716135	1.025576	0.032071	3.7
268	-1.175562	36.162651	1.017564	0.015511	4.2
269	-1.162428	35.639392	1.026965	0.038538	3.6
270	-1.186015	36.529122	1.011082	0.024629	3.6
271	-1.168008	35.956340	1.021250	0.022036	3.6
272	-1.170817	36.937825	1.003950	0.025928	3.7
273	-1.172627	36.372925	1.013835	0.019334	3.5
274	-1.164183	36.640141	1.009135	0.019431	4.0
275	-1.176544	36.075052	1.019126	0.014441	3.5
276	-1.193157	35.921426	1.021877	0.013723	4.2
277	-1.198916	36.204129	1.016827	0.023546	3.5
278	-1.162499	36.523371	1.011183	0.019840	5.7
279	-1.188328	35.950393	1.021357	0.016609	3.6
280	-1.190562	36.107677	1.018544	0.021729	3.7
281	-1.159668	35.680262	1.026225	0.030753	3.5
282	-1.158761	35.151015	1.035897	0.036620	4.4
283	-1.203719	36.151012	1.017772	0.025473	3.6
284	-1.220546	35.568633	1.028250	0.022757	3.9
285	-1.201068	34.986931	1.038933	0.030162	3.6
286	-1.187782	35.973356	1.020945	0.010810	4.1
287	-1.209248	36.419054	1.013020	0.028935	3.5
288	-1.185941	36.913908	1.004365	0.017384	4.0
289	-1.122097	36.376426	1.013773	0.024506	3.5
290	-1.147000	36.473465	1.012061	0.025922	5.3
291	-1.141469	37.460331	0.994977	0.023539	4.6
292	-1.182450	37.360614	0.996677	0.022386	4.9
293	-1.201104	36.875666	1.005028	0.024478	5.3
294	-1.158869	37.722133	0.990541	0.016270	3.5
295	-1.193992	37.175248	0.999853	0.025150	11.2
296	-1.171547	36.839265	1.005661	0.014368	6.2
297	-1.221921	36.719471	1.007748	0.023953	7.5
298	-1.208789	36.154790	1.017704	0.027524	7.2
299	-1.153835	36.059175	1.019410	0.019295	5.2
300	-1.170135	36.860754	1.005287	0.018186	8.0
301	-1.214331	36.288280	1.015333	0.019413	4.9
302	-1.187583	37.115923	1.000873	0.026151	5.3
303	-1.172028	37.861869	0.988189	0.038126	8.5
304	-1.194568	38.860436	0.971705	0.024873	5.5
305	-1.180538	39.759138	0.957332	0.018272	9.4
306	-1.175026	39.236979	0.965631	0.028102	5.6
307	-1.214500	38.655555	0.975042	0.023650	7.8
308	-1.194475	38.425269	0.978821	0.028177	5.4
309	-1.195273	38.952300	0.970216	0.011196	6.1
310	-1.181897	38.409312	0.979084	0.030532	7.4
311	-1.116879	39.042551	0.968758	0.017445	3.7
312	-1.179953	38.653407	0.975077	0.016279	8.0
313	-1.213533	38.303879	0.980824	0.020854	5.5
314	-1.150740	38.081928	0.984509	0.031174	6.9
315	-1.199392	39.070153	0.968312	0.026731	7.9
316	-1.161464	40.070025	0.952459	0.015746	3.5
317	-1.141541	39.674492	0.958668	0.024175	7.5
318	-1.173041	39.305417	0.964535	0.027793	5.4
319	-1.189755	40.261155	0.949487	0.021525	3.6
320	-1.169611	40.636756	0.943701	0.018090	7.2
321	-1.141833	40.841782	0.940572	0.025929	5.1
322	-1.211788	40.613720	0.944054	0.016601	4.8
323	-1.163964	40.196319	0.950493	0.021656	6.5
324	-1.178120	39.666684	0.958791	0.023694	4.2
325	-1.150631	39.544801	0.960721	0.022104	3.9
326	-1.190905	40.000844	0.953539	0.034934	3.7
327	-1.198626	41.000425	0.938166	0.028133	4.7
328	-1.226759	41.932394	0.924272	0.019465	3.5
329	-1.154774	41.390710	0.932297	0.025020	4.6
330	-1.120852	42.362445	0.917999	0.027268	3.5
331	-1.200151	43.123485	0.907104	0.018957	4.5
332	-1.163136	43.762085	0.898159	0.022055	3.5
333	-1.188858	44.343268	0.890171	0.014445	4.3
334	-1.138016	44.356380	0.889992	0.011755	6.0
335	-1.178354	44.019782	0.894600	0.025933	3.7
336	-1.204743	43.537379	0.901287	0.024554	4.5
337	-1.176956	43.859214	0.896814	0.015206	3.6
338	-1.159433	44.557061	0.887268	0.028918	4.2
339	-1.219157	44.458513	0.888604	0.034330	3.4
340	-1.188542	45.417886	0.875768	0.025163	4.3
341	-1.176872	45.444239	0.875421	0.018789	3.5
342	-1.201446	45.466784	0.875124	0.012989	4.5
343	-1.177710	45.547280	0.874065	0.015984	3.8
344	-1.219933	45.138775	0.879464	0.022770	4.8
345	-1.223660	45.683703	0.872277	0.023430	3.6
346	-1.200438	46.031184	0.867755	0.038712	7.0
347	-1.221869	46.026328	0.867818	0.019807	4.4
348	-1.176909	45.449141	0.875356	0.018845	3.6
349	-1.175990	45.286442	0.877505	0.025912	4.3
350	-1.151235	46.240568	0.865053	0.019767	3.5
351	-1.153716	46.456730	0.862281	0.026494	4.3
352	-1.160715	45.875775	0.869772	0.023513	3.5
353	-1.177040	46.456935	0.862279	0.025755	4.4
354	-1.193311	45.878982	0.869730	0.029079	3.5
355	-1.155504	45.585882	0.873559	0.023052	4.6
356	-1.159404	45.536404	0.874208	0.019583	3.5
357	-1.210422	45.519659	0.874428	0.015072	4.4
358	-1.173658	44.972979	0.881674	0.016504	5.5
359	-1.171250	44.472564	0.888413	0.026557	3.5
360	-1.212115	45.349497	0.876671	0.018611	3.7
361	-1.166938	44.783998	0.884207	0.019848	3.9
362	-1.181360	44.553668	0.887314	0.022831	3.4
363	-1.197796	45.342145	0.876768	0.019140	4.0
364	-1.187897	46.094909	0.866931	0.023228	3.5
365	-1.185448	46.366864	0.863432	0.026455	3.6
366	-1.207671	45.951363	0.868790	0.027979	3.4
367	-1.157702	46.943128	0.856108	0.012721	3.8
368	-1.183078	47.311855	0.851487	0.022514	3.4
369	-1.167263	47.212032	0.852733	0.022522	3.7
370	-1.178663	48.152032	0.841142	0.027879	3.4
371	-1.190732	48.297648	0.839374	0.017410	5.0
372	-1.197778	47.767635	0.845844	0.021979	4.0
373	-1.170967	47.915228	0.844032	0.020956	3.9
374	-1.195505	47.995082	0.843055	0.019642	3.5
375	-1.206422	48.394934	0.838198	0.020252	4.5
376	-1.198433	48.509829	0.836812	0.022686	3.6
377	-1.196131	48.197439	0.840590	0.028530	4.4
378	-1.142999	48.153515	0.841124	0.027549	3.5
379	-1.194849	49.152068	0.829151	0.022774	4.2
380	-1.164962	48.585913	0.835897	0.026419	3.5
381	-1.176941	48.119636	0.841536	0.013923	4.1
382	-1.183012	48.873927	0.832452	0.022496	3.5
383	-1.201526	48.640280	0.835245	0.023331	3.9
384	-1.159988	48.278589	0.839605	0.015063	4.7
385	-1.210946	48.816484	0.833137	0.032104	3.6
386	-1.216642	48.347561	0.838770	0.024287	4.1
387	-1.146357	48.926221	0.831829	0.027096	4.0
388	-1.164656	49.912923	0.820255	0.023823	3.5
389	-1.205050	49.331142	0.827040	0.016746	4.0
390	-1.193378	48.771422	0.833675	0.013494	3.7
391	-1.162737	48.502367	0.836902	0.025258	4.0
392	-1.176275	48.260551	0.839824	0.020501	3.5
393	-1.200410	49.123139	0.829493	0.029042	4.2
394	-1.205181	49.710876	0.822599	0.026141	3.6
395	-1.200232	50.700474	0.811245	0.012156	3.8
396	-1.198507	51.294908	0.804575	0.029385	4.4
397	-1.168226	50.775526	0.810397	0.022767	4.3
398	-1.136563	51.328941	0.804196	0.022096	3.5
399	-1.207474	52.000460	0.796799	0.022816	4.0
400	-1.187413	52.565538	0.790678	0.013616	3.5
401	-1.187712	52.771731	0.788468	0.020964	4.0
402	-1.145830	53.337596	0.782466	0.026718	3.5
403	-1.223720	53.024276	0.785778	0.016247	3.9
404	-1.166700	52.971086	0.786343	0.022270	4.3
405	-1.229871	53.726136	0.778398	0.018844	5.2
406	-1.169573	53.276524	0.783110	0.022316	4.4
407	-1.179148	53.231196	0.783588	0.015800	5.6
408	-1.194482	52.996471	0.786074	0.019597	5.8
409	-1.162019	52.697767	0.789260	0.019052	3.9
410	-1.206729	52.684276	0.789404	0.027341	3.8
411	-1.212253	53.645866	0.779235	0.021905	3.5
412	-1.162879	54.641208	0.768981	0.021279	3.9
413	-1.192262	54.675032	0.768638	0.021675	3.5
414	-1.217412	55.643633	0.758924	0.023745	4.1
415	-1.204300	55.064005	0.764707	0.013100	3.5
416	-1.190280	54.538313	0.770029	0.024409	4.0
417	-1.211884	54.774741	0.767626	0.020743	3.5
418	-1.202130	55.536770	0.759983	0.018651	4.2
419	-1.153678	55.096702	0.764378	0.021401	3.6
420	-1.209315	55.721244	0.758156	0.028180	4.3
421	-1.193130	55.329057	0.762052	0.032723	5.5
422	-1.189241	54.746952	0.767908	0.026060	4.2
423	-1.188058	54.164789	0.773855	0.021714	4.1
424	-1.187799	55.138338	0.763960	0.018024	3.5
425	-1.185814	55.532956	0.760021	0.015784	4.2
426	-1.202657	55.841797	0.756967	0.022255	3.5
427	-1.170728	55.764035	0.757733	0.018256	4.1
428	-1.193230	55.492696	0.760421	0.025187	3.6
429	-1.190780	54.956709	0.765787	0.017023	4.3
430	-1.163608	55.527998	0.760071	0.017464	54.1
431	-1.169918	55.358526	0.761757	0.018325	21.5
432	-1.222575	54.811530	0.767254	0.026525	15.8
433	-1.170655	55.578875	0.759566	0.021518	14.2
434	-1.174627	54.997745	0.765374	0.018133	18.0
435	-1.191144	55.498785	0.760361	0.021022	20.0
436	-1.199342	56.305880	0.752422	0.028003	18.2
437	-1.182161	56.716869	0.748443	0.019809	23.0
438	-1.163953	56.664099	0.748952	0.022137	12.0
439	-1.215531	56.170212	0.753745	0.021283	8.4
440	-1.211675	57.126451	0.744520	0.032613	15.6
441	-1.198221	58.112682	0.735238	0.028486	10.9
442	-1.163304	59.103850	0.726141	0.022748	8.7
443	-1.175335	59.471525	0.722823	0.014817	4.6
444	-1.218691	59.356585	0.723857	0.020761	5.4
445	-1.182493	58.801669	0.728891	0.032904	4.8
446	-1.246791	59.246373	0.724851	0.011127	5.6
447	-1.198538	59.751129	0.720320	0.028423	6.6
448	-1.208599	59.922160	0.718798	0.021569	9.0
449	-1.194426	59.346809	0.723945	0.015286	9.7
450	-1.182340	59.978979	0.718294	0.020180	8.9
451	-1.202613	59.926149	0.718762	0.024494	5.0
452	-1.167644	59.521608	0.722374	0.020119	6.5
453	-1.177974	59.139036	0.725822	0.016596	5.8
454	-1.133005	58.623158	0.730525	0.020523	3.7
455	-1.195075	59.547597	0.722140	0.018444	7.2
456	-1.195837	59.156788	0.725661	0.032616	6.1
457	-1.145767	58.576559	0.730952	0.013681	5.7
458	-1.153156	59.514969	0.722433	0.014185	5.8
459	-1.224379	59.109055	0.726094	0.026743	4.4
460	-1.175993	58.718339	0.729652	0.017240	3.7
461	-1.157010	58.436414	0.732242	0.018584	3.8
462	-1.181762	58.965444	0.727398	0.020142	3.5
463	-1.176303	58.965135	0.727400	0.029857	4.3
464	-1.202181	58.387722	0.732691	0.017703	4.7
465	-1.182542	57.947988	0.736772	0.030450	6.3
466	-1.195349	57.737103	0.738745	0.017761	5.2
467	-1.221994	57.849431	0.737693	0.011445	6.2
468	-1.225636	57.767603	0.738459	0.025442	7.0
469	-1.179143	57.811863	0.738045	0.017195	4.1
470	-1.228784	58.756156	0.729306	0.019944	3.9
471	-1.181417	58.585526	0.730870	0.016632	4.9
472	-1.247004	58.167667	0.734728	0.018472	4.2
473	-1.163561	57.786430	0.738283	0.025229	3.8
474	-1.195898	57.905752	0.737167	0.027848	4.9
475	-1.195402	58.849736	0.728452	0.017484	3.7
476	-1.192838	58.418017	0.732412	0.029491	5.6
477	-1.207107	59.169134	0.725550	0.023316	5.6
478	-1.163367	58.588276	0.730845	0.024633	3.7
479	-1.213548	59.545634	0.722158	0.017945	4.8
480	-1.171280	59.981334	0.718273	0.022345	3.5
481	-1.153291	59.420756	0.723279	0.026201	5.2
482	-1.198602	60.048233	0.717680	0.023005	4.3
483	-1.184998	59.575602	0.721889	0.020447	4.9
484	-1.172323	59.867540	0.719283	0.020829	4.1
485	-1.167830	59.315856	0.724224	0.018755	3.8
486	-1.232718	60.204771	0.716296	0.015561	4.8
487	-1.171159	59.660692	0.721128	0.026690	4.1
488	-1.179336	60.440754	0.714221	0.015506	6.9
489	-1.198984	61.206646	0.707567	0.021785	4.9
490	-1.151113	60.961005	0.709687	0.018445	3.8
491	-1.219572	61.692984	0.703405	0.019781	5.0
492	-1.185127	61.752653	0.702898	0.014384	3.6
493	-1.166604	62.219678	0.698953	0.013955	4.3
494	-1.239232	62.340444	0.697941	0.028847	3.7
495	-1.164407	61.769767	0.702753	0.022132	3.9
496	-1.145324	61.870611	0.701898	0.021284	3.5
497	-1.160493	61.482479	0.705200	0.011636	4.6
498	-1.165855	61.857848	0.702006	0.017839	3.7
499	-1.172521	61.366994	0.706189	0.028572	5.9
500	-1.175642	62.261618	0.698601	0.018429	3.8
501	-1.178385	61.753639	0.702890	0.018189	3.5
502	-1.182858	61.254733	0.707153	0.019648	3.7
503	-1.200802	62.119683	0.699794	0.028525	3.7
504	-1.196203	63.107192	0.691578	0.014999	4.0
505	-1.184146	62.950389	0.692870	0.022809	3.4
506	-1.204153	62.948597	0.692884	0.021333	3.7
507	-1.192240	62.474083	0.696823	0.027376	3.4
508	-1.189674	63.229287	0.690575	0.030094	3.8
509	-1.211187	63.566047	0.687825	0.025884	3.5
510	-1.201278	64.559672	0.679838	0.024982	3.4
511	-1.186074	65.473221	0.672655	0.016740	3.6
512	-1.183321	64.899427	0.677149	0.013663	4.5
513	-1.169552	64.552384	0.679895	0.027599	3.8
514	-1.197537	63.992395	0.684375	0.014886	3.5
515	-1.194431	64.700003	0.678724	0.021310	3.7
516	-1.190553	64.238862	0.682396	0.018335	3.4
517	-1.229834	63.764071	0.686219	0.012774	3.7
518	-1.183452	63.617770	0.687405	0.020385	3.6
519	-1.214392	63.204287	0.690780	0.027497	3.7
520	-1.165131	62.785865	0.694230	0.030785	3.5
521	-1.204303	63.785687	0.686044	0.024678	3.9
522	-1.191134	63.203410	0.690788	0.018443	3.5
523	-1.214142	63.985540	0.684430	0.029673	3.8
524	-1.163921	63.415335	0.689053	0.024082	3.5
525	-1.169076	64.399999	0.681109	0.020188	3.7
526	-1.182279	65.294962	0.674045	0.014418	5.1
527	-1.196559	64.797136	0.677956	0.016408	3.7
528	-1.160384	64.682259	0.678865	0.033053	3.5
529	-1.176296	64.403126	0.681084	0.021280	3.8
530	-1.193231	64.416281	0.680979	0.014472	3.5
531	-1.207906	64.844819	0.677579	0.019597	3.6
532	-1.145674	64.451983	0.680694	0.017557	3.5
533	-1.193930	65.193166	0.674841	0.019550	3.5
534	-1.193218	65.894523	0.669394	0.019524	3.6
535	-1.181115	66.522290	0.664593	0.028341	3.6
536	-1.166167	67.013272	0.660885	0.020060	3.7
537	-1.116073	66.503926	0.664732	0.018844	3.4
538	-1.187366	66.666837	0.663497	0.016757	3.5
539	-1.186426	67.198340	0.659499	0.024879	5.2
540	-1.183867	67.915466	0.654180	0.019011	3.8
541	-1.211780	68.331075	0.651136	0.018107	3.4
542	-1.165232	68.763401	0.648000	0.022369	3.9
543	-1.186046	69.143369	0.645269	0.021747	3.5
544	-1.192960	69.958866	0.639483	0.022517	3.8
545	-1.184341	70.406135	0.636354	0.018826	3.5
546	-1.224725	69.850553	0.640246	0.014174	3.8
547	-1.232527	70.071036	0.638696	0.024804	3.5
548	-1.187882	70.567901	0.635230	0.029175	3.7
549	-1.172761	69.993281	0.639241	0.018685	3.4
550	-1.206657	70.509535	0.635635	0.017435	3.8
551	-1.192142	70.989860	0.632316	0.018802	3.5
552	-1.182254	70.644696	0.634698	0.020245	4.5
553	-1.225368	70.068641	0.638712	0.023095	4.2
554	-1.219851	70.019673	0.639056	0.024117	3.8
555	-1.202761	69.893982	0.639940	0.032385	3.5
556	-1.204719	69.344013	0.643835	0.016053	3.6
557	-1.173066	69.296275	0.644176	0.017103	3.6
558	-1.203104	69.554971	0.642336	0.021773	3.4
559	-1.165057	69.449364	0.643086	0.028529	3.6
560	-1.186560	70.438233	0.636131	0.018143	3.4
561	-1.183736	71.411666	0.629430	0.020522	3.6
562	-1.205428	71.539401	0.628561	0.022810	3.4
563	-1.171774	71.621009	0.628007	0.018987	3.7
564	-1.186317	71.324229	0.630026	0.024614	3.5
565	-1.163610	70.746179	0.633996	0.020873	3.7
566	-1.186082	71.398566	0.629519	0.029477	5.6
567	-1.171319	72.027636	0.625262	0.018843	3.9
568	-1.174315	72.863485	0.619694	0.023448	3.5
569	-1.197860	72.703705	0.620751	0.016383	4.1
570	-1.169543	72.265818	0.623666	0.024602	3.5
571	-1.177170	72.231914	0.623892	0.024042	4.2
572	-1.193746	71.652594	0.627793	0.021786	3.5
573	-1.181091	72.270226	0.623636	0.025959	3.6
574	-1.196763	71.720517	0.627333	0.018205	3.4
575	-1.193872	71.174977	0.631046	0.013753	4.3
576	-1.230916	71.228217	0.630682	0.020908	3.7
577	-1.199440	71.993100	0.625495	0.016027	4.7
578	-1.204895	72.763796	0.620353	0.033997	4.7
579	-1.207443	73.705823	0.614183	0.021895	5.1
580	-1.171250	73.267696	0.617037	0.024249	3.9
581	-1.221097	73.446454	0.615869	0.018351	4.3
582	-1.190250	73.257836	0.617102	0.025909	4.3
583	-1.172477	72.814166	0.620020	0.023208	3.8
584	-1.223611	73.678441	0.614360	0.026157	4.4
585	-1.222302	73.098460	0.618147	0.021542	6.7
586	-1.198799	72.563248	0.621683	0.018469	4.4
587	-1.197287	73.339025	0.616571	0.026815	5.4
588	-1.165904	73.862242	0.613170	0.015631	13.1
589	-1.215349	74.728946	0.607618	0.026805	4.7
590	-1.130839	74.529685	0.608886	0.030088	4.8
591	-1.225763	74.015335	0.612182	0.027173	5.5
592	-1.187655	73.435972	0.615938	0.024015	4.3
593	-1.171470	74.251202	0.610666	0.019647	3.9
594	-1.194200	75.005655	0.605867	0.013990	6.4
595	-1.218251	75.739549	0.601271	0.024055	5.5
596	-1.175024	76.455845	0.596852	0.027617	5.3
597	-1.189561	77.287536	0.591801	0.022178	4.7
598	-1.220494	78.226486	0.586201	0.024451	11.4
599	-1.184837	77.905853	0.588101	0.016416	5.2
600	-1.243697	77.552174	0.590212	0.020849	5.6
601	-1.182559	78.466306	0.584788	0.033662	5.5
602	-1.162698	77.929623	0.587960	0.031015	3.4
603	-1.169984	77.348707	0.591433	0.021299	4.9
604	-1.189694	77.551171	0.590218	0.019039	7.9
605	-1.203161	76.994768	0.593569	0.020600	4.3
606	-1.207395	76.474632	0.596737	0.027815	5.1
607	-1.168699	77.150575	0.592627	0.023284	13.0
608	-1.153987	76.631941	0.595775	0.027782	6.1
609	-1.212363	77.622201	0.589793	0.021941	4.5
610	-1.191627	77.324372	0.591579	0.018318	5.6
611	-1.211510	76.981764	0.593648	0.017507	6.9
612	-1.199241	77.474339	0.590679	0.015186	12.8
613	-1.202820	77.663251	0.589548	0.015971	6.6
614	-1.214504	78.039124	0.587310	0.014100	3.7
615	-1.233244	78.485886	0.584673	0.014986	3.8
616	-1.179138	78.872673	0.582408	0.029175	7.7
617	-1.205311	78.915617	0.582158	0.025527	3.6
618	-1.185283	79.628578	0.578033	0.020677	3.4
619	-1.231293	80.593214	0.572545	0.016804	7.1
620	-1.218786	80.064068	0.575543	0.014846	4.3
621	-1.154406	79.997133	0.575924	0.013363	4.2
622	-1.193793	80.000210	0.575907	0.020840	5.9
623	-1.190792	79.900118	0.576478	0.022787	5.5
624	-1.178306	79.970413	0.576076	0.014345	4.0
625	-1.193382	79.491515	0.578822	0.029530	4.3
626	-1.149936	79.197919	0.580518	0.027156	3.5
627	-1.172440	79.966439	0.576099	0.017095	3.4
628	-1.180165	80.482725	0.573168	0.020700	3.4
629	-1.203874	80.022133	0.575782	0.014340	3.5
630	-1.203076	79.455527	0.579029	0.016848	3.5
631	-1.171521	79.580763	0.578308	0.017296	3.8
632	-1.203194	79.795736	0.577075	0.020370	3.6
633	-1.226770	80.680103	0.572056	0.015403	3.8
634	-1.183758	80.221995	0.574645	0.017019	3.8
635	-1.186388	79.872891	0.576633	0.014101	3.6
636	-1.183811	79.357244	0.579596	0.014384	5.8
637	-1.214819	79.351299	0.579631	0.022674	3.9
638	-1.194219	79.665375	0.577822	0.019797	3.4
639	-1.156047	79.857965	0.576719	0.012331	3.4
640	-1.215812	79.664387	0.577828	0.024630	3.3
641	-1.198666	79.473942	0.578923	0.017836	3.4
642	-1.183386	79.287722	0.579998	0.036705	3.4
643	-1.175884	79.283852	0.580020	0.010785	3.6
644	-1.174877	78.758533	0.583075	0.021687	3.8
645	-1.191585	78.537991	0.584367	0.032328	3.6
646	-1.187086	78.075170	0.587096	0.023465	3.5
647	-1.181407	78.802096	0.582820	0.019652	3.6
648	-1.190526	79.657385	0.577868	0.026958	3.7
649	-1.173686	80.360706	0.573858	0.022480	3.7
650	-1.138341	81.299939	0.568590	0.021383	5.9
651	-1.143469	81.910143	0.565218	0.019132	3.4
652	-1.161164	81.583526	0.567018	0.025250	3.4
653	-1.192447	81.007966	0.570217	0.024972	3.4
654	-1.199561	80.525317	0.572928	0.028854	3.4
655	-1.179980	81.523184	0.567351	0.016236	3.4
656	-1.175487	81.536001	0.567281	0.023586	3.5
657	-1.199491	80.982600	0.570359	0.019039	4.1
658	-1.158966	80.429237	0.573471	0.018465	3.7
659	-1.211528	80.422242	0.573510	0.028672	4.3
660	-1.179449	79.842312	0.576808	0.011365	3.8
661	-1.205995	79.328310	0.579763	0.021595	3.9
662	-1.175386	78.841102	0.582593	0.016134	3.6
663	-1.200956	78.278772	0.585892	0.013764	5.3
664	-1.190299	78.318069	0.585661	0.015290	3.5
665	-1.191622	78.048342	0.587255	0.019088	3.4
666	-1.198731	78.229940	0.586181	0.025111	3.4
667	-1.167156	78.764429	0.583040	0.020634	3.5
668	-1.187846	78.418287	0.585070	0.017752	3.4
669	-1.203312	78.459885	0.584826	0.024895	3.5
670	-1.189378	77.978207	0.587672	0.023145	3.5
671	-1.194348	78.826083	0.582680	0.025649	3.6
672	-1.169105	79.688952	0.577687	0.012649	3.9
673	-1.231133	79.702354	0.577610	0.020434	3.5
674	-1.195686	79.661103	0.577847	0.026449	3.5
675	-1.171511	79.298342	0.579937	0.019816	3.5
676	-1.231854	78.726549	0.583262	0.013802	5.0
677	-1.159974	79.417369	0.579249	0.019092	3.6
678	-1.179404	79.268247	0.580111	0.012961	3.5
679	-1.204370	79.497530	0.578787	0.021180	3.4
680	-1.170354	79.193312	0.580545	0.017426	3.3
681	-1.206752	78.789282	0.582895	0.035789	3.4
682	-1.207477	78.663176	0.583633	0.017784	3.4
683	-1.201644	79.395678	0.579374	0.030013	4.3
684	-1.224094	79.043288	0.581415	0.027096	3.5
685	-1.188644	78.461042	0.584819	0.019885	3.4
686	-1.206849	78.217731	0.586253	0.031035	3.5
687	-1.216209	77.989174	0.587606	0.019407	3.4
688	-1.233515	77.407697	0.591079	0.025512	3.4
689	-1.176402	76.829148	0.594574	0.024858	3.4
690	-1.197476	76.250167	0.598114	0.029147	5.1
691	-1.158861	77.160496	0.592567	0.019152	5.4
692	-1.196483	76.579291	0.596097	0.017342	3.7
693	-1.214891	77.356238	0.591388	0.016455	3.6
694	-1.196674	78.065526	0.587154	0.017314	5.4
695	-1.171451	78.020898	0.587418	0.017798	5.0
696	-1.208459	77.546191	0.590248	0.016717	4.6
697	-1.197962	77.817801	0.588626	0.011653	4.0
698	-1.148672	77.532847	0.590328	0.023683	3.6
699	-1.161246	77.161816	0.592559	0.018798	3.9
700	-1.234502	76.669937	0.595543	0.022092	3.5
701	-1.211281	76.967673	0.593733	0.021823	5.4
702	-1.191144	77.935085	0.587928	0.017671	3.5
703	-1.166059	77.559810	0.590166	0.025438	3.4
704	-1.235322	77.591956	0.589974	0.020342	3.4
705	-1.244178	78.570607	0.584175	0.024090	3.6
706	-1.226462	79.464136	0.578980	0.029049	3.5
707	-1.201471	79.362996	0.579563	0.023669	3.6
708	-1.179160	78.798579	0.582841	0.020281	3.7
709	-1.151681	78.616284	0.583907	0.013639	3.4
710	-1.160618	79.152957	0.580778	0.022202	3.5
711	-1.192890	79.401977	0.579338	0.015240	3.4
712	-1.179826	79.865377	0.576676	0.029525	3.5
713	-1.226864	79.758954	0.577285	0.020815	3.5
714	-1.221165	80.744018	0.571696	0.026330	4.5
715	-1.204855	81.729595	0.566212	0.018174	4.5
716	-1.222018	82.710602	0.560856	0.020497	3.5
717	-1.187223	82.911390	0.559772	0.029667	3.5
718	-1.226042	82.931836	0.559662	0.029252	3.4
719	-1.198652	82.360070	0.562758	0.018566	3.4
720	-1.217242	83.321514	0.557571	0.024449	3.4
721	-1.183133	82.828932	0.560216	0.023486	3.5
722	-1.138711	82.301252	0.563078	0.025756	3.4
723	-1.183878	83.187522	0.558288	0.023707	3.5
724	-1.187145	84.129381	0.553287	0.014610	3.5
725	-1.206475	84.169184	0.553077	0.018498	3.5
726	-1.169807	83.666103	0.555736	0.020253	3.6
727	-1.205286	83.835900	0.554835	0.020521	3.5
728	-1.167000	83.464617	0.556807	0.019855	3.8
729	-1.176926	84.271528	0.552540	0.028500	4.5
730	-1.232434	83.698518	0.555564	0.027209	3.5
731	-1.223432	84.696287	0.550319	0.023546	3.4
732	-1.184069	84.367626	0.552036	0.011592	3.5
733	-1.190213	85.014003	0.548670	0.030158	3.5
734	-1.202192	84.619932	0.550717	0.017746	3.4
735	-1.196350	84.229076	0.552762	0.019601	3.4
736	-1.199312	83.710318	0.555501	0.013167	3.5
737	-1.214563	84.022004	0.553852	0.015202	3.4
738	-1.219479	84.292522	0.552429	0.013896	3.4
739	-1.220192	84.176660	0.553038	0.026028	3.5
740	-1.219049	83.697400	0.555569	0.022332	3.5
741	-1.225658	83.533390	0.556441	0.020788	3.4
742	-1.221308	82.974465	0.559432	0.014334	3.7
743	-1.195040	82.753906	0.560622	0.021609	5.1
744	-1.200653	82.613547	0.561381	0.014368	3.5
745	-1.187817	82.450791	0.562264	0.010657	3.5
746	-1.182488	82.014616	0.564645	0.019243	3.4
747	-1.193920	82.185404	0.563710	0.020521	3.4
748	-1.228361	82.771550	0.560526	0.018494	3.4
749	-1.191658	83.442697	0.556924	0.039732	3.6
750	-1.187296	84.251539	0.552644	0.021272	3.4
751	-1.169278	85.251082	0.547446	0.016667	3.4
752	-1.214141	84.968398	0.548906	0.017647	3.5
753	-1.218372	85.437809	0.546485	0.021539	3.4
754	-1.178079	84.874371	0.549393	0.027291	3.4
755	-1.167066	84.937461	0.549066	0.019042	3.8
756	-1.191816	85.901286	0.544116	0.012584	4.3
757	-1.158292	85.392130	0.546720	0.023664	4.4
758	-1.214766	85.173404	0.547846	0.016874	3.5
759	-1.200738	85.157088	0.547930	0.021702	3.5
760	-1.230361	85.847150	0.544391	0.021843	3.4
761	-1.209217	86.823966	0.539460	0.012208	3.4
762	-1.163794	87.592781	0.535640	0.013448	3.4
763	-1.211027	87.707226	0.535076	0.021458	3.4
764	-1.186448	88.571360	0.530857	0.013505	3.4
765	-1.205165	88.260983	0.532365	0.035602	3.9
766	-1.179526	87.792202	0.534659	0.026377	3.4
767	-1.168700	88.499828	0.531203	0.036131	3.4
768	-1.190251	88.405033	0.531664	0.020919	3.4
769	-1.206879	89.402584	0.526860	0.012001	3.4
770	-1.157848	90.066583	0.523710	0.019142	4.0
771	-1.190422	89.674083	0.525567	0.021255	4.4
772	-1.209500	90.322456	0.522506	0.024189	3.5
773	-1.205267	90.326684	0.522486	0.024869	3.9
774	-1.208747	91.317416	0.517878	0.020079	3.6
775	-1.217754	91.858000	0.515397	0.024458	3.6
776	-1.252117	92.797267	0.511143	0.030147	3.4
777	-1.217367	92.270756	0.513519	0.020918	4.0
778	-1.184411	93.268509	0.509035	0.026275	5.4
779	-1.201929	92.740225	0.511399	0.015600	4.1
780	-1.201562	93.246473	0.509133	0.024250	3.5
781	-1.218894	93.296583	0.508910	0.021203	5.2
782	-1.201458	94.251912	0.504692	0.017030	4.7
783	-1.230180	94.758558	0.502483	0.023578	4.9
784	-1.131460	94.305270	0.504458	0.018020	4.7
785	-1.171797	93.871910	0.506361	0.019370	5.9
786	-1.205270	93.682434	0.507198	0.023795	3.5
787	-1.214492	93.152297	0.509553	0.019490	3.4
788	-1.211355	93.254485	0.509098	0.023377	5.1
789	-1.186933	92.925812	0.510566	0.027861	4.6
790	-1.191546	92.346227	0.513177	0.013362	3.5
791	-1.180139	93.176622	0.509445	0.015844	3.8
792	-1.188153	92.899579	0.510684	0.022767	5.0
793	-1.214866	92.357731	0.513125	0.012286	4.4
794	-1.142112	92.722993	0.511477	0.022138	5.3
795	-1.252041	93.114628	0.509721	0.020743	5.4
796	-1.152699	93.974498	0.505909	0.019096	4.6
797	-1.179232	94.668042	0.502876	0.014093	3.5
798	-1.164264	94.518059	0.503529	0.020082	3.9
799	-1.241869	94.532042	0.503468	0.015957	5.1
800	-1.181312	95.106998	0.500975	0.009323	3.8
801	-1.202370	95.228024	0.500453	0.022886	3.4
802	-1.216825	95.281999	0.500221	0.022926	4.5
803	-1.172193	94.702592	0.502726	0.031137	5.6
804	-1.185586	95.661807	0.498592	0.016497	3.6
805	-1.169724	96.468137	0.495170	0.016948	5.3
806	-1.193552	96.047976	0.496947	0.020467	5.7
807	-1.182165	95.526955	0.499169	0.025814	4.3
808	-1.211846	96.457810	0.495213	0.015940	3.5
809	-1.189876	96.222274	0.496208	0.010624	5.0
810	-1.202903	95.907559	0.497544	0.033700	5.1
811	-1.211870	95.489304	0.499331	0.014476	3.5
812	-1.186360	95.069644	0.501136	0.029771	3.5
813	-1.221104	94.548636	0.503396	0.025188	5.0
814	-1.212572	93.968324	0.505937	0.022711	7.2
815	-1.177534	93.452885	0.508215	0.034670	5.6
816	-1.199902	93.702167	0.507111	0.028049	5.2
817	-1.154229	94.701873	0.502729	0.022392	4.9
818	-1.182223	95.672944	0.498545	0.024124	5.3
819	-1.201464	96.657778	0.494372	0.013648	5.8
820	-1.185847	96.967577	0.493073	0.031591	5.0
821	-1.177931	97.682426	0.490104	0.022561	3.6
822	-1.210873	97.609051	0.490407	0.011009	5.2
823	-1.213379	97.554020	0.490634	0.026025	4.7
824	-1.186533	97.265367	0.491832	0.016478	3.5
825	-1.149423	96.690924	0.494232	0.013484	5.3
826	-1.214392	96.731188	0.494063	0.025602	6.8
827	-1.203693	96.702442	0.494184	0.017289	3.5
828	-1.176326	96.225821	0.496193	0.021876	4.1
829	-1.224985	96.029708	0.497025	0.026406	4.1
830	-1.210398	96.085364	0.496789	0.011178	3.5
831	-1.224749	96.852376	0.493555	0.014560	3.6
832	-1.212626	96.462243	0.495195	0.019339	3.5
833	-1.191106	96.979591	0.493023	0.025702	4.0
834	-1.187155	96.523272	0.494938	0.017434	3.4
835	-1.178116	96.134271	0.496581	0.016872	3.4
836	-1.174402	97.061509	0.492681	0.024081	3.4
837	-1.203113	96.545853	0.494842	0.020719	3.5
838	-1.206019	96.365519	0.495603	0.022423	5.2
839	-1.206768	96.105419	0.496704	0.012905	3.7
840	-1.211924	96.932157	0.493222	0.020402	4.0
841	-1.170710	97.610315	0.490402	0.025389	5.6
842	-1.183890	97.531220	0.490729	0.013503	5.6
843	-1.167646	98.412392	0.487108	0.021450	5.3
844	-1.152839	98.006416	0.488769	0.017272	4.2
845	-1.222392	97.643161	0.490266	0.026241	3.5
846	-1.177811	97.666818	0.490168	0.027955	3.4
847	-1.146463	98.659537	0.486101	0.021086	3.5
848	-1.241860	99.315560	0.483451	0.022532	3.5
849	-1.215227	99.620555	0.482229	0.023987	4.1
850	-1.240918	99.089371	0.484362	0.024942	5.3
851	-1.164353	99.044188	0.484544	0.017495	3.6
852	-1.262375	98.967637	0.484853	0.024986	3.5
853	-1.180039	98.388723	0.487204	0.022154	3.5
854	-1.227905	97.847005	0.489425	0.018697	3.7
855	-1.227242	97.897016	0.489219	0.019223	3.7
856	-1.199523	98.510183	0.486709	0.023926	3.6
857	-1.238278	98.044598	0.488612	0.026720	3.7
858	-1.220516	98.799888	0.485532	0.022823	3.5
859	-1.200789	98.335861	0.487420	0.016112	3.8
860	-1.204489	98.887572	0.485177	0.022965	3.5
861	-1.197314	98.364421	0.487303	0.026480	3.6
862	-1.182622	99.356754	0.483286	0.022808	3.5
863	-1.195088	99.131273	0.484193	0.021869	5.9
864	-1.157411	99.654064	0.482095	0.010858	3.6
865	-1.195664	99.351940	0.483305	0.008720	3.5
866	-1.191409	99.370803	0.483229	0.015385	3.8
867	-1.186678	99.502985	0.482699	0.018245	3.5
868	-1.212115	98.987732	0.484772	0.024133	3.5
869	-1.191684	99.601968	0.482303	0.008438	3.4
870	-1.235512	99.295249	0.483533	0.016520	3.5
871	-1.164742	99.411640	0.483065	0.020707	3.4
872	-1.191939	98.840717	0.485367	0.019042	3.4
873	-1.216236	99.788451	0.481558	0.023872	3.5
874	-1.191885	99.289094	0.483557	0.017094	3.6
875	-1.191600	99.527546	0.482601	0.020135	3.5
876	-1.209150	99.682415	0.481981	0.009704	4.1
877	-1.167109	100.156310	0.480096	0.026592	4.9
878	-1.182924	100.381653	0.479205	0.026503	3.8
879	-1.158908	101.375171	0.475314	0.019857	3.6
880	-1.203621	102.371193	0.471477	0.022727	3.6
881	-1.229387	102.310420	0.471709	0.018195	3.6
882	-1.202679	101.762738	0.473814	0.021573	3.6
883	-1.182334	101.547747	0.474645	0.029243	3.5
884	-1.151253	101.791521	0.473703	0.014778	3.8
885	-1.197253	101.263180	0.475750	0.015110	4.1
886	-1.162235	101.111692	0.476340	0.016922	3.5
887	-1.166290	101.073055	0.476491	0.018937	3.4
888	-1.161377	100.926680	0.477063	0.032859	3.7
889	-1.195842	100.386098	0.479187	0.031055	3.5
890	-1.141044	101.378673	0.475301	0.015235	5.7
891	-1.189248	101.654304	0.474233	0.029820	3.6
892	-1.169441	101.080067	0.476463	0.029647	3.8
893	-1.193413	100.711256	0.477907	0.011842	3.8
894	-1.214452	101.325733	0.475506	0.020910	3.8
895	-1.210468	101.699153	0.474059	0.021703	3.7
896	-1.185590	101.974394	0.472998	0.012522	3.7
897	-1.183638	101.446770	0.475036	0.025998	3.5
898	-1.220197	101.113350	0.476333	0.028075	3.6
899	-1.205279	100.539876	0.478581	0.021772	3.5
900	-1.158239	101.249596	0.475803	0.028723	3.5
901	-1.201638	102.026974	0.472796	0.021570	3.5
902	-1.191223	103.025134	0.468991	0.020407	3.9
903	-1.162971	102.571732	0.470712	0.024046	6.5
904	-1.194219	103.152514	0.468510	0.025113	3.8
905	-1.190265	102.961898	0.469230	0.012641	3.6
906	-1.205901	103.609788	0.466791	0.025346	3.7
907	-1.219200	103.113084	0.468659	0.012377	4.0
908	-1.177845	102.919867	0.469389	0.013973	3.6
909	-1.133942	103.075152	0.468802	0.022027	3.4
910	-1.180470	102.659840	0.470376	0.025458	3.4
911	-1.193960	103.623809	0.466738	0.023674	3.5
912	-1.199497	104.622721	0.463027	0.036591	3.5
913	-1.220353	105.622605	0.459370	0.015424	4.2
914	-1.219792	106.614606	0.455800	0.017001	3.7
915	-1.192732	106.239921	0.457142	0.028507	5.5
916	-1.158600	106.713689	0.455446	0.013834	4.5
917	-1.195171	106.165909	0.457408	0.020311	3.7
918	-1.217298	106.421300	0.456491	0.017031	3.8
919	-1.232340	105.879253	0.458441	0.025467	3.6
920	-1.200900	106.828180	0.455038	0.015755	3.6
921	-1.189198	107.750272	0.451779	0.009959	3.5
922	-1.221796	108.012546	0.450861	0.024010	3.5
923	-1.162780	108.037553	0.450773	0.032838	3.4
924	-1.199406	107.473335	0.452753	0.018613	3.4
925	-1.208762	107.471955	0.452758	0.017818	3.6
926	-1.218416	107.430812	0.452903	0.019140	3.5
927	-1.182883	106.976863	0.454509	0.012031	3.7
928	-1.231728	106.976509	0.454511	0.014133	5.7
929	-1.238622	107.187745	0.453762	0.019906	3.8
930	-1.174407	107.108985	0.454041	0.018229	3.7
931	-1.226527	106.701203	0.455490	0.024409	3.7
932	-1.184085	106.835708	0.455011	0.020000	3.7
933	-1.194224	107.607575	0.452280	0.027920	3.5
934	-1.161962	108.340134	0.449719	0.030080	5.3
935	-1.188622	109.338817	0.446273	0.018498	3.6
936	-1.185429	108.824869	0.448040	0.028668	3.5
937	-1.155086	109.812132	0.444658	0.028034	5.7
938	-1.200098	110.058384	0.443823	0.018931	5.9
939	-1.208716	109.493730	0.445743	0.011804	7.8
940	-1.221479	109.590112	0.445414	0.018081	3.8
941	-1.190184	109.560905	0.445514	0.015724	3.5
942	-1.140784	109.878743	0.444432	0.018960	3.5
943	-1.186782	110.640429	0.441860	0.018448	3.6
944	-1.206553	111.102586	0.440314	0.037351	3.5
945	-1.219204	112.095761	0.437029	0.019187	3.5
946	-1.220036	111.874550	0.437756	0.017040	3.4
947	-1.177853	111.417479	0.439267	0.023032	3.4
948	-1.204688	111.122230	0.440249	0.026253	3.5
949	-1.205223	112.119926	0.436949	0.014433	3.4
950	-1.199574	111.593204	0.438685	0.016487	3.6
951	-1.175063	111.225074	0.439907	0.014790	3.4
952	-1.193100	111.674343	0.438417	0.024043	3.8
953	-1.207549	112.295825	0.436373	0.021589	5.1
954	-1.167815	113.257986	0.433246	0.011906	3.6
955	-1.205374	113.747857	0.431671	0.028627	3.5
956	-1.219764	113.229285	0.433338	0.022855	3.4
957	-1.204840	113.036114	0.433963	0.014969	3.4
958	-1.161494	112.921465	0.434334	0.029213	3.6
959	-1.171762	112.347188	0.436205	0.033076	3.5
960	-1.210327	111.872173	0.437764	0.016239	3.4
961	-1.181429	112.678212	0.435125	0.018262	3.5
962	-1.207127	112.180997	0.436749	0.033595	3.6
963	-1.260194	111.603346	0.438652	0.016106	3.4
964	-1.175652	112.397091	0.436042	0.022640	3.4
965	-1.207059	112.706240	0.435033	0.020828	3.4
966	-1.213277	112.132749	0.436907	0.030753	4.5
967	-1.204080	113.108417	0.433729	0.020002	4.0
968	-1.210152	114.081428	0.430605	0.016056	3.6
969	-1.240296	113.538264	0.432343	0.016548	3.4
970	-1.165142	113.262711	0.433230	0.030769	3.4
971	-1.239873	113.391263	0.432816	0.016104	3.5
972	-1.221427	113.765874	0.431613	0.022908	3.6
973	-1.188519	113.381087	0.432849	0.028177	3.4
974	-1.189991	114.305578	0.429891	0.010930	3.4
975	-1.219670	114.571335	0.429049	0.015068	3.4
976	-1.212069	114.311826	0.429871	0.023854	3.4
977	-1.219417	114.627708	0.428870	0.021980	3.7
978	-1.189077	114.092122	0.430570	0.018525	3.6
979	-1.183830	113.554781	0.432290	0.012805	3.4
980	-1.179721	114.146139	0.430398	0.016439	4.5
981	-1.175159	113.711466	0.431787	0.014272	4.2
982	-1.196638	114.114573	0.430499	0.012800	3.5
983	-1.207142	114.173247	0.430312	0.011686	3.8
984	-1.166565	114.430248	0.429495	0.031439	3.4
985	-1.243915	115.170368	0.427161	0.016327	3.6
986	-1.209015	116.108325	0.424239	0.009130	3.4
987	-1.181129	116.344894	0.423508	0.018334	3.5
988	-1.184198	116.135770	0.424154	0.025086	3.4
989	-1.180623	115.689472	0.425539	0.023650	3.5
990	-1.189278	115.132758	0.427279	0.019508	3.6
991	-1.207813	115.584017	0.425867	0.025238	3.5
992	-1.188224	116.469749	0.423123	0.025083	3.6
993	-1.210077	117.150138	0.421040	0.023216	3.4
994	-1.185355	117.481678	0.420032	0.027001	4.7
995	-1.204030	117.350748	0.420429	0.014315	3.7
996	-1.168130	118.133368	0.418064	0.017078	3.5
997	-1.182684	117.593658	0.419692	0.016314	3.4
998	-1.229801	117.830379	0.418977	0.019741	3.5
999	-1.208324	117.406272	0.420260	0.020938	3.4
1000	-1.237130	117.266770	0.420684	0.018125	3.5
1001	-1.237849	116.867057	0.421904	0.026202	3.5
1002	-1.155416	116.752650	0.422255	0.013656	3.4
1003	-1.213616	117.318031	0.420529	0.016851	3.4
1004	-1.154442	117.196040	0.420900	0.022057	3.4
1005	-1.211420	118.114236	0.418122	0.031883	3.5
1006	-1.173463	117.551407	0.419820	0.020537	3.5
1007	-1.222350	117.015786	0.421449	0.024780	3.4
1008	-1.195907	116.949621	0.421652	0.014748	5.3
1009	-1.192376	116.717587	0.422362	0.016566	3.5
1010	-1.177654	116.296670	0.423657	0.028536	3.5
1011	-1.237003	116.690609	0.422445	0.026196	3.8
1012	-1.215471	117.685496	0.419414	0.023741	3.4
1013	-1.220770	118.647017	0.416526	0.020295	3.5
1014	-1.196616	119.619548	0.413646	0.025622	3.4
1015	-1.174997	119.232528	0.414787	0.034707	3.4
1016	-1.148916	118.928274	0.415689	0.024869	3.4
1017	-1.189201	118.373934	0.417343	0.024708	3.5
1018	-1.212134	118.185727	0.417907	0.022915	3.4
1019	-1.197204	118.391000	0.417291	0.010351	3.5
1020	-1.239497	118.127809	0.418081	0.024538	3.6
1021	-1.215736	118.095957	0.418177	0.015141	3.5
1022	-1.172265	118.809116	0.416044	0.029332	5.1
1023	-1.201124	119.770224	0.413203	0.023355	3.6
1024	-1.156779	120.763535	0.410308	0.019988	3.5
1025	-1.219213	120.204698	0.411932	0.010492	3.5
1026	-1.223579	120.156676	0.412072	0.017987	4.0
1027	-1.247405	120.298816	0.411657	0.018125	3.4
1028	-1.162028	120.972773	0.409703	0.009625	3.4
1029	-1.154435	121.037190	0.409517	0.018863	3.4
1030	-1.143700	120.752573	0.410339	0.015693	3.4
1031	-1.220527	121.683071	0.407663	0.025726	3.4
1032	-1.174750	121.140567	0.409219	0.017232	3.5
1033	-1.220739	121.345373	0.408631	0.027946	3.4
1034	-1.219596	122.217478	0.406142	0.016694	3.5
1035	-1.208555	122.584754	0.405103	0.016996	4.2
1036	-1.207733	123.039354	0.403825	0.020262	4.4
1037	-1.224736	122.880294	0.404271	0.023831	3.5
1038	-1.216030	122.814187	0.404457	0.015148	3.4
1039	-1.252624	122.296900	0.405917	0.021813	3.4
1040	-1.202733	122.091995	0.406498	0.016494	3.5
1041	-1.219173	121.700641	0.407613	0.018722	3.4
1042	-1.199052	121.365297	0.408573	0.017155	3.5
1043	-1.210136	121.496384	0.408198	0.019423	3.5
1044	-1.208638	121.096697	0.409346	0.031559	3.4
1045	-1.154023	122.004807	0.406746	0.024753	3.4
1046	-1.186356	121.508669	0.408162	0.019103	3.4
1047	-1.194560	120.935216	0.409811	0.017770	3.7
1048	-1.178592	120.667302	0.410586	0.016244	3.5
1049	-1.178298	120.115108	0.412193	0.021952	4.3
1050	-1.232156	119.844547	0.412985	0.013448	4.2
1051	-1.195002	119.338005	0.414476	0.014792	3.6
1052	-1.234907	119.388146	0.414328	0.021904	3.5
1053	-1.209977	120.175932	0.412016	0.032754	3.4
1054	-1.133497	121.096607	0.409346	0.011873	3.5
1055	-1.194653	121.668777	0.407704	0.018604	3.4
1056	-1.198256	121.317374	0.408711	0.017727	3.4
1057	-1.180839	121.736756	0.407510	0.019286	3.4
1058	-1.164533	121.758926	0.407447	0.023914	3.4
1059	-1.159226	121.350417	0.408616	0.018744	3.4
1060	-1.217171	122.103261	0.406466	0.033138	3.4
1061	-1.174370	123.015081	0.403893	0.022703	3.5
1062	-1.223827	124.008349	0.401126	0.016684	3.4
1063	-1.190553	124.387355	0.400081	0.016881	3.9
1064	-1.174926	124.065943	0.400967	0.027214	4.6
1065	-1.218826	124.340549	0.400210	0.013715	3.7
1066	-1.225003	125.158741	0.397969	0.025796	4.9
1067	-1.197468	125.841428	0.396119	0.032400	4.5
1068	-1.184744	125.274076	0.397655	0.018765	3.8
1069	-1.230901	126.248998	0.395023	0.028994	5.5
1070	-1.190290	126.003838	0.395681	0.011508	5.8
1071	-1.213648	125.537471	0.396941	0.014948	5.1
1072	-1.238305	126.052457	0.395551	0.026535	3.5
1073	-1.178097	126.416106	0.394575	0.013607	3.5
1074	-1.219311	125.854141	0.396085	0.033950	3.6
1075	-1.169747	126.276255	0.394949	0.015668	5.1
1076	-1.146593	127.233920	0.392398	0.022172	3.5
1077	-1.195595	126.834027	0.393459	0.039433	3.5
1078	-1.196492	126.251661	0.395015	0.021987	3.4
1079	-1.183356	125.697141	0.396509	0.026032	3.6
1080	-1.209032	125.370584	0.397393	0.028052	3.5
1081	-1.183447	126.256428	0.395003	0.030271	3.7
1082	-1.218992	127.255447	0.392341	0.020138	3.5
1083	-1.179737	128.087259	0.390152	0.020910	3.4
1084	-1.204215	128.198439	0.389861	0.017151	3.6
1085	-1.231733	129.063517	0.387614	0.022363	3.9
1086	-1.173584	129.654862	0.386092	0.012193	3.5
1087	-1.219720	129.331675	0.386922	0.020467	3.5
1088	-1.232815	129.158144	0.387369	0.017569	4.5
1089	-1.199465	128.636275	0.388720	0.015330	3.8
1090	-1.222118	129.117812	0.387474	0.020711	3.5
1091	-1.202032	128.583714	0.388857	0.018624	4.0
1092	-1.198056	128.021177	0.390325	0.018133	3.6
1093	-1.208957	127.845863	0.390785	0.018664	3.4
1094	-1.269738	127.791550	0.390927	0.022178	3.4
1095	-1.220773	127.569381	0.391512	0.022733	3.5
1096	-1.197563	127.712510	0.391135	0.026648	3.5
1097	-1.181785	127.286377	0.392259	0.016378	3.5
1098	-1.243621	127.762380	0.391004	0.027044	3.4
1099	-1.229031	127.838779	0.390803	0.022102	3.4
1100	-1.180833	128.829607	0.388219	0.021502	3.4
1101	-1.193034	128.261064	0.389698	0.027680	3.4
1102	-1.182976	127.691566	0.391190	0.017715	5.2
1103	-1.222999	127.672902	0.391239	0.013555	3.6
1104	-1.228918	128.258279	0.389705	0.023301	3.4
1105	-1.214107	128.130937	0.390038	0.016213	3.4
1106	-1.194546	127.594777	0.391445	0.030789	3.4
1107	-1.164616	127.136437	0.392656	0.009883	3.4
1108	-1.193596	128.010419	0.390353	0.016362	3.4
1109	-1.178213	127.860576	0.390746	0.021588	3.5
1110	-1.202501	127.597803	0.391437	0.017595	3.4
1111	-1.211181	127.091294	0.392776	0.018000	3.4
1112	-1.199735	127.505472	0.391680	0.016841	3.4
1113	-1.185535	127.409599	0.391933	0.023548	3.4
1114	-1.233387	127.785396	0.390943	0.026580	3.6
1115	-1.237209	127.240850	0.392380	0.027516	3.5
1116	-1.230152	128.240485	0.389751	0.031602	5.2
1117	-1.195715	129.058296	0.387627	0.021600	3.5
1118	-1.137253	129.888405	0.385495	0.012267	3.4
1119	-1.168214	130.395554	0.384203	0.026032	3.4
1120	-1.214013	131.034159	0.382590	0.015940	3.4
1121	-1.211642	131.144968	0.382311	0.028282	3.4
1122	-1.197316	132.103428	0.379918	0.014155	3.4
1123	-1.189666	131.539354	0.381322	0.019660	3.4
1124	-1.166133	131.480591	0.381469	0.020477	3.5
1125	-1.206675	131.135602	0.382334	0.019298	3.4
1126	-1.201722	131.806884	0.380655	0.010576	3.5
1127	-1.175575	131.466085	0.381506	0.027696	3.6
1128	-1.205610	130.929844	0.382852	0.014957	3.4
1129	-1.224840	131.689294	0.380948	0.019652	3.6
1130	-1.167274	131.897356	0.380430	0.018664	5.1
1131	-1.187265	132.088742	0.379954	0.013502	3.6
1132	-1.219630	131.863553	0.380514	0.013562	3.4
1133	-1.221476	131.912238	0.380393	0.035106	3.5
1134	-1.172134	132.706796	0.378426	0.028842	3.4
1135	-1.272992	132.124414	0.379865	0.025925	3.5
1136	-1.215328	133.033162	0.377624	0.011491	3.4
1137	-1.221334	132.475030	0.378998	0.021329	3.5
1138	-1.184209	133.284779	0.377009	0.020816	3.4
1139	-1.170538	132.709410	0.378420	0.016967	3.4
1140	-1.193391	132.434312	0.379098	0.013650	3.5
1141	-1.184474	132.042021	0.380070	0.020739	3.4
1142	-1.195498	131.616646	0.381129	0.016665	3.4
1143	-1.236707	131.742594	0.380815	0.017474	3.9
1144	-1.188565	131.869277	0.380499	0.031868	4.7
1145	-1.185244	132.721398	0.378390	0.015708	3.5
1146	-1.196310	132.862170	0.378044	0.017568	3.4
1147	-1.183459	133.405507	0.376714	0.008056	3.4
1148	-1.228315	133.639599	0.376143	0.026308	3.4
1149	-1.176267	134.116424	0.374987	0.025576	3.4
1150	-1.200166	133.549985	0.376362	0.017326	3.5
1151	-1.206278	133.723686	0.375939	0.020590	3.4
1152	-1.266786	133.152441	0.377332	0.021650	3.5
1153	-1.200805	132.756059	0.378305	0.019779	4.1
1154	-1.229039	133.718703	0.375951	0.015647	3.9
1155	-1.236598	133.685846	0.376031	0.026750	3.4
1156	-1.171905	133.108139	0.377441	0.016344	3.8
1157	-1.199947	133.181158	0.377262	0.012672	4.3
1158	-1.197098	133.110875	0.377434	0.025706	5.9
1159	-1.182944	132.620400	0.378639	0.021446	3.6
1160	-1.205027	133.478447	0.376536	0.017497	4.6
1161	-1.156724	133.470620	0.376555	0.022036	3.5
1162	-1.202664	133.073026	0.377527	0.016256	4.9
1163	-1.201143	133.913740	0.375478	0.017664	3.6
1164	-1.216856	133.623723	0.376182	0.031747	4.8
1165	-1.207414	134.459728	0.374159	0.013560	4.1
1166	-1.199525	135.257617	0.372249	0.019772	3.9
1167	-1.217476	135.584060	0.371473	0.014551	4.5
1168	-1.207887	135.621147	0.371385	0.027286	3.7
1169	-1.209303	136.376441	0.369602	0.014297	5.5
1170	-1.181466	135.831380	0.370887	0.019854	4.5
1171	-1.185432	136.522455	0.369260	0.022885	4.5
1172	-1.221708	137.475811	0.367038	0.030722	3.8
1173	-1.209970	137.245058	0.367573	0.023169	4.1
1174	-1.236037	137.477114	0.367035	0.012115	4.0
1175	-1.174590	138.110359	0.365574	0.018095	4.2
1176	-1.178366	138.677167	0.364277	0.023824	5.4
1177	-1.169032	139.539926	0.362319	0.017259	3.5
1178	-1.233337	140.425357	0.360332	0.036444	4.6
1179	-1.229514	140.637858	0.359858	0.021034	3.7
1180	-1.227682	140.093061	0.361075	0.018555	4.6
1181	-1.164115	139.517714	0.362369	0.020850	4.6
1182	-1.144118	139.332017	0.362789	0.022600	5.0
1183	-1.174951	139.588791	0.362209	0.023085	4.9
1184	-1.201424	140.571181	0.360007	0.015581	3.5
1185	-1.204542	141.398036	0.358174	0.022593	4.8
1186	-1.187201	141.216226	0.358575	0.011916	3.5
1187	-1.229044	140.727673	0.359658	0.019767	4.6
1188	-1.239756	141.156183	0.358708	0.024536	3.5
1189	-1.164101	141.789080	0.357313	0.029673	4.6
1190	-1.180179	142.781477	0.355148	0.031204	4.0
1191	-1.213058	143.781279	0.352993	0.020773	5.5
1192	-1.207494	144.696481	0.351044	0.013127	5.7
1193	-1.174415	144.509586	0.351440	0.026317	6.8
1194	-1.210604	144.048422	0.352422	0.023686	11.0
1195	-1.235351	144.867548	0.350681	0.018416	8.6
1196	-1.187862	144.628670	0.351187	0.023810	4.9
1197	-1.196481	144.148314	0.352209	0.015905	4.4
1198	-1.226171	144.047926	0.352423	0.010663	9.0
1199	-1.212814	143.572000	0.353442	0.028733	3.7
1200	-1.250931	143.920391	0.352695	0.030627	8.0
1201	-1.204218	143.347147	0.353926	0.018426	5.4
1202	-1.221400	143.946254	0.352640	0.023054	5.7
1203	-1.153468	144.510035	0.351439	0.012159	7.0
1204	-1.197576	144.051358	0.352416	0.015695	4.1
1205	-1.217913	144.078097	0.352359	0.032808	7.1
1206	-1.159117	145.072440	0.350249	0.025706	5.3
1207	-1.231769	146.069487	0.348159	0.018799	6.1
1208	-1.204555	147.030872	0.346167	0.018333	7.8
1209	-1.180778	147.576472	0.345046	0.020046	3.8
1210	-1.166048	147.551934	0.345096	0.019026	5.4
1211	-1.203341	147.885967	0.344414	0.017720	5.6
1212	-1.227750	148.116631	0.343944	0.016728	3.7
1213	-1.197238	148.611169	0.342941	0.013042	5.1
1214	-1.166436	149.217482	0.341720	0.023913	4.9
1215	-1.244189	149.920251	0.340315	0.012894	3.8
1216	-1.180721	149.961812	0.340232	0.017286	3.8
1217	-1.150403	150.318367	0.339524	0.016173	7.1
1218	-1.183702	150.385386	0.339391	0.031109	4.3
1219	-1.191581	149.942260	0.340271	0.011891	3.5
1220	-1.248917	150.881413	0.338412	0.010261	5.3
1221	-1.206336	150.767943	0.338635	0.022355	4.8
1222	-1.198165	150.680033	0.338809	0.021246	3.9
1223	-1.231699	150.233064	0.339693	0.015164	4.0
1224	-1.204203	150.081145	0.339995	0.014950	4.9
1225	-1.139714	150.192621	0.339773	0.019142	4.4
1226	-1.194498	150.179099	0.339800	0.024339	3.7
1227	-1.176335	149.629964	0.340894	0.020719	5.0
1228	-1.202397	149.652804	0.340848	0.031830	5.8
1229	-1.214578	150.505607	0.339153	0.024012	4.5
1230	-1.201558	151.505529	0.337187	0.033581	4.0
1231	-1.159604	150.973393	0.338231	0.023670	5.3
1232	-1.166465	150.457588	0.339248	0.010405	4.0
1233	-1.206689	151.153947	0.337876	0.029590	3.5
1234	-1.211700	151.631009	0.336942	0.014499	5.3
1235	-1.221556	151.150107	0.337883	0.017796	4.9
1236	-1.206651	151.770135	0.336671	0.021959	3.7
1237	-1.193173	151.331811	0.337527	0.018951	3.6
1238	-1.190191	152.192617	0.335850	0.020869	5.4
1239	-1.196432	151.837750	0.336539	0.016406	4.3
1240	-1.214599	151.386133	0.337421	0.028124	5.2
1241	-1.198577	150.824491	0.338524	0.022466	5.6
1242	-1.194696	151.367320	0.337458	0.021972	4.9
1243	-1.207910	150.858700	0.338456	0.028597	3.6
1244	-1.163594	151.734555	0.336740	0.018773	3.4
1245	-1.198439	151.218143	0.337750	0.029532	5.5
1246	-1.224183	152.168895	0.335896	0.020330	4.7
1247	-1.189610	153.115982	0.334069	0.028735	3.5
1248	-1.160658	154.104035	0.332184	0.024932	4.0
1249	-1.161814	154.817544	0.330835	0.025725	7.6
1250	-1.203064	154.312115	0.331789	0.014523	5.7
1251	-1.154126	154.703668	0.331050	0.020327	5.3
1252	-1.190971	154.450337	0.331528	0.020658	4.4
1253	-1.201421	155.284810	0.329959	0.019684	3.6
1254	-1.220287	154.952620	0.330581	0.013888	3.4
1255	-1.228091	154.609298	0.331228	0.028817	5.3
1256	-1.231547	154.037064	0.332311	0.022550	4.9
1257	-1.216982	155.021246	0.330453	0.022099	3.6
1258	-1.214952	154.446724	0.331535	0.019830	4.8
1259	-1.210566	154.230818	0.331943	0.019794	6.3
1260	-1.215997	155.136289	0.330237	0.017401	4.5
1261	-1.181427	155.585280	0.329397	0.036985	6.0
1262	-1.165119	155.003021	0.330487	0.018724	4.9
1263	-1.198413	154.421074	0.331583	0.018666	3.6
1264	-1.181905	153.907966	0.332556	0.023982	3.5
1265	-1.217677	153.337310	0.333644	0.017604	5.1
1266	-1.176373	152.883999	0.334514	0.035543	4.8
1267	-1.199442	153.876962	0.332615	0.014667	3.5
1268	-1.240321	153.810184	0.332742	0.021802	3.7
1269	-1.202651	153.636403	0.333073	0.014314	5.3
1270	-1.183414	154.044810	0.332296	0.028961	4.3
1271	-1.172198	154.546444	0.331346	0.023423	4.0
1272	-1.217096	154.275915	0.331858	0.015779	6.4
1273	-1.234973	154.149947	0.332096	0.019568	4.7
1274	-1.184266	153.755779	0.332846	0.035337	3.6
1275	-1.159854	153.252627	0.333807	0.030671	3.6
1276	-1.144371	153.090979	0.334117	0.014221	5.0
1277	-1.182065	152.516059	0.335224	0.019630	4.7
1278	-1.231403	152.022112	0.336181	0.015949	3.9
1279	-1.226456	152.382358	0.335482	0.022696	5.4
1280	-1.196709	151.939625	0.336341	0.027265	5.0
1281	-1.201208	151.368126	0.337456	0.031963	3.8
1282	-1.145500	152.080730	0.336067	0.020970	7.1
1283	-1.182729	152.912847	0.334459	0.023160	4.6
1284	-1.211691	152.336868	0.335570	0.031523	3.5
1285	-1.217719	153.260786	0.333791	0.024054	3.4
1286	-1.231252	154.095943	0.332199	0.016100	6.4
1287	-1.195047	154.589969	0.331264	0.022636	7.7
1288	-1.205987	154.326299	0.331762	0.027517	6.7
1289	-1.218186	154.707332	0.331043	0.013672	7.8
1290	-1.197516	155.676928	0.329226	0.024989	13.5
1291	-1.190939	156.362912	0.327953	0.023670	6.1
1292	-1.196748	156.678807	0.327370	0.019126	5.4
1293	-1.213819	156.365195	0.327949	0.017450	5.0
1294	-1.184228	156.037418	0.328556	0.023912	5.8
1295	-1.171534	156.729314	0.327277	0.022549	5.6
1296	-1.205621	156.153771	0.328340	0.020108	4.6
1297	-1.175837	156.025058	0.328579	0.032904	3.5
1298	-1.213812	155.828432	0.328944	0.026866	5.8
1299	-1.191280	155.603094	0.329364	0.015627	7.0
1300	-1.199546	156.324371	0.328024	0.019180	3.7
1301	-1.245410	156.137777	0.328370	0.014616	4.7
1302	-1.171301	155.831495	0.328938	0.026118	5.2
1303	-1.194546	155.574758	0.329417	0.016651	3.6
1304	-1.175081	155.679578	0.329221	0.019524	3.5
1305	-1.183917	155.946284	0.328725	0.015436	5.5
1306	-1.205419	155.485925	0.329583	0.025267	4.2
1307	-1.176490	155.595232	0.329379	0.022741	3.7
1308	-1.150070	155.070979	0.330359	0.013286	3.9
1309	-1.194229	155.672844	0.329234	0.023675	4.9
1310	-1.149291	155.298614	0.329933	0.024031	6.9
1311	-1.166546	154.719861	0.331019	0.016732	3.5
1312	-1.190560	155.697632	0.329188	0.018219	7.1
1313	-1.221990	155.290666	0.329948	0.020475	5.2
1314	-1.190647	155.827106	0.328947	0.023732	3.6
1315	-1.218219	156.295739	0.328077	0.017476	5.9
1316	-1.207115	157.279544	0.326267	0.013258	5.3
1317	-1.182180	157.700236	0.325499	0.012740	3.7
1318	-1.238378	158.161844	0.324660	0.025209	5.7
1319	-1.184721	159.034552	0.323086	0.013979	6.3
1320	-1.207846	158.492050	0.324063	0.015027	4.5
1321	-1.210872	158.718931	0.323654	0.020715	6.6
1322	-1.183216	158.837684	0.323440	0.019380	5.0
1323	-1.197249	159.029564	0.323095	0.020288	3.5
1324	-1.203927	159.900379	0.321540	0.027098	6.6
1325	-1.229979	159.815470	0.321691	0.023872	6.3
1326	-1.221197	159.253904	0.322693	0.016356	3.9
1327	-1.218791	159.278762	0.322649	0.018853	7.0
1328	-1.203550	158.798389	0.323511	0.013427	4.6
1329	-1.202806	158.306645	0.324398	0.014861	6.5
1330	-1.195587	158.065558	0.324835	0.022693	3.6
1331	-1.210209	158.975382	0.323192	0.031427	4.7
1332	-1.233874	159.974591	0.321408	0.023994	3.6
1333	-1.178273	160.076113	0.321228	0.017140	4.6
1334	-1.183811	160.568156	0.320357	0.016713	3.7
1335	-1.189655	161.259735	0.319142	0.019161	5.4
1336	-1.187747	160.707101	0.320112	0.020089	5.4
1337	-1.132533	161.566151	0.318606	0.018948	3.5
1338	-1.216171	161.005916	0.319587	0.021485	4.5
1339	-1.183025	160.986603	0.319621	0.019444	3.5
1340	-1.203289	160.683089	0.320155	0.015355	5.4
1341	-1.189321	160.621094	0.320264	0.023417	5.6
1342	-1.204067	161.205644	0.319236	0.011237	3.7
1343	-1.206277	161.410792	0.318877	0.015670	4.9
1344	-1.193019	161.054023	0.319502	0.014260	3.5
1345	-1.212432	160.688140	0.320146	0.018981	4.9
1346	-1.234309	160.502982	0.320472	0.022171	5.5
1347	-1.211476	161.161550	0.319314	0.019579	4.5
1348	-1.197245	160.870680	0.319824	0.027234	5.0
1349	-1.194255	160.770440	0.320001	0.012009	3.6
1350	-1.164883	161.399045	0.318898	0.016421	4.6
1351	-1.165289	161.552826	0.318629	0.029827	3.8
1352	-1.201667	161.003122	0.319592	0.019287	6.3
1353	-1.188916	161.934745	0.317964	0.008818	5.1
1354	-1.210495	161.578888	0.318584	0.033589	3.5
1355	-1.178404	161.295647	0.319079	0.015830	4.8
1356	-1.174302	160.987506	0.319619	0.018826	3.5
1357	-1.147444	160.491726	0.320492	0.014676	4.6
1358	-1.179956	159.987751	0.321385	0.007763	3.8
1359	-1.193497	159.717522	0.321865	0.018446	4.6
1360	-1.179784	159.529448	0.322200	0.017137	4.3
1361	-1.173388	160.380729	0.320688	0.032076	3.8
1362	-1.160460	161.269291	0.319125	0.024677	6.0
1363	-1.187135	160.687482	0.320147	0.018082	10.0
1364	-1.198110	161.630170	0.318494	0.020783	6.9
1365	-1.242780	161.291480	0.319086	0.031410	7.4
1366	-1.226056	162.261348	0.317397	0.019765	5.9
1367	-1.180508	162.401139	0.317155	0.015492	10.4
1368	-1.183427	163.068354	0.316006	0.028514	9.6
1369	-1.185967	163.924155	0.314543	0.021372	6.1
1370	-1.187076	163.538172	0.315201	0.019501	5.5
1371	-1.207625	164.523624	0.313527	0.024299	5.4
1372	-1.194730	164.317464	0.313876	0.016446	6.1
1373	-1.169572	164.993298	0.312735	0.016007	6.2
1374	-1.201049	164.834672	0.313002	0.015714	4.5
1375	-1.189631	165.521566	0.311850	0.022309	3.8
1376	-1.177750	166.444246	0.310315	0.021891	3.5
1377	-1.150774	165.917982	0.311188	0.030061	6.3
1378	-1.194029	166.400971	0.310386	0.030224	5.2
1379	-1.168103	165.954251	0.311128	0.019792	4.1
1380	-1.168100	166.225748	0.310677	0.016658	6.9
1381	-1.243817	166.534980	0.310164	0.017766	5.4
1382	-1.136833	165.988126	0.311072	0.009698	4.6
1383	-1.173361	165.661985	0.311615	0.013300	5.2
1384	-1.169383	166.177722	0.310756	0.013781	3.7
1385	-1.199016	165.817131	0.311356	0.014084	4.1
1386	-1.206847	165.652017	0.311632	0.017183	5.5
1387	-1.162892	165.462164	0.311949	0.027100	4.5
1388	-1.244303	165.849661	0.311302	0.022996	3.6
1389	-1.182096	166.743412	0.309820	0.021429	3.6
1390	-1.175031	166.461294	0.310286	0.018317	6.1
1391	-1.184865	167.320667	0.308870	0.018299	4.9
1392	-1.190336	166.768109	0.309779	0.015633	3.5
1393	-1.235716	167.318588	0.308874	0.025742	3.9
1394	-1.231479	166.984602	0.309423	0.017901	4.7
1395	-1.192694	166.797662	0.309731	0.022552	3.5
1396	-1.213198	166.393375	0.310399	0.033689	3.5
1397	-1.176653	166.377456	0.310425	0.028658	3.9
1398	-1.181074	165.810253	0.311368	0.032408	4.7
1399	-1.193145	165.251207	0.312302	0.016053	3.7
1400	-1.156301	166.238654	0.310655	0.030324	3.4
1401	-1.211464	166.318860	0.310522	0.020105	4.6
1402	-1.178583	166.886006	0.309585	0.012943	7.0
1403	-1.219070	167.335173	0.308847	0.015392	3.6
1404	-1.233055	167.568149	0.308465	0.029376	4.2
1405	-1.195042	166.996937	0.309402	0.019330	5.3
1406	-1.229035	166.718262	0.309862	0.028612	3.6
1407	-1.223068	166.143821	0.310813	0.022429	3.4
1408	-1.220480	167.023817	0.309358	0.010916	4.1
1409	-1.187771	167.164247	0.309127	0.037611	5.2
1410	-1.166814	166.612447	0.310036	0.012744	3.6
1411	-1.213345	167.562395	0.308474	0.025996	3.5
1412	-1.196795	167.487175	0.308598	0.014460	5.1
1413	-1.206836	166.937687	0.309500	0.019212	5.1
1414	-1.199571	166.796207	0.309733	0.015054	4.4
1415	-1.213366	166.713945	0.309869	0.016590	3.6
1416	-1.173277	166.494773	0.310231	0.020614	6.3
1417	-1.171018	167.444639	0.308667	0.023783	3.9
1418	-1.179146	168.196092	0.307441	0.022983	3.5
1419	-1.193211	168.611220	0.306768	0.018044	3.5
1420	-1.202182	168.929216	0.306255	0.014818	3.6
1421	-1.180709	168.690681	0.306640	0.024030	3.6
1422	-1.185049	168.496131	0.306954	0.021978	3.5
1423	-1.210358	168.286078	0.307295	0.014777	3.5
1424	-1.188678	167.721571	0.308214	0.013325	3.4
1425	-1.195477	167.685950	0.308272	0.019569	3.4
1426	-1.240634	168.408903	0.307096	0.024314	3.5
1427	-1.199409	169.168285	0.305869	0.016538	5.3
1428	-1.182024	170.036883	0.304479	0.019909	3.7
1429	-1.197095	170.401553	0.303899	0.015200	3.6
1430	-1.235255	170.180455	0.304250	0.016332	3.4
1431	-1.212847	169.693707	0.305027	0.032703	3.6
1432	-1.194312	169.132349	0.305927	0.021791	3.5
1433	-1.178349	168.666990	0.306678	0.016449	3.4
1434	-1.197237	169.387388	0.305517	0.016537	3.4
1435	-1.178980	169.002984	0.306136	0.015870	3.4
1436	-1.162602	168.801387	0.306461	0.026024	3.6
1437	-1.196459	168.466686	0.307002	0.017899	3.7
1438	-1.187993	168.109695	0.307582	0.022626	3.5
1439	-1.174778	169.003392	0.306135	0.018995	3.4
1440	-1.243941	169.735546	0.304960	0.030155	3.9
1441	-1.272848	169.167321	0.305871	0.020657	4.6
1442	-1.209313	168.886803	0.306323	0.017772	3.5
1443	-1.174394	168.320370	0.307239	0.029143	3.5
1444	-1.224844	169.223994	0.305780	0.029896	3.4
1445	-1.232258	170.223418	0.304182	0.018161	3.5
1446	-1.215054	171.144179	0.302724	0.025470	3.6
1447	-1.213832	172.120509	0.301194	0.020435	3.5
1448	-1.223470	171.581529	0.302037	0.016367	3.4
1449	-1.165646	171.742043	0.301785	0.017446	3.4
1450	-1.204158	171.407728	0.302309	0.026900	3.4
1451	-1.203009	172.193363	0.301080	0.011124	3.5
1452	-1.208667	172.109716	0.301211	0.022034	3.5
1453	-1.175643	171.891648	0.301551	0.016454	3.4
1454	-1.218757	172.455128	0.300673	0.024414	4.0
1455	-1.172178	172.707661	0.300281	0.015823	4.6
1456	-1.227372	172.554932	0.300518	0.025702	3.8
1457	-1.185321	172.862599	0.300041	0.028489	3.5
1458	-1.178048	173.674201	0.298790	0.019858	3.6
1459	-1.183588	174.660671	0.297283	0.016796	3.4
1460	-1.203617	174.205743	0.297976	0.026273	3.4
1461	-1.190574	174.969773	0.296815	0.019606	3.4
1462	-1.193999	174.438204	0.297622	0.018504	3.4
1463	-1.166098	175.314615	0.296293	0.021858	3.4
1464	-1.174707	174.867490	0.296970	0.013142	3.5
1465	-1.182813	174.665113	0.297277	0.022481	3.7
1466	-1.207271	174.912295	0.296902	0.015796	3.4
1467	-1.163199	175.832428	0.295514	0.019879	3.4
1468	-1.212630	175.327161	0.296274	0.014472	4.3
1469	-1.191695	175.190912	0.296480	0.023239	4.3
1470	-1.203636	176.093591	0.295122	0.014025	3.5
1471	-1.168237	175.529438	0.295969	0.016162	3.5
1472	-1.179680	175.501336	0.296012	0.021541	3.4
1473	-1.161872	175.104639	0.296610	0.018748	3.4
1474	-1.138821	174.877583	0.296954	0.014234	3.4
1475	-1.207452	174.635071	0.297322	0.011101	3.5
1476	-1.167734	174.200824	0.297984	0.022800	3.4
1477	-1.189514	173.938858	0.298384	0.017445	3.5
1478	-1.212207	174.031311	0.298243	0.017836	3.4
1479	-1.224162	173.579370	0.298935	0.027804	3.6
1480	-1.185173	174.367619	0.297729	0.021347	3.4
1481	-1.198506	173.786375	0.298618	0.019207	3.4
1482	-1.178613	173.259956	0.299427	0.032236	4.2
1483	-1.183175	172.818660	0.300109	0.026009	4.4
1484	-1.201202	173.818637	0.298568	0.010190	3.6
1485	-1.195778	174.544498	0.297460	0.022457	3.5
1486	-1.199892	175.164835	0.296519	0.013290	3.5
1487	-1.171014	175.697366	0.295717	0.016847	3.5
1488	-1.198763	176.247217	0.294892	0.032010	3.6
1489	-1.201446	175.672357	0.295754	0.026011	3.5
1490	-1.191402	175.217420	0.296440	0.018505	4.4
1491	-1.229626	175.221898	0.296433	0.038081	3.9
1492	-1.193854	176.129134	0.295069	0.018447	3.5
1493	-1.156006	176.801517	0.294066	0.019181	3.4
1494	-1.189576	177.724258	0.292700	0.020546	3.5
1495	-1.193112	178.287592	0.291873	0.031491	3.4
1496	-1.202414	178.650242	0.291343	0.025277	5.4
1497	-1.196149	178.074747	0.292185	0.018497	3.6
1498	-1.163289	179.024250	0.290798	0.017657	3.4
1499	-1.183664	178.628324	0.291375	0.020730	3.5
1500	-1.206451	178.320356	0.291825	0.019533	5.9
1501	-1.168422	177.740928	0.292676	0.025570	3.5
1502	-1.223268	177.511441	0.293014	0.033871	3.5
1503	-1.210039	177.503657	0.293026	0.024573	5.0
1504	-1.178894	178.497650	0.291566	0.022715	6.5
1505	-1.163749	179.360116	0.290311	0.023257	4.8
1506	-1.208318	179.177884	0.290575	0.019150	4.1
1507	-1.190344	180.152145	0.289168	0.008551	5.4
1508	-1.181150	179.983631	0.289410	0.025505	3.9
1509	-1.202654	180.360648	0.288868	0.023848	3.5
1510	-1.219694	181.314522	0.287506	0.021446	3.6
1511	-1.221248	182.225643	0.286217	0.021970	3.5
1512	-1.168728	182.282214	0.286138	0.013623	3.4
1513	-1.237601	182.928459	0.285231	0.034151	3.6
1514	-1.195820	183.906259	0.283870	0.018859	3.6
1515	-1.183679	184.231082	0.283420	0.017941	3.5
1516	-1.221335	184.064075	0.283651	0.021511	3.4
1517	-1.232240	184.832975	0.282592	0.016895	3.5
1518	-1.186321	185.724587	0.281373	0.014782	3.4
1519	-1.175828	185.234466	0.282042	0.022718	4.3
1520	-1.181396	185.358189	0.281872	0.016124	4.6
1521	-1.178207	184.801598	0.282635	0.017368	4.1
1522	-1.196305	184.537706	0.282998	0.028510	3.5
1523	-1.196187	184.977786	0.282393	0.017494	3.5
1524	-1.166382	184.442659	0.283129	0.028187	3.5
1525	-1.223628	184.476063	0.283083	0.016177	3.6
1526	-1.193632	183.923252	0.283846	0.015561	3.5
1527	-1.195652	184.635995	0.282862	0.021179	3.4
1528	-1.235925	184.129723	0.283560	0.020819	3.6
1529	-1.229249	183.595859	0.284300	0.018751	3.7
1530	-1.160983	183.758492	0.284075	0.027808	3.5
1531	-1.194378	183.222857	0.284820	0.018791	3.5
1532	-1.172103	182.645991	0.285626	0.023190	4.1
1533	-1.188026	183.561597	0.284348	0.022074	3.6
1534	-1.159778	182.985633	0.285151	0.016273	5.4
1535	-1.207891	183.077571	0.285022	0.018245	3.7
1536	-1.169547	183.714878	0.284135	0.020003	3.5
1537	-1.189840	183.854498	0.283941	0.022790	3.5
1538	-1.216465	184.277152	0.283357	0.016148	3.4
1539	-1.178644	183.816859	0.283994	0.016705	3.5
1540	-1.150331	183.477914	0.284464	0.018512	3.4
1541	-1.173747	183.335823	0.284662	0.014097	3.6
1542	-1.225399	182.910013	0.285257	0.020740	3.4
1543	-1.223828	182.391559	0.285984	0.020137	3.5
1544	-1.143387	182.998159	0.285133	0.020984	3.4
1545	-1.189151	183.676877	0.284188	0.025175	3.5
1546	-1.225352	184.294461	0.283333	0.024495	3.5
1547	-1.195501	183.723109	0.284124	0.019518	4.3
1548	-1.222715	183.147587	0.284925	0.030133	4.3
1549	-1.190910	183.381537	0.284598	0.018660	3.5
1550	-1.229718	183.001257	0.285129	0.024181	3.6
1551	-1.212510	182.499700	0.285832	0.021505	3.5
1552	-1.210080	183.103917	0.284986	0.021046	3.5
1553	-1.207568	183.895389	0.283885	0.017449	3.6
1554	-1.184328	183.665978	0.284203	0.024153	3.5
1555	-1.191601	183.534275	0.284386	0.014196	3.6
1556	-1.174952	183.703865	0.284150	0.021921	3.4
1557	-1.191956	183.421667	0.284543	0.015187	3.4
1558	-1.220696	182.915795	0.285249	0.017901	3.5
1559	-1.187309	182.529712	0.285790	0.016346	3.5
1560	-1.202286	182.417395	0.285947	0.028371	3.6
1561	-1.162056	182.774207	0.285447	0.025390	4.7
1562	-1.160222	182.404892	0.285965	0.016817	3.6
1563	-1.195845	181.878811	0.286707	0.017448	3.5
1564	-1.167461	182.805040	0.285404	0.019852	3.5
1565	-1.163791	182.351929	0.286039	0.010672	3.5
1566	-1.217398	181.821331	0.286788	0.016544	3.4
1567	-1.206060	182.115105	0.286373	0.023367	3.5
1568	-1.216232	181.681648	0.286985	0.018139	3.4
1569	-1.167145	182.231177	0.286209	0.010207	3.4
1570	-1.199633	182.196507	0.286258	0.015434	3.4
1571	-1.156240	182.576284	0.285724	0.019931	3.4
1572	-1.233273	183.508405	0.284422	0.033237	3.4
1573	-1.214400	183.037063	0.285079	0.019553	3.4
1574	-1.187125	184.036745	0.283689	0.019700	3.4
1575	-1.222177	183.584133	0.284317	0.007877	4.9
1576	-1.159889	183.237263	0.284800	0.022391	3.5
1577	-1.208746	183.497169	0.284438	0.025919	3.5
1578	-1.198994	182.952291	0.285197	0.014086	3.6
1579	-1.230975	182.748365	0.285483	0.017682	3.5
1580	-1.244587	182.552374	0.285758	0.017926	3.6
1581	-1.192306	182.336768	0.286061	0.032350	3.5
1582	-1.178165	182.101666	0.286392	0.012199	3.4
1583	-1.222975	182.693118	0.285560	0.025017	3.7
1584	-1.192252	182.677415	0.285582	0.016199	3.5
1585	-1.188378	183.579514	0.284323	0.013723	3.5
1586	-1.205564	183.816796	0.283994	0.023946	3.6
1587	-1.184320	183.686456	0.284175	0.032502	3.4
1588	-1.164928	184.596650	0.282916	0.020830	3.4
1589	-1.189515	185.595176	0.281549	0.012020	3.8
1590	-1.179434	185.318413	0.281927	0.033412	4.5
1591	-1.183658	185.802669	0.281267	0.024275	3.4
1592	-1.197987	185.241073	0.282032	0.014303	3.5
1593	-1.158888	184.940732	0.282444	0.022338	3.4
1594	-1.162578	185.509979	0.281665	0.020934	3.4
1595	-1.230804	185.392305	0.281826	0.018041	3.4
1596	-1.168966	184.834697	0.282589	0.014349	4.0
1597	-1.182603	184.727195	0.282737	0.014251	3.5
1598	-1.197472	184.968064	0.282406	0.008297	3.5
1599	-1.253555	185.080557	0.282252	0.018209	3.5
1600	-1.207151	185.193214	0.282098	0.008529	3.4
1601	-1.239179	185.577365	0.281573	0.022480	3.5
1602	-1.189874	185.173176	0.282125	0.022374	3.4
1603	-1.218039	184.706512	0.282765	0.024307	5.1
1604	-1.177136	184.245238	0.283401	0.020748	3.5
1605	-1.181989	184.434805	0.283139	0.019111	3.5
1606	-1.196967	183.984656	0.283761	0.026234	3.4
1607	-1.220537	183.476053	0.284467	0.028284	3.4
1608	-1.193691	184.475110	0.283084	0.031442	3.4
1609	-1.184813	183.895554	0.283885	0.022526	3.4
1610	-1.203395	183.483242	0.284457	0.016910	3.4
1611	-1.215761	184.402691	0.283184	0.012158	3.5
1612	-1.188317	184.513382	0.283031	0.031486	3.4
1613	-1.219755	184.343418	0.283265	0.029003	3.5
1614	-1.278354	183.940719	0.283822	0.023402	3.4
1615	-1.187790	183.475345	0.284468	0.019627	3.6
1616	-1.162579	183.028753	0.285091	0.020401	3.4
1617	-1.200535	183.558141	0.284353	0.020659	4.2
1618	-1.196782	184.236494	0.283413	0.018878	4.4
1619	-1.179891	185.054079	0.282288	0.011142	3.7
1620	-1.198402	185.206377	0.282080	0.015650	3.9
1621	-1.187141	185.634096	0.281496	0.026927	3.4
1622	-1.219649	186.345137	0.280531	0.023108	3.4
1623	-1.208198	187.045500	0.279586	0.019061	3.4
1624	-1.197143	186.704206	0.280046	0.012662	3.4
1625	-1.199981	186.301152	0.280590	0.018904	3.4
1626	-1.166004	186.852859	0.279845	0.024371	3.6
1627	-1.164701	187.738266	0.278658	0.016343	3.6
1628	-1.167747	188.589318	0.277527	0.011165	3.4
1629	-1.192588	188.832664	0.277205	0.018064	3.5
1630	-1.212206	188.781805	0.277272	0.011917	3.5
1631	-1.170951	189.039429	0.276932	0.020063	3.4
1632	-1.229542	188.560770	0.277565	0.015614	5.8
1633	-1.179580	188.561765	0.277563	0.023925	4.1
1634	-1.156707	188.089061	0.278191	0.008505	3.8
1635	-1.257606	187.958107	0.278365	0.021859	5.4
1636	-1.222789	187.772163	0.278613	0.019239	5.2
1637	-1.212782	187.333979	0.279199	0.017903	4.3
1638	-1.194809	187.061361	0.279565	0.022318	3.7
1639	-1.192228	187.059740	0.279567	0.014995	3.5
1640	-1.187726	186.898465	0.279784	0.014599	3.4
1641	-1.200186	187.010032	0.279634	0.023958	3.4
1642	-1.179515	186.819663	0.279890	0.010214	3.5
1643	-1.180283	187.352285	0.279175	0.013072	3.5
1644	-1.236625	187.355463	0.279170	0.025800	3.7
1645	-1.135676	187.825257	0.278542	0.021748	4.7
1646	-1.246255	187.345468	0.279184	0.011297	3.5
1647	-1.180224	187.708999	0.278698	0.015572	3.6
1648	-1.149414	187.651202	0.278775	0.018442	3.5
1649	-1.269036	188.005731	0.278302	0.032677	3.4
1650	-1.193620	188.753266	0.277310	0.018962	3.4
1651	-1.219230	188.228074	0.278006	0.027645	3.4
1652	-1.233895	187.862259	0.278493	0.021237	3.6
1653	-1.187950	188.795748	0.277254	0.016979	3.4
1654	-1.189241	188.284771	0.277931	0.024052	3.5
1655	-1.164669	188.669845	0.277420	0.019267	3.4
1656	-1.213732	189.199978	0.276721	0.018620	3.4
1657	-1.178592	190.144481	0.275483	0.014630	3.5
1658	-1.211591	189.736086	0.276017	0.024173	4.0
1659	-1.171935	189.245854	0.276660	0.024060	4.3
1660	-1.172502	188.930194	0.277076	0.027470	3.6
1661	-1.177254	189.920720	0.275775	0.015340	3.4
1662	-1.209015	189.979325	0.275698	0.019299	3.8
1663	-1.178122	189.519499	0.276301	0.016876	3.7
1664	-1.221695	189.273407	0.276624	0.016571	3.4
1665	-1.192606	189.098110	0.276855	0.016811	3.5
1666	-1.214950	188.724257	0.277348	0.017742	3.4
1667	-1.182032	188.687133	0.277397	0.034150	3.4
1668	-1.203084	188.136006	0.278128	0.028227	3.4
1669	-1.161517	189.133642	0.276808	0.016185	3.4
1670	-1.227369	188.555076	0.277572	0.019629	3.4
1671	-1.205329	188.953532	0.277045	0.020063	3.5
1672	-1.198030	189.457190	0.276382	0.020904	3.6
1673	-1.172380	190.445102	0.275091	0.028975	4.6
1674	-1.193147	191.427190	0.273819	0.031135	3.5
1675	-1.216424	190.854527	0.274560	0.023564	3.6
1676	-1.202027	191.612300	0.273581	0.015330	3.7
1677	-1.246146	192.201373	0.272825	0.016434	3.6
1678	-1.215196	191.971899	0.273119	0.018263	3.5
1679	-1.175328	191.503427	0.273721	0.015954	3.4
1680	-1.183497	191.331212	0.273943	0.018559	3.4
1681	-1.215301	191.382772	0.273877	0.010723	3.6
1682	-1.194551	190.988422	0.274386	0.015077	3.5
1683	-1.221313	191.234986	0.274067	0.019946	3.5
1684	-1.171839	190.685512	0.274779	0.017251	3.4
1685	-1.205462	190.182455	0.275433	0.026523	3.5
1686	-1.191986	191.118545	0.274218	0.021206	4.9
1687	-1.206693	190.576397	0.274920	0.025990	3.5
1688	-1.228458	191.573648	0.273631	0.017941	3.6
1689	-1.173767	192.314252	0.272681	0.021275	3.4
1690	-1.252799	192.283021	0.272721	0.023634	3.5
1691	-1.204054	193.254451	0.271484	0.031739	3.6
1692	-1.211236	194.252152	0.270226	0.019468	3.5
1693	-1.229693	193.672330	0.270956	0.017515	3.5
1694	-1.250400	193.605483	0.271040	0.011720	3.4
1695	-1.179402	193.683442	0.270942	0.021023	3.6
1696	-1.237610	193.314800	0.271408	0.019480	3.5
1697	-1.156654	193.215588	0.271533	0.024802	3.3
1698	-1.233541	192.634374	0.272272	0.023830	3.4
1699	-1.194617	192.285995	0.272717	0.023293	3.5
1700	-1.233688	193.193304	0.271562	0.021137	5.0
1701	-1.204186	192.922338	0.271906	0.012851	3.7
1702	-1.183580	193.091207	0.271691	0.019576	3.5
1703	-1.219013	192.836498	0.272015	0.016739	3.5
1704	-1.213396	192.312712	0.272683	0.017086	3.5
1705	-1.182014	192.924139	0.271903	0.020164	3.5
1706	-1.205046	192.480502	0.272468	0.024093	3.5
1707	-1.209432	193.031733	0.271767	0.016209	3.5
1708	-1.199867	192.844144	0.272005	0.024108	3.5
1709	-1.239224	193.198307	0.271555	0.031477	3.9
1710	-1.242697	192.617530	0.272294	0.016912	3.5
1711	-1.194989	192.045041	0.273025	0.009453	3.5
1712	-1.205235	192.559151	0.272368	0.034337	3.4
1713	-1.227581	193.297279	0.271430	0.015896	3.5
1714	-1.204614	194.260196	0.270216	0.022898	5.2
1715	-1.218316	193.750452	0.270857	0.026778	3.6
1716	-1.186476	193.268150	0.271467	0.016414	3.8
1717	-1.223903	194.205771	0.270284	0.022459	3.6
1718	-1.192972	194.925182	0.269383	0.020993	3.4
1719	-1.176723	195.208431	0.269031	0.026042	3.4
1720	-1.178325	195.362901	0.268839	0.023347	3.6
1721	-1.202481	195.238694	0.268993	0.028665	3.6
1722	-1.216166	195.770770	0.268333	0.011843	3.4
1723	-1.232055	195.599024	0.268545	0.028524	3.4
1724	-1.194563	195.033245	0.269249	0.014589	3.5
1725	-1.188701	194.488535	0.269929	0.018936	3.4
1726	-1.233499	195.279109	0.268943	0.027818	3.5
1727	-1.204235	196.197520	0.267805	0.012058	4.4
1728	-1.208573	196.091597	0.267936	0.017997	4.1
1729	-1.159881	196.342154	0.267627	0.020626	3.9
1730	-1.194063	195.789531	0.268309	0.023599	3.4
1731	-1.167772	195.431911	0.268753	0.013560	3.6
1732	-1.192670	196.169640	0.267840	0.014195	3.6
1733	-1.182603	196.516527	0.267413	0.019912	3.6
1734	-1.202337	196.959576	0.266869	0.027246	3.7
1735	-1.207661	197.925881	0.265691	0.027000	3.4
1736	-1.161420	197.380961	0.266354	0.016255	3.4
1737	-1.162677	197.922540	0.265695	0.017985	3.6
1738	-1.215877	197.552440	0.266145	0.026058	3.5
1739	-1.198887	196.985038	0.266838	0.018898	3.4
1740	-1.171658	197.745164	0.265911	0.021790	3.4
1741	-1.192714	198.522787	0.264969	0.019455	4.8
1742	-1.181805	198.229250	0.265324	0.022254	3.7
1743	-1.174387	197.963011	0.265646	0.024508	3.4
1744	-1.213806	198.326750	0.265206	0.015183	3.4
1745	-1.204801	198.892655	0.264523	0.018230	3.4
1746	-1.149730	198.847431	0.264577	0.015804	3.8
1747	-1.182933	198.329398	0.265202	0.026675	3.4
1748	-1.176409	198.448963	0.265058	0.020101	3.5
1749	-1.218903	198.141710	0.265430	0.020591	3.4
1750	-1.238768	198.979508	0.264419	0.019848	3.4
1751	-1.177272	198.531062	0.264959	0.008631	3.4
1752	-1.257804	198.363200	0.265162	0.021220	3.7
1753	-1.216492	198.646662	0.264819	0.028966	3.5
1754	-1.190943	198.690219	0.264767	0.022496	3.5
1755	-1.231259	199.028086	0.264360	0.017860	5.2
1756	-1.170586	198.662968	0.264800	0.016560	3.5
1757	-1.217942	198.249066	0.265300	0.026019	3.5
1758	-1.179285	199.060916	0.264321	0.024662	3.4
1759	-1.187209	200.059382	0.263127	0.029777	3.5
1760	-1.160878	199.491391	0.263805	0.021103	3.4
1761	-1.162540	200.483594	0.262623	0.025205	3.5
1762	-1.173043	199.960579	0.263245	0.019380	3.4
1763	-1.217970	199.380849	0.263937	0.035122	3.5
1764	-1.183715	200.380559	0.262745	0.015747	5.3
1765	-1.216837	200.829855	0.262213	0.019593	3.6
1766	-1.193506	201.796616	0.261075	0.014416	3.5
1767	-1.193753	201.385301	0.261558	0.013346	4.5
1768	-1.213124	201.210526	0.261764	0.012364	9.5
1769	-1.232066	201.283865	0.261677	0.021840	4.6
1770	-1.158319	200.877327	0.262157	0.018363	3.7
1771	-1.185554	201.630631	0.261270	0.024412	3.5
1772	-1.173641	201.227748	0.261744	0.023695	3.5
1773	-1.215735	202.208139	0.260594	0.016686	3.4
1774	-1.179406	201.680788	0.261211	0.020728	3.6
1775	-1.205277	202.467878	0.260291	0.019186	3.7
1776	-1.183620	201.947589	0.260898	0.024457	3.5
1777	-1.203141	201.563960	0.261348	0.019636	3.4
1778	-1.194037	202.559616	0.260184	0.025355	3.4
1779	-1.190137	202.099215	0.260721	0.014382	3.6
1780	-1.181050	202.018054	0.260816	0.014680	5.4
1781	-1.195963	202.571037	0.260171	0.020144	3.6
1782	-1.206784	202.119661	0.260697	0.012803	3.5
1783	-1.216130	202.624689	0.260108	0.022808	3.9
1784	-1.211136	202.864256	0.259830	0.023108	3.5
1785	-1.235738	203.854374	0.258686	0.020129	3.7
1786	-1.213364	204.849933	0.257546	0.014943	3.5
1787	-1.222499	204.378676	0.258084	0.014256	3.5
1788	-1.211499	204.243686	0.258239	0.020132	3.4
1789	-1.194237	204.180327	0.258312	0.018908	3.5
1790	-1.219220	203.625280	0.258950	0.013275	3.4
1791	-1.198959	204.134745	0.258364	0.016197	3.4
1792	-1.168049	203.598511	0.258981	0.017069	3.6
1793	-1.201580	204.384704	0.258077	0.028794	4.6
1794	-1.204347	205.226574	0.257117	0.018822	4.2
1795	-1.165019	206.029980	0.256207	0.024575	3.4
1796	-1.216871	206.813961	0.255325	0.024255	3.6
1797	-1.254023	207.813054	0.254210	0.021980	3.4
1798	-1.192969	207.235801	0.254853	0.024161	3.5
1799	-1.212678	206.682454	0.255473	0.019799	3.4
1800	-1.156362	206.124237	0.256101	0.013312	3.4
1801	-1.185075	206.563807	0.255606	0.021107	3.4
1802	-1.193235	206.088107	0.256141	0.021355	3.6
1803	-1.279995	206.107180	0.256120	0.012839	3.4
1804	-1.218784	205.573079	0.256724	0.024904	3.4
1805	-1.213239	205.183177	0.257166	0.021768	3.4
1806	-1.186137	206.179853	0.256038	0.027165	3.4
1807	-1.225903	205.602446	0.256690	0.020221	5.4
1808	-1.216902	205.023084	0.257348	0.014054	3.4
1809	-1.210200	204.622275	0.257806	0.012183	3.4
1810	-1.149357	204.234309	0.258250	0.020084	3.4
1811	-1.152212	204.001225	0.258517	0.019939	3.5
1812	-1.197142	204.782268	0.257623	0.018712	3.4
1813	-1.205932	205.340750	0.256987	0.020357	3.4
1814	-1.207607	205.746436	0.256527	0.028252	3.4
1815	-1.186598	206.179841	0.256038	0.023393	3.4
1816	-1.212505	206.939630	0.255185	0.020397	3.5
1817	-1.243965	207.429784	0.254637	0.019689	3.5
1818	-1.208391	207.851990	0.254167	0.022678	3.4
1819	-1.216984	208.793993	0.253125	0.016889	3.4
1820	-1.211715	208.273912	0.253700	0.023944	3.4
1821	-1.195542	207.713910	0.254321	0.028596	5.4
1822	-1.169544	207.171645	0.254925	0.018030	3.5
1823	-1.223605	207.493365	0.254566	0.025901	3.4
1824	-1.182828	206.986447	0.255132	0.008474	3.5
1825	-1.205099	206.823796	0.255314	0.021528	3.4
1826	-1.214393	207.051576	0.255059	0.032755	3.5
1827	-1.192793	206.484261	0.255695	0.017062	3.4
1828	-1.232943	206.753075	0.255394	0.017140	3.5
1829	-1.189425	206.303881	0.255898	0.011229	3.6
1830	-1.206831	206.938424	0.255186	0.018240	3.4
1831	-1.249047	206.662568	0.255495	0.016570	3.4
1832	-1.158159	206.375351	0.255818	0.015306	3.6
1833	-1.202564	205.955775	0.256291	0.018995	3.6
1834	-1.220530	205.896106	0.256358	0.024898	3.7
1835	-1.217305	206.728916	0.255421	0.025993	5.1
1836	-1.195457	207.700618	0.254335	0.013198	3.7
1837	-1.182583	207.233543	0.254856	0.015963	3.4
1838	-1.134364	207.715483	0.254319	0.015222	3.4
1839	-1.253041	208.565625	0.253377	0.020672	3.4
1840	-1.170640	208.815595	0.253102	0.019005	3.4
1841	-1.188803	208.429234	0.253528	0.036104	3.4
1842	-1.184449	208.190211	0.253792	0.023723	3.9
1843	-1.170266	209.189177	0.252691	0.017310	3.9
1844	-1.202605	209.545275	0.252300	0.022101	3.5
1845	-1.210169	210.017343	0.251785	0.024844	4.1
1846	-1.201538	210.998136	0.250720	0.020331	3.6
1847	-1.207359	211.286284	0.250409	0.022838	4.1
1848	-1.176515	210.753381	0.250985	0.017654	5.9
1849	-1.195087	211.606586	0.250065	0.027161	3.9
1850	-1.204649	211.063814	0.250649	0.017825	4.5
1851	-1.234258	211.032356	0.250683	0.014037	3.6
1852	-1.171453	211.580114	0.250093	0.025357	4.1
1853	-1.201403	211.175906	0.250528	0.006384	3.5
1854	-1.207515	210.901946	0.250824	0.023835	4.3
1855	-1.202545	211.260691	0.250437	0.022211	3.6
1856	-1.171940	210.684999	0.251059	0.013196	4.3
1857	-1.166416	210.767994	0.250969	0.025870	3.5
1858	-1.151742	210.958605	0.250763	0.019576	4.3
1859	-1.245124	211.734895	0.249927	0.015557	3.5
1860	-1.193849	211.678776	0.249987	0.016572	6.5
1861	-1.213508	212.186916	0.249442	0.019904	4.4
1862	-1.179066	212.675875	0.248920	0.020009	3.5
1863	-1.213095	212.821456	0.248765	0.020043	4.1
1864	-1.213309	212.833536	0.248753	0.017711	3.7
1865	-1.208528	212.806153	0.248782	0.010897	4.1
1866	-1.242894	212.513486	0.249093	0.020306	3.5
1867	-1.231475	212.434684	0.249178	0.026878	3.6
1868	-1.174964	213.327154	0.248229	0.026629	3.9
1869	-1.151459	214.307640	0.247194	0.023551	3.9
1870	-1.193677	214.478888	0.247014	0.017088	3.6
1871	-1.166592	214.726751	0.246755	0.020903	3.9
1872	-1.244331	214.942188	0.246529	0.023068	5.2
1873	-1.212006	215.873814	0.245560	0.025563	5.2
1874	-1.200395	215.308188	0.246148	0.023143	3.5
1875	-1.201024	214.948845	0.246522	0.015766	4.5
1876	-1.187262	215.667439	0.245774	0.023946	3.6
1877	-1.171956	216.237786	0.245183	0.021338	4.4
1878	-1.218681	217.111656	0.244283	0.018824	3.9
1879	-1.191407	216.631662	0.244777	0.043326	4.8
1880	-1.203859	217.515371	0.243870	0.015146	4.2
1881	-1.229457	216.933425	0.244466	0.038967	7.5
1882	-1.207142	217.736711	0.243644	0.016741	4.2
1883	-1.179757	217.174130	0.244219	0.009501	5.2
1884	-1.192080	216.976199	0.244422	0.017914	10.9
1885	-1.197612	217.245610	0.244146	0.019956	4.3
1886	-1.159144	217.342504	0.244047	0.020273	10.4
1887	-1.200848	217.572769	0.243811	0.014479	5.5
1888	-1.184339	218.343985	0.243025	0.012213	6.2
1889	-1.201600	218.258277	0.243113	0.016225	7.8
1890	-1.214219	217.918763	0.243458	0.015155	7.9
1891	-1.209583	217.868723	0.243509	0.020117	9.4
1892	-1.192081	217.907492	0.243469	0.026445	6.7
1893	-1.256503	217.490594	0.243895	0.017109	6.0
1894	-1.147425	218.482282	0.242885	0.015702	4.5
1895	-1.215929	218.829646	0.242533	0.019150	9.5
1896	-1.170754	218.465971	0.242902	0.012799	4.8
1897	-1.225539	218.086142	0.243288	0.013902	6.0
1898	-1.212982	218.721016	0.242643	0.009138	8.7
1899	-1.182088	218.609056	0.242757	0.017491	6.2
1900	-1.187079	218.417114	0.242951	0.021419	5.0
1901	-1.230444	218.973056	0.242388	0.024486	3.8
1902	-1.151064	218.425363	0.242943	0.017503	4.2
1903	-1.219873	219.297007	0.242062	0.015729	7.6
1904	-1.215728	219.449198	0.241908	0.023424	8.7
1905	-1.257889	218.882302	0.242480	0.014456	7.5
1906	-1.205375	218.397993	0.242971	0.027785	7.8
1907	-1.173070	217.866977	0.243511	0.022445	6.8
1908	-1.178629	217.285160	0.244105	0.013570	6.7
1909	-1.218994	217.193128	0.244200	0.019245	7.5
1910	-1.211361	217.195159	0.244198	0.018134	4.4
1911	-1.176243	217.878679	0.243499	0.011980	5.9
1912	-1.153126	217.480156	0.243906	0.015923	4.4
1913	-1.222214	217.099503	0.244296	0.030854	3.5
1914	-1.173257	216.683743	0.244723	0.021874	5.5
1915	-1.162535	216.125460	0.245299	0.029643	5.0
1916	-1.187316	217.123818	0.244271	0.020054	3.6
1917	-1.157457	216.581260	0.244829	0.024059	5.1
1918	-1.208191	217.554693	0.243830	0.013881	9.9
1919	-1.190115	217.360472	0.244028	0.034984	4.1
1920	-1.163847	216.879995	0.244521	0.013982	8.5
1921	-1.233864	216.298267	0.245121	0.022093	4.3
1922	-1.155645	215.848705	0.245586	0.028213	7.4
1923	-1.225147	215.407798	0.246044	0.022471	6.6
1924	-1.200315	214.830379	0.246646	0.013733	4.6
1925	-1.208001	215.631661	0.245811	0.024757	10.3
1926	-1.218330	215.243668	0.246215	0.023970	5.3
1927	-1.202325	215.107542	0.246357	0.025134	8.3
1928	-1.188833	215.847999	0.245587	0.008867	3.6
1929	-1.180069	215.579264	0.245865	0.020258	5.2
1930	-1.196908	215.614959	0.245828	0.029281	8.3
1931	-1.216236	215.035858	0.246432	0.027437	5.2
1932	-1.144822	216.034254	0.245394	0.021498	7.5
1933	-1.182367	216.148270	0.245276	0.024266	6.8
1934	-1.213925	217.034706	0.244362	0.021052	7.5
1935	-1.227549	216.738896	0.244666	0.019505	6.9
1936	-1.152531	216.169204	0.245254	0.008242	5.7
1937	-1.190626	216.397469	0.245018	0.012586	10.4
1938	-1.197847	216.428069	0.244987	0.013456	7.3
1939	-1.175322	216.471834	0.244941	0.016701	4.0
1940	-1.195333	216.105573	0.245320	0.023406	6.8
1941	-1.167926	216.684840	0.244722	0.016540	6.8
1942	-1.180223	216.187007	0.245236	0.018210	6.1
1943	-1.209874	215.720239	0.245719	0.014291	8.1
1944	-1.230491	216.169395	0.245254	0.021686	4.5
1945	-1.246592	216.785594	0.244618	0.012928	3.7
1946	-1.219069	217.036302	0.244361	0.014396	7.2
1947	-1.216320	216.742424	0.244663	0.021226	4.6
1948	-1.165099	216.933610	0.244466	0.020648	4.8
1949	-1.177969	216.495630	0.244917	0.023067	8.5
1950	-1.218308	215.958680	0.245472	0.006173	3.6
1951	-1.219146	216.313133	0.245105	0.035434	3.8
1952	-1.173757	215.890945	0.245542	0.016404	5.8
1953	-1.194631	216.587366	0.244822	0.015659	4.2
1954	-1.168441	216.192299	0.245230	0.028197	3.8
1955	-1.178117	216.866456	0.244535	0.025711	6.6
1956	-1.220734	216.590971	0.244819	0.022180	5.3
1957	-1.218152	216.986056	0.244412	0.017199	3.9
1958	-1.209663	217.081004	0.244315	0.014974	7.6
1959	-1.185722	216.791532	0.244612	0.011068	4.9
1960	-1.244415	216.840858	0.244561	0.020629	7.2
1961	-1.198902	217.409839	0.243978	0.023194	4.3
1962	-1.182907	218.144722	0.243228	0.017799	3.5
1963	-1.173686	217.924530	0.243452	0.027674	4.1
1964	-1.233438	218.715960	0.242648	0.022089	4.9
1965	-1.223178	219.661339	0.241695	0.021425	4.0
1966	-1.147413	219.164477	0.242195	0.022024	3.5
1967	-1.213838	219.000233	0.242361	0.018554	4.1
1968	-1.186740	218.785048	0.242578	0.015148	7.7
1969	-1.193485	219.352099	0.242006	0.014740	3.8
1970	-1.201554	218.885819	0.242477	0.014266	3.6
1971	-1.203066	219.248338	0.242111	0.018462	5.3
1972	-1.180033	218.958412	0.242403	0.011529	4.0
1973	-1.221210	218.917306	0.242445	0.017046	4.1
1974	-1.177387	218.710364	0.242654	0.020753	5.4
1975	-1.208092	218.791164	0.242572	0.019037	5.1
1976	-1.192481	219.173734	0.242186	0.019523	3.8
1977	-1.232554	219.484057	0.241873	0.017438	3.6
1978	-1.241136	220.181399	0.241174	0.017589	8.5
1979	-1.162928	219.781045	0.241575	0.019607	4.2
1980	-1.171777	220.131223	0.241224	0.013385	4.2
1981	-1.255714	219.654947	0.241702	0.021245	6.1
1982	-1.180294	220.454455	0.240901	0.010630	4.4
1983	-1.202496	220.390108	0.240965	0.021055	3.7
1984	-1.256838	221.159302	0.240200	0.011106	6.4
1985	-1.140989	221.262257	0.240098	0.020083	4.6
1986	-1.175896	221.129824	0.240229	0.018617	3.6
1987	-1.176685	222.058515	0.239311	0.021591	7.1
1988	-1.209778	222.346971	0.239028	0.019014	6.6
1989	-1.208657	223.317952	0.238078	0.020603	3.8
1990	-1.227260	223.509052	0.237892	0.018695	6.4
1991	-1.197026	224.288077	0.237136	0.018667	4.5
1992	-1.158910	223.781664	0.237627	0.014478	3.6
1993	-1.220621	223.272245	0.238122	0.024914	7.1
1994	-1.175493	224.135542	0.237284	0.022855	4.5
1995	-1.172384	225.090263	0.236363	0.024054	6.3
1996	-1.225388	226.019194	0.235474	0.014063	4.4
1997	-1.201004	226.911964	0.234626	0.021282	8.1
1998	-1.182387	227.192729	0.234361	0.021192	6.3
1999	-1.160432	227.717912	0.233866	0.014156	4.4
