1:ItNr	2:Metric	3a:Time	3b:StepSize	4:||Gradient||	Time[ms]
0	-1.257093	0.000000	657.526781	0.029417	107943.5
1	-1.253245	0.000000	657.526781	0.033147	71.8
2	-1.220945	1.000000	627.639200	0.033662	77.1
3	-1.224323	2.000000	600.350539	0.033990	71.1
4	-1.225958	1.200000	621.984793	0.024742	75.8
5	-1.221265	2.200000	595.175103	0.029082	79.4
6	-1.208769	1.400000	616.431357	0.025155	72.3
7	-1.228357	2.400000	590.088137	0.029034	75.2
8	-1.274800	3.400000	565.904197	0.028490	109.9
9	-1.228817	4.400000	543.624504	0.030586	75.7
10	-1.218518	3.600000	561.303350	0.033825	74.7
11	-1.221102	2.800000	580.170689	0.028802	80.9
12	-1.265369	3.800000	556.776710	0.032305	75.1
13	-1.242072	3.000000	575.335933	0.033170	77.2
14	-1.211255	2.200000	595.175103	0.029066	73.8
15	-1.210798	1.400000	616.431357	0.026064	77.0
16	-1.218782	2.400000	590.088137	0.031672	71.2
17	-1.217516	1.600000	610.976212	0.034169	72.4
18	-1.221905	2.600000	585.087390	0.042252	90.3
19	-1.237868	3.600000	561.303350	0.027095	69.6
20	-1.200907	4.600000	539.377438	0.031633	70.3
21	-1.230311	5.600000	519.100090	0.024738	70.2
22	-1.240814	4.800000	535.196217	0.031062	71.8
23	-1.216977	5.800000	515.226209	0.033664	71.7
24	-1.234646	5.000000	531.079323	0.029348	83.1
25	-1.188642	4.200000	547.938984	0.029782	78.1
26	-1.223070	3.400000	565.904197	0.032051	61.8
27	-1.227313	2.600000	585.087390	0.031561	64.3
28	-1.251389	1.800000	605.616772	0.024141	69.2
29	-1.216332	2.800000	580.170689	0.026314	77.6
30	-1.197205	3.800000	556.776710	0.028380	72.9
31	-1.234821	4.800000	535.196217	0.029352	78.5
32	-1.231822	4.000000	552.322496	0.025680	73.3
33	-1.216933	3.200000	570.581091	0.034691	71.1
34	-1.236709	2.400000	590.088137	0.028558	72.4
35	-1.242565	1.600000	610.976212	0.034614	73.9
36	-1.238646	2.600000	585.087390	0.029941	71.4
37	-1.225390	1.800000	605.616772	0.031543	77.7
38	-1.232039	1.000000	627.639200	0.027570	83.7
39	-1.237063	2.000000	600.350539	0.032706	72.1
40	-1.225278	1.200000	621.984793	0.034382	77.2
41	-1.217086	0.400000	645.236561	0.029360	73.9
42	-1.204051	0.000000	657.526781	0.031863	77.5
43	-1.222158	1.000000	627.639200	0.028870	66.6
44	-1.200751	2.000000	600.350539	0.029594	69.0
45	-1.229118	1.200000	621.984793	0.029089	81.8
46	-1.214267	0.400000	645.236561	0.031796	74.0
47	-1.223806	0.000000	657.526781	0.028945	71.2
48	-1.220819	1.000000	627.639200	0.026467	73.6
49	-1.199939	2.000000	600.350539	0.023617	73.5
50	-1.225416	1.200000	621.984793	0.032847	74.7
51	-1.210156	2.200000	595.175103	0.022875	72.3
52	-1.213372	3.200000	570.581091	0.029343	78.9
53	-1.215543	2.400000	590.088137	0.033128	68.4
54	-1.230826	1.600000	610.976212	0.034749	61.1
55	-1.205689	0.800000	633.397358	0.043729	65.7
56	-1.237458	1.800000	605.616772	0.029853	66.8
57	-1.212889	2.800000	580.170689	0.029856	33.0
58	-1.202283	3.800000	556.776710	0.026333	50.4
59	-1.195203	3.000000	575.335933	0.019604	67.7
60	-1.210649	4.000000	552.322496	0.025253	70.3
61	-1.238334	5.000000	531.079323	0.031610	66.7
62	-1.253699	4.200000	547.938984	0.029645	71.6
63	-1.205885	5.200000	527.025282	0.027154	69.9
64	-1.213661	6.200000	507.649353	0.028753	71.6
65	-1.212400	7.200000	489.647603	0.024750	67.1
66	-1.226095	6.400000	503.943883	0.036916	75.3
67	-1.245119	5.600000	519.100090	0.024786	74.9
68	-1.237848	6.600000	500.292116	0.025811	69.9
69	-1.233047	5.800000	515.226209	0.028922	74.3
70	-1.239202	6.800000	496.692892	0.026529	69.8
71	-1.212862	7.800000	479.446611	0.033049	75.5
72	-1.209970	8.800000	463.357799	0.023841	63.3
73	-1.233975	9.800000	448.313714	0.033394	76.7
74	-1.224095	10.800000	434.215799	0.025909	70.2
75	-1.193358	11.800000	420.977512	0.027786	74.7
76	-1.229625	11.000000	431.501950	0.026639	67.4
77	-1.221649	12.000000	418.426133	0.029470	72.3
78	-1.196354	11.200000	428.821814	0.026482	70.5
79	-1.224139	12.200000	415.905494	0.032651	73.2
80	-1.223441	11.400000	426.174765	0.026904	84.4
81	-1.185515	12.400000	413.415042	0.022481	73.1
82	-1.190847	13.400000	401.397163	0.026049	66.8
83	-1.176849	12.600000	410.954238	0.023860	83.3
84	-1.233517	13.600000	399.076948	0.041949	62.1
85	-1.220599	12.800000	408.522556	0.029529	63.5
86	-1.229545	13.800000	396.783402	0.029095	67.9
87	-1.205399	13.000000	406.119482	0.028297	78.7
88	-1.180991	14.000000	394.516069	0.030803	70.5
89	-1.225463	15.000000	383.557289	0.027916	73.8
90	-1.234013	14.200000	392.274500	0.031716	75.7
91	-1.204230	13.400000	401.397163	0.028813	90.7
92	-1.213184	12.600000	410.954238	0.033846	67.0
93	-1.206296	11.800000	420.977512	0.024658	75.0
94	-1.209153	11.000000	431.501950	0.031874	81.6
95	-1.212879	12.000000	418.426133	0.029202	72.7
96	-1.186536	11.200000	428.821814	0.027683	80.4
97	-1.218069	12.200000	415.905494	0.023823	83.2
98	-1.222996	11.400000	426.174765	0.026225	79.9
99	-1.209307	10.600000	436.964000	0.024020	83.8
100	-1.237663	9.800000	448.313714	0.033609	87.2
101	-1.202745	9.000000	460.268747	0.023694	82.8
102	-1.214815	10.000000	445.421368	0.032576	79.3
103	-1.196933	9.200000	457.220609	0.033327	68.8
104	-1.178367	8.400000	469.661986	0.024634	75.9
105	-1.187265	7.600000	482.799385	0.027612	79.6
106	-1.188381	6.800000	496.692892	0.031186	91.5
107	-1.218334	7.800000	479.446611	0.025340	83.4
108	-1.182489	7.000000	493.145086	0.027950	86.2
109	-1.236858	6.200000	507.649353	0.031202	74.4
110	-1.219591	5.400000	523.032667	0.033553	69.8
111	-1.186401	6.400000	503.943883	0.023579	72.1
112	-1.196194	7.400000	486.199380	0.028462	74.7
113	-1.241430	6.600000	500.292116	0.027261	76.3
114	-1.238101	7.600000	482.799385	0.028193	72.4
115	-1.234976	6.800000	496.692892	0.029084	71.9
116	-1.207985	6.000000	511.409719	0.027123	71.5
117	-1.215387	7.000000	493.145086	0.032425	71.8
118	-1.225756	8.000000	476.140083	0.025742	63.6
119	-1.182105	7.200000	489.647603	0.018072	60.8
120	-1.189877	6.400000	503.943883	0.027947	78.9
121	-1.225386	7.400000	486.199380	0.026452	67.3
122	-1.243011	8.400000	469.661986	0.026342	76.6
123	-1.213234	9.400000	454.212579	0.037728	72.1
124	-1.201278	10.400000	439.747210	0.030805	75.0
125	-1.221335	9.600000	451.243869	0.027240	73.9
126	-1.207863	8.800000	463.357799	0.032606	74.2
127	-1.202779	9.800000	448.313714	0.025003	79.0
128	-1.203254	10.800000	434.215799	0.028178	79.7
129	-1.222610	10.000000	445.421368	0.033990	79.2
130	-1.224922	9.200000	457.220609	0.022518	86.4
131	-1.247527	10.200000	442.566103	0.025487	86.1
132	-1.209381	9.400000	454.212579	0.027488	91.3
133	-1.177193	10.400000	439.747210	0.029806	80.5
134	-1.231503	11.400000	426.174765	0.031067	76.8
135	-1.225958	12.400000	413.415042	0.029113	66.0
136	-1.205390	11.600000	423.560196	0.024209	62.8
137	-1.212353	10.800000	434.215799	0.030036	64.8
138	-1.208172	10.000000	445.421368	0.025602	73.7
139	-1.214121	9.200000	457.220609	0.024057	71.1
140	-1.213452	10.200000	442.566103	0.026904	72.3
141	-1.199500	11.200000	428.821814	0.022767	67.2
142	-1.217674	12.200000	415.905494	0.026985	95.6
143	-1.218215	11.400000	426.174765	0.028652	72.9
144	-1.230074	12.400000	413.415042	0.026115	67.9
145	-1.203208	11.600000	423.560196	0.028633	74.4
146	-1.242644	12.600000	410.954238	0.030043	80.1
147	-1.208572	11.800000	420.977512	0.035318	74.0
148	-1.210753	12.800000	408.522556	0.029271	74.0
149	-1.239113	12.000000	418.426133	0.030305	67.6
150	-1.206790	12.992333	406.211082	0.027075	69.5
151	-1.201030	12.192333	416.001562	0.030531	69.3
152	-1.177206	11.392333	426.275637	0.022785	70.2
153	-1.204575	12.392333	413.509963	0.030777	76.9
154	-1.249703	11.592333	423.659834	0.034493	66.3
155	-1.215938	12.592333	411.048032	0.032102	73.2
156	-1.211520	11.792333	421.075938	0.026270	81.1
157	-1.251004	12.792333	408.615244	0.035089	70.3
158	-1.214897	13.792333	396.870839	0.030857	70.5
159	-1.241902	14.792333	385.782687	0.029674	75.3
160	-1.201203	13.992333	394.602509	0.028672	78.0
161	-1.239101	13.192333	403.835046	0.029960	67.8
162	-1.200362	14.192333	392.359960	0.026737	83.1
163	-1.227238	13.392333	401.486645	0.048155	57.0
164	-1.210603	14.392333	390.142757	0.025939	69.4
165	-1.234732	15.392333	379.422292	0.025388	67.7
166	-1.208028	14.592333	387.950472	0.034242	75.7
167	-1.211129	15.592333	377.348511	0.025595	70.9
168	-1.219798	16.592333	367.310600	0.025571	52.4
169	-1.206655	17.592333	357.792891	0.026416	30.8
170	-1.214409	16.792333	365.366763	0.024990	29.1
171	-1.233847	17.792333	355.948233	0.029280	31.3
172	-1.182476	18.792333	347.003087	0.032305	28.7
173	-1.221212	19.792333	338.496511	0.019911	36.3
174	-1.207213	20.792333	330.397023	0.031656	30.1
175	-1.204885	19.992333	336.844999	0.024072	31.6
176	-1.203786	19.192333	343.549661	0.024903	31.5
177	-1.189977	18.392333	350.526647	0.030995	38.0
178	-1.203791	19.392333	341.848598	0.031635	33.0
179	-1.198612	20.392333	333.589856	0.029741	30.3
180	-1.224927	21.392333	325.720747	0.030438	59.8
181	-1.232722	22.392333	318.214335	0.029848	47.5
182	-1.218719	21.592333	324.191267	0.032609	84.2
183	-1.198014	22.592333	316.754379	0.026631	69.2
184	-1.220074	23.592333	309.651042	0.029076	31.0
185	-1.209534	22.792333	315.307759	0.025341	42.7
186	-1.182495	21.992333	321.174996	0.022224	35.2
187	-1.244866	22.992333	313.874292	0.033955	32.1
188	-1.227999	22.192333	319.687811	0.028928	36.3
189	-1.219714	21.392333	325.720747	0.028197	36.5
190	-1.207297	22.392333	318.214335	0.028316	27.1
191	-1.220807	23.392333	311.046108	0.026648	46.3
192	-1.230745	22.592333	316.754379	0.030959	27.7
193	-1.186486	21.792333	322.676083	0.030744	29.7
194	-1.205207	20.992333	328.823416	0.026867	37.2
195	-1.206016	20.192333	335.209525	0.035388	34.8
196	-1.200420	19.392333	341.848598	0.029853	28.5
197	-1.200845	18.592333	348.755967	0.032277	36.4
198	-1.255396	17.792333	355.948233	0.041338	29.0
199	-1.223174	18.792333	347.003087	0.030635	32.0
200	-1.209236	19.792333	338.496511	0.028390	35.6
201	-1.199356	20.792333	330.397023	0.029539	32.4
202	-1.192261	21.792333	322.676083	0.033293	34.5
203	-1.205338	22.792333	315.307759	0.027560	29.3
204	-1.238710	21.992333	321.174996	0.031081	31.3
205	-1.238963	22.992333	313.874292	0.026322	28.9
206	-1.223896	23.992333	306.898119	0.031544	44.9
207	-1.197802	23.192333	312.453800	0.029152	28.5
208	-1.208702	24.192333	305.539933	0.032125	27.0
209	-1.203359	23.392333	311.046108	0.025246	37.6
210	-1.221938	24.392333	304.193715	0.024109	29.3
211	-1.218585	25.392333	297.636732	0.029210	32.3
212	-1.221412	26.392333	291.356460	0.030768	29.0
213	-1.214469	27.392333	285.335748	0.029022	33.0
214	-1.201536	26.592333	290.132079	0.027520	28.5
215	-1.197925	27.592333	284.161341	0.031456	29.7
216	-1.218897	26.792333	288.917943	0.027115	29.3
217	-1.210579	27.792333	282.996563	0.022086	36.0
218	-1.197572	28.792333	277.313026	0.033097	29.6
219	-1.224849	27.992333	281.841294	0.027012	28.8
220	-1.202363	28.992333	276.203604	0.028770	27.8
221	-1.216036	29.992333	270.787032	0.030425	32.2
222	-1.224053	30.992333	265.578821	0.025402	38.8
223	-1.203546	31.991927	260.569171	0.027543	31.1
224	-1.206788	31.191927	264.563186	0.026504	28.6
225	-1.203789	30.391927	268.681548	0.025648	28.2
226	-1.215124	31.391927	263.553248	0.029213	27.4
227	-1.193839	32.391927	258.617047	0.026452	34.1
228	-1.227532	33.391927	253.862352	0.032475	35.6
229	-1.226149	32.591927	257.651913	0.027787	30.6
230	-1.209543	33.591926	252.932316	0.032734	28.0
231	-1.229611	34.591926	248.382513	0.026407	26.9
232	-1.186784	33.791926	252.009070	0.028880	36.5
233	-1.204747	34.791926	247.492125	0.027559	29.8
234	-1.210887	35.791926	243.134249	0.031995	39.9
235	-1.185126	36.791926	238.927187	0.026776	29.6
236	-1.218443	37.791926	234.863241	0.022904	29.2
237	-1.203202	38.791926	230.935232	0.024970	29.5
238	-1.216895	39.791926	227.136451	0.033938	38.5
239	-1.159219	40.791926	223.460623	0.023307	34.8
240	-1.190305	41.791926	219.901876	0.029209	27.1
241	-1.221544	42.785029	216.478107	0.033035	28.4
242	-1.212005	43.785029	213.136623	0.032081	28.9
243	-1.224761	44.785029	209.896728	0.026256	31.9
244	-1.172412	45.785029	206.753857	0.023502	27.9
245	-1.208263	44.985029	209.260533	0.032411	36.5
246	-1.229233	44.185029	211.828736	0.029269	27.8
247	-1.215967	43.385029	214.460761	0.022827	28.7
248	-1.252242	44.385029	211.180793	0.039600	28.2
249	-1.182121	45.385029	207.999643	0.027882	31.8
250	-1.209562	44.585029	210.536803	0.032747	34.8
251	-1.200384	43.785033	213.136611	0.025321	31.7
252	-1.211794	42.985033	215.801442	0.028077	32.6
253	-1.210046	43.985033	212.480655	0.023249	29.7
254	-1.206866	43.185033	215.129007	0.025400	40.8
255	-1.232387	44.185033	211.828724	0.027124	30.2
256	-1.198129	43.385033	214.460749	0.026344	35.8
257	-1.239099	44.385033	211.180782	0.026278	29.7
258	-1.221575	45.385033	207.999631	0.027059	28.5
259	-1.192971	46.385033	204.912898	0.027463	27.6
260	-1.224581	47.385033	201.916440	0.022870	37.0
261	-1.195415	46.585033	204.306513	0.028456	34.1
262	-1.197264	47.585033	201.327634	0.028283	35.2
263	-1.215478	48.585033	198.434373	0.027479	28.8
264	-1.235180	49.585033	195.623092	0.023682	26.9
265	-1.239249	50.585033	192.890354	0.027424	38.1
266	-1.195563	49.785033	195.070367	0.029609	28.7
267	-1.212237	48.985033	197.300220	0.035104	37.6
268	-1.187486	49.985033	194.520758	0.027122	27.8
269	-1.198821	49.185033	196.737991	0.030386	39.0
270	-1.223243	50.185033	193.974236	0.028296	34.8
271	-1.213596	49.385033	196.178957	0.028464	27.0
272	-1.225940	50.385033	193.430777	0.028357	37.2
273	-1.236119	51.385033	190.758529	0.032744	28.8
274	-1.207331	50.585033	192.890354	0.024392	32.0
275	-1.206248	51.585033	190.232915	0.020870	29.6
276	-1.232183	50.785033	192.352943	0.031671	30.6
277	-1.197467	49.985033	194.520758	0.032711	37.3
278	-1.216329	49.185033	196.737991	0.024570	28.6
279	-1.208731	50.185033	193.974236	0.032565	29.0
280	-1.185010	51.185033	191.287055	0.023716	33.1
281	-1.211992	52.185033	188.673310	0.032343	31.8
282	-1.215087	53.185033	186.130030	0.035711	28.9
283	-1.206794	54.185033	183.654404	0.032963	33.1
284	-1.245862	55.185033	181.243767	0.031149	38.4
285	-1.207180	56.185033	178.895595	0.030139	32.5
286	-1.196179	55.385033	180.769214	0.025484	29.0
287	-1.213629	54.585033	182.682495	0.027414	40.6
288	-1.226480	53.785033	184.636709	0.027498	39.3
289	-1.208262	54.785033	182.200388	0.024846	31.6
290	-1.192378	53.985033	184.144246	0.020694	30.8
291	-1.214040	54.985033	181.720819	0.030788	26.8
292	-1.227311	55.985033	179.360349	0.031439	30.9
293	-1.215351	56.985033	177.060416	0.031203	33.2
294	-1.217773	56.185033	178.895595	0.029299	30.0
295	-1.207599	57.185033	176.607489	0.033635	28.7
296	-1.220845	56.385033	178.433243	0.027284	29.2
297	-1.226234	57.385033	176.156874	0.030465	28.6
298	-1.182543	58.385033	173.937855	0.027441	38.0
299	-1.211448	59.385033	171.774046	0.035197	33.8
300	-1.214460	58.585033	173.500743	0.029815	39.2
301	-1.204841	59.585033	171.347729	0.023358	29.1
302	-1.200514	60.585033	169.247494	0.030146	31.4
303	-1.236223	59.785033	170.923522	0.029524	35.0
304	-1.234864	58.985033	172.633077	0.032376	28.3
305	-1.232325	59.985033	170.501411	0.030024	32.8
306	-1.219873	60.985033	168.421746	0.027279	32.1
307	-1.227210	60.185033	170.081379	0.032812	26.9
308	-1.204962	61.185033	168.011887	0.028902	26.9
309	-1.226950	62.185033	165.992150	0.027497	32.6
310	-1.199464	61.385033	167.604017	0.028830	31.4
311	-1.224279	62.385033	165.594016	0.025112	27.9
312	-1.215693	61.585033	167.198122	0.036036	34.7
313	-1.214737	62.585033	165.197787	0.027230	28.1
314	-1.199646	61.785033	166.794189	0.028910	28.9
315	-1.213460	62.785033	164.803449	0.029026	28.1
316	-1.211509	61.985033	166.392203	0.027529	37.5
317	-1.244140	61.185033	168.011887	0.030259	29.2
318	-1.214033	60.385033	169.663413	0.035224	29.2
319	-1.217017	59.585033	171.347730	0.027044	28.0
320	-1.237857	60.585033	169.247495	0.032666	27.1
321	-1.189333	59.785033	170.923523	0.024435	34.6
322	-1.221177	58.985033	172.633078	0.028758	29.2
323	-1.213453	58.185033	174.377176	0.028556	28.6
324	-1.212629	59.185033	172.202491	0.029473	28.1
325	-1.221767	60.185033	170.081380	0.027620	33.7
326	-1.216143	61.185033	168.011887	0.028332	27.5
327	-1.224392	60.385033	169.663413	0.029051	29.6
328	-1.230770	61.385033	167.604017	0.025145	28.9
329	-1.203363	62.385033	165.594016	0.027482	34.4
330	-1.222272	61.585033	167.198122	0.028939	29.6
331	-1.204666	62.257639	165.847392	0.029959	28.2
332	-1.209287	63.257639	163.879056	0.023724	31.4
333	-1.220213	64.257639	161.956893	0.030886	35.1
334	-1.222016	65.257639	160.079298	0.032110	28.4
335	-1.202029	66.257639	158.244739	0.029347	27.5
336	-1.205878	67.257639	156.451753	0.028720	28.8
337	-1.200567	68.257639	154.698942	0.029054	33.0
338	-1.224095	67.457639	156.098020	0.026441	30.0
339	-1.226160	68.457639	154.353082	0.038416	28.0
340	-1.193858	69.457639	152.646725	0.026501	34.0
341	-1.198513	68.657639	154.008766	0.025993	29.0
342	-1.203428	67.857639	155.395332	0.029716	30.2
343	-1.190284	67.057639	156.807092	0.023698	28.7
344	-1.202525	66.257639	158.244739	0.027597	28.2
345	-1.213188	65.457639	159.708991	0.023874	27.6
346	-1.235735	66.457639	157.882862	0.030111	27.2
347	-1.226972	67.457639	156.098020	0.023211	27.2
348	-1.180360	66.657639	157.522636	0.021181	33.2
349	-1.240405	65.857639	158.973494	0.027180	41.0
350	-1.202525	66.857639	157.164050	0.031980	30.5
351	-1.187953	67.857639	155.395332	0.025719	28.1
352	-1.200214	68.857639	153.665982	0.031406	36.3
353	-1.242396	69.857639	151.974699	0.028650	29.9
354	-1.204933	70.857639	150.320240	0.027668	28.7
355	-1.183561	71.857639	148.701415	0.032827	27.6
356	-1.201240	71.057639	149.993661	0.024332	32.0
357	-1.223617	70.257639	151.308564	0.029630	27.5
358	-1.240471	71.257639	149.668499	0.031726	29.6
359	-1.229151	72.257639	148.063606	0.028519	37.2
360	-1.220807	71.457639	149.344743	0.028403	28.4
361	-1.189324	72.457639	147.746749	0.037229	30.8
362	-1.218574	71.657639	149.022385	0.028743	33.8
363	-1.208715	72.657639	147.431245	0.024518	35.2
364	-1.189941	71.857639	148.701415	0.038387	32.8
365	-1.211279	72.857639	147.117086	0.027373	44.4
366	-1.208099	72.057639	148.381825	0.029113	49.4
367	-1.228576	71.257639	149.668499	0.032790	38.1
368	-1.200414	72.257639	148.063606	0.026094	30.0
369	-1.206778	73.257639	146.492767	0.029496	34.9
370	-1.215723	72.457639	147.746749	0.028854	29.1
371	-1.213646	71.657639	149.022385	0.028281	28.6
372	-1.209173	72.657639	147.431245	0.031013	28.3
373	-1.191713	71.857639	148.701415	0.021181	26.8
374	-1.200583	72.857639	147.117086	0.032857	72.8
375	-1.240444	73.857639	145.566161	0.029693	80.5
376	-1.199954	73.057639	146.804263	0.023241	41.3
377	-1.230319	74.057639	145.259892	0.027149	40.9
378	-1.192198	73.257639	146.492767	0.030978	29.3
379	-1.256782	74.257639	144.954908	0.023849	28.9
380	-1.248344	73.457639	146.182590	0.031618	29.0
381	-1.219902	74.457639	144.651203	0.032629	27.2
382	-1.209845	75.273550	143.425296	0.028603	30.8
383	-1.209696	74.473550	144.627097	0.029905	31.8
384	-1.202501	73.673550	145.849209	0.026287	27.5
385	-1.229643	72.873550	147.092151	0.051271	28.5
386	-1.219138	72.073550	148.356460	0.034703	27.5
387	-1.233528	73.073550	146.779434	0.033371	35.7
388	-1.209021	74.073550	145.235582	0.025114	28.0
389	-1.236852	73.273550	146.468043	0.033255	30.0
390	-1.188415	74.273550	144.930701	0.024552	76.7
391	-1.230978	75.273550	143.425296	0.023973	83.1
392	-1.193686	76.273550	141.950843	0.026411	45.9
393	-1.195159	77.273550	140.506397	0.036259	29.4
394	-1.197854	78.273550	139.091051	0.026357	29.8
395	-1.219071	79.273550	137.703935	0.034955	27.7
396	-1.214631	80.273550	136.344212	0.031509	32.9
397	-1.221531	81.273550	135.011080	0.026990	43.4
398	-1.228978	82.273550	133.703765	0.027180	35.1
399	-1.216044	81.473550	134.747575	0.029130	31.8
400	-1.199854	80.673550	135.807812	0.029039	31.3
401	-1.196170	79.873550	136.884866	0.030993	29.1
402	-1.212488	80.873550	135.541192	0.031118	36.7
403	-1.199991	81.873550	134.223641	0.027925	32.9
404	-1.218098	82.873550	132.931458	0.025281	33.4
405	-1.201308	82.073550	133.963198	0.028506	68.6
406	-1.221406	81.273550	135.011080	0.026706	99.5
407	-1.198187	82.273550	133.703765	0.024713	107.0
408	-1.210551	83.273550	132.421524	0.029431	100.8
409	-1.213241	84.273550	131.163644	0.030930	44.5
410	-1.211305	83.473550	132.168022	0.027441	37.3
411	-1.230308	82.673550	133.187900	0.032826	35.5
412	-1.228238	83.673550	131.915488	0.024972	26.7
413	-1.213105	82.873550	132.931458	0.032913	29.0
414	-1.206613	82.073550	133.963198	0.026567	27.4
415	-1.242216	81.273550	135.011080	0.028552	30.3
416	-1.243067	80.473550	136.075484	0.028644	27.1
417	-1.231922	79.673550	137.156804	0.030568	28.1
418	-1.206485	78.873550	138.255448	0.026949	26.8
419	-1.208004	79.873550	136.884866	0.033232	28.4
420	-1.215586	79.073550	137.979140	0.019961	26.4
421	-1.219441	78.273550	139.091051	0.029925	27.7
422	-1.197062	77.473550	140.221028	0.029711	26.8
423	-1.202837	78.473550	138.811397	0.022699	28.4
424	-1.222280	77.673550	139.936816	0.022336	28.8
425	-1.201003	76.873550	141.080633	0.034663	26.7
426	-1.217799	77.873550	139.653754	0.027510	29.5
427	-1.222761	77.073550	140.792930	0.028095	42.4
428	-1.216152	76.273550	141.950843	0.020449	33.3
429	-1.240342	77.273550	140.506397	0.028856	29.6
430	-1.224216	76.473550	141.659583	0.026674	28.1
431	-1.229446	75.673550	142.831854	0.024085	25.7
432	-1.224724	74.873550	144.023690	0.026196	27.4
433	-1.241876	74.073550	145.235582	0.031784	26.8
434	-1.227942	75.073550	143.723870	0.029617	26.8
435	-1.200071	76.073550	142.243303	0.028259	28.5
436	-1.231832	75.273550	143.425296	0.026835	27.0
437	-1.220372	74.473550	144.627097	0.033569	28.8
438	-1.221880	75.473550	143.127960	0.026709	26.0
439	-1.242769	74.673550	144.324763	0.025892	28.7
440	-1.225417	75.673550	142.831854	0.027884	29.3
441	-1.207115	76.673550	141.369515	0.026161	25.9
442	-1.222755	75.873550	142.536971	0.030614	28.8
443	-1.214011	76.873550	141.080633	0.028088	29.5
444	-1.196428	77.873550	139.653754	0.021911	29.7
445	-1.185685	77.073550	140.792930	0.027040	27.6
446	-1.211675	78.073550	139.371834	0.027196	33.9
447	-1.223140	79.066671	137.988625	0.027466	29.4
448	-1.236219	78.266671	139.100689	0.029308	29.3
449	-1.212633	79.266671	137.713382	0.029944	27.9
450	-1.222035	80.266671	136.353474	0.027023	27.2
451	-1.209379	81.266671	135.020161	0.025222	29.0
452	-1.225945	80.466671	136.084708	0.032031	26.1
453	-1.253324	81.466671	134.756621	0.028488	30.2
454	-1.236751	82.466671	133.454205	0.030536	29.1
455	-1.230344	83.466671	132.176724	0.034160	27.1
456	-1.205633	82.666671	133.196737	0.022949	29.5
457	-1.204351	83.666564	131.924292	0.028452	28.4
458	-1.233206	84.666564	130.675796	0.032209	28.5
459	-1.196443	83.866564	131.672688	0.022276	26.7
460	-1.238629	83.066564	132.684907	0.028330	27.6
461	-1.218671	82.266564	133.712809	0.033975	26.2
462	-1.236803	83.266564	132.430396	0.031747	29.4
463	-1.223787	84.266564	131.172348	0.024446	50.5
464	-1.210137	83.466564	132.176860	0.018331	30.5
465	-1.224748	82.666564	133.196875	0.030925	47.8
466	-1.225881	81.866564	134.232756	0.028726	55.3
467	-1.215862	82.866564	132.940398	0.033091	63.0
468	-1.229238	82.066564	133.972278	0.030843	60.0
469	-1.220750	81.266564	135.020302	0.025900	60.6
470	-1.218530	80.466564	136.084852	0.025918	60.9
471	-1.211559	81.466564	134.756762	0.022347	55.0
472	-1.231082	82.466564	133.454344	0.031233	94.5
473	-1.217961	81.666564	134.494249	0.030270	75.7
474	-1.210339	82.666564	133.196875	0.028375	65.0
475	-1.203080	83.666564	131.924292	0.022095	31.6
476	-1.237288	84.666564	130.675796	0.033244	26.6
477	-1.217264	83.866564	131.672688	0.032914	32.1
478	-1.240796	84.866564	130.428927	0.030387	29.0
479	-1.217801	84.066564	131.422042	0.029675	31.5
480	-1.221661	85.066564	130.182990	0.036469	31.7
481	-1.205120	84.266564	131.172348	0.026648	29.1
482	-1.202639	83.466564	132.176860	0.029240	31.4
483	-1.208656	84.466564	130.923601	0.032959	31.4
484	-1.220967	85.466564	129.693886	0.025857	74.4
485	-1.245627	84.666564	130.675796	0.039602	80.8
486	-1.203844	83.866564	131.672688	0.029437	62.4
487	-1.230807	83.066564	132.684907	0.032633	31.1
488	-1.207972	82.266564	133.712809	0.032174	30.2
489	-1.219912	81.466564	134.756762	0.032367	27.9
490	-1.211097	80.666564	135.817144	0.028727	29.7
491	-1.220469	81.666564	134.494249	0.033157	27.7
492	-1.192485	82.666564	133.196875	0.031688	28.2
493	-1.207240	83.666564	131.924292	0.034336	26.7
494	-1.211997	82.866564	132.940398	0.032906	27.6
495	-1.186359	82.066564	133.972278	0.024083	26.1
496	-1.208402	83.066564	132.684907	0.028021	29.0
497	-1.215315	84.066564	131.422042	0.026258	36.0
498	-1.215372	83.266564	132.430396	0.034992	27.3
499	-1.226088	84.266564	131.172348	0.030758	27.8
