1:ItNr	2:Metric	3a:Time	3b:StepSize	4:||Gradient||	Time[ms]
0	-1.966303	0.000000	50.142999	0.016819	3503.3
1	-1.962768	0.000000	50.142999	0.039935	22.3
2	-1.889166	1.000000	47.863772	0.035479	24.0
3	-1.977416	2.000000	45.782738	0.033939	25.1
4	-1.953488	3.000000	43.875124	0.047931	21.2
5	-1.914671	4.000000	42.120119	0.033111	24.8
6	-1.942822	5.000000	40.500115	0.038850	21.3
7	-1.933221	4.200000	41.785833	0.055954	24.2
8	-1.927911	5.200000	40.190954	0.033955	21.4
9	-1.935319	6.200000	38.713345	0.037720	24.2
10	-1.897330	5.400000	39.886477	0.052827	22.6
11	-1.947641	6.400000	38.430766	0.033793	27.2
12	-1.956380	7.400000	37.077570	0.032122	23.1
13	-1.922775	8.400000	35.816428	0.036325	24.0
14	-1.976903	9.400000	34.638256	0.050154	23.3
15	-1.964091	10.400000	33.535127	0.040141	30.2
16	-1.942202	11.400000	32.500092	0.040883	22.7
17	-1.942185	12.400000	31.527035	0.030757	24.5
18	-1.997483	13.400000	30.610552	0.031053	22.7
19	-1.942024	14.400000	29.745847	0.048665	29.4
20	-1.924244	15.400000	28.928653	0.048020	26.6
21	-1.942121	16.400000	28.155160	0.049821	22.4
22	-1.909137	17.400000	27.421953	0.037661	23.0
23	-1.975062	18.400000	26.725964	0.033152	24.0
24	-1.969077	19.400000	26.064430	0.050896	22.3
25	-1.968062	20.400000	25.434855	0.055480	23.8
26	-1.955180	21.400000	24.834976	0.050794	22.3
27	-1.976900	22.400000	24.262742	0.061382	24.0
28	-1.954973	23.400000	23.716283	0.038948	20.3
29	-1.997125	24.400000	23.193898	0.017610	24.2
30	-1.946829	23.600000	23.609932	0.037024	21.4
31	-2.019058	24.600000	23.092171	0.050705	26.9
32	-1.933901	25.600000	22.596631	0.053138	25.6
33	-1.985116	26.600000	22.121911	0.046916	33.3
34	-1.950032	27.600000	21.666728	0.049614	32.7
35	-1.954075	28.600000	21.229899	0.045997	53.7
36	-1.976361	29.600000	20.810336	0.041607	44.1
37	-1.965936	30.600000	20.407035	0.042997	51.4
38	-1.946675	31.600000	20.019068	0.049571	39.5
39	-1.990081	32.600000	19.645578	0.046130	30.2
40	-1.999448	33.600000	19.285769	0.042622	34.7
41	-1.929648	34.600000	18.938903	0.046021	35.8
42	-2.008412	35.600000	18.604293	0.057891	35.4
43	-1.923794	36.600000	18.281302	0.033084	43.9
44	-1.976134	37.600000	17.969334	0.035982	24.3
45	-1.952535	36.800000	18.218045	0.054469	27.9
46	-1.968727	37.800000	17.908214	0.051890	26.4
47	-1.945340	38.800000	17.608746	0.049621	28.7
48	-1.981523	39.800000	17.319128	0.052171	27.8
49	-1.963853	40.800000	17.038883	0.064200	29.6
50	-1.968933	41.800000	16.767563	0.042144	24.3
51	-2.024101	42.800000	16.504749	0.014681	31.1
52	-1.939283	43.800000	16.250046	0.027493	31.7
53	-1.954172	44.800000	16.003085	0.038634	34.5
54	-1.935447	45.800000	15.763518	0.035753	28.3
55	-2.030530	46.800000	15.531017	0.039240	28.7
56	-1.958581	47.800000	15.305276	0.049484	29.0
57	-1.959970	48.800000	15.086003	0.047821	33.3
58	-1.991717	49.800000	14.872923	0.040803	30.1
59	-1.986295	50.800000	14.665780	0.045044	32.0
60	-1.963030	51.800000	14.464327	0.047691	21.2
61	-1.951252	52.800000	14.268333	0.049692	23.9
62	-1.973775	53.800000	14.077580	0.048278	21.2
63	-1.942827	54.800000	13.891860	0.045695	24.2
64	-1.972310	55.800000	13.710976	0.053185	21.3
65	-1.965949	56.800000	13.534743	0.054357	23.9
66	-1.960292	57.800000	13.362982	0.047455	23.0
67	-1.973509	58.800000	13.195526	0.049320	23.8
68	-1.956931	59.800000	13.032215	0.048227	21.0
69	-1.959859	60.800000	12.872897	0.043983	24.7
70	-1.967797	61.800000	12.717427	0.045955	20.4
71	-1.970557	62.800000	12.565668	0.040822	23.6
72	-1.975744	63.800000	12.417488	0.041117	21.3
73	-2.032573	64.800000	12.272762	0.051274	23.8
74	-1.943818	65.800000	12.131371	0.047257	21.6
75	-1.993726	66.800000	11.993200	0.038580	23.9
76	-2.002062	67.800000	11.858142	0.039184	21.2
77	-1.948756	68.800000	11.726091	0.037623	23.8
78	-1.984279	69.800000	11.596949	0.041915	21.4
79	-1.973149	70.800000	11.470621	0.045118	24.4
80	-1.988421	71.800000	11.347015	0.038017	21.2
81	-1.944477	72.800000	11.226045	0.032060	23.7
82	-1.985874	73.800000	11.107626	0.028800	21.4
83	-1.951039	74.800000	10.991680	0.022559	23.1
84	-1.961342	75.800000	10.878130	0.019264	23.3
85	-1.959619	76.800000	10.766902	0.010341	24.5
86	-1.981845	77.800000	10.657925	0.013021	20.1
87	-2.017528	77.000000	10.744928	0.020370	24.0
88	-2.001617	78.000000	10.636394	0.026816	22.7
89	-1.959474	79.000000	10.530030	0.027305	23.4
90	-1.983005	80.000000	10.425772	0.023783	21.2
91	-1.995606	81.000000	10.323559	0.023565	22.8
92	-1.980361	82.000000	10.223330	0.023795	21.6
93	-1.966811	83.000000	10.125029	0.019104	24.6
94	-1.940690	84.000000	10.028600	0.011973	20.4
95	-2.001149	85.000000	9.933990	0.009819	22.4
96	-1.962623	86.000000	9.841149	0.006317	20.9
97	-2.022626	87.000000	9.750028	0.005631	24.5
98	-1.980590	86.200000	9.822789	0.008800	21.8
99	-1.970047	87.200000	9.732005	0.008831	25.8
100	-1.993324	88.200000	9.642884	0.008796	26.6
101	-2.004365	89.200000	9.555381	0.010105	23.8
102	-2.003344	90.200000	9.469451	0.010684	20.2
103	-1.968401	91.200000	9.385053	0.011788	24.5
104	-1.975088	92.200000	9.302146	0.012581	20.2
105	-1.959346	93.200000	9.220692	0.009908	23.7
106	-1.946649	94.200000	9.140651	0.009420	21.4
107	-1.971813	95.200000	9.061988	0.008428	23.8
108	-1.976873	96.200000	8.984667	0.007866	21.3
109	-2.020163	95.400000	9.046417	0.009584	23.6
110	-2.000179	96.400000	8.969361	0.012528	22.0
111	-1.923777	97.400000	8.893606	0.008138	23.7
112	-1.946089	98.400000	8.819120	0.013491	21.3
113	-1.948496	97.600000	8.878609	0.015500	23.9
114	-2.013978	98.600000	8.804373	0.021478	20.9
115	-2.011999	99.600000	8.731368	0.020877	24.2
116	-1.986144	100.600000	8.659564	0.016366	21.2
117	-1.981677	101.600000	8.588931	0.014952	23.9
118	-1.972369	102.600000	8.519442	0.013439	20.0
119	-1.957225	103.600000	8.451067	0.019008	22.3
120	-2.011218	104.600000	8.383782	0.019126	21.0
121	-1.933269	105.600000	8.317559	0.006127	23.5
122	-1.954847	106.600000	8.252374	0.011936	21.5
123	-1.962343	107.600000	8.188204	0.013354	24.4
124	-1.985681	108.600000	8.125023	0.006925	20.0
125	-1.976175	109.600000	8.062810	0.010292	23.4
126	-1.997697	108.800000	8.112504	0.020415	21.2
127	-1.949305	109.800000	8.050482	0.019952	23.7
128	-1.966733	110.800000	7.989400	0.011453	22.1
129	-2.003889	111.800000	7.929239	0.008017	25.3
130	-2.004233	112.800000	7.869977	0.010301	20.4
131	-1.962715	112.000000	7.917316	0.014786	24.7
132	-1.931300	113.000000	7.858231	0.013474	20.7
133	-1.963877	114.000000	7.800022	0.009377	24.8
134	-1.980723	115.000000	7.742669	0.007873	21.2
135	-2.001143	116.000000	7.686153	0.006999	23.9
136	-1.979818	117.000000	7.630456	0.006011	21.2
137	-1.985115	118.000000	7.575561	0.013999	23.6
138	-1.993611	119.000000	7.521450	0.022307	20.9
139	-1.955286	120.000000	7.468106	0.020245	23.1
140	-1.985327	121.000000	7.415514	0.014505	21.2
141	-1.964523	122.000000	7.363657	0.009046	23.9
142	-1.979060	123.000000	7.312521	0.007359	21.1
143	-1.960009	124.000000	7.262090	0.014400	22.9
144	-1.989438	125.000000	7.212349	0.013110	21.9
145	-1.953698	126.000000	7.163286	0.011275	24.2
146	-1.955965	127.000000	7.114885	0.011177	24.1
147	-2.005905	128.000000	7.067134	0.006352	24.0
148	-1.998176	129.000000	7.020020	0.014302	21.3
149	-1.970657	130.000000	6.973530	0.014306	23.8
150	-1.995770	131.000000	6.927651	0.011608	20.9
151	-2.012510	130.200000	6.964305	0.017040	23.7
152	-1.977936	131.200000	6.918548	0.017350	21.3
153	-1.961139	132.200000	6.873388	0.008498	23.3
154	-1.947040	133.200000	6.828813	0.006852	21.2
155	-1.969470	134.200000	6.784813	0.007392	24.0
156	-1.966266	135.200000	6.741376	0.007728	21.0
157	-1.977813	134.400000	6.776081	0.012624	23.2
158	-1.966202	135.400000	6.732756	0.009007	21.5
159	-1.972714	136.400000	6.689981	0.009259	23.5
160	-1.997978	137.400000	6.647746	0.012095	21.6
161	-1.960688	136.600000	6.681491	0.011627	27.5
162	-2.002503	137.600000	6.639363	0.005800	20.9
163	-2.002284	138.600000	6.597763	0.009809	24.8
164	-1.974050	137.800000	6.631001	0.006710	21.4
165	-1.963507	137.000000	6.664576	0.013321	23.9
166	-1.991635	138.000000	6.622660	0.007670	21.5
167	-1.960544	139.000000	6.581269	0.008862	24.2
168	-1.974136	140.000000	6.540391	0.013376	21.7
169	-1.986550	141.000000	6.500018	0.007007	24.5
170	-1.969398	142.000000	6.460141	0.007261	20.5
171	-1.936561	141.200000	6.492004	0.007251	23.5
172	-1.970159	140.400000	6.524182	0.008376	21.2
173	-1.978390	139.600000	6.556681	0.010080	24.0
174	-1.967900	140.600000	6.516108	0.007756	21.2
175	-1.911806	141.600000	6.476033	0.008404	23.7
176	-2.029257	142.600000	6.436449	0.009762	33.1
177	-1.957555	143.600000	6.397345	0.008147	40.4
178	-1.941493	142.800000	6.428590	0.014377	38.7
179	-1.993140	143.800000	6.389581	0.013450	38.3
180	-1.975976	144.800000	6.351043	0.006345	39.0
181	-1.984029	145.800000	6.312968	0.006759	25.3
182	-1.982243	146.800000	6.275346	0.012821	20.4
183	-2.000869	147.800000	6.238169	0.010907	24.2
184	-1.918771	148.800000	6.201431	0.008558	21.1
185	-2.007914	149.800000	6.165123	0.007755	24.6
186	-2.006119	150.800000	6.129237	0.006541	21.5
187	-1.984113	151.800000	6.093767	0.009459	24.7
188	-1.988455	152.800000	6.058705	0.009568	21.2
189	-1.976217	153.800000	6.024045	0.008058	24.3
190	-1.959860	154.800000	5.989778	0.010479	21.1
191	-1.976777	155.800000	5.955899	0.007150	25.3
192	-1.975801	156.800000	5.922401	0.010990	20.2
193	-1.970735	157.800000	5.889278	0.010117	24.3
194	-2.013333	158.800000	5.856524	0.009013	38.7
195	-1.967847	159.800000	5.824132	0.004820	25.6
196	-2.034292	159.000000	5.850017	0.012807	38.3
197	-1.997505	160.000000	5.817696	0.011440	47.7
198	-1.992001	161.000000	5.785731	0.012572	49.6
199	-1.996207	162.000000	5.754115	0.009651	41.7
200	-2.013813	163.000000	5.722842	0.010839	24.0
201	-1.980236	162.200000	5.747833	0.009352	24.8
202	-2.025877	163.200000	5.716629	0.010148	24.1
203	-1.986195	162.400000	5.741565	0.008794	25.4
204	-1.996757	163.400000	5.710428	0.005838	22.4
205	-1.968602	162.600000	5.735310	0.010506	26.8
206	-1.968323	163.600000	5.704242	0.014910	21.3
207	-1.995914	164.600000	5.673507	0.013451	25.5
208	-1.975838	165.600000	5.643103	0.010839	23.2
209	-1.978647	166.600000	5.613022	0.010190	28.8
210	-2.018712	167.600000	5.583261	0.009954	23.3
211	-2.030991	168.600000	5.553813	0.007021	25.6
212	-1.986857	169.600000	5.524675	0.009246	21.3
213	-1.972839	170.600000	5.495840	0.011140	24.8
214	-1.994545	171.600000	5.467305	0.011052	20.5
215	-1.992764	170.800000	5.490109	0.012284	23.3
216	-2.023847	171.800000	5.461634	0.011045	23.4
217	-1.977915	172.800000	5.433452	0.007271	26.0
218	-1.940836	173.800000	5.405559	0.007143	23.7
219	-1.988424	173.000000	5.427850	0.009999	25.8
220	-1.983138	172.200000	5.450326	0.008300	48.4
221	-1.963290	171.400000	5.472988	0.009721	24.7
222	-1.995793	172.400000	5.444690	0.011361	25.3
223	-1.974064	171.600000	5.467305	0.008633	22.3
224	-1.955888	172.600000	5.439065	0.006280	25.9
225	-1.949788	171.800000	5.461634	0.013405	21.8
226	-1.971189	172.800000	5.433452	0.008439	23.8
227	-1.958225	173.800000	5.405559	0.007369	21.9
228	-1.988912	174.800000	5.377952	0.007952	25.6
229	-1.984390	175.800000	5.350625	0.009762	21.3
230	-1.993481	175.000000	5.372464	0.011244	24.7
231	-1.968265	176.000000	5.345193	0.008810	23.0
232	-1.947906	177.000000	5.318197	0.007050	26.4
233	-1.949676	176.200000	5.339772	0.006638	23.2
234	-1.980954	175.400000	5.361522	0.011880	24.8
235	-1.940838	176.400000	5.334362	0.007788	23.8
236	-1.989869	177.400000	5.307475	0.010730	25.5
237	-1.984322	178.400000	5.280857	0.010260	23.3
238	-1.978645	179.400000	5.254506	0.005693	25.5
239	-1.962921	178.600000	5.275566	0.012498	22.0
240	-1.997560	179.600000	5.249267	0.009852	24.4
241	-1.956143	180.600000	5.223229	0.008159	27.5
242	-1.986221	181.600000	5.197448	0.009485	24.4
243	-2.004955	180.800000	5.218052	0.006800	22.0
244	-1.988144	181.800000	5.192322	0.008956	29.5
245	-2.003840	182.800000	5.166845	0.006737	41.3
246	-1.967155	183.800000	5.141616	0.007649	33.7
247	-2.010323	184.800000	5.116633	0.008493	34.6
248	-1.985983	184.000000	5.136600	0.007142	36.2
249	-2.006142	183.200000	5.156724	0.006609	32.1
250	-2.004290	182.400000	5.177006	0.010001	25.9
251	-2.015359	183.400000	5.151678	0.007531	25.9
252	-1.968859	184.400000	5.126597	0.005979	29.0
253	-1.966727	185.400000	5.101759	0.007013	20.0
254	-1.973097	184.600000	5.121610	0.007930	25.1
255	-1.963353	185.600000	5.096820	0.008107	22.7
256	-1.988426	186.600000	5.072269	0.007545	24.1
257	-1.985083	187.600000	5.047953	0.006113	21.2
258	-1.979241	188.600000	5.023869	0.006468	24.2
259	-1.996116	189.600000	5.000014	0.010164	21.3
260	-1.937933	188.800000	5.019080	0.009340	24.9
261	-1.995453	188.000000	5.038292	0.005690	21.3
262	-2.018388	189.000000	5.014300	0.009014	24.3
263	-1.966289	190.000000	4.990535	0.005928	20.3
264	-1.950276	191.000000	4.966995	0.007818	23.2
265	-1.990895	190.200000	4.985810	0.008852	21.4
266	-1.962364	191.200000	4.962314	0.007962	23.9
267	-1.993154	192.200000	4.939038	0.008538	20.8
268	-2.002313	193.200000	4.915980	0.010025	23.1
269	-1.986790	192.400000	4.934409	0.010712	21.2
270	-1.976884	193.400000	4.911395	0.009171	23.7
271	-2.015559	194.400000	4.888593	0.012744	21.4
272	-1.945182	195.400000	4.866003	0.007766	24.9
273	-1.988283	194.600000	4.884058	0.007615	21.9
274	-1.995027	195.600000	4.861510	0.010480	23.9
275	-2.004352	196.600000	4.839168	0.009849	21.1
276	-2.001188	197.600000	4.817031	0.008255	23.4
277	-1.971084	196.800000	4.834724	0.009976	21.5
278	-1.957748	197.800000	4.812628	0.007149	23.5
279	-2.012800	198.800000	4.790732	0.008221	21.2
280	-2.017450	199.800000	4.769035	0.008560	23.5
281	-1.950052	200.800000	4.747534	0.008264	21.2
282	-1.949535	201.800000	4.726225	0.006944	22.3
283	-1.979139	201.000000	4.743257	0.007689	22.0
284	-1.963364	200.200000	4.760411	0.009096	25.0
285	-1.951398	201.200000	4.738987	0.007925	20.2
286	-2.000330	200.400000	4.756111	0.009851	23.4
287	-1.984123	201.400000	4.734726	0.004948	21.2
288	-1.998044	202.400000	4.713532	0.008618	23.6
289	-1.990415	203.400000	4.692527	0.010986	21.3
290	-1.957633	204.400000	4.671708	0.012817	24.9
291	-2.014468	205.400000	4.651073	0.016960	20.1
292	-1.951024	206.400000	4.630620	0.011557	23.6
293	-1.981964	207.400000	4.610346	0.007060	21.2
294	-1.954562	208.400000	4.590248	0.008918	24.7
295	-2.028783	209.400000	4.570325	0.009463	21.0
296	-2.018965	210.400000	4.550575	0.011131	23.4
297	-1.963218	211.400000	4.530994	0.007213	21.0
298	-1.981967	212.400000	4.511581	0.007437	24.5
299	-2.001455	211.600000	4.527098	0.014809	20.3
300	-2.016083	212.600000	4.507718	0.010758	22.4
301	-1.975344	213.600000	4.488504	0.006388	21.3
302	-1.972542	212.800000	4.503862	0.009007	24.2
303	-1.969556	213.800000	4.484681	0.007311	20.8
304	-1.982782	214.800000	4.465662	0.008658	23.1
305	-1.993197	215.800000	4.446803	0.009789	20.7
306	-1.966456	216.800000	4.428103	0.007587	23.9
307	-1.974686	217.800000	4.409560	0.010133	22.2
308	-1.972987	218.800000	4.391172	0.010683	23.9
309	-1.996304	219.800000	4.372936	0.008391	21.1
310	-1.985295	219.000000	4.387512	0.007762	23.9
311	-1.987273	220.000000	4.369307	0.007154	20.8
312	-1.988997	219.200000	4.383859	0.010281	24.1
313	-2.040881	220.200000	4.365684	0.009979	20.3
314	-1.951015	221.200000	4.347659	0.006657	24.0
315	-1.993161	222.200000	4.329782	0.009947	21.1
316	-1.952629	221.400000	4.344072	0.010317	24.1
317	-1.989812	222.400000	4.326224	0.006859	20.8
318	-1.984996	223.400000	4.308523	0.009809	23.9
319	-2.002159	224.400000	4.290966	0.010698	20.4
320	-1.969366	223.600000	4.305000	0.007732	23.8
321	-1.950036	224.600000	4.287471	0.009121	21.0
322	-1.997627	225.600000	4.270085	0.008886	23.8
323	-1.985991	226.600000	4.252839	0.008193	21.3
324	-1.933824	225.800000	4.266625	0.006308	23.5
325	-2.018915	225.000000	4.280500	0.011573	21.0
326	-1.922321	226.000000	4.263170	0.005539	22.9
327	-1.972138	225.200000	4.277023	0.009799	20.8
328	-1.974904	226.200000	4.259721	0.011275	24.3
329	-1.957714	225.400000	4.273551	0.010848	21.0
330	-2.000172	226.400000	4.256277	0.008088	23.5
331	-1.999277	227.400000	4.239142	0.007615	21.8
332	-1.993005	228.400000	4.222145	0.010802	25.7
333	-2.019746	229.400000	4.205283	0.007712	21.1
334	-1.985986	230.400000	4.188556	0.006651	24.9
335	-1.962436	231.400000	4.171961	0.009628	20.9
336	-1.997378	232.400000	4.155497	0.006455	23.4
337	-2.018838	231.600000	4.168658	0.010903	20.9
338	-1.956220	232.600000	4.152220	0.008107	23.0
339	-1.980489	233.600000	4.135911	0.016776	21.5
340	-2.004449	234.600000	4.119730	0.009094	24.6
341	-1.969201	235.600000	4.103675	0.008649	20.0
342	-2.012451	236.600000	4.087744	0.010825	23.2
343	-1.972813	237.600000	4.071937	0.007019	21.0
344	-1.937106	236.800000	4.084573	0.012344	23.2
345	-1.969313	237.800000	4.068791	0.010737	20.7
346	-1.953309	238.800000	4.053129	0.011545	23.1
347	-1.986363	238.000000	4.065649	0.012592	20.9
348	-1.996217	239.000000	4.050011	0.006290	23.8
349	-2.009734	240.000000	4.034494	0.006381	20.8
350	-2.015233	241.000000	4.019095	0.005700	23.9
351	-1.987897	240.200000	4.031405	0.005660	22.1
352	-2.002060	239.400000	4.043790	0.006490	24.5
353	-1.944778	238.600000	4.056252	0.009041	20.2
354	-2.044704	239.600000	4.040687	0.006355	22.8
355	-1.946004	240.600000	4.025241	0.008279	20.9
356	-2.003173	241.600000	4.009912	0.005564	23.0
357	-1.998484	242.600000	3.994700	0.005076	21.0
358	-2.013842	243.600000	3.979603	0.007492	24.5
359	-1.974253	242.800000	3.991672	0.008234	20.5
360	-1.950070	243.800000	3.976597	0.011202	23.5
361	-1.993154	244.800000	3.961637	0.010565	22.6
362	-2.004158	245.800000	3.946788	0.012025	25.0
363	-1.971691	246.800000	3.932050	0.008389	21.4
364	-2.021972	247.800000	3.917422	0.011208	23.9
365	-1.974660	248.800000	3.902902	0.009523	23.9
366	-1.935811	249.800000	3.888490	0.010142	23.0
367	-1.999885	249.000000	3.900011	0.014268	20.8
368	-1.995272	250.000000	3.885620	0.011975	24.9
369	-1.974894	251.000000	3.871334	0.007216	20.1
370	-1.988684	252.000000	3.857154	0.006496	23.4
371	-1.985553	253.000000	3.843077	0.008612	21.3
372	-2.025573	254.000000	3.829102	0.015312	23.7
373	-2.005210	255.000000	3.815228	0.007404	21.1
374	-2.007937	256.000000	3.801455	0.011972	24.1
375	-1.989645	255.200000	3.812466	0.011758	20.2
376	-1.992804	256.200000	3.798712	0.009803	22.4
377	-1.945114	257.200000	3.785057	0.006209	21.3
378	-1.983152	256.400000	3.795973	0.006444	23.5
379	-1.996651	255.600000	3.806952	0.011131	21.2
380	-1.949845	256.600000	3.793238	0.006528	24.7
381	-2.003872	257.600000	3.779623	0.008492	20.5
382	-1.989111	256.800000	3.790507	0.008651	23.4
383	-1.992454	257.800000	3.776912	0.007287	22.0
384	-1.970568	258.800000	3.763413	0.006140	23.6
385	-1.983722	258.000000	3.774204	0.009738	21.1
386	-1.960429	259.000000	3.760725	0.008344	24.0
387	-1.982252	260.000000	3.747342	0.007333	20.6
388	-2.018970	259.200000	3.758041	0.008759	23.9
389	-1.987642	260.200000	3.744676	0.009317	20.0
390	-1.958745	259.400000	3.755360	0.010537	23.0
391	-1.983816	260.400000	3.742015	0.006777	20.7
392	-1.968371	259.600000	3.752683	0.011033	23.1
393	-1.981795	260.600000	3.739357	0.006605	20.7
394	-1.987448	261.600000	3.726125	0.007679	23.1
395	-1.994688	262.600000	3.712987	0.005931	21.8
396	-1.942323	261.800000	3.723490	0.010494	23.8
397	-1.978603	261.000000	3.734053	0.007899	20.8
398	-2.011658	262.000000	3.720859	0.006894	23.6
399	-1.979475	261.200000	3.731407	0.006602	21.0
400	-2.013564	262.200000	3.718231	0.006007	24.6
401	-1.964411	261.400000	3.728764	0.008214	20.1
402	-1.969960	262.400000	3.715607	0.007977	23.4
403	-1.959578	263.400000	3.702542	0.004540	20.9
404	-2.004993	262.600000	3.712987	0.007346	24.5
405	-1.979240	261.800000	3.723490	0.007736	21.2
406	-1.941456	262.800000	3.710370	0.008115	25.2
407	-1.989622	263.800000	3.697342	0.012554	20.8
408	-2.016783	263.000000	3.707757	0.008545	24.1
409	-2.003171	264.000000	3.694747	0.005792	20.5
410	-2.029518	263.200000	3.705148	0.008869	22.2
411	-2.031793	262.823541	3.710062	0.007133	21.0
412	-1.932555	262.023541	3.720549	0.006992	23.9
413	-2.015683	263.023541	3.707450	0.006923	20.7
414	-1.997604	264.023541	3.694442	0.011302	24.5
415	-2.008528	265.023541	3.681526	0.007552	19.9
416	-2.003505	266.023541	3.668699	0.008110	23.7
417	-1.957975	267.023541	3.655962	0.007853	21.3
418	-1.988504	266.223541	3.666144	0.008631	23.9
419	-1.978814	267.223541	3.653425	0.007537	21.2
420	-1.981228	268.223541	3.640793	0.007584	24.4
421	-1.994903	267.423541	3.650891	0.004608	20.0
422	-1.995661	266.623541	3.661046	0.009954	22.4
423	-1.964797	267.623541	3.648361	0.009724	21.5
424	-1.975061	268.623541	3.635764	0.005371	22.8
425	-1.967642	267.823541	3.645835	0.009293	22.3
426	-1.957230	268.823541	3.633256	0.015600	24.0
427	-1.968751	269.823541	3.620763	0.010843	21.1
428	-1.983823	270.823541	3.608355	0.009702	23.9
429	-1.994833	270.023541	3.618274	0.006651	21.1
430	-1.989132	271.023541	3.605884	0.005506	23.8
431	-1.988988	270.223541	3.615789	0.008271	20.8
432	-1.977722	271.223541	3.603416	0.008170	23.7
433	-1.927439	270.423541	3.613308	0.008060	21.0
434	-2.014900	271.423541	3.600951	0.009396	24.6
435	-1.960670	272.423541	3.588679	0.008070	20.3
436	-1.968994	273.423541	3.576490	0.010235	23.5
437	-1.972765	272.623541	3.586235	0.005596	21.0
438	-1.987250	273.623541	3.574063	0.009039	24.0
439	-2.011522	274.623541	3.561973	0.008605	22.1
440	-1.971552	275.623541	3.549964	0.008630	25.0
441	-2.024665	276.623541	3.538037	0.006677	21.2
442	-1.952226	277.623541	3.526189	0.004452	23.4
443	-1.974594	276.823541	3.535661	0.006626	20.1
444	-1.995631	277.823541	3.523829	0.013508	23.9
445	-2.005687	278.823541	3.512076	0.010959	22.1
446	-2.014463	279.823541	3.500401	0.008077	23.6
447	-1.983849	280.823541	3.488803	0.010364	21.0
448	-1.988662	281.823541	3.477282	0.008695	23.3
449	-1.974474	282.823541	3.465837	0.006010	20.6
450	-1.969881	282.023541	3.474987	0.011659	23.1
451	-2.029893	283.023541	3.463557	0.008525	21.4
452	-1.997000	284.023541	3.452202	0.011481	23.6
453	-2.015286	283.223541	3.461280	0.010708	20.9
454	-1.966203	284.223541	3.449940	0.007003	23.6
455	-1.977900	283.423541	3.459006	0.011626	21.2
456	-1.963685	284.423541	3.447681	0.008965	24.2
457	-2.062393	283.623541	3.456735	0.007808	21.1
458	-1.966404	282.823541	3.465837	0.010466	23.9
459	-1.992056	282.023541	3.474987	0.007785	21.1
460	-1.934462	283.023541	3.463557	0.007819	23.3
461	-1.972293	282.223541	3.472695	0.008763	20.9
462	-1.925582	281.423541	3.481882	0.007716	24.3
463	-1.979632	282.423541	3.470406	0.008085	20.0
464	-1.991272	283.423541	3.459006	0.008564	24.1
465	-1.979367	282.623541	3.468120	0.008938	20.8
466	-2.020259	283.623541	3.456735	0.010786	23.0
467	-1.992553	282.823541	3.465837	0.008137	21.1
468	-2.011802	283.823541	3.454467	0.008718	23.7
469	-1.989940	283.023541	3.463557	0.007936	21.4
470	-1.985852	284.023541	3.452202	0.007486	23.7
471	-2.003986	283.223541	3.461280	0.005727	20.7
472	-1.991924	284.223541	3.449940	0.010501	23.2
473	-1.957158	283.423541	3.459006	0.005853	21.1
474	-1.980042	284.423541	3.447681	0.007344	22.8
475	-1.973984	285.423541	3.436430	0.011068	21.2
476	-1.998151	286.423541	3.425252	0.010753	23.6
477	-1.994430	287.423541	3.414146	0.007675	21.1
478	-1.990086	286.623541	3.423025	0.006079	24.0
479	-1.933378	285.823541	3.431950	0.006399	20.9
480	-1.961523	285.023541	3.440922	0.009288	24.0
481	-1.961218	286.023541	3.429714	0.007356	20.8
482	-2.029971	285.223541	3.438674	0.007532	23.8
483	-1.955984	286.223541	3.427481	0.008196	20.6
484	-2.014357	285.423541	3.436430	0.009362	24.0
485	-1.949544	286.423541	3.425252	0.008518	23.1
486	-1.989273	287.423541	3.414146	0.006030	22.1
487	-2.010882	286.623541	3.423025	0.006620	21.2
488	-1.974379	287.623541	3.411933	0.008924	24.4
489	-1.993586	288.623541	3.400914	0.008130	20.0
490	-1.999089	289.623541	3.389965	0.006602	22.7
491	-1.979792	290.623541	3.379087	0.009137	20.9
492	-1.990245	291.623541	3.368278	0.007398	22.9
493	-1.985915	292.623541	3.357538	0.006196	21.3
494	-2.008499	293.623541	3.346866	0.011379	23.6
495	-2.002528	294.623541	3.336262	0.010145	21.0
496	-1.999174	293.823541	3.344740	0.009284	23.7
497	-1.979902	294.823541	3.334150	0.008655	22.1
498	-2.012595	295.823541	3.323626	0.007156	23.8
499	-2.002151	296.823541	3.313169	0.006162	20.8
