1:ItNr	2:Metric	3a:Time	3b:StepSize	4:||Gradient||	Time[ms]
0	-0.131299	0.000000	2.465940	0.017191	3657.6
1	-0.125530	0.000000	2.465940	0.031052	13.1
2	-0.128793	0.672560	2.389415	0.023565	12.9
3	-0.128548	1.669084	2.284377	0.010871	10.9
4	-0.135310	2.226595	2.229545	0.025035	10.7
5	-0.130403	1.279081	2.324366	0.016760	12.1
6	-0.126692	0.351273	2.425370	0.015635	11.3
7	-0.114681	0.000000	2.465940	0.017535	12.6
8	-0.129386	0.000000	2.465940	0.021324	11.1
9	-0.126356	0.000000	2.465940	0.028967	10.9
10	-0.134185	0.000000	2.465940	0.017630	10.0
11	-0.127845	0.999846	2.353868	0.027240	11.1
12	-0.122638	1.999789	2.251531	0.034149	12.3
13	-0.111617	1.051628	2.348341	0.014200	10.8
14	-0.129289	2.028225	2.248750	0.019347	11.1
15	-0.117515	3.024547	2.155493	0.022487	12.2
16	-0.133633	2.106153	2.241166	0.019522	12.8
17	-0.139467	1.158463	2.337018	0.023277	14.3
18	-0.135576	2.137404	2.238139	0.015743	11.7
19	-0.126267	1.232911	2.329193	0.019353	12.2
20	-0.137793	0.871595	2.367671	0.019374	11.9
21	-0.121914	0.000000	2.465940	0.017841	11.0
22	-0.132004	0.000000	2.465940	0.017676	14.9
23	-0.125396	0.409804	2.418739	0.035571	21.3
24	-0.126108	1.409641	2.310824	0.020751	16.8
25	-0.127748	0.461489	2.412914	0.020527	12.7
26	-0.122253	1.390803	2.312768	0.038173	10.2
27	-0.123657	2.390803	2.213893	0.024322	12.6
28	-0.135344	3.390803	2.123125	0.021374	10.7
29	-0.133817	4.390779	2.039509	0.021465	10.1
30	-0.117584	3.508048	2.112968	0.017882	12.7
31	-0.113953	2.572868	2.196794	0.014430	11.6
32	-0.131075	2.717389	2.183408	0.015843	11.4
33	-0.137703	2.817249	2.174253	0.025051	10.9
34	-0.117842	1.869238	2.264384	0.024870	9.9
35	-0.126171	2.862755	2.170107	0.021732	10.0
36	-0.139618	3.862718	2.082827	0.035185	12.2
37	-0.126439	2.914551	2.165407	0.024715	10.3
38	-0.134984	3.914551	2.078494	0.024659	10.6
39	-0.139451	4.843255	2.003801	0.014942	10.1
40	-0.147006	4.363303	2.041719	0.015555	10.0
41	-0.127696	5.361745	1.964389	0.015573	12.3
42	-0.140384	5.515545	1.952995	0.036962	9.9
43	-0.114912	6.515246	1.882038	0.018609	12.2
44	-0.103287	5.567347	1.949187	0.029878	10.7
45	-0.124645	6.567315	1.878483	0.025370	11.7
46	-0.138750	7.567315	1.812727	0.019136	12.7
47	-0.137506	8.566865	1.751445	0.016678	11.0
48	-0.119313	7.646211	1.807734	0.015569	10.6
49	-0.138786	6.965891	1.851710	0.026098	10.4
50	-0.130549	6.499753	1.883098	0.033542	12.8
51	-0.121788	5.556727	1.949967	0.015741	10.7
52	-0.121726	4.742130	2.011672	0.016820	11.1
53	-0.132082	4.672516	2.017127	0.034763	10.7
54	-0.120258	5.627380	1.944793	0.022414	12.7
55	-0.122102	4.695052	2.015358	0.017500	10.5
56	-0.128850	3.751011	2.092227	0.022425	11.6
57	-0.131976	2.803015	2.175553	0.017692	11.2
58	-0.123004	1.854868	2.265808	0.023139	11.7
59	-0.121587	2.853711	2.170930	0.024707	13.1
60	-0.136220	3.780669	2.089723	0.024619	11.1
61	-0.119281	4.780669	2.008665	0.016916	11.5
62	-0.120984	3.834995	2.085152	0.023604	10.1
63	-0.121973	4.803466	2.006891	0.036058	12.4
64	-0.124673	3.855303	2.083448	0.029603	13.7
65	-0.132724	2.907597	2.166037	0.014297	9.7
66	-0.140185	1.967247	2.254721	0.027206	9.9
67	-0.103310	2.956257	2.161637	0.017530	11.1
68	-0.125260	2.008182	2.250709	0.025716	12.3
69	-0.121828	3.007476	2.157025	0.016176	9.7
70	-0.144376	3.941795	2.076223	0.017252	9.7
71	-0.137257	3.907906	2.079048	0.034328	10.0
72	-0.121706	4.907830	1.998806	0.012045	9.4
73	-0.127652	5.800079	1.932260	0.032863	13.0
74	-0.121521	6.800031	1.862758	0.017861	12.5
75	-0.130178	7.799828	1.798092	0.031272	10.8
76	-0.121162	6.853798	1.859162	0.024419	10.2
77	-0.125476	7.853797	1.794729	0.035094	9.8
78	-0.137385	6.905630	1.855709	0.019678	10.6
79	-0.128947	7.856257	1.794576	0.023501	9.6
80	-0.126369	6.914142	1.855143	0.021109	9.9
81	-0.117263	6.636980	1.873748	0.030335	9.4
82	-0.139504	7.636980	1.808317	0.019771	10.6
83	-0.121220	8.635402	1.747394	0.022981	11.2
84	-0.136579	9.635402	1.690356	0.021376	10.2
85	-0.118624	10.635400	1.636924	0.019248	10.8
86	-0.111473	10.118190	1.664131	0.032537	9.6
87	-0.132908	9.495422	1.698115	0.033928	10.8
88	-0.133860	10.495422	1.644199	0.024281	11.1
89	-0.122599	9.558722	1.694597	0.011860	9.6
90	-0.135265	8.809205	1.737206	0.030780	10.3
91	-0.116081	9.193339	1.715105	0.017918	11.0
92	-0.140494	10.192824	1.660149	0.009594	11.5
93	-0.119204	9.852305	1.678472	0.015572	9.8
94	-0.132175	8.989420	1.726767	0.017605	9.7
95	-0.118655	9.989351	1.671049	0.033538	10.3
96	-0.128452	10.986476	1.618957	0.018530	10.0
97	-0.125795	11.985962	1.569902	0.055520	11.9
98	-0.118246	12.974218	1.524236	0.017275	10.1
99	-0.123787	12.026051	1.567997	0.024732	10.8
100	-0.129852	13.026049	1.521914	0.021468	9.4
101	-0.128528	12.079421	1.565467	0.027178	10.1
102	-0.122259	12.840625	1.530253	0.018020	11.4
103	-0.126224	13.096673	1.518762	0.018733	10.0
104	-0.126516	12.382686	1.551245	0.012899	10.1
105	-0.135806	13.364183	1.506939	0.022588	9.5
106	-0.135853	14.284104	1.467650	0.016773	10.2
107	-0.128331	13.345252	1.507770	0.013215	11.9
108	-0.132011	14.335685	1.465508	0.022779	9.7
109	-0.122414	14.819569	1.445711	0.028301	9.8
110	-0.137721	15.819564	1.406446	0.019008	10.1
111	-0.126239	14.872116	1.443593	0.016299	11.7
112	-0.142896	14.050520	1.477431	0.030657	14.5
113	-0.122580	15.050452	1.436452	0.030817	9.7
114	-0.124087	14.106412	1.475079	0.020365	11.8
115	-0.123436	14.206527	1.470884	0.021952	11.9
116	-0.130986	15.205799	1.430288	0.015822	12.5
117	-0.127888	16.204147	1.391908	0.031504	11.4
118	-0.116795	17.177976	1.356403	0.014259	11.9
119	-0.115753	18.177973	1.321782	0.014692	10.7
120	-0.129997	17.511133	1.344669	0.022793	13.5
121	-0.120660	16.898174	1.366418	0.021352	14.4
122	-0.130416	17.895730	1.331373	0.025183	14.6
123	-0.130834	17.865706	1.332402	0.019411	11.5
124	-0.132349	18.855379	1.299316	0.016090	10.4
125	-0.100569	19.855010	1.267525	0.022092	12.2
126	-0.120357	18.990837	1.294915	0.022670	12.3
127	-0.120599	18.042841	1.326357	0.019758	10.2
128	-0.123087	19.036758	1.293430	0.028051	10.7
129	-0.120310	18.088591	1.324804	0.017759	13.3
130	-0.131975	19.088528	1.291759	0.019189	10.0
131	-0.118409	20.071360	1.260848	0.028123	11.3
132	-0.144844	19.123244	1.290642	0.036205	11.1
133	-0.134989	20.123244	1.259257	0.030404	10.7
134	-0.123135	19.175085	1.288976	0.019287	11.9
135	-0.132322	20.175080	1.257672	0.012202	10.9
136	-0.130386	19.294373	1.285160	0.022473	11.4
137	-0.135812	20.231941	1.255937	0.030710	10.9
138	-0.153962	21.231941	1.226198	0.015204	13.8
139	-0.133791	21.609252	1.215340	0.012004	9.8
140	-0.104585	21.875872	1.207783	0.022658	10.1
141	-0.120165	21.167123	1.228083	0.013354	10.0
142	-0.122766	20.700803	1.241816	0.019177	10.2
143	-0.128270	20.113733	1.259548	0.023365	13.8
144	-0.110239	21.095363	1.230177	0.020111	9.9
145	-0.109913	22.092762	1.201704	0.024075	10.0
146	-0.121429	21.152160	1.228519	0.022906	9.8
147	-0.130010	20.330142	1.252953	0.017400	9.9
148	-0.117960	19.382081	1.282369	0.026040	10.9
149	-0.129149	20.381514	1.251398	0.022383	9.8
150	-0.134877	19.437572	1.280609	0.026807	10.7
151	-0.119210	20.437567	1.249705	0.013522	11.0
152	-0.152336	20.362112	1.251985	0.014601	14.3
153	-0.105385	19.518455	1.278053	0.013321	16.2
154	-0.132853	20.360343	1.252038	0.024513	22.0
155	-0.130284	21.293304	1.224419	0.021709	37.5
156	-0.125125	22.197778	1.198782	0.028779	15.7
157	-0.110370	23.197776	1.171659	0.025824	15.8
158	-0.116074	24.116171	1.147809	0.024303	19.8
159	-0.125150	25.113560	1.122983	0.018996	23.5
160	-0.121229	26.113556	1.099147	0.036075	32.3
161	-0.125527	27.113555	1.076302	0.016004	13.6
162	-0.131273	28.113554	1.054388	0.025123	13.6
163	-0.140185	28.039711	1.055975	0.017883	10.4
164	-0.117255	27.091587	1.076794	0.027746	12.4
165	-0.123385	28.090697	1.054879	0.022681	21.2
166	-0.135970	29.090689	1.033820	0.020580	26.4
167	-0.120662	30.090276	1.013593	0.036634	20.5
168	-0.126033	29.142109	1.032759	0.026597	15.0
169	-0.104758	28.193943	1.052665	0.017192	14.0
170	-0.116362	28.465826	1.046879	0.016466	10.0
171	-0.126926	27.627908	1.064918	0.015404	10.5
172	-0.127670	27.920697	1.058544	0.014339	11.6
173	-0.135766	28.721332	1.041499	0.026336	11.2
174	-0.118076	28.772228	1.040434	0.014071	11.3
175	-0.123451	27.824367	1.060633	0.017462	13.0
176	-0.110571	28.726541	1.041390	0.017756	26.7
177	-0.122168	29.726388	1.020864	0.022832	31.1
178	-0.134900	30.725595	1.001143	0.017796	25.7
179	-0.125991	29.922083	1.016941	0.014793	16.2
180	-0.127308	28.985393	1.035997	0.019127	11.8
181	-0.123556	29.971709	1.015950	0.022037	13.9
182	-0.132008	29.023654	1.035205	0.012306	14.0
183	-0.141291	29.809581	1.019192	0.024873	20.4
184	-0.114866	28.871608	1.038361	0.011030	20.3
185	-0.117983	29.701099	1.021373	0.028528	22.5
186	-0.124907	30.611888	1.003349	0.013469	16.4
187	-0.135355	31.611805	0.984280	0.026395	14.9
188	-0.112612	30.837374	0.998984	0.018685	13.5
189	-0.134116	31.074415	0.994437	0.012759	21.9
190	-0.122459	30.293639	1.009574	0.012954	36.5
191	-0.144515	30.437657	1.006747	0.033815	27.0
192	-0.123375	31.436641	0.987568	0.032298	16.6
193	-0.138204	32.436641	0.969087	0.019072	13.2
194	-0.135206	31.489394	0.986575	0.027117	21.2
195	-0.116804	32.489393	0.968131	0.023465	10.8
196	-0.122219	31.541563	0.985596	0.014788	10.1
197	-0.131660	32.539984	0.967216	0.027510	10.6
198	-0.139182	33.155335	0.956226	0.025808	10.7
199	-0.135338	32.209012	0.973232	0.013693	13.0
200	-0.158607	33.206861	0.955317	0.023609	10.1
201	-0.126041	32.258762	0.972323	0.027157	10.4
202	-0.135837	33.257102	0.954432	0.038583	9.6
203	-0.119424	34.257102	0.937160	0.021681	10.2
204	-0.143066	33.308935	0.953521	0.017740	11.7
205	-0.106476	32.360956	0.970461	0.020060	9.5
206	-0.127374	33.344236	0.952902	0.027762	10.4
207	-0.124894	34.328164	0.935956	0.027130	10.3
208	-0.123498	35.327205	0.919356	0.026148	10.1
209	-0.121555	34.382152	0.935044	0.026637	11.0
210	-0.132871	35.380025	0.918494	0.036387	11.1
211	-0.131201	34.431961	0.934204	0.022839	10.3
212	-0.129856	33.483793	0.950461	0.022567	10.0
213	-0.120337	32.535628	0.967295	0.012940	11.3
214	-0.113080	33.377916	0.952312	0.025597	11.0
215	-0.127417	32.759994	0.963258	0.029497	12.2
216	-0.119787	31.811827	0.980552	0.018421	10.4
217	-0.112577	32.628207	0.965625	0.025481	10.4
218	-0.120141	32.827795	0.962044	0.015764	15.0
219	-0.114046	31.898828	0.978939	0.022769	11.7
220	-0.127022	31.025127	0.995379	0.037967	13.3
221	-0.110054	32.019171	0.976717	0.022553	12.5
222	-0.127107	33.019171	0.958636	0.012538	14.0
223	-0.126207	33.976910	0.941936	0.012744	9.9
224	-0.127768	33.145314	0.956403	0.026738	12.2
225	-0.114949	32.200019	0.973397	0.022775	14.1
226	-0.127334	31.251852	0.991060	0.015232	16.5
227	-0.127405	32.109403	0.975058	0.020062	13.8
228	-0.126705	31.162525	0.992757	0.014481	12.0
229	-0.124190	30.594865	1.003680	0.025970	12.3
230	-0.122568	29.687490	1.021647	0.024065	25.0
231	-0.135063	30.687490	1.001881	0.016978	18.3
232	-0.121267	31.681368	0.982980	0.023660	19.2
233	-0.128900	30.733271	1.000995	0.028188	19.7
234	-0.127297	31.733270	0.982013	0.029394	11.8
235	-0.135384	30.785774	0.999980	0.024382	11.7
236	-0.126205	30.058268	1.014228	0.017382	12.7
237	-0.116029	31.057583	0.994759	0.021357	10.3
238	-0.138425	32.057079	0.976019	0.013675	11.9
239	-0.139130	32.895282	0.960840	0.020426	10.6
240	-0.120466	33.259792	0.954385	0.015659	11.6
241	-0.131800	32.311825	0.971355	0.024081	17.1
242	-0.136663	33.273676	0.954141	0.033621	14.5
243	-0.150485	34.181477	0.938444	0.021228	11.3
244	-0.150759	33.233310	0.954851	0.034708	15.2
245	-0.116603	32.285143	0.971842	0.015698	21.0
246	-0.125945	33.280996	0.954012	0.019291	14.9
247	-0.130273	32.346355	0.970727	0.026655	14.1
248	-0.119260	33.346354	0.952865	0.018663	12.0
249	-0.127866	32.400403	0.969744	0.014889	10.4
250	-0.114272	33.266500	0.954267	0.024843	12.4
251	-0.123933	32.547418	0.967082	0.020649	15.1
252	-0.141986	32.905275	0.960662	0.019525	12.7
253	-0.126555	33.902991	0.943204	0.021204	11.1
254	-0.118438	33.039665	0.958273	0.024920	12.1
255	-0.136624	32.614385	0.965874	0.022741	13.7
256	-0.131187	33.614385	0.948189	0.021697	10.9
257	-0.127130	32.670128	0.964871	0.028631	10.4
258	-0.122612	31.721961	0.982223	0.014965	11.3
259	-0.134040	32.698860	0.964354	0.019946	12.1
260	-0.145027	33.698482	0.946731	0.016739	22.4
261	-0.129329	33.453121	0.950997	0.010808	15.2
262	-0.129292	34.409657	0.934580	0.029615	13.0
263	-0.130267	35.409352	0.918017	0.017621	13.9
264	-0.118708	36.227427	0.904894	0.023188	11.2
265	-0.111482	37.189368	0.889935	0.025668	14.0
266	-0.132429	38.181587	0.875014	0.022762	14.3
267	-0.111300	37.524142	0.884844	0.031320	14.6
268	-0.126594	38.524141	0.869979	0.026575	10.9
269	-0.117119	39.524141	0.855605	0.023439	13.1
270	-0.126152	40.524141	0.841698	0.021726	14.7
271	-0.132312	41.472220	0.828924	0.036743	13.8
272	-0.116401	42.472220	0.815865	0.018929	13.0
273	-0.134806	43.472219	0.803210	0.015535	10.5
274	-0.121804	43.695092	0.800443	0.024381	21.9
275	-0.134498	42.778497	0.811947	0.037596	14.2
276	-0.129703	43.778495	0.799412	0.023025	17.3
277	-0.146232	42.830328	0.811287	0.026119	25.7
278	-0.135642	41.882492	0.823516	0.019035	20.4
279	-0.115023	40.980583	0.835499	0.017228	37.8
280	-0.120696	40.386858	0.843580	0.022098	19.3
281	-0.124261	40.284339	0.844991	0.023329	12.2
282	-0.121956	39.336171	0.858270	0.022243	11.9
283	-0.133184	38.388159	0.871971	0.012196	14.5
284	-0.108185	39.384488	0.857583	0.028869	16.7
285	-0.125548	38.855390	0.865164	0.021700	19.9
286	-0.132846	39.854836	0.850955	0.014988	16.6
287	-0.148372	40.852701	0.837227	0.022372	17.1
288	-0.144708	39.934535	0.849842	0.033603	23.2
289	-0.139584	40.879870	0.836859	0.017869	17.5
290	-0.132897	39.933619	0.849855	0.030721	12.6
291	-0.133860	39.700106	0.853124	0.033417	9.8
292	-0.120143	40.700106	0.839297	0.022674	11.3
293	-0.121196	39.751939	0.852396	0.015970	12.7
294	-0.134606	40.213934	0.845963	0.021357	30.1
295	-0.122569	40.313906	0.844584	0.016900	20.7
296	-0.131261	41.310623	0.831074	0.024199	18.6
297	-0.137613	42.200031	0.819378	0.018758	27.1
298	-0.118146	41.251876	0.831858	0.016872	19.4
299	-0.115889	40.492762	0.842127	0.025963	13.4
300	-0.126257	39.562484	0.855063	0.037763	22.5
301	-0.121116	38.614317	0.868663	0.013912	17.1
302	-0.125422	37.668257	0.882670	0.031786	15.1
303	-0.134004	38.650149	0.868141	0.019968	19.4
304	-0.120056	39.038795	0.862521	0.013532	59.2
305	-0.111491	38.642324	0.868255	0.028706	22.1
306	-0.116189	37.715726	0.881957	0.018967	18.6
307	-0.109496	36.774392	0.896327	0.025390	11.5
308	-0.128404	35.980222	0.908819	0.026994	12.8
309	-0.129466	36.980182	0.893145	0.021908	10.5
310	-0.125864	37.976273	0.878060	0.020411	14.6
311	-0.131042	37.080990	0.891595	0.020521	12.6
312	-0.140966	37.305703	0.888159	0.019844	14.0
313	-0.126802	38.297415	0.873305	0.028523	10.5
314	-0.151970	38.211607	0.874571	0.020476	16.4
315	-0.117144	39.211600	0.860046	0.025408	12.6
316	-0.120011	40.207077	0.846058	0.016130	12.0
317	-0.130953	41.181065	0.832805	0.030749	10.4
318	-0.123812	42.069459	0.821075	0.014609	12.9
319	-0.142412	41.343302	0.830638	0.018489	10.5
320	-0.120805	42.153210	0.819986	0.028980	13.0
321	-0.132931	43.153011	0.807207	0.009422	36.2
322	-0.117714	42.599761	0.814228	0.031833	17.4
323	-0.111943	42.175670	0.819694	0.017423	14.1
324	-0.130122	43.111560	0.807728	0.018010	14.6
325	-0.115081	43.865718	0.798337	0.020144	16.5
326	-0.113251	44.865575	0.786218	0.030417	11.4
327	-0.132317	43.917537	0.797700	0.029970	10.5
328	-0.122262	44.126920	0.795136	0.020790	13.2
329	-0.116039	45.126920	0.783111	0.014444	11.4
330	-0.122469	44.322324	0.792757	0.014694	11.8
331	-0.140518	44.467491	0.790999	0.027652	10.4
332	-0.131455	43.519327	0.802624	0.019680	11.8
333	-0.127122	42.951479	0.809750	0.015409	9.9
334	-0.112871	43.922122	0.797644	0.009054	9.8
335	-0.121385	43.004175	0.809084	0.025933	9.4
336	-0.145641	42.058400	0.821219	0.027409	9.6
337	-0.116565	43.058399	0.808399	0.028186	11.4
338	-0.117809	44.054860	0.796016	0.026083	17.0
339	-0.126422	45.054860	0.783966	0.023232	13.7
340	-0.115337	46.053876	0.772285	0.030506	11.4
341	-0.140837	47.053869	0.760937	0.033739	11.3
342	-0.132951	46.105701	0.771689	0.028505	9.5
343	-0.110232	47.105701	0.760358	0.023624	10.0
344	-0.123987	48.089216	0.749534	0.025547	10.2
345	-0.132262	47.142719	0.759945	0.021449	9.9
346	-0.132267	46.278114	0.769711	0.020212	10.8
347	-0.117859	47.273365	0.758491	0.012526	12.9
348	-0.122086	48.272083	0.747556	0.020387	11.0
349	-0.129520	49.104451	0.738680	0.019228	10.1
350	-0.119015	48.486831	0.745245	0.017719	14.1
351	-0.134371	49.478975	0.734754	0.018961	11.1
352	-0.140571	50.399342	0.725283	0.021890	12.0
353	-0.129240	51.363699	0.715618	0.016322	11.9
354	-0.112138	52.363371	0.705866	0.014592	13.1
355	-0.143329	51.850025	0.710840	0.017326	12.4
356	-0.129918	52.299463	0.706482	0.023961	10.8
357	-0.114201	52.693713	0.702702	0.009405	11.2
358	-0.121493	52.456338	0.704973	0.020504	11.2
359	-0.122709	51.607457	0.713215	0.032087	11.9
360	-0.125554	50.660537	0.722639	0.021264	11.0
361	-0.122575	49.712374	0.732329	0.024163	11.2
362	-0.108407	50.712366	0.722117	0.013384	12.9
363	-0.136221	51.122717	0.718009	0.029563	19.6
364	-0.116940	51.506528	0.714208	0.011945	15.8
365	-0.086401	52.506272	0.704494	0.023813	15.9
366	-0.140282	52.066349	0.708736	0.022008	25.0
367	-0.121080	53.065789	0.699172	0.030211	22.8
368	-0.116089	54.064001	0.689874	0.019724	27.7
369	-0.136103	53.115833	0.698700	0.022157	26.1
370	-0.121455	52.182083	0.707615	0.017100	23.1
371	-0.122128	53.182015	0.698077	0.025603	18.4
372	-0.138835	53.663149	0.693578	0.017831	25.0
373	-0.128046	52.715041	0.702499	0.022483	17.0
374	-0.128056	53.715029	0.693097	0.024486	13.9
375	-0.125597	54.696020	0.684114	0.011683	11.2
376	-0.128708	55.639905	0.675689	0.017245	14.3
377	-0.115676	55.044718	0.680977	0.017654	9.9
378	-0.140357	54.097825	0.689564	0.016508	10.2
379	-0.132874	54.708597	0.684001	0.023199	11.8
380	-0.131775	53.869336	0.691668	0.013085	9.8
381	-0.119829	54.844569	0.682774	0.014736	11.0
382	-0.128705	53.931472	0.691095	0.019666	13.5
383	-0.135699	53.132460	0.698543	0.032991	11.6
384	-0.116494	54.132426	0.689246	0.023619	10.0
385	-0.117099	53.184259	0.698056	0.015245	10.8
386	-0.129467	52.241699	0.707039	0.017130	13.1
387	-0.126344	51.528433	0.713992	0.022158	10.3
388	-0.113686	51.848359	0.710857	0.024264	12.0
389	-0.119056	50.920520	0.720027	0.019960	11.6
390	-0.128401	49.972357	0.729647	0.026038	11.5
391	-0.133718	49.026529	0.739502	0.026622	11.0
392	-0.127829	48.078372	0.749652	0.035765	12.7
393	-0.127026	48.627724	0.743737	0.020671	20.6
394	-0.127691	49.596514	0.733531	0.018423	31.3
395	-0.119685	48.726836	0.742680	0.020058	19.2
396	-0.123519	47.778675	0.752918	0.023915	15.6
397	-0.125415	48.748719	0.742447	0.016343	15.4
398	-0.115152	49.703082	0.732425	0.031019	17.9
399	-0.130940	50.684803	0.722395	0.023667	19.7
400	-0.133438	49.736636	0.732078	0.012573	18.5
401	-0.110930	48.790716	0.742000	0.011856	13.0
402	-0.123882	49.485014	0.734691	0.019414	10.5
403	-0.125137	50.131148	0.728018	0.029158	16.4
404	-0.126479	51.124505	0.717991	0.011913	15.0
405	-0.128937	50.266433	0.726636	0.018737	16.8
406	-0.117521	50.339133	0.725895	0.025864	21.0
407	-0.113901	51.324724	0.716003	0.022160	15.0
408	-0.125611	52.317187	0.706311	0.028666	15.3
409	-0.133646	52.821003	0.701490	0.014263	9.4
410	-0.117387	52.123067	0.708186	0.016844	12.8
411	-0.126783	51.176318	0.717475	0.032436	10.7
412	-0.129899	52.000821	0.709372	0.017336	10.1
413	-0.133454	51.052802	0.718705	0.016878	9.9
414	-0.133438	50.829831	0.720936	0.027514	12.6
415	-0.136992	49.922218	0.730162	0.024850	10.4
416	-0.128462	48.974051	0.740056	0.017775	10.3
417	-0.139688	49.817744	0.731240	0.023980	11.4
418	-0.124213	50.817744	0.721058	0.022273	9.7
419	-0.127703	51.817743	0.711155	0.018250	12.9
420	-0.130860	52.811100	0.701585	0.022073	12.0
421	-0.125965	52.396918	0.705544	0.018260	11.6
422	-0.118414	51.529259	0.713984	0.019316	10.1
423	-0.138740	52.490382	0.704646	0.013827	10.0
424	-0.131977	52.836406	0.701344	0.025656	11.2
425	-0.116133	52.599156	0.703605	0.020112	9.9
426	-0.107354	51.651050	0.712787	0.019294	9.4
427	-0.130208	51.485656	0.714414	0.015971	10.3
428	-0.113703	52.453080	0.705004	0.018722	9.7
429	-0.121623	53.440575	0.695652	0.029462	11.4
430	-0.125070	54.439229	0.686443	0.022347	14.0
431	-0.126052	55.439229	0.677463	0.025108	13.1
432	-0.123058	56.435987	0.668742	0.025553	12.8
433	-0.117890	57.435987	0.660216	0.017099	12.3
434	-0.121634	56.622806	0.667133	0.018962	10.5
435	-0.121727	57.138274	0.662732	0.017770	11.2
436	-0.130635	58.125017	0.654467	0.017492	11.5
437	-0.122901	57.180619	0.662373	0.025201	14.1
438	-0.126041	56.232464	0.670505	0.021086	10.1
439	-0.124340	57.186338	0.662325	0.023783	11.4
440	-0.123669	57.521394	0.659498	0.019474	12.4
441	-0.110742	58.375280	0.652404	0.017415	14.4
442	-0.126552	57.523359	0.659482	0.023196	9.8
443	-0.134561	58.519256	0.651223	0.020024	12.0
444	-0.120350	57.571658	0.659076	0.017441	11.9
445	-0.134218	56.644449	0.666947	0.022573	10.2
446	-0.129108	55.723442	0.674953	0.024641	11.7
447	-0.117733	54.775968	0.683393	0.040214	11.2
448	-0.136851	53.827801	0.692052	0.019324	12.7
449	-0.119991	54.797878	0.683195	0.021684	10.7
450	-0.133220	53.856147	0.691790	0.018515	12.8
451	-0.127524	54.743306	0.683687	0.027705	10.2
452	-0.136307	53.795431	0.692352	0.020264	10.1
453	-0.127759	52.848432	0.701230	0.021243	11.2
454	-0.122826	53.570225	0.694442	0.024662	12.4
455	-0.130913	54.570225	0.685253	0.021146	12.1
456	-0.118130	55.569181	0.676313	0.021329	10.3
457	-0.129773	56.525974	0.667966	0.021422	10.0
458	-0.128547	56.232303	0.670506	0.020354	10.8
459	-0.134230	56.361594	0.669386	0.021848	13.7
460	-0.128956	56.129990	0.671396	0.018223	10.6
461	-0.113548	55.181887	0.679751	0.022958	10.9
462	-0.133750	56.168490	0.671061	0.017261	11.7
463	-0.127402	55.223198	0.679383	0.020318	14.0
464	-0.114993	54.313814	0.687586	0.015776	13.9
465	-0.121067	55.313107	0.678582	0.019767	10.1
466	-0.125997	55.825386	0.674058	0.015034	13.0
467	-0.126181	54.915827	0.682134	0.028980	17.0
468	-0.128328	55.531895	0.676642	0.029946	14.8
469	-0.112469	56.531895	0.667915	0.014929	13.9
470	-0.128338	57.337261	0.661049	0.023161	13.9
471	-0.122209	58.333817	0.652745	0.011732	13.8
472	-0.112119	59.093304	0.646555	0.017027	9.9
473	-0.139691	58.163838	0.654146	0.016665	12.2
474	-0.114171	59.130596	0.646254	0.032021	12.2
475	-0.131205	60.130568	0.638289	0.021965	9.6
476	-0.126341	61.130144	0.630520	0.019410	13.9
477	-0.137570	60.187787	0.637839	0.031958	12.0
478	-0.125785	59.239620	0.645376	0.023531	10.7
479	-0.131395	60.239620	0.637432	0.028199	10.8
480	-0.116491	61.188516	0.630073	0.016128	14.3
481	-0.129618	60.255986	0.637304	0.026693	11.5
482	-0.133113	61.254021	0.629571	0.016960	9.9
483	-0.131755	62.229743	0.622190	0.044529	11.2
484	-0.116583	61.312148	0.629126	0.022117	12.3
485	-0.126975	60.368239	0.636424	0.015836	10.5
486	-0.126347	59.907603	0.640048	0.029235	11.0
487	-0.122124	58.960269	0.647631	0.021839	12.3
488	-0.112245	58.012107	0.655403	0.022348	11.3
489	-0.137769	59.007922	0.647245	0.021915	13.7
490	-0.129772	60.007904	0.639255	0.029562	11.1
491	-0.121509	59.059897	0.646825	0.015788	11.1
492	-0.131275	59.975661	0.639510	0.016763	11.4
493	-0.119883	59.572729	0.642708	0.022614	10.6
494	-0.109122	58.664322	0.650037	0.027362	12.2
495	-0.116090	57.740268	0.657665	0.016400	11.2
496	-0.118728	56.792165	0.665681	0.025926	10.1
497	-0.139428	56.162453	0.671113	0.018889	10.9
498	-0.125035	57.082134	0.663208	0.022324	12.4
499	-0.143181	56.606375	0.667274	0.027504	12.2
500	-0.121191	55.758785	0.674642	0.014322	11.7
501	-0.124456	56.757349	0.665979	0.012126	11.2
502	-0.116208	57.580684	0.659001	0.017871	10.3
503	-0.125013	58.514486	0.651262	0.015319	11.9
504	-0.116264	58.158923	0.654187	0.015458	10.6
505	-0.137273	59.144526	0.646142	0.027256	10.6
506	-0.134804	58.891234	0.648190	0.028674	12.7
507	-0.122008	57.943118	0.655975	0.029984	13.3
508	-0.140351	56.994951	0.663950	0.023417	11.0
509	-0.129630	56.046783	0.672121	0.017631	10.8
510	-0.130209	55.101892	0.680466	0.023353	11.5
511	-0.143947	54.169548	0.688906	0.013323	10.1
512	-0.127231	53.384876	0.696173	0.017027	11.3
513	-0.124717	52.439923	0.705131	0.015944	10.0
514	-0.123964	52.167037	0.707760	0.016690	9.9
515	-0.127907	51.991611	0.709461	0.029146	9.3
516	-0.118687	51.923635	0.710123	0.014269	13.3
517	-0.124843	51.720895	0.712103	0.025113	10.7
518	-0.137767	50.825090	0.720984	0.017682	11.1
519	-0.141608	51.824870	0.711086	0.019649	12.9
520	-0.133406	52.809914	0.701596	0.028397	12.2
521	-0.124351	51.861750	0.710726	0.015997	12.5
522	-0.129821	52.861248	0.701108	0.036959	10.6
523	-0.140539	53.859221	0.691762	0.037747	11.0
524	-0.113096	52.911074	0.700636	0.036634	10.6
525	-0.119901	53.911074	0.691283	0.032520	30.1
526	-0.130563	54.911074	0.682176	0.017754	19.6
527	-0.141147	53.962913	0.690805	0.019800	13.3
528	-0.120707	54.941443	0.681903	0.016959	12.4
529	-0.115862	54.040917	0.690087	0.019075	10.7
530	-0.131405	55.001550	0.681364	0.016478	10.7
531	-0.125739	54.063320	0.689881	0.021501	10.9
532	-0.131078	53.116588	0.698693	0.019383	13.4
533	-0.130666	52.180119	0.707634	0.025411	12.3
534	-0.138156	51.271162	0.716534	0.043742	15.0
535	-0.126455	50.322995	0.726059	0.019921	12.8
536	-0.133447	49.374827	0.735842	0.021697	12.3
537	-0.119548	50.374817	0.725532	0.017702	9.8
538	-0.106853	49.479907	0.734745	0.019763	11.4
539	-0.154072	50.478139	0.724483	0.022432	10.0
540	-0.119462	50.360075	0.725682	0.025214	11.5
541	-0.126007	51.230083	0.716941	0.021087	10.9
542	-0.134654	52.230080	0.707151	0.021306	9.9
543	-0.136166	52.942792	0.700335	0.014240	12.8
544	-0.113589	53.939245	0.691023	0.027675	21.0
545	-0.125065	52.992217	0.699867	0.017955	13.8
546	-0.122511	53.954741	0.690880	0.018240	13.5
547	-0.140642	53.017798	0.699625	0.011947	11.4
548	-0.136836	52.071815	0.708683	0.020585	13.4
549	-0.130244	52.035005	0.709040	0.022770	10.8
550	-0.122080	51.087805	0.718356	0.016547	10.8
551	-0.137885	51.625232	0.713041	0.017820	10.8
552	-0.106160	52.343929	0.706053	0.010551	12.0
553	-0.128530	52.189608	0.707542	0.020376	13.1
554	-0.125389	52.737090	0.702289	0.021745	10.4
555	-0.124898	52.102109	0.708389	0.023939	10.6
556	-0.118336	51.197494	0.717265	0.017459	10.8
557	-0.126121	50.263063	0.726670	0.019081	11.2
558	-0.136316	51.262526	0.716619	0.019175	10.7
559	-0.143122	52.261927	0.706844	0.023653	10.1
560	-0.125378	51.313797	0.716111	0.024997	10.4
561	-0.128178	52.290389	0.706569	0.028992	10.1
562	-0.132227	53.289857	0.697063	0.022490	12.1
563	-0.108066	52.341702	0.706075	0.016807	10.2
564	-0.135134	51.432793	0.714935	0.027407	9.8
565	-0.121074	50.485133	0.724413	0.015200	11.2
566	-0.108914	51.484510	0.714425	0.028302	10.0
567	-0.131589	51.358952	0.715664	0.018520	13.7
568	-0.131706	52.358909	0.705909	0.024543	11.1
569	-0.128877	51.417479	0.715086	0.015610	10.5
570	-0.139092	52.181967	0.707616	0.011787	11.7
571	-0.135594	52.629747	0.703313	0.018736	10.9
572	-0.119244	53.615844	0.694018	0.018601	22.0
573	-0.133034	53.304120	0.696929	0.014389	10.4
574	-0.132555	52.375779	0.705747	0.010073	13.6
575	-0.130516	53.097518	0.698873	0.013779	11.8
576	-0.121651	52.471647	0.704826	0.022532	10.5
577	-0.128247	51.827544	0.711060	0.014223	10.4
578	-0.112822	51.044005	0.718793	0.015101	9.6
579	-0.127998	50.675804	0.722486	0.022126	11.4
580	-0.139703	51.662080	0.712679	0.022095	11.3
581	-0.144416	50.767822	0.721559	0.018569	12.0
582	-0.131840	49.866146	0.730740	0.016434	11.1
583	-0.112837	49.174215	0.737945	0.026744	11.5
584	-0.138954	49.722897	0.732220	0.029417	10.4
585	-0.133305	49.157257	0.738124	0.018067	10.9
586	-0.134059	50.153363	0.727790	0.019521	11.0
587	-0.126440	50.866919	0.720564	0.018438	10.6
588	-0.128398	51.601969	0.713269	0.014698	11.1
589	-0.126904	52.216183	0.707285	0.029392	11.2
590	-0.120486	51.292573	0.716322	0.016976	10.4
591	-0.122513	50.463093	0.724636	0.012206	11.0
592	-0.118529	51.216753	0.717074	0.016391	10.7
593	-0.131599	50.367092	0.725611	0.033392	10.0
594	-0.127128	49.419709	0.735373	0.023545	14.1
595	-0.141098	50.419709	0.725076	0.025226	11.2
596	-0.126992	49.471575	0.734831	0.024176	10.3
597	-0.129518	48.531349	0.744768	0.021950	11.9
598	-0.132120	49.531349	0.734209	0.023857	10.8
599	-0.117620	50.525052	0.724008	0.029509	12.8
600	-0.112734	51.524845	0.714027	0.020789	10.9
601	-0.132282	52.524611	0.704318	0.019049	9.9
602	-0.131311	53.487499	0.695214	0.019366	9.9
603	-0.113635	54.487495	0.686004	0.027556	16.2
604	-0.135739	55.487492	0.677035	0.022553	11.3
605	-0.123797	55.262277	0.679035	0.018549	12.8
606	-0.119193	56.262275	0.670246	0.016064	12.9
607	-0.129821	57.154035	0.662598	0.015133	9.9
608	-0.135565	56.206374	0.670731	0.016898	14.6
609	-0.104906	55.259254	0.679062	0.021001	11.8
610	-0.122928	54.321053	0.687520	0.012177	11.4
611	-0.136675	55.030298	0.681107	0.021225	11.5
612	-0.139481	54.413643	0.686676	0.021443	14.3
613	-0.144128	53.554283	0.694591	0.011237	9.7
614	-0.116538	52.627067	0.703338	0.029175	11.7
615	-0.128509	51.686430	0.712440	0.023578	10.1
616	-0.134206	50.738263	0.721857	0.037227	10.4
617	-0.137083	49.805748	0.731363	0.018854	12.5
618	-0.133390	50.805746	0.721178	0.010061	10.3
619	-0.119975	51.799485	0.711334	0.015976	11.7
620	-0.125618	51.596959	0.713318	0.017430	14.2
621	-0.131535	52.590045	0.703692	0.016085	13.6
622	-0.133934	51.802340	0.711306	0.015422	11.3
623	-0.131444	52.630111	0.703309	0.030636	11.2
624	-0.131547	53.630103	0.693885	0.020007	13.0
625	-0.112771	54.630103	0.684711	0.033454	13.6
626	-0.120214	53.683872	0.693386	0.023445	11.9
627	-0.142385	52.735966	0.702299	0.022889	9.8
628	-0.112542	53.733341	0.692927	0.033511	11.0
629	-0.129578	52.788456	0.701800	0.023758	11.7
630	-0.133627	53.788456	0.692416	0.028616	10.8
631	-0.131053	54.788455	0.683280	0.012688	9.6
632	-0.130722	55.787675	0.674389	0.024111	10.3
633	-0.113441	56.786430	0.665730	0.016428	9.3
634	-0.122062	57.781042	0.657325	0.016499	10.4
635	-0.132126	58.622755	0.650376	0.019731	9.8
636	-0.121306	59.480345	0.643446	0.020323	9.5
637	-0.129473	59.274632	0.645095	0.028630	9.4
638	-0.108415	58.714677	0.649626	0.011306	9.3
639	-0.141919	59.709771	0.641617	0.022318	9.8
640	-0.124342	59.423060	0.643904	0.030411	10.4
641	-0.137360	60.423041	0.635996	0.024018	9.6
642	-0.112826	60.327810	0.636741	0.016552	9.6
643	-0.134265	61.222483	0.629812	0.022171	9.7
644	-0.133572	62.152470	0.622768	0.021812	9.6
645	-0.127069	61.218936	0.629839	0.024930	11.8
646	-0.125378	60.273929	0.637163	0.017281	9.7
647	-0.123883	59.782093	0.641042	0.024205	9.3
648	-0.131827	58.866790	0.648389	0.022086	10.0
649	-0.137164	57.918626	0.656179	0.021799	10.0
650	-0.131433	58.918623	0.647968	0.016396	11.5
651	-0.146456	59.911572	0.640016	0.022683	9.4
652	-0.124242	58.963899	0.647601	0.024415	9.8
653	-0.120751	59.893449	0.640160	0.010206	9.6
654	-0.134319	58.948965	0.647722	0.025318	10.1
655	-0.107099	58.120597	0.654504	0.026470	11.7
656	-0.114916	59.120526	0.646335	0.025477	9.4
657	-0.125945	60.120515	0.638368	0.022329	9.2
658	-0.142084	59.172907	0.645913	0.027063	9.1
659	-0.111618	59.600086	0.642490	0.022147	9.2
660	-0.111640	60.074058	0.638734	0.017807	11.5
661	-0.128423	59.717276	0.641557	0.020451	10.0
662	-0.126183	58.772724	0.649153	0.019670	11.0
663	-0.135177	57.870398	0.656580	0.030469	9.8
664	-0.129482	56.922383	0.664568	0.013880	9.6
665	-0.132681	56.183017	0.670934	0.015645	11.8
666	-0.135878	56.775891	0.665820	0.023473	9.3
667	-0.128641	57.771165	0.657407	0.030368	9.4
668	-0.126900	58.771164	0.649166	0.019153	11.5
669	-0.124738	58.298398	0.653036	0.014869	10.0
670	-0.132812	57.613528	0.658725	0.024786	12.5
671	-0.138965	57.849848	0.656751	0.023642	9.3
672	-0.135199	58.849847	0.648526	0.018920	9.8
673	-0.135056	59.838470	0.640595	0.016749	10.1
674	-0.120674	59.136622	0.646206	0.019851	9.8
675	-0.128871	58.189534	0.653934	0.020930	12.0
676	-0.130612	57.241595	0.661857	0.021553	9.6
677	-0.119203	58.239384	0.653523	0.021627	11.4
678	-0.129654	57.331640	0.661096	0.022569	33.4
679	-0.128447	57.667844	0.658271	0.023938	12.7
680	-0.117144	57.080563	0.663222	0.021337	13.1
681	-0.124688	56.132405	0.671375	0.019156	9.5
682	-0.145943	55.562344	0.676373	0.023146	9.2
683	-0.117031	56.493984	0.668242	0.016580	9.8
684	-0.132918	55.551168	0.676472	0.017289	9.4
685	-0.123933	55.369767	0.678079	0.023770	12.2
686	-0.127006	56.258962	0.670275	0.015615	9.7
687	-0.110852	57.258936	0.661710	0.028057	11.9
688	-0.119450	56.479953	0.668363	0.019538	10.3
689	-0.127787	57.477306	0.659869	0.025364	11.0
690	-0.123724	58.041225	0.655161	0.018425	10.6
691	-0.128063	57.109385	0.662977	0.011103	12.3
692	-0.139361	56.346718	0.669514	0.012293	10.2
693	-0.134005	55.633701	0.675744	0.015015	10.1
694	-0.141368	55.388564	0.677912	0.015852	10.7
695	-0.131989	54.526161	0.685653	0.022796	10.2
696	-0.128652	53.580215	0.694349	0.018147	11.4
697	-0.132225	52.632059	0.703291	0.013185	9.9
698	-0.107327	51.905908	0.710295	0.014803	9.5
699	-0.107576	52.549820	0.704077	0.026589	9.9
700	-0.128868	53.524434	0.694869	0.024014	11.4
701	-0.124327	54.135759	0.689216	0.019651	9.9
702	-0.120651	55.135527	0.680165	0.021047	9.4
703	-0.115449	56.133944	0.671361	0.028210	9.6
704	-0.130366	55.887726	0.673511	0.032346	10.0
705	-0.128536	54.940515	0.681912	0.023598	9.5
706	-0.129484	55.940446	0.673050	0.028297	10.7
707	-0.119144	56.940411	0.664414	0.011053	13.4
708	-0.126846	57.886984	0.656442	0.011475	10.6
709	-0.121699	58.099584	0.654678	0.018148	9.5
710	-0.128399	59.071365	0.646732	0.016441	12.8
711	-0.131326	59.444494	0.643732	0.030884	9.7
712	-0.127528	58.504469	0.651344	0.030936	9.5
713	-0.112880	57.556302	0.659205	0.016130	10.2
714	-0.128326	58.555235	0.650928	0.034193	9.4
715	-0.117647	59.551967	0.642874	0.016658	12.4
716	-0.126392	58.943998	0.647763	0.014011	9.0
717	-0.139395	59.814949	0.640782	0.019421	9.3
718	-0.121977	59.008547	0.647240	0.015112	9.2
719	-0.128263	60.005976	0.639271	0.025084	9.3
720	-0.134828	59.068177	0.646758	0.014097	11.4
721	-0.129638	60.037255	0.639024	0.025575	9.8
722	-0.126240	60.964754	0.631793	0.041239	11.2
723	-0.136005	61.964754	0.624177	0.029040	9.8
724	-0.126710	62.964736	0.616744	0.023580	9.8
725	-0.138125	62.016814	0.623786	0.020910	11.9
726	-0.136345	63.016599	0.616363	0.010413	10.3
727	-0.120279	62.137136	0.622883	0.020029	10.5
728	-0.138766	62.974057	0.616675	0.020727	10.2
729	-0.109279	62.064437	0.623428	0.017795	10.3
730	-0.134185	61.207239	0.629929	0.025648	12.8
731	-0.126319	60.378540	0.636344	0.019819	10.1
732	-0.123718	61.378392	0.628620	0.029043	10.2
733	-0.117425	62.207704	0.622355	0.013414	12.4
734	-0.138217	62.785475	0.618063	0.025015	10.6
735	-0.127383	61.855109	0.625003	0.015844	13.3
736	-0.120141	60.907383	0.632235	0.029676	11.1
737	-0.126980	61.736786	0.625897	0.019768	9.8
738	-0.126048	62.717291	0.618567	0.023725	11.7
739	-0.120138	61.769476	0.625650	0.014969	14.2
740	-0.118992	62.202152	0.622397	0.012072	11.8
741	-0.120139	62.700633	0.618690	0.016467	9.7
742	-0.139687	63.076546	0.615924	0.022603	11.1
743	-0.119614	62.792098	0.618015	0.028836	10.3
744	-0.132849	61.846901	0.625065	0.015787	17.6
745	-0.124995	60.929382	0.632065	0.017768	12.7
746	-0.137995	60.384927	0.636294	0.021472	11.4
747	-0.124937	60.871396	0.632513	0.023702	12.3
748	-0.137829	59.970975	0.639547	0.026047	12.5
749	-0.136551	59.022808	0.647125	0.025858	11.1
750	-0.150384	58.074647	0.654884	0.020922	10.5
751	-0.115674	58.923607	0.647928	0.023483	11.5
752	-0.128542	57.975520	0.655706	0.024690	14.3
753	-0.119350	57.245319	0.661825	0.021986	10.3
754	-0.127003	56.320436	0.669742	0.024608	11.2
755	-0.129924	55.373542	0.678045	0.030475	9.9
756	-0.139968	54.425583	0.686567	0.024578	13.7
757	-0.132085	55.406676	0.677751	0.024092	12.3
758	-0.128404	56.406676	0.668996	0.013898	11.5
759	-0.128514	56.928355	0.664517	0.018786	12.1
760	-0.128948	56.768723	0.665881	0.016362	11.0
761	-0.128022	55.978291	0.672719	0.016670	13.0
762	-0.127135	56.902159	0.664741	0.028799	11.6
763	-0.132806	57.556111	0.659207	0.016797	10.4
764	-0.121784	56.746851	0.666069	0.014515	10.8
765	-0.131438	55.801263	0.674269	0.020383	15.4
766	-0.131462	54.854071	0.682689	0.030532	10.9
767	-0.132553	53.906732	0.691323	0.020186	18.0
768	-0.123109	52.971095	0.700067	0.021543	14.7
769	-0.115268	53.779784	0.692496	0.026491	11.3
770	-0.116924	52.831617	0.701390	0.018326	10.0
771	-0.109621	53.058391	0.699242	0.028334	11.2
772	-0.130034	54.058296	0.689927	0.024393	11.7
773	-0.119140	53.110128	0.698754	0.017116	13.5
774	-0.133188	54.088914	0.689646	0.027377	11.6
775	-0.123521	53.140772	0.698465	0.032972	12.1
776	-0.122137	52.260343	0.706859	0.031513	10.3
777	-0.123473	51.312175	0.716127	0.029007	12.1
778	-0.125990	52.301628	0.706461	0.028005	21.7
779	-0.138756	53.297257	0.696994	0.020476	14.2
780	-0.115052	52.349114	0.706004	0.022874	19.1
781	-0.119858	53.328762	0.696698	0.024319	11.9
782	-0.142193	52.383975	0.705668	0.025519	9.3
783	-0.133224	53.383974	0.696181	0.018231	11.1
784	-0.126873	54.218349	0.688459	0.026852	9.7
785	-0.142290	54.196204	0.688662	0.017204	12.4
786	-0.132977	55.194658	0.679637	0.019958	10.8
787	-0.122961	54.374057	0.687037	0.024765	9.5
788	-0.112390	55.373929	0.678042	0.017269	11.1
789	-0.126358	56.373927	0.669279	0.021633	11.6
790	-0.116460	55.425890	0.677581	0.010727	11.4
791	-0.130388	55.994674	0.672576	0.023059	9.8
792	-0.132196	55.091751	0.680556	0.017325	10.4
793	-0.137886	54.518526	0.685722	0.013532	9.3
794	-0.125572	53.767683	0.692608	0.023101	9.5
795	-0.124251	52.819951	0.701500	0.030776	11.2
796	-0.152278	53.819946	0.692125	0.021536	9.8
797	-0.119271	52.871779	0.701008	0.023302	9.7
798	-0.133628	51.937052	0.709992	0.021728	9.9
799	-0.128610	51.009510	0.719137	0.016700	10.0
800	-0.130106	52.005770	0.709324	0.019592	10.5
801	-0.115870	52.693327	0.702706	0.020653	10.2
802	-0.125259	53.381853	0.696201	0.018075	9.3
803	-0.117449	52.434682	0.705181	0.020381	9.9
804	-0.142197	51.672364	0.712578	0.033265	9.6
805	-0.129108	52.671827	0.702911	0.018986	10.5
806	-0.118857	51.726236	0.712050	0.021718	10.0
807	-0.130166	52.107474	0.708337	0.029095	9.7
808	-0.123632	51.246058	0.716783	0.024990	10.8
809	-0.127429	51.426589	0.714996	0.018595	9.1
810	-0.124220	50.478885	0.724476	0.019431	10.5
811	-0.129011	51.477018	0.714499	0.020043	11.1
812	-0.139444	52.476537	0.704779	0.024081	9.2
813	-0.121093	53.475836	0.695323	0.031005	9.2
814	-0.128413	52.531049	0.704257	0.015502	9.3
815	-0.124234	51.582888	0.713456	0.018486	11.1
816	-0.123964	50.681152	0.722432	0.018988	9.3
817	-0.121676	51.678634	0.712517	0.036585	10.8
818	-0.133740	50.790589	0.721330	0.019807	9.7
819	-0.125170	51.790412	0.711422	0.026783	10.0
820	-0.112905	52.135104	0.708069	0.014042	11.5
821	-0.120316	52.909550	0.700650	0.027811	10.0
822	-0.114619	51.961676	0.709753	0.025194	10.3
823	-0.148599	52.961590	0.700157	0.018375	10.2
824	-0.119825	53.961303	0.690820	0.019316	11.6
825	-0.131282	54.303978	0.687676	0.022746	22.0
826	-0.126863	55.303958	0.678664	0.012535	10.9
827	-0.126682	56.185444	0.670913	0.024574	10.9
828	-0.134165	57.085255	0.663182	0.029007	13.1
829	-0.135725	57.626326	0.658618	0.020384	15.4
830	-0.123586	56.679194	0.666649	0.023223	12.0
831	-0.147268	55.941004	0.673045	0.028122	10.2
832	-0.114564	56.356336	0.669431	0.015518	12.2
833	-0.135662	57.356273	0.660888	0.030002	10.8
834	-0.123955	58.331021	0.652768	0.018938	9.6
835	-0.131341	57.391679	0.660590	0.016917	9.4
836	-0.122561	56.903807	0.664727	0.028958	10.1
837	-0.127151	57.903803	0.656302	0.018875	12.5
838	-0.127647	56.982262	0.664058	0.007207	10.1
839	-0.125653	57.406206	0.660467	0.026584	9.1
840	-0.135394	57.349101	0.660949	0.026277	9.6
841	-0.130386	56.683714	0.666610	0.023427	9.8
842	-0.133131	55.735556	0.674847	0.026490	12.9
843	-0.131037	54.787396	0.683290	0.020678	9.4
844	-0.119512	53.839346	0.691945	0.021427	9.6
845	-0.123696	52.913194	0.700616	0.012140	10.1
846	-0.129755	53.879321	0.691576	0.021994	9.3
847	-0.114502	52.955012	0.700219	0.031191	11.8
848	-0.106669	52.008109	0.709301	0.011306	10.9
849	-0.116652	52.959169	0.700180	0.013880	9.5
850	-0.128131	52.991565	0.699873	0.018947	9.9
851	-0.146802	52.055723	0.708839	0.013948	9.5
852	-0.125454	53.052441	0.699298	0.020124	11.4
853	-0.137398	53.588453	0.694273	0.024217	10.2
854	-0.138951	54.553063	0.685409	0.022460	10.2
855	-0.125359	53.605164	0.694117	0.023559	10.1
856	-0.126034	52.656997	0.703052	0.023220	10.7
857	-0.127414	53.655691	0.693647	0.020751	12.8
858	-0.142715	54.367937	0.687092	0.016389	9.6
859	-0.126733	54.015566	0.690320	0.016964	10.2
860	-0.144448	55.006958	0.681316	0.020388	9.4
861	-0.120248	54.059035	0.689920	0.026068	10.2
862	-0.129689	53.118080	0.698679	0.035407	12.9
863	-0.123296	52.169926	0.707732	0.016579	11.8
864	-0.125529	53.169109	0.698198	0.021698	11.0
865	-0.133663	52.221509	0.707234	0.016902	12.6
866	-0.119632	53.219436	0.697725	0.023527	16.4
867	-0.134757	52.278775	0.706681	0.012847	13.0
868	-0.135290	53.275082	0.697202	0.015705	11.5
869	-0.126562	52.361831	0.705881	0.020741	10.5
870	-0.119797	53.361778	0.696389	0.020977	11.4
871	-0.117076	52.526867	0.704297	0.018665	11.5
872	-0.125589	53.526380	0.694851	0.015550	10.2
873	-0.129389	53.794850	0.692357	0.021869	11.1
874	-0.128537	54.785385	0.683308	0.024438	10.4
875	-0.143550	55.754743	0.674678	0.022619	11.1
876	-0.123547	54.806868	0.683114	0.027396	12.7
877	-0.118632	55.795114	0.674323	0.009732	10.5
878	-0.136991	56.146633	0.671251	0.027616	15.2
879	-0.116637	55.517560	0.676769	0.024603	10.2
880	-0.129235	56.517514	0.668039	0.018272	12.4
881	-0.123946	57.513619	0.659564	0.028247	11.9
882	-0.117546	57.988637	0.655597	0.019243	11.4
883	-0.132842	58.901504	0.648107	0.014770	12.6
884	-0.128004	59.855548	0.640460	0.019522	14.1
885	-0.133222	60.845200	0.632716	0.025166	11.6
886	-0.139041	61.845200	0.625078	0.023527	12.3
887	-0.129063	60.903001	0.632269	0.035583	12.1
888	-0.113173	61.903001	0.624642	0.021331	14.8
889	-0.118318	60.954833	0.631869	0.025443	21.5
890	-0.138153	60.007781	0.639256	0.020244	12.5
891	-0.134453	61.007757	0.631461	0.025361	14.3
892	-0.132201	60.136700	0.638241	0.013188	12.7
893	-0.129796	59.230796	0.645447	0.016611	12.2
894	-0.135276	58.385900	0.652316	0.013618	10.3
895	-0.135916	58.222910	0.653659	0.021897	13.6
896	-0.133473	59.219192	0.645540	0.022353	9.8
897	-0.127080	59.570748	0.642724	0.011110	12.9
898	-0.122319	60.510179	0.635316	0.019832	10.4
899	-0.130618	60.761987	0.633360	0.015421	11.3
900	-0.118107	60.416937	0.636044	0.013268	21.3
901	-0.125336	59.623135	0.642306	0.029147	15.2
902	-0.129016	60.621443	0.634450	0.023709	13.9
903	-0.123087	61.610877	0.626851	0.028922	13.6
904	-0.118789	60.765167	0.633335	0.016580	10.4
905	-0.124260	59.817018	0.640765	0.032041	10.6
906	-0.140702	60.745449	0.633488	0.024082	12.5
907	-0.124453	61.745424	0.625832	0.017567	14.1
908	-0.130016	62.744626	0.618365	0.017625	17.2
909	-0.117852	61.943190	0.624340	0.017334	11.7
910	-0.127392	61.812661	0.625324	0.017091	12.7
911	-0.111849	61.264010	0.629494	0.019456	11.9
912	-0.111885	62.263597	0.621937	0.020137	9.9
913	-0.131647	62.967264	0.616725	0.034949	10.0
914	-0.113676	63.963441	0.609494	0.018410	9.4
915	-0.141348	63.015274	0.616373	0.021545	9.4
916	-0.134111	63.940270	0.609661	0.021488	11.9
917	-0.126550	62.997612	0.616502	0.009908	9.6
918	-0.115553	62.085739	0.623269	0.017284	10.0
919	-0.117511	61.203895	0.629955	0.024064	10.2
920	-0.140183	62.164521	0.622678	0.016452	9.9
921	-0.121231	61.488263	0.627783	0.020690	12.0
922	-0.121691	62.256068	0.621993	0.018457	9.9
923	-0.122381	63.224445	0.614842	0.023347	10.0
924	-0.124860	64.224370	0.607628	0.022903	10.3
925	-0.128711	63.276373	0.614463	0.021595	17.5
926	-0.135513	62.331872	0.621428	0.016486	14.4
927	-0.119963	62.310134	0.621590	0.026312	13.8
928	-0.120968	62.312015	0.621576	0.036521	10.4
929	-0.119971	63.299056	0.614298	0.028648	12.1
930	-0.118893	64.299056	0.607096	0.018921	11.8
931	-0.112805	63.925272	0.609768	0.018328	12.5
932	-0.135663	64.918792	0.602717	0.017584	11.7
933	-0.150058	64.009684	0.609163	0.029858	13.6
934	-0.128024	63.317786	0.614161	0.026495	10.8
935	-0.123053	62.369619	0.621146	0.023096	11.5
936	-0.117483	63.012622	0.616392	0.045502	11.7
937	-0.135356	64.012622	0.609142	0.015736	13.1
938	-0.112731	64.416091	0.606264	0.022470	10.8
939	-0.135876	63.507114	0.612785	0.014331	12.6
940	-0.117686	62.559038	0.619738	0.015797	10.5
941	-0.134958	63.437138	0.613293	0.044311	9.8
942	-0.127668	64.437034	0.606116	0.021590	13.1
943	-0.138882	65.437034	0.599104	0.020183	13.9
944	-0.135851	65.803327	0.596575	0.034155	13.4
945	-0.117604	64.856715	0.603153	0.020138	16.3
946	-0.128927	65.856695	0.596209	0.021031	11.0
947	-0.116573	66.653265	0.590791	0.024115	10.7
948	-0.119680	65.778601	0.596745	0.022815	12.5
949	-0.124537	64.830519	0.603337	0.017867	12.2
950	-0.123570	63.914257	0.609847	0.017170	12.4
951	-0.137103	62.966897	0.616728	0.018111	10.4
952	-0.124872	62.070693	0.623381	0.017193	11.0
953	-0.109381	61.503584	0.627666	0.015150	11.1
954	-0.122821	61.076731	0.630931	0.022025	11.8
955	-0.109948	60.430182	0.635940	0.013386	11.0
956	-0.129594	60.741514	0.633518	0.029493	12.1
957	-0.133862	61.741326	0.625863	0.024750	11.2
958	-0.140598	62.741326	0.618389	0.013247	11.7
959	-0.121229	62.031762	0.623674	0.020766	12.4
960	-0.125427	62.999911	0.616486	0.016412	14.3
961	-0.128146	63.979337	0.609380	0.018014	12.5
962	-0.137629	63.031262	0.616256	0.020415	10.5
963	-0.135350	64.029501	0.609021	0.018449	12.4
964	-0.128295	64.958061	0.602442	0.018712	10.9
965	-0.120508	65.952302	0.595553	0.034142	12.1
966	-0.130969	65.537913	0.598405	0.020503	11.1
967	-0.119207	64.589755	0.605034	0.026917	13.3
968	-0.135715	65.552724	0.598303	0.022068	10.7
969	-0.120334	66.475916	0.591988	0.018582	10.6
970	-0.132090	67.475911	0.585298	0.019896	11.6
971	-0.114295	68.418378	0.579129	0.013953	10.7
972	-0.137336	69.398029	0.572852	0.036326	10.8
973	-0.120702	70.393558	0.566612	0.014345	10.9
974	-0.116923	69.453011	0.572504	0.027539	11.5
975	-0.134550	70.411656	0.566500	0.021231	15.0
976	-0.114468	71.404065	0.560416	0.016157	32.5
977	-0.138979	72.042325	0.556572	0.020023	22.5
978	-0.110247	71.142375	0.562008	0.025971	30.6
979	-0.125306	72.096115	0.556250	0.015142	19.1
980	-0.130487	71.155654	0.561927	0.013298	31.3
981	-0.112432	71.625888	0.559074	0.019156	22.7
982	-0.128290	70.729054	0.564540	0.019213	29.8
983	-0.112403	69.784812	0.570412	0.022898	14.6
984	-0.130982	69.952187	0.569362	0.017632	16.3
985	-0.120735	70.888611	0.563560	0.019971	15.1
986	-0.128361	69.952735	0.569359	0.028915	15.3
987	-0.128028	69.005501	0.575351	0.017362	17.2
988	-0.130824	68.058332	0.581470	0.022401	14.8
989	-0.118232	69.058160	0.575014	0.012198	15.3
990	-0.128625	69.918354	0.569574	0.026087	14.1
991	-0.126993	70.477646	0.566092	0.021642	15.9
992	-0.128216	69.545459	0.571920	0.017556	14.1
993	-0.124733	68.597302	0.577972	0.016009	13.7
994	-0.127428	69.282922	0.573583	0.026617	14.9
995	-0.144221	70.248215	0.567515	0.020206	15.9
996	-0.128011	69.300048	0.573474	0.027164	15.8
997	-0.124080	68.351889	0.579559	0.020015	16.8
998	-0.121650	69.351886	0.573145	0.021169	14.3
999	-0.135173	68.450599	0.578920	0.018422	11.0
1000	-0.128213	69.429633	0.572652	0.017210	12.2
1001	-0.120295	70.342238	0.566931	0.014693	15.6
1002	-0.125923	69.413708	0.572753	0.017737	11.2
1003	-0.122084	69.497755	0.572221	0.019194	11.3
1004	-0.125442	70.417703	0.566463	0.022118	10.6
1005	-0.130410	69.471291	0.572389	0.020297	20.8
1006	-0.124544	69.036872	0.575150	0.022493	17.4
1007	-0.128496	68.088714	0.581272	0.032356	12.4
1008	-0.126707	67.140547	0.587525	0.024976	11.1
1009	-0.139475	66.192383	0.593913	0.014935	14.0
1010	-0.121244	67.192247	0.587180	0.015951	10.4
1011	-0.144621	68.134291	0.580974	0.017220	10.3
1012	-0.128183	69.105455	0.574713	0.023831	10.1
1013	-0.131247	68.602200	0.577940	0.022714	10.4
1014	-0.134242	69.602169	0.571562	0.018482	11.7
1015	-0.139948	70.598600	0.565344	0.018573	9.7
1016	-0.115865	69.653227	0.571240	0.034594	12.9
1017	-0.118864	70.653227	0.565007	0.016133	14.0
1018	-0.118002	71.648597	0.558937	0.025904	12.2
1019	-0.139133	72.648438	0.552970	0.021773	10.8
1020	-0.114551	73.647239	0.547134	0.024905	10.4
1021	-0.126837	74.647237	0.541414	0.022189	10.2
1022	-0.120793	75.148249	0.538593	0.018502	11.0
1023	-0.135853	74.200323	0.543955	0.018824	10.5
1024	-0.115197	73.265017	0.549353	0.019361	10.3
1025	-0.144269	72.316991	0.554934	0.032533	10.1
1026	-0.115845	73.316938	0.549050	0.019506	10.7
1027	-0.129175	72.368776	0.554626	0.017965	16.6
1028	-0.129062	71.431069	0.560252	0.024944	16.6
1029	-0.123752	72.430746	0.554258	0.027504	9.8
1030	-0.128735	73.430746	0.548388	0.015639	9.4
1031	-0.144725	72.482580	0.553951	0.023111	17.4
1032	-0.136126	71.562443	0.559457	0.019331	21.9
1033	-0.133442	71.400847	0.560436	0.015254	14.9
1034	-0.117244	70.474240	0.566113	0.026359	17.4
1035	-0.140742	71.472074	0.560004	0.028058	13.7
1036	-0.116409	72.295305	0.555063	0.018320	13.6
1037	-0.130259	71.347751	0.560758	0.017050	16.1
1038	-0.133377	71.264197	0.561266	0.027045	19.9
1039	-0.114574	72.264101	0.555248	0.013685	17.5
1040	-0.130352	71.423513	0.560298	0.024009	19.4
1041	-0.120635	72.392981	0.554482	0.013489	31.3
1042	-0.113259	72.036135	0.556609	0.012615	15.0
1043	-0.124535	73.003544	0.550881	0.019048	13.0
1044	-0.117870	72.101916	0.556216	0.032311	21.3
1045	-0.135586	73.101736	0.550306	0.020747	18.0
1046	-0.131618	72.156736	0.555888	0.030578	13.3
1047	-0.121412	73.156730	0.549984	0.018825	10.1
1048	-0.108678	72.208644	0.555579	0.012861	9.8
1049	-0.140742	71.413648	0.560358	0.017189	12.3
1050	-0.127342	72.403930	0.554417	0.022010	10.9
1051	-0.139405	71.487042	0.559913	0.017285	9.6
1052	-0.124010	71.603508	0.559209	0.015082	9.9
1053	-0.127073	70.665901	0.564929	0.012331	9.9
1054	-0.127403	71.410109	0.560380	0.016723	12.3
1055	-0.127014	72.342224	0.554784	0.017404	9.7
1056	-0.121257	71.404120	0.560416	0.029887	10.4
1057	-0.125500	70.508262	0.565902	0.017506	16.7
1058	-0.122049	71.508259	0.559785	0.033001	13.9
1059	-0.128953	70.606804	0.565294	0.013541	11.9
1060	-0.121647	71.492278	0.559882	0.029239	9.9
1061	-0.139108	72.052521	0.556511	0.020829	9.5
1062	-0.120818	73.052357	0.550595	0.027386	10.1
1063	-0.133066	72.104189	0.556202	0.022360	11.6
1064	-0.127201	73.103243	0.550297	0.023706	9.9
1065	-0.127228	74.102870	0.544513	0.018794	10.5
1066	-0.131341	73.276425	0.549286	0.014665	9.8
1067	-0.127962	72.379470	0.554562	0.032834	9.9
1068	-0.105055	73.366285	0.548763	0.023346	10.4
1069	-0.141528	74.366249	0.543009	0.021825	9.6
1070	-0.138152	73.423039	0.548433	0.016272	9.2
1071	-0.128284	72.614393	0.553171	0.022751	9.6
1072	-0.115644	73.077622	0.550447	0.023092	9.2
1073	-0.130605	74.046974	0.544833	0.024546	12.8
1074	-0.135659	75.046901	0.539161	0.019627	9.2
1075	-0.118140	76.046895	0.533605	0.017397	9.3
1076	-0.127378	75.119757	0.538752	0.022947	9.3
1077	-0.134128	74.171591	0.544120	0.012805	9.2
1078	-0.134568	74.028031	0.544942	0.017907	11.1
1079	-0.125172	73.080376	0.550431	0.024581	9.9
1080	-0.140805	72.132244	0.556034	0.018898	10.1
1081	-0.106635	71.901337	0.557416	0.024616	10.0
1082	-0.133205	72.901335	0.551480	0.045157	10.8
1083	-0.118599	71.953169	0.557106	0.029296	10.6
1084	-0.139854	72.953169	0.551176	0.019950	9.3
1085	-0.120203	72.005002	0.556795	0.021278	10.9
1086	-0.130092	71.244754	0.561384	0.026776	9.4
1087	-0.118739	72.082402	0.556332	0.028818	11.3
1088	-0.139717	73.081461	0.550424	0.017280	18.9
1089	-0.120912	72.133301	0.556028	0.015679	12.2
1090	-0.120217	71.186033	0.561742	0.019699	9.8
1091	-0.121379	72.162237	0.555855	0.016230	10.3
1092	-0.110019	72.893307	0.551527	0.021153	12.7
1093	-0.123988	73.834581	0.546053	0.016819	10.9
1094	-0.117888	74.792701	0.540592	0.013789	10.0
1095	-0.135507	75.763093	0.535170	0.023902	11.9
1096	-0.121660	74.966234	0.539614	0.023222	12.9
1097	-0.141947	75.843125	0.534728	0.021932	9.8
1098	-0.117832	76.843125	0.529263	0.021193	10.0
1099	-0.129045	75.894969	0.534442	0.018346	9.6
1100	-0.140768	76.193071	0.532803	0.033258	9.8
1101	-0.134430	75.244911	0.538052	0.013797	10.4
1102	-0.127237	76.244121	0.532523	0.013597	9.8
1103	-0.114722	77.211912	0.527275	0.024702	10.0
1104	-0.133797	78.210554	0.521968	0.022280	9.7
1105	-0.117600	77.262396	0.527005	0.020007	9.4
1106	-0.121147	76.314233	0.532139	0.017909	11.4
1107	-0.124708	77.291427	0.526849	0.033951	10.5
1108	-0.126965	76.349399	0.531947	0.017380	9.4
1109	-0.120538	75.405810	0.537154	0.021186	9.9
1110	-0.125210	76.326579	0.532072	0.022214	10.3
1111	-0.128455	75.408668	0.537138	0.034020	11.9
1112	-0.132532	76.401137	0.531665	0.016914	13.8
1113	-0.128104	77.397263	0.526282	0.015223	10.6
1114	-0.136991	77.380309	0.526373	0.028923	9.7
1115	-0.128353	77.881417	0.523705	0.022076	12.4
1116	-0.120827	77.631013	0.525035	0.021211	9.4
1117	-0.127378	77.373993	0.526407	0.012806	10.2
1118	-0.136488	76.450895	0.531393	0.024350	10.1
1119	-0.127695	75.515376	0.536544	0.032066	9.8
1120	-0.130895	76.515374	0.531042	0.021675	13.0
1121	-0.129003	77.159960	0.527555	0.012709	12.5
1122	-0.133542	76.584844	0.530664	0.022445	11.5
1123	-0.108343	76.364996	0.531862	0.021342	12.7
1124	-0.118558	75.431340	0.537011	0.019966	13.8
1125	-0.131987	75.961977	0.534073	0.024335	11.1
1126	-0.115541	75.939723	0.534195	0.021371	10.8
1127	-0.124822	76.938969	0.528745	0.024492	11.7
1128	-0.120607	77.935264	0.523420	0.029950	13.6
1129	-0.117548	76.987142	0.528485	0.020506	11.4
1130	-0.148690	76.038975	0.533649	0.013565	11.6
1131	-0.118105	76.687710	0.530105	0.015116	11.1
1132	-0.145270	77.339032	0.526594	0.022846	10.6
1133	-0.122060	77.534601	0.525549	0.019570	12.5
1134	-0.125440	77.850379	0.523870	0.012664	10.8
1135	-0.147823	78.843474	0.518659	0.014393	10.9
1136	-0.119530	77.988170	0.523141	0.017853	11.6
1137	-0.122073	78.331003	0.521335	0.022561	14.9
1138	-0.112480	77.434761	0.526082	0.012773	11.4
1139	-0.128410	78.426805	0.520833	0.024540	11.0
1140	-0.105465	79.399806	0.515785	0.016632	11.1
1141	-0.123711	78.568357	0.520092	0.016134	11.6
1142	-0.145549	77.797528	0.524150	0.015032	11.7
1143	-0.120893	78.417856	0.520880	0.014735	10.5
1144	-0.120763	78.623503	0.519804	0.033126	12.1
1145	-0.132971	78.063224	0.522744	0.025107	10.3
1146	-0.115414	77.115056	0.527796	0.024730	13.7
1147	-0.132998	76.215887	0.532678	0.019436	11.9
1148	-0.125280	77.108173	0.527833	0.026568	11.4
1149	-0.126453	76.160924	0.532979	0.026327	11.1
1150	-0.120832	75.231136	0.538129	0.019897	11.7
1151	-0.132027	76.230840	0.532596	0.018410	12.8
1152	-0.117414	77.230837	0.527174	0.023092	16.1
1153	-0.116803	78.229568	0.521868	0.033087	12.9
1154	-0.120676	79.229568	0.516661	0.023299	13.2
1155	-0.129536	80.229568	0.511557	0.025812	11.0
1156	-0.129320	79.282734	0.516387	0.010984	11.6
1157	-0.131225	80.010132	0.512669	0.026588	9.4
1158	-0.124270	80.960283	0.507891	0.024476	11.1
1159	-0.125645	81.431545	0.505555	0.015586	12.9
1160	-0.112007	82.095813	0.502297	0.017391	10.2
1161	-0.146340	82.415033	0.500747	0.026866	10.6
1162	-0.117038	81.582659	0.504810	0.027486	10.6
1163	-0.121491	82.582659	0.499936	0.020544	11.8
1164	-0.116204	83.172504	0.497106	0.019069	11.5
1165	-0.127027	82.226137	0.501663	0.027551	11.4
1166	-0.119099	83.225722	0.496852	0.022418	10.3
1167	-0.123639	84.225581	0.492131	0.018364	10.9
1168	-0.130532	85.207185	0.487582	0.014752	12.1
1169	-0.117307	86.189067	0.483116	0.020254	11.2
1170	-0.137180	86.882081	0.480012	0.024315	11.1
1171	-0.143581	87.882051	0.475604	0.012011	16.7
1172	-0.123240	88.808207	0.471593	0.032664	20.6
1173	-0.138031	87.886708	0.475584	0.022162	22.1
1174	-0.136275	88.752344	0.471833	0.017497	15.5
1175	-0.119808	87.827126	0.475844	0.027246	14.7
1176	-0.133287	86.946680	0.479725	0.015847	9.8
1177	-0.114862	86.009112	0.483928	0.018905	10.7
1178	-0.125710	86.966156	0.479639	0.030226	10.6
1179	-0.123891	86.018023	0.483888	0.019110	12.8
1180	-0.110240	86.660588	0.481000	0.029377	15.1
1181	-0.125169	85.725519	0.485214	0.020153	11.2
1182	-0.139933	86.496766	0.481733	0.016485	13.0
1183	-0.123723	85.548630	0.486020	0.015304	10.9
1184	-0.136765	86.528483	0.481591	0.025702	10.7
1185	-0.133644	85.956633	0.484166	0.026204	9.8
1186	-0.126915	85.008527	0.488496	0.015060	10.6
1187	-0.114989	84.105378	0.492693	0.031201	9.8
1188	-0.135130	83.160203	0.497164	0.013804	9.5
1189	-0.115226	83.099400	0.497455	0.022595	10.8
1190	-0.128236	82.427797	0.500685	0.019014	9.1
1191	-0.119673	81.517227	0.505132	0.018702	10.1
1192	-0.138501	80.622174	0.509581	0.019479	9.1
1193	-0.148799	80.556789	0.509909	0.024598	10.2
1194	-0.151441	81.554496	0.504948	0.023024	10.6
1195	-0.125321	80.611377	0.509635	0.024883	9.6
1196	-0.139098	81.532812	0.505055	0.029413	9.7
1197	-0.127370	80.584991	0.509768	0.019337	9.8
1198	-0.123640	79.851408	0.513476	0.021174	10.1
1199	-0.126541	80.850719	0.508438	0.021244	15.9
1200	-0.127122	81.755325	0.503962	0.016760	11.0
1201	-0.140169	82.302936	0.501290	0.016248	9.9
1202	-0.136904	82.033001	0.502603	0.030287	9.8
1203	-0.121448	82.988113	0.497987	0.024802	9.6
1204	-0.117181	82.039945	0.502569	0.027191	11.2
1205	-0.127355	82.992377	0.497967	0.015968	9.1
1206	-0.124236	83.660980	0.494785	0.022698	9.7
1207	-0.122512	82.917272	0.498327	0.015308	9.8
1208	-0.126216	82.481407	0.500425	0.012649	10.6
1209	-0.118171	81.710550	0.504181	0.012347	11.6
1210	-0.141816	81.056016	0.507415	0.021156	9.2
1211	-0.138239	82.044301	0.502548	0.037750	9.8
1212	-0.131470	83.044301	0.497718	0.018370	9.3
1213	-0.124111	82.169244	0.501940	0.022480	10.5
1214	-0.124656	81.257912	0.506413	0.018906	11.2
1215	-0.126809	80.317777	0.511112	0.017507	9.3
1216	-0.107369	81.276722	0.506320	0.011708	9.6
1217	-0.141568	82.041386	0.502562	0.018598	9.5
1218	-0.115021	83.030254	0.497785	0.011668	10.0
1219	-0.138103	83.995885	0.493207	0.028466	11.0
1220	-0.113282	84.969209	0.488677	0.020069	9.4
1221	-0.134960	84.021042	0.493089	0.025320	9.3
1222	-0.125853	83.079172	0.497551	0.022124	9.6
1223	-0.128440	82.833168	0.498730	0.025670	12.0
1224	-0.130015	81.885007	0.503326	0.019227	17.1
1225	-0.125834	82.753253	0.499114	0.023777	10.3
1226	-0.120770	83.753206	0.494350	0.016890	11.2
1227	-0.130537	84.730047	0.489783	0.033918	10.6
1228	-0.125984	84.876939	0.489103	0.025833	15.8
1229	-0.123726	85.876444	0.484529	0.020640	10.5
1230	-0.139583	84.928299	0.488866	0.012219	12.4
1231	-0.125128	84.339009	0.491601	0.020584	9.9
1232	-0.126730	84.319241	0.491693	0.023241	11.8
1233	-0.132441	85.281241	0.487242	0.031645	10.2
1234	-0.115526	86.280128	0.482706	0.035982	10.2
1235	-0.123634	87.280128	0.478248	0.022197	10.2
1236	-0.133698	86.332061	0.482472	0.024581	10.6
1237	-0.117170	87.199220	0.478605	0.022642	11.2
1238	-0.124858	88.199220	0.474223	0.021962	10.1
1239	-0.147948	87.388817	0.477768	0.025026	10.1
1240	-0.131580	88.388817	0.473401	0.031615	10.5
1241	-0.139435	88.669842	0.472188	0.014056	10.2
1242	-0.126826	89.668081	0.467928	0.015697	10.6
1243	-0.118607	88.945361	0.471004	0.021524	10.0
1244	-0.145246	89.941729	0.466774	0.017884	9.8
1245	-0.121271	90.044759	0.466341	0.026773	9.7
1246	-0.135552	91.044299	0.462181	0.025294	9.5
1247	-0.132674	92.044218	0.458093	0.018880	11.7
1248	-0.141800	93.043443	0.454079	0.018297	10.0
1249	-0.127721	93.299066	0.453063	0.027515	10.5
1250	-0.137188	92.419093	0.456579	0.024055	9.5
1251	-0.129847	91.471009	0.460427	0.017051	9.3
1252	-0.139842	92.342814	0.456886	0.029677	10.7
1253	-0.115083	93.335189	0.452920	0.023624	9.1
1254	-0.129632	92.387118	0.456707	0.016148	9.2
1255	-0.134610	91.507283	0.460279	0.016003	9.2
1256	-0.140602	90.700099	0.463605	0.013599	9.6
1257	-0.116108	90.822549	0.463097	0.019975	11.4
1258	-0.126954	91.820356	0.459002	0.025518	10.0
1259	-0.133866	92.820314	0.454969	0.016568	9.4
1260	-0.136060	91.872186	0.458791	0.011498	9.6
1261	-0.137376	92.734951	0.455311	0.029001	9.4
1262	-0.124220	91.796147	0.459100	0.018175	9.9
1263	-0.136699	90.848006	0.462992	0.018825	10.4
1264	-0.105687	91.839800	0.458923	0.015535	10.0
1265	-0.125612	91.295344	0.461148	0.022945	9.4
1266	-0.119230	92.295324	0.457077	0.031235	9.3
1267	-0.149266	91.348961	0.460928	0.023526	9.1
1268	-0.120561	90.402914	0.464842	0.020540	10.3
1269	-0.131164	89.481980	0.468717	0.018136	9.3
1270	-0.123924	88.560911	0.472657	0.020853	10.0
1271	-0.124231	89.540743	0.468467	0.020814	9.9
1272	-0.127818	88.655800	0.472248	0.023004	9.6
1273	-0.124418	88.696832	0.472071	0.027207	10.7
1274	-0.113557	89.493570	0.468667	0.020173	10.3
1275	-0.116750	90.493445	0.464464	0.015212	10.2
1276	-0.127499	90.599286	0.464024	0.023257	10.4
1277	-0.125556	89.835833	0.467220	0.022387	10.2
1278	-0.125358	89.031335	0.470636	0.032463	11.3
1279	-0.126051	90.031329	0.466397	0.020653	9.6
1280	-0.121766	91.031329	0.462234	0.027852	10.4
1281	-0.124241	92.003917	0.458256	0.021727	10.7
1282	-0.131235	93.003147	0.454239	0.022249	11.5
1283	-0.125600	92.876180	0.454746	0.008041	11.1
1284	-0.140983	93.237262	0.453309	0.011531	9.6
1285	-0.130310	93.816765	0.451021	0.022912	9.4
1286	-0.132701	93.690144	0.451519	0.027890	10.0
1287	-0.147460	93.292348	0.453090	0.023056	9.8
1288	-0.130129	94.291312	0.449164	0.015049	11.7
1289	-0.144048	93.351257	0.452857	0.027051	10.1
1290	-0.143573	94.256594	0.449300	0.017275	10.2
1291	-0.123706	95.204493	0.445635	0.020592	9.8
1292	-0.133833	96.197806	0.441858	0.025449	9.8
1293	-0.120592	97.190822	0.438145	0.025822	15.1
1294	-0.113306	98.190821	0.434469	0.019103	11.5
1295	-0.113393	97.243387	0.437950	0.021653	9.4
1296	-0.117965	98.144230	0.434639	0.024252	9.7
1297	-0.131908	99.143034	0.431026	0.015921	10.5
1298	-0.122619	98.229199	0.434329	0.021863	10.6
1299	-0.133090	98.810944	0.432220	0.017688	9.6
1300	-0.133897	97.863246	0.435666	0.036487	9.4
1301	-0.129969	96.915600	0.439168	0.025279	10.1
1302	-0.124445	97.893473	0.435556	0.022221	10.2
1303	-0.129909	97.103746	0.438468	0.022640	10.6
1304	-0.138333	96.155995	0.442015	0.027642	9.8
1305	-0.110114	97.155991	0.438274	0.016729	10.2
1306	-0.116260	98.155991	0.434596	0.026985	9.6
1307	-0.132110	98.776866	0.432343	0.015498	9.7
1308	-0.132780	97.828769	0.435793	0.027555	10.3
1309	-0.124107	98.797446	0.432269	0.034575	9.3
1310	-0.132327	99.797446	0.428691	0.025624	9.1
1311	-0.121472	98.977429	0.431621	0.020210	9.5
1312	-0.133188	99.974302	0.428064	0.014033	9.4
1313	-0.127188	99.938994	0.428189	0.013344	11.2
1314	-0.117755	100.701258	0.425507	0.029002	10.2
1315	-0.116327	101.690858	0.422075	0.023466	9.5
1316	-0.099797	100.752676	0.425327	0.012047	10.2
1317	-0.117941	101.617326	0.422328	0.023556	9.3
1318	-0.132664	100.683692	0.425568	0.017332	11.7
1319	-0.115600	99.735807	0.428909	0.019579	13.2
1320	-0.132600	100.262966	0.427045	0.014732	11.6
1321	-0.137528	99.436458	0.429976	0.030089	9.5
1322	-0.131921	100.233161	0.427150	0.018297	9.8
1323	-0.139389	101.222390	0.423693	0.014596	10.7
1324	-0.125889	100.320807	0.426841	0.016408	11.3
1325	-0.122366	100.144394	0.427463	0.018708	9.6
1326	-0.115633	99.196521	0.430834	0.016540	9.0
1327	-0.115649	98.250285	0.434252	0.016628	10.3
1328	-0.122214	98.546559	0.433176	0.012033	11.4
1329	-0.138517	99.242261	0.430670	0.016892	10.0
1330	-0.124965	100.204954	0.427249	0.030452	10.2
1331	-0.122983	101.204954	0.423753	0.020439	9.6
1332	-0.133523	100.296055	0.426928	0.019947	9.6
1333	-0.122737	99.348226	0.430291	0.029754	10.3
1334	-0.126905	98.400246	0.433707	0.023377	10.1
1335	-0.137856	99.396765	0.430117	0.031013	9.7
1336	-0.133107	100.373818	0.426655	0.018066	9.7
1337	-0.131779	101.362532	0.423207	0.031870	9.6
1338	-0.127061	100.427505	0.426466	0.014917	10.8
1339	-0.129073	99.482552	0.429811	0.033710	9.4
1340	-0.152293	99.941353	0.428181	0.031764	10.0
1341	-0.137954	100.941353	0.424669	0.020751	10.4
1342	-0.116337	101.924407	0.421273	0.013594	9.6
1343	-0.125425	102.572207	0.419065	0.014934	10.5
1344	-0.130648	101.675713	0.422127	0.007502	9.2
1345	-0.132813	102.320340	0.419920	0.017790	9.8
1346	-0.128493	103.082411	0.417341	0.020762	9.2
1347	-0.120813	104.038827	0.414149	0.017923	9.9
1348	-0.122080	104.944061	0.411172	0.025677	11.6
1349	-0.129572	104.754407	0.411793	0.022847	10.9
1350	-0.125157	105.754376	0.408544	0.019743	10.0
1351	-0.136947	104.809332	0.411613	0.017797	9.7
1352	-0.109479	105.806462	0.408376	0.015263	9.7
1353	-0.139858	106.750160	0.405359	0.017310	11.5
1354	-0.122222	107.515180	0.402946	0.019740	9.7
1355	-0.147317	107.356713	0.403444	0.020844	9.4
1356	-0.131899	107.316094	0.403572	0.023920	10.2
1357	-0.113333	107.178246	0.404006	0.028397	10.0
1358	-0.121539	108.178244	0.400878	0.018784	11.4
1359	-0.125693	108.988881	0.398378	0.011942	9.7
1360	-0.138401	108.963149	0.398457	0.018459	9.8
1361	-0.127890	108.378622	0.400257	0.018246	10.1
1362	-0.118949	107.437216	0.403191	0.020149	9.4
1363	-0.129158	108.386257	0.400234	0.016139	12.0
1364	-0.119776	108.259455	0.400626	0.021430	9.6
1365	-0.123892	108.011077	0.401398	0.024259	9.8
1366	-0.130599	107.330157	0.403527	0.019060	9.2
1367	-0.128890	108.327733	0.400415	0.014877	10.1
1368	-0.117239	108.630871	0.399478	0.028814	10.8
1369	-0.132810	109.630139	0.396423	0.013752	9.6
1370	-0.124453	110.629713	0.393412	0.020926	9.4
1371	-0.130438	109.685440	0.396255	0.022291	9.3
1372	-0.126062	110.666153	0.393303	0.025247	10.2
1373	-0.127529	111.154764	0.391849	0.016928	10.4
1374	-0.141030	111.563880	0.390640	0.016403	15.4
1375	-0.112551	112.147136	0.388929	0.017519	9.9
1376	-0.121354	113.146874	0.386030	0.023675	11.3
1377	-0.119499	114.038267	0.383482	0.026025	12.4
1378	-0.119188	113.097140	0.386173	0.020838	9.7
1379	-0.114643	114.091996	0.383329	0.020238	10.4
1380	-0.113106	113.143902	0.386039	0.011969	11.8
1381	-0.135232	112.224660	0.388702	0.030881	12.2
1382	-0.130249	112.350316	0.388336	0.029509	12.4
1383	-0.128643	113.350316	0.385446	0.023141	9.8
1384	-0.135259	114.229388	0.382940	0.019950	9.9
1385	-0.137494	113.413298	0.385265	0.036461	9.5
1386	-0.128906	114.413298	0.382420	0.021862	10.1
1387	-0.114708	115.411414	0.379622	0.022093	10.4
1388	-0.140004	115.989999	0.378018	0.021730	12.6
1389	-0.126676	116.961843	0.375355	0.017497	11.1
1390	-0.134856	117.961834	0.372654	0.028034	9.5
1391	-0.129941	118.960781	0.369995	0.029355	11.7
1392	-0.137724	118.175963	0.372081	0.016658	10.6
1393	-0.132612	117.397853	0.374173	0.041805	10.7
1394	-0.129458	118.397836	0.371489	0.011847	11.0
1395	-0.132364	119.397831	0.368843	0.020349	10.5
1396	-0.122357	120.138299	0.366908	0.026211	12.2
1397	-0.113159	119.234808	0.369272	0.031785	9.4
1398	-0.133058	118.286640	0.371785	0.016350	10.5
1399	-0.116042	119.286640	0.369135	0.030429	9.4
1400	-0.129143	118.338473	0.371647	0.020646	9.3
1401	-0.108449	117.406084	0.374151	0.023378	12.6
1402	-0.132737	116.457923	0.376732	0.022908	9.3
1403	-0.136721	115.509756	0.379348	0.017107	10.1
1404	-0.128233	116.463156	0.376717	0.017920	10.6
1405	-0.137737	117.220804	0.374652	0.019869	11.0
1406	-0.136380	118.220502	0.371962	0.023521	12.7
1407	-0.125779	119.220470	0.369309	0.034433	11.5
1408	-0.119853	118.272303	0.371824	0.021608	10.7
1409	-0.124682	117.489876	0.373924	0.032791	10.0
1410	-0.147437	116.541709	0.376502	0.026870	9.9
1411	-0.124138	115.613340	0.379061	0.020507	10.0
1412	-0.122991	116.613340	0.376306	0.016468	9.1
1413	-0.123117	117.611337	0.373597	0.013669	11.9
1414	-0.127252	118.458141	0.371328	0.024247	10.0
1415	-0.117449	119.457752	0.368685	0.019088	12.3
1416	-0.132839	118.513085	0.371182	0.017295	9.4
1417	-0.130645	119.268670	0.369182	0.009030	9.7
1418	-0.123895	119.739950	0.367946	0.019609	9.1
1419	-0.120722	119.049932	0.369759	0.015307	9.5
1420	-0.133138	118.137454	0.372184	0.018127	10.4
1421	-0.131716	119.089249	0.369655	0.025630	9.8
1422	-0.131361	118.141579	0.372173	0.022896	10.4
1423	-0.137060	117.263252	0.374537	0.019545	9.6
1424	-0.111741	116.344858	0.377042	0.014501	9.9
1425	-0.126703	115.764863	0.378641	0.023238	10.2
1426	-0.133184	115.160330	0.380322	0.019872	11.2
1427	-0.130802	115.636996	0.378995	0.032194	9.8
1428	-0.121536	116.461692	0.376721	0.019692	9.8
1429	-0.127794	116.615189	0.376301	0.015305	9.6
1430	-0.136367	115.953898	0.378118	0.010343	9.8
1431	-0.127765	115.126761	0.380416	0.021491	11.9
1432	-0.128437	116.052317	0.377846	0.020633	10.6
1433	-0.144312	116.924115	0.375458	0.015657	10.6
1434	-0.114476	115.997402	0.377998	0.013987	9.9
1435	-0.114176	116.878559	0.375582	0.017145	10.8
1436	-0.120924	115.947091	0.378137	0.029279	10.7
1437	-0.141928	114.999023	0.380773	0.033595	9.4
1438	-0.114816	115.999023	0.377993	0.018774	9.3
1439	-0.138207	116.999023	0.375254	0.011414	9.1
1440	-0.111722	116.066007	0.377809	0.024022	9.6
1441	-0.133233	117.060805	0.375086	0.020831	10.4
1442	-0.142258	118.060805	0.372389	0.030707	9.6
1443	-0.123180	117.112637	0.374946	0.029358	9.2
1444	-0.122217	116.164470	0.377538	0.019519	11.0
1445	-0.117413	116.173136	0.377514	0.023312	9.3
1446	-0.128150	115.228057	0.380133	0.014935	10.9
1447	-0.119038	116.227528	0.377364	0.022668	9.7
1448	-0.128885	115.360996	0.379762	0.019901	9.7
1449	-0.126018	116.359569	0.377001	0.029649	9.3
1450	-0.123220	117.280043	0.374492	0.018922	9.9
1451	-0.136438	116.331927	0.377077	0.017613	11.3
1452	-0.120807	117.329802	0.374357	0.014785	9.7
1453	-0.121467	116.397640	0.376897	0.017723	9.9
1454	-0.138724	117.348912	0.374305	0.027269	9.5
1455	-0.121433	117.560069	0.373735	0.021747	10.5
1456	-0.139085	116.611912	0.376310	0.028307	10.3
1457	-0.116847	117.611697	0.373596	0.012483	9.5
1458	-0.129706	116.664173	0.376167	0.032754	9.7
1459	-0.132277	115.716052	0.378776	0.027769	10.3
1460	-0.148324	114.849522	0.381192	0.022612	10.5
1461	-0.124365	115.618707	0.379046	0.017279	14.8
1462	-0.126064	116.618442	0.376292	0.016177	11.0
1463	-0.129404	115.992069	0.378013	0.016972	10.7
1464	-0.120817	115.285368	0.379973	0.017848	9.9
1465	-0.128990	115.408076	0.379631	0.020822	12.0
1466	-0.129911	114.756760	0.381452	0.012780	9.6
1467	-0.134639	115.598156	0.379103	0.034103	11.5
1468	-0.136764	116.468014	0.376704	0.017546	10.4
1469	-0.124882	115.531103	0.379289	0.024048	9.7
1470	-0.136533	114.997206	0.380778	0.014739	11.8
1471	-0.125029	114.049496	0.383450	0.024814	11.1
1472	-0.116247	115.041442	0.380654	0.024893	11.0
1473	-0.145360	114.107447	0.383286	0.031787	10.1
1474	-0.117944	115.107447	0.380470	0.010823	11.7
1475	-0.124919	114.716420	0.381566	0.022128	9.4
1476	-0.121527	115.695158	0.378834	0.023793	10.5
1477	-0.126296	116.141311	0.377601	0.028730	10.6
1478	-0.123034	117.141299	0.374868	0.023776	10.6
1479	-0.120603	117.871022	0.372898	0.025929	15.7
1480	-0.121583	118.871022	0.370232	0.023721	10.3
1481	-0.134150	117.922855	0.372759	0.017955	11.2
1482	-0.127967	117.299762	0.374438	0.016581	10.2
1483	-0.103104	116.385858	0.376929	0.022449	10.8
1484	-0.133823	115.487134	0.379411	0.014109	10.6
1485	-0.113757	116.465380	0.376711	0.018914	9.4
1486	-0.125424	115.600614	0.379096	0.021609	9.5
1487	-0.130749	114.652500	0.381746	0.023620	9.4
1488	-0.118035	113.709260	0.384419	0.019464	10.4
1489	-0.123207	114.297447	0.382747	0.038476	11.2
1490	-0.116133	113.349316	0.385448	0.019461	9.2
1491	-0.119065	112.401411	0.388187	0.015731	10.7
1492	-0.129214	111.604056	0.390521	0.021439	9.5
1493	-0.123471	110.657975	0.393328	0.018240	9.7
1494	-0.125330	110.548050	0.393656	0.029980	9.8
1495	-0.136943	111.547913	0.390687	0.022070	10.1
1496	-0.111967	112.315644	0.388437	0.015585	9.6
1497	-0.125203	113.308835	0.385565	0.017794	9.7
1498	-0.125905	114.200092	0.383023	0.013466	10.1
1499	-0.106361	114.884904	0.381093	0.018601	11.4
1500	-0.125018	114.116816	0.383259	0.028260	9.4
1501	-0.132413	115.113526	0.380453	0.028759	9.5
1502	-0.127723	114.355266	0.382584	0.014254	9.6
1503	-0.122953	115.351860	0.379788	0.015342	9.5
1504	-0.124414	114.600173	0.381893	0.019389	12.4
1505	-0.136260	113.652341	0.384581	0.015188	9.8
1506	-0.130786	113.322700	0.385525	0.032121	9.9
1507	-0.128529	114.322698	0.382676	0.015864	9.2
1508	-0.130539	115.322681	0.379869	0.022748	9.3
1509	-0.140418	115.292761	0.379952	0.028983	13.0
1510	-0.143314	116.228207	0.377362	0.018314	11.2
1511	-0.129167	117.228207	0.374632	0.019717	10.5
1512	-0.125101	116.281640	0.377215	0.019835	10.2
1513	-0.133504	117.216511	0.374664	0.028919	10.3
1514	-0.119453	118.216504	0.371973	0.033572	11.3
1515	-0.135250	118.566540	0.371040	0.010403	9.7
1516	-0.132308	119.289971	0.369126	0.027494	9.4
1517	-0.130855	120.254969	0.366605	0.015434	9.6
1518	-0.129060	119.593525	0.368329	0.019608	9.8
1519	-0.119005	120.133382	0.366921	0.025823	10.2
1520	-0.123463	119.202838	0.369356	0.025351	10.4
1521	-0.134877	118.254670	0.371871	0.027444	9.4
1522	-0.133556	119.250299	0.369231	0.029869	9.3
1523	-0.116408	118.302131	0.371744	0.023872	9.2
1524	-0.120994	118.113895	0.372247	0.015965	11.4
1525	-0.110905	117.167323	0.374797	0.020100	9.9
1526	-0.131919	117.595217	0.373640	0.017096	9.9
1527	-0.135251	116.651417	0.376202	0.023036	9.5
1528	-0.123184	116.264519	0.377262	0.030095	9.7
1529	-0.128917	116.750048	0.375933	0.015019	10.9
1530	-0.114109	117.749939	0.373223	0.019357	10.0
1531	-0.132026	117.287581	0.374471	0.028764	10.0
1532	-0.121187	116.361639	0.376996	0.015958	9.6
1533	-0.118989	115.647351	0.378966	0.018861	10.0
1534	-0.136590	116.633218	0.376252	0.020674	10.6
1535	-0.136778	117.633195	0.373538	0.013949	10.1
1536	-0.142687	117.877281	0.372881	0.027691	9.3
1537	-0.125941	116.936470	0.375425	0.024071	9.4
1538	-0.134192	117.936470	0.372722	0.018448	9.1
1539	-0.117991	118.235184	0.371923	0.014955	11.0
1540	-0.134302	119.226140	0.369294	0.022278	9.5
1541	-0.123515	120.150611	0.366876	0.024542	9.3
1542	-0.109401	119.221273	0.369307	0.015102	9.7
1543	-0.129296	118.290829	0.371774	0.032741	9.6
1544	-0.118697	117.343361	0.374320	0.018611	9.7
1545	-0.144212	118.308161	0.371728	0.022921	9.9
1546	-0.134075	117.360511	0.374274	0.020222	10.2
1547	-0.141562	116.745925	0.375944	0.015607	9.8
1548	-0.117062	117.709765	0.373332	0.019880	9.6
1549	-0.125170	118.469353	0.371298	0.025537	9.3
1550	-0.122629	117.521186	0.373840	0.017807	10.5
1551	-0.131849	116.581064	0.376394	0.024081	9.7
1552	-0.142898	115.632919	0.379006	0.029190	9.7
1553	-0.123336	116.552738	0.376472	0.024026	9.3
1554	-0.100037	115.604570	0.379085	0.025237	9.3
1555	-0.142438	114.656413	0.381734	0.018227	11.5
1556	-0.126900	113.712198	0.384410	0.022677	9.5
1557	-0.116445	114.619486	0.381838	0.024051	9.1
1558	-0.107325	113.671322	0.384527	0.014513	9.6
1559	-0.134838	112.723318	0.387253	0.018510	9.7
1560	-0.126036	112.534939	0.387799	0.024359	10.0
1561	-0.137333	111.730053	0.390151	0.015674	10.7
1562	-0.118607	110.782298	0.392957	0.024121	9.8
1563	-0.132557	109.835897	0.395799	0.030831	10.2
1564	-0.130643	110.832910	0.392806	0.020756	10.4
1565	-0.134643	109.885278	0.395650	0.014773	9.9
1566	-0.128968	110.138689	0.394885	0.015314	9.6
1567	-0.144058	109.453119	0.396960	0.021701	9.5
1568	-0.131979	110.179684	0.394762	0.018047	9.2
1569	-0.126403	111.123434	0.391942	0.026065	10.4
1570	-0.141422	110.412103	0.394064	0.026677	10.6
1571	-0.117993	110.324993	0.394325	0.018882	10.5
1572	-0.121362	109.376825	0.397193	0.018342	10.1
1573	-0.133705	110.373394	0.394180	0.026890	9.4
1574	-0.122989	109.734767	0.396105	0.017476	9.4
1575	-0.108800	108.941153	0.398524	0.017109	9.4
1576	-0.129013	109.192347	0.397756	0.019481	12.0
1577	-0.117189	108.575118	0.399650	0.008574	10.1
1578	-0.110631	107.815319	0.402008	0.008689	10.1
1579	-0.122362	108.494972	0.399898	0.030063	10.4
1580	-0.134985	109.494161	0.396836	0.024400	11.9
1581	-0.134870	108.546001	0.399740	0.027567	12.7
1582	-0.117320	109.546001	0.396678	0.025707	11.1
1583	-0.120636	110.546001	0.393663	0.021346	9.3
1584	-0.124738	111.545980	0.390693	0.020809	10.1
1585	-0.126606	111.401261	0.391120	0.019966	9.7
1586	-0.135824	111.289128	0.391451	0.020064	11.5
1587	-0.131190	112.228401	0.388691	0.022716	9.6
1588	-0.127380	113.227099	0.385799	0.020418	9.5
1589	-0.117552	114.224889	0.382953	0.017769	9.5
1590	-0.131333	115.186360	0.380249	0.014936	13.0
1591	-0.125827	114.244194	0.382898	0.019387	9.7
1592	-0.118490	113.778040	0.384222	0.033885	9.8
1593	-0.130908	114.778040	0.381393	0.018219	10.6
1594	-0.125686	113.829885	0.384075	0.013127	9.2
1595	-0.138394	114.824274	0.381263	0.016062	12.0
1596	-0.128567	114.165412	0.383121	0.021504	10.7
1597	-0.130196	113.219946	0.385820	0.020077	9.6
1598	-0.113410	112.847072	0.386895	0.029810	9.3
1599	-0.121625	113.766579	0.384255	0.020107	9.9
1600	-0.120038	112.818412	0.386978	0.014745	10.0
1601	-0.133478	112.231142	0.388683	0.020641	10.0
1602	-0.122790	111.481662	0.390882	0.018538	10.1
1603	-0.125888	112.481226	0.387955	0.026373	9.9
1604	-0.119599	111.535089	0.390725	0.026354	10.0
1605	-0.130810	110.593287	0.393521	0.040491	9.7
1606	-0.128771	111.593287	0.390553	0.013223	12.9
1607	-0.145935	112.578915	0.387671	0.024785	14.2
1608	-0.120339	111.921978	0.389587	0.028588	12.6
1609	-0.120473	112.917753	0.386691	0.017916	9.7
1610	-0.127565	112.586762	0.387649	0.022945	10.3
1611	-0.137029	112.755664	0.387159	0.024794	11.3
1612	-0.126212	111.990601	0.389386	0.018135	12.8
1613	-0.123331	112.990598	0.386480	0.018849	9.7
1614	-0.122124	112.042469	0.389235	0.018942	12.4
1615	-0.122083	112.993598	0.386472	0.022141	10.4
1616	-0.124841	113.993583	0.383609	0.020858	11.2
1617	-0.115637	113.045420	0.386322	0.018231	9.9
1618	-0.131763	112.098925	0.389069	0.032688	9.9
1619	-0.109929	113.098925	0.386168	0.017686	11.1
1620	-0.127037	112.150787	0.388918	0.018959	9.4
1621	-0.125426	111.265558	0.391521	0.018912	10.1
1622	-0.118800	112.233777	0.388676	0.023586	9.5
1623	-0.142408	113.222730	0.385812	0.023706	9.3
1624	-0.123448	112.274571	0.388557	0.023187	10.2
1625	-0.120602	113.274571	0.385663	0.012373	9.6
1626	-0.119517	113.536525	0.384912	0.013966	9.1
1627	-0.144671	113.092795	0.386186	0.023800	9.5
1628	-0.137008	114.028991	0.383508	0.024830	10.8
1629	-0.107777	115.028965	0.380689	0.023868	9.5
1630	-0.131659	114.311001	0.382709	0.013585	10.7
1631	-0.126078	115.121414	0.380430	0.026641	9.8
1632	-0.126126	115.100937	0.380488	0.020151	9.6
1633	-0.113628	114.156913	0.383145	0.022131	9.4
1634	-0.122823	113.232931	0.385783	0.011270	9.9
1635	-0.136252	112.293190	0.388502	0.024494	11.1
1636	-0.126984	113.290801	0.385616	0.020947	10.5
1637	-0.126425	114.290675	0.382766	0.021683	10.4
1638	-0.126729	115.167605	0.380301	0.020113	9.8
1639	-0.123786	115.265173	0.380029	0.026439	10.4
1640	-0.126783	114.317008	0.382692	0.013859	10.0
1641	-0.156984	113.474973	0.385088	0.025267	9.7
1642	-0.106321	114.459691	0.382289	0.014817	9.2
1643	-0.130896	115.217716	0.380162	0.016269	9.6
1644	-0.127787	116.185390	0.377480	0.016609	9.4
1645	-0.116655	116.526371	0.376544	0.015978	10.8
1646	-0.129914	117.506043	0.373881	0.015775	9.2
1647	-0.126755	116.680710	0.376122	0.025720	9.2
1648	-0.133251	115.765535	0.378639	0.043615	9.9
1649	-0.118569	114.817367	0.381282	0.019963	10.3
1650	-0.115865	115.816884	0.378497	0.023846	11.8
1651	-0.129900	116.053863	0.377842	0.020385	9.5
1652	-0.124629	116.412278	0.376857	0.020692	11.8
1653	-0.111226	115.464111	0.379475	0.030907	14.3
1654	-0.118950	114.592874	0.381913	0.016589	14.3
1655	-0.147415	115.592866	0.379117	0.019794	9.9
1656	-0.124262	114.644820	0.381767	0.047356	10.4
1657	-0.138550	115.644820	0.378973	0.026088	10.5
1658	-0.128966	116.644820	0.376220	0.041686	12.0
1659	-0.136139	117.644820	0.373506	0.025223	11.4
1660	-0.130541	118.644820	0.370832	0.022874	10.0
1661	-0.123745	119.644584	0.368196	0.017029	9.5
1662	-0.138550	120.626828	0.365642	0.020987	9.7
1663	-0.121320	119.679830	0.368103	0.014898	10.5
1664	-0.127872	119.306512	0.369083	0.020210	12.1
1665	-0.115981	118.672213	0.370759	0.015630	10.2
1666	-0.125949	118.805325	0.370406	0.016012	9.6
1667	-0.123143	117.862403	0.372921	0.024728	10.3
1668	-0.139474	116.914551	0.375484	0.016838	10.1
1669	-0.128355	117.794495	0.373104	0.017152	10.8
1670	-0.116169	117.045668	0.375128	0.018286	10.9
1671	-0.122189	117.864958	0.372914	0.041381	13.0
1672	-0.120356	118.864955	0.370248	0.023199	11.2
1673	-0.121461	119.864955	0.367620	0.020803	11.2
1674	-0.128321	120.529307	0.365894	0.030867	10.0
1675	-0.120258	119.581585	0.368361	0.017395	9.2
1676	-0.131227	119.540505	0.368468	0.025234	13.0
1677	-0.128727	120.521247	0.365915	0.019936	10.1
1678	-0.111257	121.510247	0.363375	0.011924	11.3
1679	-0.127890	120.588990	0.365740	0.020892	9.8
1680	-0.135043	119.658051	0.368160	0.025568	9.2
1681	-0.122897	118.802553	0.370413	0.020845	9.9
1682	-0.113144	119.783917	0.367831	0.021643	9.4
1683	-0.141209	120.783018	0.365239	0.030473	11.1
1684	-0.119498	119.834854	0.367698	0.034405	9.8
1685	-0.131307	120.430330	0.366150	0.012733	9.3
1686	-0.129715	121.387123	0.363690	0.020397	9.8
1687	-0.124936	120.449602	0.366100	0.013338	10.6
1688	-0.109296	121.442055	0.363549	0.021419	11.6
1689	-0.117097	120.499881	0.365970	0.017384	9.8
1690	-0.122865	121.425710	0.363591	0.017253	10.4
1691	-0.134067	120.502203	0.365964	0.024930	10.0
1692	-0.121049	121.488628	0.363431	0.027002	10.2
1693	-0.131762	120.540461	0.365865	0.030288	10.9
1694	-0.135435	121.406134	0.363641	0.021453	9.6
1695	-0.145248	122.406134	0.361105	0.019828	9.8
1696	-0.128521	121.611884	0.363117	0.042240	9.8
1697	-0.126288	122.608002	0.360598	0.015959	9.6
1698	-0.128411	123.607989	0.358104	0.018875	10.7
1699	-0.123509	122.838628	0.360020	0.017260	9.6
1700	-0.112866	123.561702	0.358219	0.032296	12.3
1701	-0.144609	122.615726	0.360578	0.014363	9.7
1702	-0.108147	122.021117	0.362078	0.018518	11.5
1703	-0.129162	121.158633	0.364274	0.017514	10.6
1704	-0.125577	120.326796	0.366418	0.017363	10.4
1705	-0.121416	119.648786	0.368185	0.026689	9.9
1706	-0.122728	120.648439	0.365586	0.021192	10.2
1707	-0.134264	120.385117	0.366267	0.027121	10.8
1708	-0.131598	121.384559	0.363696	0.019880	10.4
1709	-0.124932	120.436548	0.366134	0.019248	9.6
1710	-0.123255	121.349121	0.363787	0.024635	9.3
1711	-0.126763	120.505115	0.365957	0.016011	9.4
1712	-0.126381	119.560536	0.368416	0.027321	9.1
1713	-0.149801	120.559054	0.365817	0.013926	10.6
1714	-0.127597	121.559002	0.363251	0.013756	9.3
1715	-0.141243	121.866217	0.362470	0.026343	10.1
1716	-0.128058	122.683797	0.360408	0.019314	9.9
1717	-0.113338	123.563984	0.358213	0.024005	9.9
1718	-0.141685	124.248253	0.356526	0.018569	11.1
1719	-0.128265	125.133733	0.354365	0.014492	9.9
1720	-0.115150	125.380211	0.353769	0.010627	9.4
1721	-0.135441	126.227740	0.351732	0.016826	10.2
1722	-0.119660	127.217403	0.349384	0.019951	9.4
1723	-0.128189	126.269285	0.351633	0.023085	11.6
1724	-0.127753	125.341765	0.353862	0.021270	10.2
1725	-0.130489	124.618373	0.355619	0.016561	9.8
1726	-0.133531	125.504938	0.353467	0.025492	9.9
1727	-0.110318	124.564884	0.355750	0.014987	9.6
1728	-0.121679	124.699524	0.355421	0.018453	11.7
1729	-0.108675	123.990544	0.357159	0.028952	9.7
1730	-0.133278	123.048805	0.359494	0.014974	9.4
1731	-0.130510	122.124018	0.361817	0.022502	9.8
1732	-0.119269	123.088418	0.359396	0.030958	9.2
1733	-0.136187	122.140261	0.361776	0.013006	10.1
1734	-0.139129	123.139495	0.359268	0.019951	9.5
1735	-0.140139	122.396855	0.361129	0.025374	9.3
1736	-0.136198	121.520493	0.363349	0.014257	9.6
1737	-0.127812	122.444936	0.361008	0.026908	9.8
1738	-0.131432	122.753475	0.360233	0.023744	11.2
1739	-0.144126	121.805310	0.362625	0.017928	9.9
1740	-0.142666	120.907517	0.364919	0.027012	9.4
1741	-0.121804	121.907503	0.362365	0.020061	10.3
1742	-0.115908	121.006716	0.364664	0.018643	9.5
1743	-0.132273	121.700103	0.362892	0.023552	9.8
1744	-0.124247	120.751943	0.365319	0.013154	10.3
1745	-0.128735	121.733562	0.362807	0.025540	9.6
1746	-0.124099	120.788731	0.365225	0.016105	9.4
1747	-0.117555	119.843836	0.367675	0.024270	9.6
1748	-0.131565	119.871649	0.367602	0.023680	9.5
1749	-0.122092	118.944564	0.370037	0.026914	10.8
1750	-0.120607	117.996413	0.372562	0.026406	9.7
1751	-0.127039	118.244857	0.371897	0.037238	9.3
1752	-0.121878	119.244857	0.369245	0.030387	10.7
1753	-0.128850	120.244540	0.366632	0.019557	10.9
1754	-0.114235	119.296373	0.369110	0.015467	11.7
1755	-0.128320	119.771661	0.367863	0.028281	12.3
1756	-0.119185	119.855860	0.367643	0.021736	9.9
1757	-0.127984	120.475774	0.366033	0.020724	10.3
1758	-0.115606	120.098976	0.367010	0.034542	11.0
1759	-0.132340	119.150808	0.369493	0.011210	10.5
1760	-0.125461	120.150479	0.366876	0.023206	9.4
1761	-0.141847	119.289822	0.369127	0.018865	10.4
1762	-0.140562	120.265549	0.366577	0.021235	9.5
1763	-0.122460	121.118603	0.364377	0.021173	9.5
1764	-0.128067	121.822348	0.362581	0.026240	10.8
1765	-0.132779	122.821524	0.360062	0.022510	9.3
1766	-0.134705	122.001705	0.362127	0.017834	10.6
1767	-0.135078	122.592445	0.360637	0.018948	9.8
1768	-0.126769	123.248938	0.358996	0.021170	10.0
1769	-0.130211	122.301406	0.361369	0.024295	10.5
1770	-0.135907	121.353568	0.363775	0.017459	10.4
1771	-0.128943	121.487051	0.363435	0.028919	9.3
1772	-0.134511	120.570380	0.365788	0.016072	10.1
1773	-0.118946	119.653296	0.368173	0.019872	11.1
1774	-0.126414	118.705249	0.370671	0.032929	13.0
1775	-0.118343	118.645237	0.370831	0.044597	10.8
1776	-0.123141	117.697070	0.373366	0.015450	9.4
1777	-0.130912	118.697048	0.370693	0.022121	10.1
1778	-0.146653	119.695893	0.368061	0.015444	10.1
1779	-0.122534	118.757733	0.370532	0.017281	10.8
1780	-0.113006	118.556174	0.371067	0.020507	10.2
1781	-0.126105	117.608646	0.373604	0.014988	9.4
1782	-0.120868	118.608600	0.370928	0.020779	9.8
1783	-0.116335	117.736004	0.373261	0.021683	10.4
1784	-0.147498	118.638847	0.370848	0.021327	10.6
1785	-0.115155	117.693311	0.373376	0.017992	10.1
1786	-0.127098	118.607243	0.370932	0.029783	9.9
1787	-0.114182	117.780765	0.373141	0.024973	9.9
1788	-0.131806	118.780765	0.370471	0.019724	9.5
1789	-0.112826	119.768470	0.367872	0.021647	10.6
1790	-0.131057	120.426724	0.366159	0.015865	9.2
1791	-0.127262	121.064876	0.364515	0.024251	9.4
1792	-0.109194	120.134849	0.366917	0.025520	9.2
1793	-0.149121	119.186856	0.369398	0.022521	9.3
1794	-0.122372	120.186118	0.366783	0.018281	11.5
1795	-0.126153	119.955439	0.367384	0.016556	9.7
1796	-0.131770	119.189008	0.369392	0.023288	9.8
1797	-0.125612	118.240846	0.371908	0.034066	11.2
1798	-0.124732	118.978910	0.369947	0.020873	9.7
1799	-0.118105	119.978908	0.367323	0.025027	12.6
1800	-0.121935	120.973573	0.364749	0.019221	10.0
1801	-0.121038	121.973572	0.362198	0.034871	9.3
1802	-0.124620	121.025405	0.364616	0.026095	9.8
1803	-0.132349	120.077238	0.367067	0.017026	10.1
1804	-0.116588	119.129137	0.369550	0.021784	11.5
1805	-0.135599	118.181597	0.372066	0.011638	9.6
1806	-0.126692	119.142316	0.369515	0.013101	10.0
1807	-0.126530	119.063921	0.369722	0.015968	9.4
1808	-0.116255	119.884726	0.367568	0.032772	9.5
1809	-0.127201	118.969783	0.369971	0.018766	10.7
1810	-0.127409	118.038568	0.372449	0.026283	9.7
1811	-0.136797	117.091167	0.375004	0.036453	9.9
1812	-0.138607	116.143019	0.377597	0.022985	9.3
1813	-0.133823	115.195840	0.380223	0.030249	9.7
1814	-0.117419	114.247682	0.382888	0.019461	11.5
1815	-0.140192	113.302381	0.385583	0.017612	10.1
1816	-0.129664	114.300293	0.382739	0.028826	9.3
1817	-0.125377	113.352817	0.385438	0.029960	9.9
1818	-0.131040	114.352817	0.382591	0.027863	9.4
1819	-0.131071	115.352807	0.379785	0.010730	10.4
1820	-0.129785	114.405162	0.382443	0.033983	9.7
1821	-0.116256	115.033496	0.380676	0.024478	9.3
1822	-0.115596	116.033496	0.377898	0.027421	9.9
1823	-0.125001	117.033493	0.375161	0.019284	10.0
1824	-0.136535	116.085326	0.377755	0.012814	11.9
1825	-0.120111	115.417895	0.379604	0.021414	9.8
1826	-0.145201	116.313092	0.377129	0.019936	9.6
1827	-0.121700	116.975373	0.375319	0.036423	10.4
1828	-0.126171	116.028742	0.377911	0.022668	10.5
1829	-0.130784	115.080575	0.380545	0.023927	11.0
1830	-0.130904	114.252320	0.382875	0.018645	9.6
1831	-0.125937	115.252062	0.380066	0.019051	9.4
1832	-0.125863	115.325332	0.379861	0.026184	10.0
1833	-0.128607	114.377321	0.382521	0.018097	10.2
1834	-0.122658	113.430578	0.385215	0.032159	10.2
1835	-0.143064	114.429832	0.382373	0.018722	10.1
1836	-0.121108	113.482187	0.385068	0.023138	10.3
1837	-0.125043	112.539402	0.387786	0.017740	10.7
1838	-0.127465	113.473847	0.385091	0.019346	9.9
1839	-0.128928	114.367602	0.382549	0.026273	10.0
1840	-0.123773	113.425847	0.385229	0.021347	10.1
1841	-0.140091	112.477681	0.387965	0.022743	9.3
1842	-0.127362	113.022734	0.386388	0.024281	9.4
1843	-0.122952	114.022600	0.383526	0.009523	9.5
1844	-0.121611	114.193054	0.383043	0.011019	11.5
1845	-0.122256	113.750439	0.384301	0.007340	10.1
1846	-0.124866	114.170113	0.383108	0.030471	9.7
1847	-0.121035	114.193475	0.383042	0.022990	10.4
1848	-0.130017	113.245308	0.385747	0.018007	9.4
1849	-0.127543	112.307644	0.388460	0.017032	9.9
1850	-0.133354	113.298119	0.385595	0.031079	9.9
1851	-0.144106	112.350015	0.388337	0.013291	9.8
1852	-0.125306	112.522763	0.387834	0.020423	9.4
1853	-0.134134	111.726755	0.390160	0.019965	9.5
1854	-0.137775	112.543833	0.387773	0.019742	12.1
1855	-0.133118	113.541657	0.384897	0.030294	10.5
1856	-0.131086	114.540867	0.382060	0.026615	12.4
1857	-0.108092	115.540865	0.379262	0.023839	9.9
1858	-0.127793	114.697190	0.381620	0.029668	12.8
1859	-0.115567	115.656063	0.378942	0.024409	9.3
1860	-0.138802	114.707900	0.381590	0.026054	9.9
1861	-0.130825	113.766083	0.384256	0.024799	9.5
1862	-0.130720	112.844783	0.386901	0.023346	11.4
1863	-0.118536	111.896915	0.389661	0.024087	13.6
1864	-0.131609	112.851451	0.386882	0.022085	10.2
1865	-0.124735	113.851422	0.384013	0.027005	9.9
1866	-0.124435	112.992885	0.386474	0.022671	9.7
1867	-0.123184	112.129025	0.388982	0.032286	10.8
1868	-0.128328	113.129025	0.386081	0.029127	12.7
1869	-0.129985	112.180858	0.388830	0.015581	9.5
1870	-0.127493	112.270798	0.388568	0.025448	9.5
1871	-0.122312	111.324011	0.391348	0.016876	9.4
1872	-0.118920	112.161649	0.388886	0.017903	9.3
1873	-0.128186	112.961783	0.386563	0.015478	12.0
1874	-0.127019	113.828122	0.384080	0.024735	10.2
1875	-0.131664	112.880279	0.386799	0.025626	9.4
1876	-0.113773	111.932213	0.389557	0.014708	9.9
1877	-0.131529	110.984145	0.392356	0.012435	9.8
1878	-0.125413	111.605967	0.390516	0.024717	11.8
1879	-0.137339	110.659232	0.393324	0.027468	9.9
1880	-0.130724	111.645355	0.390400	0.022004	9.5
1881	-0.126816	110.697750	0.393209	0.013857	9.8
1882	-0.133725	111.684383	0.390285	0.028994	10.3
1883	-0.129276	110.742738	0.393075	0.026531	12.0
1884	-0.127465	111.742738	0.390113	0.018635	10.1
1885	-0.125232	111.971178	0.389443	0.018020	9.3
1886	-0.137652	111.574422	0.390609	0.034623	9.5
1887	-0.126836	110.626422	0.393422	0.021678	9.8
1888	-0.121613	109.697823	0.396217	0.026121	10.3
1889	-0.122295	110.696244	0.393213	0.027551	9.2
1890	-0.142585	109.760985	0.396026	0.028914	9.2
1891	-0.128004	108.812819	0.398918	0.025695	9.2
1892	-0.139324	109.812786	0.395869	0.018242	10.1
1893	-0.117298	110.360061	0.394220	0.016436	13.5
1894	-0.126156	109.442558	0.396993	0.021345	14.1
1895	-0.122171	108.494565	0.399899	0.016937	11.3
1896	-0.120158	108.259947	0.400625	0.014705	11.2
1897	-0.128643	107.522508	0.402923	0.015609	14.1
1898	-0.136587	108.440761	0.400065	0.031796	11.3
1899	-0.123500	107.493779	0.403014	0.008989	9.4
1900	-0.123249	107.708903	0.402340	0.017478	9.6
1901	-0.129071	107.191825	0.403963	0.020757	9.9
1902	-0.128714	106.271624	0.406884	0.023933	11.2
1903	-0.128765	106.123272	0.407358	0.028361	9.8
1904	-0.135287	107.123181	0.404179	0.020651	9.9
1905	-0.123719	108.123131	0.401049	0.020005	9.4
1906	-0.128594	107.181982	0.403994	0.018602	10.5
1907	-0.118573	106.233872	0.407004	0.020363	11.0
1908	-0.126826	107.219084	0.403877	0.016265	10.1
1909	-0.128140	108.203990	0.400798	0.021243	9.7
1910	-0.129071	109.070424	0.398128	0.018276	9.7
1911	-0.127339	110.055130	0.395137	0.021927	9.6
1912	-0.137142	109.118181	0.397982	0.029286	10.1
1913	-0.131813	108.170014	0.400904	0.019138	9.7
1914	-0.142024	107.221862	0.403868	0.034646	9.4
1915	-0.121998	106.273694	0.406877	0.013702	9.8
1916	-0.131537	107.273040	0.403707	0.021886	9.6
1917	-0.124907	108.059957	0.401246	0.024809	11.3
1918	-0.125751	107.625262	0.402602	0.022715	9.3
1919	-0.126292	108.292920	0.400523	0.021113	10.2
1920	-0.124213	107.352256	0.403458	0.023296	9.9
1921	-0.138418	108.352220	0.400339	0.021335	10.3
1922	-0.128795	107.432288	0.403206	0.023168	11.5
1923	-0.129392	106.484128	0.406205	0.020259	9.5
1924	-0.125980	107.483761	0.403045	0.035817	11.0
1925	-0.130716	108.483754	0.399932	0.023441	9.7
1926	-0.138642	108.917296	0.398598	0.038187	9.6
1927	-0.125014	109.917295	0.395553	0.019569	10.5
1928	-0.116517	108.969129	0.398439	0.020283	9.7
1929	-0.110985	109.963764	0.395413	0.019289	9.9
1930	-0.131494	109.024815	0.398268	0.025362	9.8
1931	-0.142917	108.098247	0.401127	0.027325	9.5
1932	-0.139201	107.150134	0.404094	0.019140	11.1
1933	-0.120690	106.212620	0.407072	0.018603	10.0
1934	-0.115955	107.211797	0.403900	0.019284	9.1
1935	-0.129115	107.338974	0.403500	0.021338	9.4
1936	-0.133851	107.640533	0.402554	0.018853	9.3
1937	-0.118204	108.018936	0.401373	0.027502	10.7
1938	-0.124897	108.828888	0.398869	0.017902	9.6
1939	-0.132082	109.828875	0.395820	0.013193	9.6
1940	-0.135920	108.924829	0.398575	0.017827	9.3
1941	-0.126967	109.821673	0.395842	0.025457	9.5
1942	-0.133288	110.821623	0.392839	0.027222	10.5
1943	-0.120859	109.895671	0.395618	0.025001	12.8
1944	-0.116100	110.894556	0.392622	0.015668	10.8
1945	-0.135187	111.893322	0.389671	0.026085	11.2
1946	-0.121704	110.950151	0.392457	0.032292	10.5
1947	-0.123270	111.950151	0.389505	0.027886	9.8
1948	-0.131866	112.950151	0.386597	0.022341	10.9
1949	-0.122951	113.617000	0.384682	0.023743	9.3
1950	-0.112917	112.672145	0.387401	0.026136	11.7
1951	-0.113624	112.218380	0.388721	0.035547	12.2
1952	-0.127173	113.218379	0.385824	0.017338	13.1
1953	-0.116102	112.275401	0.388554	0.020412	9.8
1954	-0.113586	111.487544	0.390865	0.015190	9.5
1955	-0.119692	110.562076	0.393614	0.022179	9.5
1956	-0.135881	109.617509	0.396461	0.016079	9.5
1957	-0.126798	108.730994	0.399170	0.024283	22.8
1958	-0.139590	107.782998	0.402108	0.014981	18.6
1959	-0.139829	108.776804	0.399029	0.017880	20.0
1960	-0.112454	109.632891	0.396414	0.016848	26.4
1961	-0.127875	109.790612	0.395936	0.028283	9.6
1962	-0.115387	110.790445	0.392932	0.040986	9.6
1963	-0.135301	111.789568	0.389976	0.030566	11.3
1964	-0.134114	112.789568	0.387061	0.018747	10.1
1965	-0.121732	111.847448	0.389806	0.020266	9.3
1966	-0.130021	110.899657	0.392607	0.025847	10.7
1967	-0.130722	110.551151	0.393647	0.033337	10.5
1968	-0.125516	109.844431	0.395773	0.020398	11.6
1969	-0.109453	108.917425	0.398597	0.018699	9.4
1970	-0.126634	107.969387	0.401527	0.019854	9.3
1971	-0.114274	108.267428	0.400602	0.023944	9.3
1972	-0.128164	108.278542	0.400567	0.016760	9.3
1973	-0.125152	107.338346	0.403502	0.024000	10.0
1974	-0.143448	106.462318	0.406275	0.020073	11.8
1975	-0.121250	105.514240	0.409319	0.022212	9.7
1976	-0.131126	106.511744	0.406117	0.022792	10.6
1977	-0.112445	107.487660	0.403033	0.021075	10.7
1978	-0.132139	108.475413	0.399958	0.020057	9.5
1979	-0.114722	109.422401	0.397054	0.018440	11.4
1980	-0.134255	109.244067	0.397598	0.015271	9.6
1981	-0.129734	110.236875	0.394590	0.029001	9.6
1982	-0.137710	109.288986	0.397461	0.013671	9.5
1983	-0.114259	110.288871	0.394434	0.027257	10.7
1984	-0.114303	109.758721	0.396033	0.032579	11.0
1985	-0.124232	110.758721	0.393027	0.038887	10.7
1986	-0.114960	111.758721	0.390067	0.019869	11.6
1987	-0.122454	112.758689	0.387150	0.012243	10.1
1988	-0.113511	112.613266	0.387572	0.010594	12.7
1989	-0.116659	113.425425	0.385230	0.025964	9.9
1990	-0.139419	113.718059	0.384393	0.021585	9.4
1991	-0.131706	114.718059	0.381561	0.016549	10.6
1992	-0.122269	115.711844	0.378787	0.017172	9.7
1993	-0.113109	114.784194	0.381375	0.019163	12.5
1994	-0.123122	115.783193	0.378590	0.017528	10.2
1995	-0.132760	115.386451	0.379691	0.024464	9.3
1996	-0.113546	114.472692	0.382252	0.017677	10.1
1997	-0.135167	113.815389	0.384116	0.014976	10.7
1998	-0.142579	114.812531	0.381296	0.020018	11.9
1999	-0.113321	114.036465	0.383487	0.021537	9.2
