(Transform "BSplineTransform")
(NumberOfParameters 540)
(TransformParameters 0.000000 0.000449 0.001787 -0.000852 -0.000462 -0.000001 0.001052 0.028319 0.050632 -0.040499 -0.023286 -0.000440 0.008988 0.224280 0.237898 -0.196475 -0.170521 -0.006798 0.002788 0.171127 0.270891 -0.245233 -0.131909 -0.003578 -0.000051 0.059625 0.114422 -0.122867 -0.038723 0.000292 0.000002 0.000595 0.000617 -0.002626 -0.000805 -0.000002 -0.000000 0.003275 0.015981 -0.002255 -0.003574 -0.000009 0.002200 -0.247504 -0.344474 0.360544 0.216695 0.004031 0.042182 0.083692 -0.559075 0.471422 0.020898 -0.032806 -0.030798 -0.116137 0.660996 -0.697711 0.011732 -0.009728 -0.010593 0.358040 0.814169 -0.845463 -0.063935 0.010516 0.000036 0.005497 -0.002982 -0.027430 -0.007546 -0.000026 0.000005 0.005866 0.027557 -0.001121 -0.005844 -0.000020 0.002096 -0.363816 -0.459420 0.483248 0.214710 0.004605 0.045438 -0.129527 -0.811149 0.607558 0.080799 -0.030343 -0.051129 -0.105466 1.525577 -1.248946 -0.039307 0.000466 -0.013359 0.725874 1.626041 -1.330850 -0.249800 0.012971 0.000066 0.009341 -0.003313 -0.029976 -0.008113 -0.000042 0.000002 0.001529 0.007099 0.001163 -0.001280 -0.000006 0.002790 -0.056565 -0.135913 0.157765 0.008098 -0.001251 0.018649 -0.002544 -0.381443 0.234274 0.014612 -0.006966 -0.006784 -0.216949 0.046154 -0.202472 0.104422 0.004867 -0.000792 0.238082 0.580661 -0.316851 -0.125638 0.001141 0.000020 0.003428 0.003936 -0.000743 -0.000635 -0.000011 -0.000000 -0.000353 -0.001089 0.001141 0.000358 0.000000 -0.000642 -0.055687 -0.109852 0.106476 0.053099 0.000609 -0.006091 -0.281773 -0.415309 0.369975 0.256353 0.005803 -0.006894 -0.296291 -0.399655 0.331843 0.255383 0.006338 -0.000759 -0.044631 -0.069079 0.073741 0.042468 0.000701 0.000000 -0.000148 -0.000450 0.000953 0.000275 0.000000 0.000000 0.000855 0.004741 0.004215 0.000782 0.000001 0.000255 0.022054 0.116038 0.121520 0.027721 0.000097 0.003336 0.111467 0.279934 0.255756 0.084596 0.001521 0.002665 0.003671 -0.124193 -0.131372 0.019338 0.002475 -0.000129 -0.061993 -0.249161 -0.263811 -0.051519 0.000241 -0.000002 -0.000802 -0.004821 -0.006464 -0.001236 -0.000002 0.000001 0.005485 0.010941 0.003593 0.004569 0.000010 -0.002331 -0.226190 -0.646332 -0.505706 -0.091767 -0.003417 0.023539 0.281497 0.707169 0.502375 -0.024830 -0.002845 0.047263 0.734508 1.298301 1.323329 0.915667 0.036921 0.003030 -0.462852 -1.588652 -1.662391 -0.255753 0.007479 -0.000035 -0.004917 -0.023709 -0.044962 -0.010091 -0.000026 0.000007 0.009107 0.007779 -0.008667 0.006408 0.000021 -0.003869 -0.319956 -1.116592 -0.970241 -0.087820 -0.004104 0.022320 0.141561 1.434696 1.188942 -0.217357 -0.015805 0.052257 0.524881 2.465480 1.984699 0.386820 0.031566 0.001306 -0.885164 -2.532587 -2.435939 -0.594683 0.006754 -0.000064 -0.008438 -0.044117 -0.051901 -0.008631 -0.000045 0.000003 0.002212 -0.004500 -0.010446 0.000996 0.000007 -0.000299 -0.099397 -0.504500 -0.482069 -0.036680 -0.000117 0.000895 -0.061082 0.464061 0.392203 -0.147999 -0.007844 -0.000480 -0.051740 0.869141 0.451373 -0.304447 -0.005603 -0.001994 -0.300557 -0.854964 -0.679681 -0.230480 -0.000913 -0.000019 -0.003783 -0.022178 -0.009374 0.000621 -0.000012 -0.000000 -0.000742 -0.006622 -0.006647 -0.000751 -0.000000 -0.000366 -0.057602 -0.275427 -0.271690 -0.055373 -0.000331 -0.001409 -0.107458 -0.337074 -0.332408 -0.104007 -0.001285 0.000513 0.079541 0.294792 0.278310 0.071101 0.000594 0.000253 0.034614 0.150218 0.156710 0.035706 0.000268 -0.000000 0.000386 0.003074 0.003730 0.000590 0.000000 -0.000000 -0.000000 -0.000003 -0.000003 -0.000000 -0.000000 0.000016 0.000347 -0.000455 -0.000331 0.000393 0.000019 0.000287 0.009423 0.018014 0.017641 0.009284 0.000320 0.000395 0.016032 0.049713 0.042183 0.012897 0.000414 0.000049 0.002351 0.010334 0.008333 0.001571 0.000050 -0.000000 0.000000 0.000016 0.000017 0.000001 -0.000000 0.000000 0.000018 0.000014 0.000014 0.000019 0.000000 0.000204 0.001956 -0.030419 -0.027862 0.001748 0.000188 0.003198 0.099839 0.068921 0.039911 0.078035 0.003167 0.003813 0.195793 0.671037 0.511188 0.122725 0.003633 0.000409 0.033060 0.175285 0.130915 0.014846 0.000335 0.000000 0.000058 0.000504 0.000416 0.000032 0.000000 0.000016 0.001360 0.004489 0.004757 0.001705 0.000029 0.001415 0.079044 0.175188 0.165711 0.078310 0.001605 0.006163 0.323119 0.744343 0.498239 0.215907 0.005861 0.005030 0.388080 1.465503 0.955573 0.161351 0.003687 0.001272 0.101756 0.430854 0.325534 0.051255 0.000735 0.000020 0.001510 0.005896 0.005467 0.001240 0.000016 0.000027 0.002455 0.008436 0.009294 0.003445 0.000061 0.002178 0.147571 0.448088 0.449682 0.160920 0.002823 0.006848 0.446098 1.567761 1.498810 0.426866 0.007092 0.006114 0.398923 1.578654 1.437957 0.320195 0.004682 0.002225 0.131713 0.471281 0.434917 0.101074 0.001417 0.000035 0.002481 0.009312 0.008578 0.001890 0.000024 0.000003 0.000294 0.001025 0.001205 0.000478 0.000009 0.000248 0.017634 0.058216 0.061395 0.021241 0.000361 0.000773 0.051572 0.206039 0.221279 0.059083 0.000833 0.000734 0.043769 0.193678 0.206498 0.045593 0.000548 0.000255 0.014506 0.055924 0.053846 0.011415 0.000142 0.000004 0.000265 0.001017 0.000885 0.000166 0.000002)
(InitialTransformParametersFileName "../registration-results/challenge-day-results/copd6/TransformParameters.0.txt")
(HowToCombineTransforms "Compose")

// Image specific
(FixedImageDimension 3)
(MovingImageDimension 3)
(FixedInternalImagePixelType "float")
(MovingInternalImagePixelType "float")
(Size 512 512 119)
(Index 0 0 0)
(Spacing 0.6299999952 0.6299999952 2.5000000000)
(Origin 0.0000000000 0.0000000000 0.0000000000)
(Direction 1.0000000000 0.0000000000 0.0000000000 0.0000000000 1.0000000000 0.0000000000 0.0000000000 0.0000000000 -1.0000000000)
(UseDirectionCosines "true")

// BSplineTransform specific
(GridSize 6 6 5)
(GridIndex 0 0 0)
(GridSpacing 160.0205093171 160.0613213989 157.7643960232)
(GridOrigin -239.0821168811 -239.1693192855 170.2446275869)
(GridDirection 1.0000000000 0.0000000000 0.0000000000 0.0000000000 1.0000000000 0.0000000000 0.0000000000 0.0000000000 -1.0000000000)
(BSplineTransformSplineOrder 3)
(UseCyclicTransform "false")

// ResampleInterpolator specific
(ResampleInterpolator "FinalBSplineInterpolator")
(FinalBSplineInterpolationOrder 3)

// Resampler specific
(Resampler "DefaultResampler")
(DefaultPixelValue 0.000000)
(ResultImageFormat "nii.gz")
(ResultImagePixelType "short")
(CompressResultImage "false")
