1:ItNr	2:Metric	3a:Time	3b:StepSize	4:||Gradient||	Time[ms]
0	-0.736839	0.000000	0.864549	0.098831	3061.5
1	-0.730810	0.000000	0.864549	0.063279	4.6
2	-0.710128	1.000000	0.825251	0.171880	4.9
3	-0.730586	0.123522	0.859493	0.147992	4.1
4	-0.748813	1.123522	0.820644	0.154351	4.5
5	-0.747516	2.123522	0.785154	0.099789	4.5
6	-0.760597	1.230321	0.816701	0.209930	4.4
7	-0.721727	2.230321	0.781544	0.131886	4.4
8	-0.748717	3.230309	0.749290	0.064014	6.0
9	-0.732778	4.230309	0.719592	0.069375	6.4
10	-0.733113	4.147194	0.721970	0.087146	6.6
11	-0.740010	4.148179	0.721942	0.074754	6.6
12	-0.741023	5.124776	0.694954	0.106713	8.3
13	-0.733278	4.231682	0.719553	0.095852	4.1
14	-0.719675	3.338481	0.745960	0.077562	4.6
15	-0.758564	4.338481	0.716520	0.082817	5.1
16	-0.742699	3.459783	0.742260	0.148310	6.1
17	-0.743790	4.459783	0.713106	0.071989	6.6
18	-0.752123	3.613867	0.737614	0.137359	6.5
19	-0.750144	4.613722	0.708820	0.134357	6.5
20	-0.732659	5.613722	0.682187	0.054856	8.0
21	-0.756030	5.256115	0.691478	0.093241	5.8
22	-0.736335	4.362974	0.715828	0.109787	4.3
23	-0.738174	5.362974	0.688675	0.092919	5.9
24	-0.747613	4.469773	0.712826	0.166611	5.2
25	-0.744904	5.469773	0.685897	0.022543	5.7
26	-0.738683	6.469356	0.660937	0.092098	4.3
27	-0.780915	5.580595	0.683037	0.089031	4.2
28	-0.770865	6.580590	0.658272	0.117084	4.1
29	-0.743293	6.122229	0.669397	0.051133	5.9
30	-0.731477	7.110580	0.645861	0.067138	6.5
31	-0.760798	6.409272	0.662386	0.110691	6.0
32	-0.725517	5.521509	0.684559	0.076648	8.1
33	-0.702999	6.385781	0.662954	0.054280	6.1
34	-0.756125	7.383977	0.639640	0.071350	7.5
35	-0.733017	6.491817	0.660397	0.082671	6.6
36	-0.748578	7.491817	0.637219	0.080240	6.9
37	-0.736243	7.637664	0.633974	0.035461	8.3
38	-0.729564	8.635783	0.612622	0.116721	5.0
39	-0.731332	9.455289	0.596137	0.046570	5.5
40	-0.717191	8.589384	0.613582	0.109640	4.6
41	-0.725543	9.143679	0.602300	0.093848	9.1
42	-0.700134	8.252610	0.620646	0.103805	6.7
43	-0.733011	7.370569	0.639942	0.105150	7.3
44	-0.714216	8.370540	0.618154	0.087602	9.1
45	-0.715965	9.370540	0.597801	0.040169	7.6
46	-0.740218	10.251664	0.580946	0.105732	7.0
47	-0.740979	11.228502	0.563338	0.121012	10.6
48	-0.711588	12.193327	0.546963	0.119438	7.4
49	-0.758923	13.192337	0.530982	0.138140	6.8
50	-0.723780	12.299136	0.545225	0.044515	7.4
51	-0.719830	13.299071	0.529330	0.115667	7.4
52	-0.748036	12.416017	0.543318	0.103315	7.3
53	-0.753075	11.527411	0.558161	0.079802	6.3
54	-0.731723	10.634580	0.573914	0.123835	11.5
55	-0.750565	9.742020	0.590577	0.099921	11.1
56	-0.710516	10.070681	0.584330	0.138920	10.4
57	-0.738791	9.180315	0.601568	0.073495	12.0
58	-0.726137	8.287114	0.619915	0.180303	11.3
59	-0.752551	9.287066	0.599448	0.067372	11.5
60	-0.736994	10.248637	0.581002	0.090526	5.5
61	-0.718183	11.246723	0.563019	0.098003	5.1
62	-0.746509	12.246723	0.546085	0.077377	16.3
63	-0.721985	13.226568	0.530451	0.046962	13.7
64	-0.711737	14.222208	0.515457	0.109992	13.2
65	-0.717270	15.022769	0.504001	0.039051	6.5
66	-0.751487	14.871936	0.506121	0.114066	6.9
67	-0.711624	15.869538	0.492426	0.079210	9.0
68	-0.719098	16.869538	0.479423	0.093066	9.2
69	-0.756543	17.869538	0.467089	0.067445	6.9
70	-0.731390	18.869537	0.455373	0.077480	9.1
71	-0.724580	17.976336	0.465809	0.120275	8.3
72	-0.731680	18.976169	0.454159	0.146365	9.7
73	-0.756056	19.976169	0.443075	0.138584	7.1
74	-0.738698	20.321802	0.439369	0.107217	15.8
75	-0.716668	21.321802	0.428988	0.097693	12.6
76	-0.712361	22.321753	0.419086	0.103318	11.7
77	-0.736271	21.447159	0.427721	0.085697	9.4
78	-0.762446	20.553960	0.436914	0.139944	10.5
79	-0.727568	19.660759	0.446512	0.120642	13.6
80	-0.727009	20.660759	0.435794	0.099864	9.9
81	-0.717749	19.767558	0.445342	0.139511	7.6
82	-0.752125	20.767558	0.434680	0.164480	4.4
83	-0.713018	21.764134	0.424550	0.156564	7.5
84	-0.735582	22.764134	0.414849	0.115635	8.0
85	-0.719631	23.764134	0.405582	0.098015	8.0
86	-0.725153	22.870975	0.413839	0.135975	9.0
87	-0.740923	21.983625	0.422382	0.065510	9.8
88	-0.738994	21.104793	0.431199	0.139761	7.0
89	-0.728808	22.104772	0.421195	0.089436	6.5
90	-0.717932	23.104772	0.411645	0.124819	6.5
91	-0.724327	24.104772	0.402519	0.081720	8.0
92	-0.732295	25.103951	0.393795	0.029598	11.5
93	-0.741449	24.342208	0.400411	0.076779	8.2
94	-0.717417	25.312899	0.392019	0.163870	10.2
95	-0.739541	26.312899	0.383733	0.052566	9.6
96	-0.766849	27.312576	0.375793	0.064836	10.6
97	-0.689609	26.420891	0.382859	0.114299	4.5
98	-0.726590	25.527694	0.390209	0.072669	12.5
99	-0.756224	26.527694	0.381999	0.122683	9.9
100	-0.720637	25.634493	0.389315	0.071412	17.6
101	-0.739137	25.266901	0.392408	0.104381	21.6
102	-0.762986	25.636461	0.389299	0.119516	11.3
103	-0.733882	24.743260	0.396901	0.063668	9.6
104	-0.736358	25.743260	0.388409	0.120491	13.5
105	-0.715378	24.928875	0.395297	0.059155	7.8
106	-0.732645	25.872742	0.387337	0.094511	6.3
107	-0.747515	25.219119	0.392814	0.061652	5.7
108	-0.743716	26.219099	0.384495	0.105095	8.4
109	-0.733125	27.219098	0.376521	0.041990	8.3
110	-0.718066	28.214715	0.368904	0.111247	10.9
111	-0.719413	27.367188	0.375369	0.133767	8.3
112	-0.774255	26.475388	0.382420	0.150509	4.5
113	-0.765818	25.605927	0.389554	0.071564	4.3
114	-0.703223	26.449481	0.382629	0.070101	4.5
115	-0.738852	27.449481	0.374731	0.127883	6.3
116	-0.724989	28.125673	0.369573	0.116004	5.9
117	-0.736231	27.232472	0.376417	0.119993	5.0
118	-0.725169	26.342394	0.383494	0.100624	4.5
119	-0.720834	27.342394	0.375561	0.064306	5.9
120	-0.718595	26.449193	0.382631	0.085605	4.4
121	-0.726648	25.649718	0.389188	0.089595	6.1
122	-0.729567	25.451570	0.390848	0.114590	12.2
123	-0.717832	26.451570	0.382612	0.095403	8.0
124	-0.733997	27.451562	0.374715	0.133824	11.1
125	-0.755095	26.895318	0.379067	0.093998	9.7
126	-0.748312	27.895318	0.371314	0.104264	8.4
127	-0.750623	27.151694	0.377049	0.053319	4.8
128	-0.712871	28.151694	0.369377	0.081023	5.8
129	-0.731632	29.151686	0.362012	0.063246	4.2
130	-0.732546	30.140192	0.355015	0.055655	4.5
131	-0.714830	31.075861	0.348636	0.127369	4.7
132	-0.746755	30.182755	0.354720	0.064533	4.3
133	-0.755528	31.086849	0.348563	0.114286	4.5
134	-0.735985	30.701929	0.351158	0.156610	6.7
135	-0.722157	29.808728	0.357331	0.122151	7.9
136	-0.747757	30.808728	0.350434	0.077379	7.9
137	-0.716312	31.806234	0.343814	0.105541	4.1
138	-0.715496	30.936208	0.349574	0.129269	4.8
139	-0.722101	31.935824	0.342972	0.057071	4.2
140	-0.724012	32.814396	0.337373	0.056560	7.4
141	-0.724756	32.445789	0.339700	0.064182	6.1
142	-0.753419	31.679106	0.344644	0.139700	6.4
143	-0.704088	30.785911	0.350588	0.116801	4.4
144	-0.726759	29.892710	0.356741	0.031027	4.3
145	-0.732737	30.511120	0.352458	0.032097	4.5
146	-0.723270	30.703514	0.351147	0.040265	4.4
147	-0.735850	30.707319	0.351121	0.107527	4.5
148	-0.759973	31.660435	0.344766	0.080021	6.4
149	-0.715047	31.325000	0.346976	0.066345	7.2
150	-0.717340	30.608447	0.351794	0.109760	9.3
151	-0.709575	31.573769	0.345334	0.091200	11.5
152	-0.748694	32.573769	0.338888	0.075072	6.6
153	-0.733902	33.566294	0.332724	0.180243	6.2
154	-0.758229	34.566146	0.326737	0.135471	9.6
155	-0.758592	35.566146	0.320961	0.085807	6.7
156	-0.727690	34.672969	0.326110	0.074621	6.5
157	-0.756543	35.672944	0.320356	0.060378	11.6
158	-0.720145	34.798107	0.325379	0.208847	7.6
159	-0.730517	33.904955	0.330672	0.064332	9.5
160	-0.705263	33.011754	0.336140	0.115149	6.9
161	-0.741359	34.004151	0.330076	0.051797	8.6
162	-0.719543	34.110696	0.329437	0.206683	8.9
163	-0.703678	33.217495	0.334865	0.055884	14.7
164	-0.729945	34.217495	0.328800	0.060991	6.4
165	-0.732365	33.324702	0.334204	0.074257	6.4
166	-0.759011	34.284141	0.328404	0.142163	9.5
167	-0.765344	33.390941	0.333797	0.098103	4.9
168	-0.732851	32.497755	0.339370	0.091855	6.6
169	-0.700076	31.608432	0.345107	0.078880	8.5
170	-0.737113	31.252733	0.347456	0.091532	10.1
171	-0.717797	32.252733	0.340931	0.097334	6.2
172	-0.724220	31.471540	0.346007	0.095353	7.1
173	-0.750467	32.471399	0.339537	0.050986	6.0
174	-0.710472	33.471313	0.333304	0.095802	4.6
175	-0.788923	34.471250	0.327296	0.133841	4.7
176	-0.751926	33.578062	0.332652	0.092825	7.0
177	-0.726213	34.578059	0.326667	0.098456	8.4
178	-0.740325	35.578018	0.320894	0.098581	6.4
179	-0.715040	36.578000	0.315321	0.093133	5.5
180	-0.741369	35.684799	0.320289	0.121028	7.4
181	-0.740977	34.791599	0.325417	0.134967	6.8
182	-0.721861	35.791599	0.319687	0.096686	4.2
183	-0.727699	34.898398	0.324795	0.074716	4.9
184	-0.728253	35.898398	0.319087	0.068690	6.4
185	-0.721548	36.892874	0.313606	0.091271	9.0
186	-0.715096	37.880854	0.308343	0.114338	4.6
187	-0.769466	38.880810	0.303194	0.116363	4.9
188	-0.740877	37.987609	0.307785	0.115387	6.3
189	-0.717126	38.987609	0.302655	0.106482	4.9
190	-0.746707	38.094430	0.307229	0.133767	4.6
191	-0.722624	39.094430	0.302117	0.138690	5.1
192	-0.722164	40.094430	0.297172	0.066830	4.4
193	-0.755890	41.091345	0.292400	0.114014	7.2
194	-0.715773	42.078003	0.287827	0.117314	5.0
195	-0.743032	43.078003	0.283335	0.077927	4.2
196	-0.713187	44.077886	0.278981	0.085450	4.3
197	-0.736348	45.070782	0.274789	0.072941	4.5
198	-0.707465	46.068710	0.270700	0.121283	4.2
199	-0.713337	45.175509	0.274354	0.093857	9.5
200	-0.728210	44.282308	0.278108	0.108877	8.4
201	-0.758039	43.531692	0.281343	0.050465	7.0
202	-0.762972	44.531610	0.277050	0.062982	6.6
203	-0.715569	44.442691	0.277426	0.100220	7.1
204	-0.726786	45.421906	0.273336	0.110433	7.9
205	-0.737105	46.421905	0.269282	0.042245	7.0
206	-0.733778	45.675441	0.272297	0.065415	6.5
207	-0.738148	45.063069	0.274821	0.139003	8.0
208	-0.740140	44.170143	0.278587	0.079489	8.9
209	-0.735824	43.517798	0.281403	0.098445	6.6
210	-0.744080	44.517782	0.277108	0.081491	6.4
211	-0.713753	43.641769	0.280864	0.106923	8.3
212	-0.733653	44.641769	0.276585	0.094252	8.6
213	-0.752622	43.749802	0.280395	0.097731	6.5
214	-0.713154	43.417448	0.281842	0.100163	4.1
215	-0.739035	42.528826	0.285784	0.165489	4.8
216	-0.703384	41.647915	0.289803	0.103819	7.0
217	-0.774741	40.754714	0.293994	0.134433	6.8
218	-0.748675	39.861686	0.298308	0.051524	4.2
219	-0.730447	40.861550	0.293486	0.154168	6.2
220	-0.757176	41.861542	0.288818	0.134212	6.3
221	-0.750067	42.861542	0.284295	0.150257	6.2
222	-0.722461	43.861542	0.279912	0.101822	8.2
223	-0.732796	44.861426	0.275662	0.108268	4.7
224	-0.761336	45.855771	0.271563	0.062782	7.7
225	-0.750809	44.987350	0.275136	0.102857	6.4
226	-0.737888	45.885375	0.271442	0.104892	6.6
227	-0.722144	46.884930	0.267446	0.114721	6.3
228	-0.746907	47.884930	0.263563	0.067622	6.4
229	-0.726277	48.795949	0.260123	0.105590	7.6
230	-0.744233	49.602220	0.257152	0.042329	4.2
231	-0.729156	50.602137	0.253561	0.064789	4.8
232	-0.740433	49.721575	0.256718	0.139119	6.2
233	-0.723830	48.920458	0.259660	0.076792	6.2
234	-0.741210	49.220049	0.258552	0.120341	6.4
235	-0.708489	49.337504	0.258120	0.129977	6.3
236	-0.738387	50.337504	0.254502	0.097741	6.4
237	-0.740883	51.267598	0.251226	0.045009	7.4
238	-0.732521	52.266921	0.247800	0.051140	3.9
239	-0.729292	51.380552	0.250834	0.081139	4.5
240	-0.713513	52.203456	0.248015	0.104534	6.3
241	-0.705885	53.203454	0.244672	0.126931	6.7
242	-0.747211	54.203454	0.241419	0.088464	6.2
243	-0.732585	54.597571	0.240160	0.066646	6.1
244	-0.724150	55.597223	0.237026	0.104511	6.5
245	-0.739433	54.704023	0.239822	0.119923	6.7
246	-0.723268	55.704023	0.236696	0.096960	6.8
247	-0.720747	54.811885	0.239481	0.145864	4.7
248	-0.734606	55.810912	0.236366	0.072886	5.1
249	-0.730561	56.810905	0.233329	0.028661	7.2
250	-0.727717	57.498470	0.231285	0.062463	6.3
251	-0.746119	56.814954	0.233317	0.097283	6.3
252	-0.729415	57.814615	0.230357	0.130622	4.1
253	-0.747233	56.921435	0.232998	0.137014	4.5
254	-0.741979	56.028234	0.235700	0.077275	4.1
255	-0.742625	57.028234	0.232679	0.071019	8.0
256	-0.785877	56.135243	0.235373	0.153147	5.6
257	-0.754006	57.134458	0.232363	0.071110	4.7
258	-0.742445	56.241380	0.235049	0.101326	7.0
259	-0.721387	57.238504	0.232054	0.061599	7.1
260	-0.728960	56.345304	0.234733	0.096620	6.6
261	-0.748385	56.839788	0.233242	0.067074	6.4
262	-0.729020	56.699415	0.233664	0.077744	6.8
263	-0.708691	55.824183	0.236326	0.114907	8.1
264	-0.717601	56.824150	0.233289	0.097072	5.3
265	-0.766517	57.824149	0.230329	0.090151	6.7
266	-0.733556	56.942162	0.232936	0.122076	6.1
267	-0.752583	56.048961	0.235636	0.036732	6.3
268	-0.754562	56.145575	0.235341	0.138171	6.6
269	-0.742468	55.263088	0.238064	0.075912	7.1
270	-0.767411	56.263081	0.234983	0.080130	5.6
271	-0.728494	57.248894	0.232023	0.090595	6.2
272	-0.752137	58.096044	0.229538	0.069623	4.0
273	-0.723122	57.202856	0.232159	0.104709	6.6
274	-0.745913	58.201761	0.229231	0.087592	6.3
275	-0.734778	59.053854	0.226791	0.111858	6.4
276	-0.707874	58.160890	0.229350	0.061671	6.3
277	-0.730736	57.267699	0.231967	0.079559	8.5
278	-0.734614	58.266464	0.229044	0.137007	4.4
279	-0.700821	57.373263	0.231655	0.039364	5.8
280	-0.755911	56.688973	0.233695	0.095854	4.6
281	-0.751124	57.251398	0.232015	0.125175	6.9
282	-0.719270	58.251398	0.229088	0.167332	6.0
283	-0.730750	57.358230	0.231699	0.091316	6.2
284	-0.718712	58.356978	0.228783	0.084188	5.7
285	-0.727879	59.342026	0.225978	0.078414	4.8
286	-0.710978	58.799990	0.227513	0.107210	5.9
287	-0.763729	57.906851	0.230088	0.179266	7.9
288	-0.735377	58.906851	0.227209	0.079011	4.4
289	-0.742424	58.350342	0.228802	0.139040	4.2
290	-0.758251	58.505193	0.228356	0.135199	8.0
291	-0.737544	59.483498	0.225581	0.044630	5.4
292	-0.732947	58.812043	0.227479	0.062308	4.2
293	-0.759220	58.855034	0.227356	0.081028	6.4
294	-0.733073	58.135069	0.229425	0.213461	4.4
295	-0.746514	59.135058	0.226562	0.048728	4.2
296	-0.732711	58.241948	0.229115	0.118626	4.7
297	-0.748783	59.241947	0.226260	0.083664	4.2
298	-0.712006	60.241895	0.223475	0.064850	5.5
299	-0.757460	61.241841	0.220758	0.073399	7.6
300	-0.741124	60.348657	0.223182	0.110135	8.9
301	-0.760296	60.139792	0.223756	0.099378	7.1
302	-0.729045	59.246593	0.226247	0.129012	8.4
303	-0.762221	58.353392	0.228793	0.112338	8.1
304	-0.749616	59.353392	0.225946	0.077722	6.4
305	-0.700408	58.460303	0.228485	0.114333	8.5
306	-0.716675	59.460283	0.225646	0.088322	6.3
307	-0.758637	60.205935	0.223574	0.077082	7.1
308	-0.735770	59.312783	0.226060	0.053901	7.8
309	-0.702280	58.684259	0.227843	0.077805	6.2
310	-0.751853	58.972615	0.227022	0.062204	8.0
311	-0.789947	59.972428	0.224219	0.086817	5.4
312	-0.746892	59.079989	0.226717	0.053910	5.9
313	-0.732772	58.194554	0.229252	0.134981	7.5
314	-0.724624	57.302047	0.231865	0.154527	4.4
315	-0.764796	58.302047	0.228941	0.119250	4.1
316	-0.744796	59.302006	0.226091	0.185332	5.5
317	-0.701233	60.300699	0.223313	0.049032	6.1
318	-0.758587	61.300699	0.220600	0.114816	6.5
319	-0.726257	60.651214	0.222355	0.076901	6.4
320	-0.762873	59.758063	0.224814	0.112120	8.7
321	-0.740955	58.864862	0.227328	0.130141	5.5
322	-0.734697	57.971662	0.229899	0.085265	7.3
323	-0.736942	57.314817	0.231827	0.032729	8.4
324	-0.686264	56.451542	0.234411	0.044763	6.4
325	-0.724981	55.772899	0.236484	0.177296	7.1
326	-0.711873	56.721753	0.233596	0.088959	7.9
327	-0.783023	57.721753	0.230629	0.078641	6.7
328	-0.716470	56.832538	0.233264	0.145659	4.0
329	-0.748630	55.946641	0.235950	0.095182	6.4
330	-0.740119	56.944585	0.232929	0.093488	6.2
331	-0.761154	56.069827	0.235572	0.084566	6.3
332	-0.765891	57.069654	0.232555	0.066017	6.3
333	-0.723179	58.069654	0.229614	0.158516	6.7
334	-0.722087	59.069654	0.226747	0.084316	8.1
335	-0.761428	60.069654	0.223950	0.056706	5.8
336	-0.729420	59.189657	0.226407	0.134017	4.3
337	-0.746723	60.189656	0.223619	0.069276	6.5
338	-0.738760	61.189656	0.220898	0.081180	7.0
339	-0.712459	60.296588	0.223325	0.054250	6.2
340	-0.738509	61.294069	0.220618	0.170101	6.4
341	-0.734164	60.400868	0.223038	0.073152	6.3
342	-0.728820	59.507667	0.225513	0.115918	7.5
343	-0.745599	60.506822	0.222749	0.084271	4.7
344	-0.788305	61.506809	0.220049	0.090791	4.0
345	-0.735570	60.613608	0.222457	0.052204	6.9
346	-0.763548	61.609956	0.219774	0.198633	7.9
347	-0.722695	62.609956	0.217145	0.084856	4.4
348	-0.751620	61.716755	0.219490	0.112089	4.3
349	-0.758223	60.823554	0.221886	0.080721	4.9
350	-0.735092	59.930434	0.224335	0.084395	4.1
351	-0.753925	60.930430	0.221597	0.080334	4.4
352	-0.748374	61.930408	0.218925	0.084352	4.3
353	-0.739271	62.813977	0.216617	0.060974	4.3
354	-0.746302	61.928261	0.218930	0.074413	4.3
355	-0.722190	62.927940	0.216323	0.128060	6.2
356	-0.737041	63.927940	0.213776	0.101848	4.7
357	-0.751469	63.034739	0.216048	0.118335	7.6
358	-0.736506	62.141538	0.218369	0.159690	7.9
359	-0.739013	63.141538	0.215774	0.166180	6.1
360	-0.719605	64.141538	0.213239	0.135627	7.7
361	-0.729535	63.248350	0.215500	0.115547	7.0
362	-0.734131	62.355149	0.217809	0.121354	10.2
363	-0.745001	61.461948	0.220169	0.081207	6.0
364	-0.751664	62.338834	0.217852	0.102888	7.3
365	-0.731804	63.338610	0.215269	0.100960	8.1
366	-0.747260	62.445439	0.217574	0.138185	6.6
367	-0.742597	63.445439	0.214997	0.090309	8.4
368	-0.729726	64.445439	0.212481	0.066706	4.0
369	-0.766636	63.557976	0.214711	0.109556	6.7
370	-0.766483	62.665118	0.217002	0.166646	5.4
371	-0.716722	63.665118	0.214439	0.110115	4.2
372	-0.720973	64.438496	0.212498	0.090761	4.3
373	-0.772341	65.428046	0.210065	0.168684	6.7
374	-0.731000	65.336260	0.210289	0.088424	6.7
375	-0.750521	64.443059	0.212487	0.123903	7.0
376	-0.749879	65.443059	0.210029	0.073323	6.1
377	-0.719063	66.443059	0.207627	0.076805	9.2
378	-0.720395	67.330408	0.205541	0.088885	7.7
379	-0.767849	68.330408	0.203240	0.040243	7.2
380	-0.768299	69.068936	0.201574	0.094013	6.4
381	-0.708659	68.463161	0.202939	0.137773	6.3
382	-0.749230	69.463058	0.200695	0.148602	7.5
383	-0.747799	70.463058	0.198501	0.080962	5.9
384	-0.705199	71.462909	0.196355	0.106145	7.0
385	-0.737294	72.462892	0.194254	0.144741	6.5
386	-0.727292	73.462892	0.192197	0.068179	6.2
387	-0.728360	72.570029	0.194031	0.088385	6.6
388	-0.725139	73.289943	0.192550	0.134523	5.2
389	-0.765936	72.396742	0.194391	0.071587	8.9
390	-0.763298	73.396742	0.192332	0.064333	4.1
391	-0.679274	72.691756	0.193779	0.019603	4.1
392	-0.733159	73.482575	0.192157	0.102810	6.7
393	-0.733957	72.592554	0.193985	0.115269	6.3
394	-0.716253	73.592554	0.191934	0.147758	4.0
395	-0.741624	72.699353	0.193764	0.108965	4.3
396	-0.748518	73.699353	0.191718	0.127036	6.4
397	-0.736409	73.708578	0.191699	0.165344	6.2
398	-0.707373	72.815377	0.193524	0.070451	6.4
399	-0.749102	73.455129	0.192213	0.097001	6.6
400	-0.742361	72.561931	0.194048	0.135014	6.3
401	-0.736692	73.561834	0.191996	0.052505	4.6
402	-0.751306	74.561362	0.189988	0.122770	6.3
403	-0.720970	73.676261	0.191764	0.132806	7.8
404	-0.714557	72.783060	0.193591	0.108478	6.3
405	-0.729268	71.889859	0.195452	0.048244	6.3
406	-0.721130	72.325182	0.194540	0.154457	8.1
407	-0.755626	73.325134	0.192478	0.085772	4.9
408	-0.726507	74.325134	0.190459	0.081442	6.1
409	-0.711938	73.431933	0.192260	0.102531	5.2
410	-0.776687	73.844332	0.191424	0.066652	6.1
411	-0.751628	74.844239	0.189427	0.157253	6.5
412	-0.722225	74.106454	0.190897	0.135638	6.1
413	-0.709724	73.213253	0.192707	0.110923	6.5
414	-0.752447	74.213253	0.190683	0.072200	8.8
415	-0.719844	75.213250	0.188701	0.078803	4.6
416	-0.731719	75.643252	0.187861	0.126828	6.0
417	-0.719045	76.643252	0.185937	0.106151	4.6
418	-0.740597	77.577888	0.184174	0.068670	6.6
419	-0.747946	77.993260	0.183402	0.118799	6.7
420	-0.750711	77.100059	0.185071	0.177166	6.4
421	-0.702400	76.206882	0.186772	0.119966	7.0
422	-0.741750	75.313681	0.188504	0.071420	8.6
423	-0.710001	76.313539	0.186567	0.090157	5.6
424	-0.733309	77.299149	0.184697	0.118258	5.1
425	-0.759557	77.052555	0.185161	0.099601	5.8
426	-0.759036	76.728022	0.185776	0.159752	7.7
427	-0.718310	75.840939	0.187478	0.064673	6.3
428	-0.738386	76.840873	0.185562	0.138373	6.3
429	-0.704197	77.833945	0.183697	0.109813	7.9
430	-0.714971	78.833945	0.181857	0.135331	6.8
431	-0.717832	79.833945	0.180054	0.060329	5.6
432	-0.709697	80.833945	0.178286	0.112730	4.5
433	-0.702580	79.941531	0.179862	0.105781	6.5
434	-0.695615	79.558085	0.180548	0.083398	6.7
435	-0.719143	78.664888	0.182166	0.060003	6.2
436	-0.757906	78.463372	0.182535	0.087702	6.8
437	-0.754777	77.582294	0.184166	0.144950	8.3
438	-0.765996	76.689093	0.185850	0.050047	4.7
439	-0.771447	75.795892	0.187565	0.086281	4.6
440	-0.748822	74.906591	0.189304	0.094507	4.3
441	-0.721587	74.024041	0.191062	0.178789	5.9
442	-0.732164	75.024041	0.189073	0.075210	8.2
443	-0.759075	74.132834	0.190844	0.077113	6.3
444	-0.769839	75.131782	0.188861	0.100978	6.3
445	-0.734321	76.122910	0.186933	0.084327	6.5
446	-0.736600	75.229796	0.188668	0.107173	7.4
447	-0.741226	76.199798	0.186786	0.145911	4.5
448	-0.728253	77.199798	0.184884	0.079253	4.1
449	-0.715929	76.306597	0.186581	0.087894	5.9
450	-0.741929	75.421765	0.188293	0.109245	7.5
451	-0.740996	76.344777	0.186507	0.232604	4.5
452	-0.772894	77.344776	0.184611	0.128230	4.2
453	-0.743358	78.344776	0.182753	0.040491	6.0
454	-0.769827	79.278984	0.181050	0.062439	6.2
455	-0.758187	79.214173	0.181167	0.167175	6.4
456	-0.746915	78.321093	0.182796	0.053374	6.3
457	-0.728817	79.321093	0.180974	0.191474	9.4
458	-0.776874	78.432927	0.182591	0.096110	6.1
459	-0.765706	79.432927	0.180773	0.088332	4.9
460	-0.708792	80.432915	0.178990	0.047049	7.2
461	-0.737248	81.058228	0.177894	0.120304	4.7
462	-0.747985	81.921201	0.176402	0.092781	6.2
463	-0.751783	82.921115	0.174705	0.056790	5.0
464	-0.751045	82.324855	0.175713	0.080516	4.6
465	-0.763629	83.315279	0.174045	0.086284	8.7
466	-0.733779	82.422079	0.175548	0.116835	7.5
467	-0.751261	83.422076	0.173867	0.097860	4.2
468	-0.750134	84.422062	0.172218	0.113611	8.0
469	-0.727363	85.422062	0.170599	0.126287	5.7
470	-0.711819	86.422062	0.169011	0.096097	6.4
471	-0.708669	85.528862	0.170428	0.045906	6.8
472	-0.716650	84.636295	0.171868	0.067087	7.6
473	-0.735126	85.568702	0.170365	0.037779	4.5
474	-0.783786	84.986661	0.171300	0.052181	5.9
475	-0.758432	85.949703	0.169758	0.171534	7.6
476	-0.720901	85.390440	0.170650	0.085570	8.4
477	-0.702410	86.390434	0.169061	0.070236	5.4
478	-0.721929	87.367355	0.167537	0.081003	5.6
479	-0.748897	88.126515	0.166371	0.108506	6.8
480	-0.751395	89.101122	0.164899	0.096930	8.0
481	-0.719085	88.213805	0.166238	0.164945	6.6
482	-0.711723	89.213783	0.164730	0.109399	5.5
483	-0.737004	90.213778	0.163249	0.084075	7.0
484	-0.715740	91.213777	0.161794	0.155197	6.4
485	-0.734925	92.016501	0.160645	0.103107	6.4
486	-0.762543	93.016501	0.159236	0.144702	6.7
487	-0.740057	94.016501	0.157851	0.061759	6.4
488	-0.729390	94.927720	0.156611	0.131382	4.3
489	-0.751381	95.927591	0.155272	0.124955	6.0
490	-0.757672	96.927591	0.153955	0.126810	4.3
491	-0.722104	97.731644	0.152912	0.200871	8.0
492	-0.736137	98.731644	0.151635	0.088966	4.3
493	-0.739517	97.838443	0.152775	0.059038	4.1
494	-0.775923	96.945245	0.153932	0.135747	4.4
495	-0.754381	97.636486	0.153035	0.095040	4.3
496	-0.721673	98.636486	0.151756	0.123846	4.8
497	-0.719629	97.752859	0.152885	0.040614	4.2
498	-0.733045	97.578212	0.153110	0.070862	4.3
499	-0.748528	98.558442	0.151855	0.142360	4.4
500	-0.739559	99.313936	0.150901	0.057836	6.0
501	-0.760053	100.313935	0.149657	0.069830	4.3
502	-0.755990	99.430974	0.150755	0.081780	5.0
503	-0.725817	98.537774	0.151881	0.108791	5.9
504	-0.750550	97.644595	0.153024	0.091071	7.9
505	-0.726556	96.751394	0.154185	0.111036	4.7
506	-0.725513	95.858193	0.155364	0.071971	5.9
507	-0.715317	96.858193	0.154046	0.078894	6.3
508	-0.736614	97.813086	0.152807	0.102993	4.5
509	-0.764109	98.409084	0.152045	0.126705	6.4
510	-0.736274	99.368415	0.150833	0.070385	5.2
511	-0.706971	98.475214	0.151961	0.049410	4.5
512	-0.727734	99.466635	0.150710	0.090431	4.6
513	-0.743102	98.573515	0.151836	0.126352	5.2
514	-0.769037	97.680314	0.152978	0.121084	5.8
515	-0.720213	98.660468	0.151725	0.076447	7.0
516	-0.745655	97.767283	0.152866	0.050612	9.9
517	-0.742608	98.539747	0.151879	0.102506	10.3
518	-0.747021	97.647798	0.153020	0.072025	6.9
519	-0.737511	98.559056	0.151854	0.086140	7.1
520	-0.747298	97.798030	0.152827	0.164385	6.7
521	-0.728033	98.798030	0.151551	0.142683	9.9
522	-0.715590	99.798030	0.150297	0.093335	6.5
523	-0.724255	98.916726	0.151401	0.115534	7.2
524	-0.728860	98.023525	0.152537	0.061497	5.3
525	-0.733525	97.130325	0.153691	0.103835	4.5
526	-0.751689	96.296831	0.154783	0.119222	4.9
527	-0.744900	97.296831	0.153474	0.069893	5.8
528	-0.770781	96.513718	0.154497	0.131029	5.5
529	-0.736366	95.663224	0.155623	0.087971	4.8
530	-0.785822	96.662661	0.154301	0.067061	4.9
531	-0.729872	97.554287	0.153141	0.063780	4.2
532	-0.748820	97.511965	0.153196	0.148745	8.9
533	-0.730760	98.511558	0.151914	0.075594	9.2
534	-0.752139	97.637540	0.153034	0.155510	7.6
535	-0.736799	96.744339	0.154194	0.105843	6.7
536	-0.708922	97.744339	0.152896	0.151369	5.4
537	-0.739739	96.851184	0.154055	0.065128	7.8
538	-0.749384	97.851182	0.152758	0.054787	8.5
539	-0.729254	98.846083	0.151490	0.094488	6.5
540	-0.717603	97.952930	0.152628	0.080398	7.5
541	-0.736346	97.060697	0.153781	0.132765	8.2
542	-0.751456	96.167771	0.154953	0.100387	7.3
543	-0.713409	97.167771	0.153642	0.143700	8.6
544	-0.703334	98.167771	0.152353	0.089374	6.0
545	-0.748219	99.167749	0.151085	0.078249	10.4
546	-0.719970	98.274992	0.152216	0.160368	6.8
547	-0.750045	97.381794	0.153364	0.083433	5.7
548	-0.733252	98.381794	0.152080	0.153913	7.0
549	-0.753262	97.489024	0.153225	0.109555	7.8
550	-0.737379	98.486684	0.151946	0.097913	4.1
551	-0.715338	99.414931	0.150775	0.101661	4.9
552	-0.755122	98.521730	0.151901	0.079967	8.2
553	-0.740843	97.631500	0.153041	0.119758	6.8
554	-0.759031	98.631500	0.151762	0.092354	8.8
555	-0.730752	99.631500	0.150504	0.107943	10.0
556	-0.750287	98.738561	0.151626	0.098199	10.9
557	-0.742050	97.886350	0.152713	0.098530	10.8
558	-0.738879	97.613714	0.153064	0.058643	11.4
559	-0.747065	98.613714	0.151785	0.076947	15.3
560	-0.735793	97.721135	0.152926	0.106088	12.5
561	-0.750606	96.827946	0.154085	0.064347	13.2
562	-0.711356	95.963167	0.155224	0.068650	27.6
563	-0.734754	96.959634	0.153913	0.103397	9.9
564	-0.754954	97.959630	0.152619	0.117527	12.9
565	-0.742494	97.066559	0.153774	0.044438	16.8
566	-0.730399	96.189515	0.154924	0.121604	10.2
567	-0.718657	95.298880	0.156111	0.119387	7.2
568	-0.746281	94.405710	0.157319	0.114527	11.8
569	-0.740231	93.525440	0.158528	0.077519	9.8
570	-0.730242	92.632292	0.159774	0.084765	11.8
571	-0.733533	91.739091	0.161040	0.138096	9.7
572	-0.751397	90.845890	0.162326	0.217349	6.7
573	-0.728005	91.845890	0.160888	0.179398	9.0
574	-0.725960	92.845889	0.159475	0.150120	5.3
575	-0.766391	91.970265	0.160711	0.066271	10.0
576	-0.746301	91.078436	0.161989	0.096015	6.5
577	-0.734457	91.242223	0.161753	0.029657	4.8
578	-0.737290	92.239790	0.160328	0.108782	5.1
579	-0.726698	91.348397	0.161600	0.168285	6.4
580	-0.748553	90.455196	0.162895	0.140031	5.8
581	-0.720094	91.455196	0.161447	0.104961	5.1
582	-0.740309	92.455196	0.160024	0.154952	5.5
583	-0.711620	91.561995	0.161294	0.126177	7.7
584	-0.711525	92.561995	0.159873	0.085436	9.6
585	-0.745372	93.561993	0.158478	0.121866	5.9
586	-0.746188	92.700840	0.159678	0.153559	4.3
587	-0.740764	93.700821	0.158286	0.173514	8.1
588	-0.731968	92.807620	0.159528	0.074369	6.1
589	-0.734072	91.914436	0.160790	0.135004	4.8
590	-0.731857	92.914436	0.159379	0.117983	4.4
591	-0.756554	93.914436	0.157992	0.074240	4.6
592	-0.779399	93.021235	0.159229	0.145375	4.7
593	-0.729379	92.136019	0.160475	0.049481	4.7
594	-0.754779	92.204743	0.160378	0.076517	7.1
595	-0.725562	93.171189	0.159020	0.096494	6.3
596	-0.770842	92.285240	0.160264	0.149587	7.3
597	-0.732325	91.394004	0.161535	0.139597	6.1
598	-0.726571	92.394004	0.160110	0.061621	7.2
599	-0.715992	91.500803	0.161381	0.123463	8.0
600	-0.758815	90.627785	0.162643	0.126209	6.4
601	-0.717958	91.627785	0.161199	0.113540	11.2
602	-0.714762	92.531223	0.159917	0.129161	4.2
603	-0.738644	93.531223	0.158520	0.088582	7.2
604	-0.708934	92.714386	0.159659	0.164057	6.3
605	-0.748633	93.714386	0.158267	0.121029	6.1
606	-0.711009	92.821185	0.159509	0.125336	6.7
607	-0.716897	93.703264	0.158283	0.065814	8.2
608	-0.735499	94.361745	0.157379	0.115405	6.2
609	-0.758785	95.361104	0.156027	0.099746	6.3
610	-0.740028	96.353149	0.154708	0.093031	7.3
611	-0.716303	97.353149	0.153401	0.077024	6.2
612	-0.701425	98.351510	0.152118	0.053326	6.3
613	-0.723702	99.349879	0.150856	0.112373	9.2
614	-0.705104	100.250570	0.149736	0.147967	4.0
615	-0.749348	99.357369	0.150847	0.084547	6.1
616	-0.753755	98.465470	0.151973	0.158918	6.6
617	-0.749840	97.572269	0.153118	0.060243	6.0
618	-0.729476	96.679068	0.154280	0.060478	4.9
619	-0.730827	97.676877	0.152983	0.084053	4.2
620	-0.768749	98.676804	0.151705	0.181437	4.1
621	-0.717575	99.676801	0.150448	0.121638	4.1
622	-0.720031	100.676801	0.149211	0.079047	4.2
623	-0.755332	101.675208	0.147997	0.038062	5.1
624	-0.736649	100.783045	0.149081	0.113855	6.2
625	-0.719193	101.707152	0.147958	0.086040	8.8
626	-0.731184	100.813978	0.149043	0.110188	4.9
627	-0.777272	101.813978	0.147829	0.100082	6.6
628	-0.722210	102.809267	0.146641	0.054979	6.1
629	-0.789067	102.633993	0.146849	0.124495	6.2
630	-0.735921	103.633967	0.145671	0.132020	5.0
631	-0.733877	104.429347	0.144747	0.130518	7.1
632	-0.745035	105.429347	0.143602	0.067925	8.8
633	-0.729234	106.429328	0.142475	0.088003	4.5
634	-0.728457	105.536127	0.143481	0.098073	7.9
635	-0.739963	104.642926	0.144501	0.079979	7.5
636	-0.754252	105.642597	0.143360	0.039956	7.0
637	-0.727186	104.749637	0.144378	0.128917	7.0
638	-0.734455	103.856437	0.145411	0.147063	9.5
639	-0.735062	104.856437	0.144256	0.097639	7.1
640	-0.771360	105.856437	0.143119	0.115483	4.2
641	-0.734680	106.856437	0.141999	0.118066	9.4
642	-0.759876	105.963236	0.142998	0.062522	6.4
643	-0.761312	105.070035	0.144011	0.126971	6.7
644	-0.755420	104.787540	0.144335	0.122453	6.8
645	-0.741013	105.745201	0.143244	0.085305	15.0
646	-0.744770	104.854176	0.144258	0.052382	9.1
647	-0.741207	104.983599	0.144110	0.124185	12.4
648	-0.732855	105.983578	0.142975	0.075525	7.4
649	-0.768724	106.975856	0.141867	0.145909	4.4
650	-0.741772	106.082697	0.142864	0.148654	5.4
651	-0.723926	105.189496	0.143875	0.120902	5.4
652	-0.729521	106.189496	0.142744	0.055335	4.2
653	-0.705336	105.297604	0.143752	0.074665	5.9
654	-0.708302	104.984780	0.144109	0.102404	7.4
655	-0.703276	105.150510	0.143920	0.086946	4.3
656	-0.765730	104.266308	0.144935	0.131744	4.3
657	-0.720259	103.397682	0.145947	0.136999	5.0
658	-0.725342	104.397600	0.144784	0.102658	10.7
659	-0.742847	105.396388	0.143640	0.044688	8.3
660	-0.725153	106.348138	0.142566	0.029201	6.5
661	-0.738385	106.858458	0.141997	0.056331	7.6
662	-0.742218	106.083764	0.142863	0.116318	9.8
663	-0.727084	107.080209	0.141751	0.101759	6.8
664	-0.737596	108.080198	0.140653	0.072149	6.3
665	-0.750850	107.186999	0.141633	0.169371	8.6
666	-0.738023	106.293798	0.142627	0.037962	7.1
667	-0.721880	107.288208	0.141521	0.157359	6.6
668	-0.726889	108.287787	0.140427	0.169646	6.5
669	-0.722526	109.287787	0.139349	0.094677	6.3
670	-0.718641	110.287787	0.138288	0.050215	7.8
671	-0.741257	109.398060	0.139232	0.082173	6.8
672	-0.709337	108.504967	0.140192	0.051368	7.2
673	-0.716270	109.371791	0.139260	0.137685	9.1
674	-0.736561	110.174696	0.138407	0.089611	6.7
675	-0.708788	111.174696	0.137360	0.166293	7.1
676	-0.695980	110.281495	0.138295	0.050464	5.9
677	-0.756297	110.455202	0.138112	0.132560	6.6
678	-0.751134	111.450201	0.137074	0.107122	5.0
679	-0.741955	110.873362	0.137674	0.139689	7.1
680	-0.740773	109.980161	0.138613	0.127515	9.2
681	-0.742772	110.980161	0.137563	0.073783	5.6
682	-0.714535	110.086997	0.138500	0.200090	7.1
683	-0.725093	109.282740	0.139355	0.137168	6.2
684	-0.704528	110.282740	0.138293	0.065810	6.5
685	-0.728087	109.390007	0.139240	0.128493	6.3
686	-0.706591	110.301431	0.138274	0.104809	6.9
687	-0.748840	111.301431	0.137228	0.076159	8.6
688	-0.738018	110.415542	0.138154	0.038060	6.7
689	-0.747631	109.522524	0.139099	0.142235	8.3
690	-0.742869	108.629382	0.140057	0.107751	5.9
691	-0.731381	109.628548	0.138986	0.116990	5.9
692	-0.736644	108.736835	0.139941	0.075828	6.4
693	-0.722171	109.736829	0.138871	0.067278	6.9
694	-0.720815	108.849883	0.139819	0.090520	6.5
695	-0.730111	108.024653	0.140714	0.095043	7.5
696	-0.711271	109.024652	0.139631	0.105465	7.6
697	-0.729655	109.951552	0.138643	0.093188	7.6
698	-0.754480	109.058445	0.139595	0.091991	8.6
699	-0.727322	109.795140	0.138809	0.079434	7.0
700	-0.730285	108.901950	0.139763	0.110526	7.6
701	-0.701507	108.008749	0.140731	0.139446	7.8
702	-0.741837	109.008749	0.139648	0.123776	8.2
703	-0.722556	108.115548	0.140615	0.092766	5.1
704	-0.748094	109.097523	0.139553	0.127153	8.2
705	-0.706184	110.097523	0.138489	0.128656	7.6
706	-0.754257	111.097523	0.137440	0.100417	7.3
707	-0.782929	112.097523	0.136408	0.096908	6.8
708	-0.720409	113.096955	0.135391	0.131455	7.9
709	-0.737631	112.660670	0.135833	0.087886	7.8
710	-0.743152	113.659452	0.134825	0.113893	5.5
711	-0.752717	114.659452	0.133832	0.084545	10.2
712	-0.705089	115.659451	0.132852	0.039078	5.3
713	-0.739900	116.539910	0.132002	0.089466	6.9
714	-0.759592	117.517107	0.131071	0.089718	5.4
715	-0.712054	116.623948	0.131921	0.062828	5.2
716	-0.720040	115.732722	0.132781	0.128981	7.8
717	-0.757418	116.732722	0.131817	0.082239	5.6
718	-0.742779	117.237639	0.131336	0.177770	10.1
719	-0.746780	116.344438	0.132190	0.073987	6.8
720	-0.729865	115.451237	0.133055	0.101425	7.0
721	-0.772980	116.390982	0.132145	0.108720	5.0
722	-0.724090	117.390982	0.131190	0.082587	5.2
723	-0.731354	118.387898	0.130252	0.063318	4.8
724	-0.740355	119.354514	0.129355	0.115759	4.3
725	-0.763147	120.353890	0.128440	0.131011	5.2
726	-0.738891	121.353890	0.127538	0.063954	6.6
727	-0.716735	122.196172	0.126788	0.129627	5.8
728	-0.711970	121.506260	0.127402	0.089590	7.4
729	-0.710740	120.613246	0.128205	0.069695	10.6
730	-0.744787	119.721454	0.129017	0.111720	7.9
731	-0.750757	120.720893	0.128108	0.089912	8.4
732	-0.741595	119.827724	0.128920	0.147653	9.0
733	-0.750347	118.934524	0.129743	0.138926	9.2
734	-0.710363	118.041323	0.130576	0.140422	7.7
735	-0.746264	119.041323	0.129644	0.072079	7.1
736	-0.716087	120.041077	0.128725	0.094656	9.9
737	-0.691589	119.147881	0.129545	0.064494	8.2
738	-0.746003	118.381989	0.130257	0.085476	8.7
739	-0.740146	117.488790	0.131097	0.097197	6.4
740	-0.716183	116.596530	0.131948	0.092441	9.6
741	-0.732455	117.445793	0.131138	0.113893	6.1
742	-0.730958	116.554074	0.131988	0.117974	7.3
743	-0.721209	115.664203	0.132848	0.066037	6.8
744	-0.748358	114.771002	0.133722	0.085792	5.3
745	-0.709177	113.877802	0.134607	0.105288	8.5
746	-0.751523	114.877801	0.133617	0.136380	5.3
747	-0.737952	115.877786	0.132640	0.086302	4.2
748	-0.735410	116.870851	0.131685	0.098991	6.0
749	-0.735285	117.868338	0.130739	0.075011	5.2
750	-0.765547	116.975247	0.131585	0.074162	6.5
751	-0.759902	116.172301	0.132356	0.083077	37.0
752	-0.745686	116.006772	0.132516	0.212183	17.9
753	-0.744950	115.113571	0.133385	0.060737	31.2
754	-0.739002	115.507501	0.133000	0.076574	11.6
755	-0.736162	114.621316	0.133869	0.127977	7.5
756	-0.715614	113.728159	0.134757	0.102106	10.5
757	-0.747394	114.720573	0.133771	0.095361	5.5
758	-0.755102	113.827372	0.134658	0.071109	6.8
759	-0.747738	114.809549	0.133684	0.102842	9.7
760	-0.732223	115.808848	0.132707	0.053535	6.6
761	-0.755659	116.808836	0.131744	0.045778	4.9
762	-0.734787	116.546517	0.131996	0.105333	4.2
763	-0.721281	116.075124	0.132449	0.102834	4.3
764	-0.744547	115.181924	0.133318	0.110814	4.2
765	-0.719998	116.181924	0.132346	0.097548	4.2
766	-0.748040	115.407027	0.133098	0.073602	4.2
767	-0.731552	114.513929	0.133975	0.155880	4.2
768	-0.723865	113.625882	0.134859	0.137852	4.9
769	-0.751761	114.625882	0.133865	0.126741	9.1
770	-0.713737	115.625878	0.132885	0.132053	4.9
771	-0.743188	114.732677	0.133759	0.047060	4.1
772	-0.769678	115.732583	0.132781	0.152520	4.2
773	-0.729228	115.010201	0.133486	0.094875	4.2
774	-0.766256	116.010198	0.132512	0.097303	4.4
775	-0.731693	115.116998	0.133382	0.073626	4.2
776	-0.726542	115.148199	0.133351	0.102262	4.5
777	-0.748710	116.148169	0.132379	0.083722	6.7
778	-0.754150	117.148169	0.131421	0.073595	7.5
779	-0.725491	118.144456	0.130480	0.042916	10.3
780	-0.705788	119.141473	0.129551	0.108194	6.6
781	-0.739765	120.131859	0.128642	0.110563	6.9
782	-0.727843	119.380122	0.129331	0.075499	8.2
783	-0.740045	118.486925	0.130159	0.106571	6.6
784	-0.733480	119.486925	0.129233	0.118723	4.3
785	-0.701477	118.593724	0.130060	0.075254	6.6
786	-0.764936	119.593374	0.129135	0.087461	6.2
787	-0.758490	119.697462	0.129039	0.109739	6.9
788	-0.739679	118.804683	0.129863	0.095484	6.7
789	-0.746453	118.355808	0.130282	0.063903	9.1
790	-0.735074	119.355782	0.129354	0.065112	6.8
791	-0.747832	120.355212	0.128439	0.178767	4.9
792	-0.738854	119.846996	0.128902	0.194554	6.4
793	-0.713688	120.846996	0.127994	0.085945	7.9
794	-0.760145	121.846989	0.127098	0.087659	6.8
795	-0.726152	122.388672	0.126618	0.119709	6.9
796	-0.725875	121.495471	0.127411	0.112354	9.9
797	-0.724873	122.490183	0.126528	0.146676	6.5
798	-0.740922	123.490183	0.125652	0.073615	7.4
799	-0.758139	122.654057	0.126384	0.101178	4.3
800	-0.732844	123.654057	0.125510	0.070476	7.2
801	-0.738176	122.760857	0.126290	0.093827	7.0
802	-0.777114	121.867656	0.127079	0.175932	6.9
803	-0.758633	120.974462	0.127879	0.120800	7.6
804	-0.762830	120.081261	0.128688	0.112808	8.1
805	-0.756688	119.188060	0.129508	0.120773	6.5
806	-0.703191	118.294864	0.130339	0.097834	7.9
807	-0.717352	119.294864	0.129410	0.069816	16.5
808	-0.733557	120.293150	0.128495	0.077869	8.4
809	-0.749062	119.402422	0.129311	0.117526	6.5
810	-0.722856	120.402422	0.128396	0.132825	7.1
811	-0.731400	121.402422	0.127494	0.114064	6.2
812	-0.765124	120.509368	0.128299	0.165994	11.3
813	-0.718972	120.863870	0.127978	0.061664	5.7
814	-0.751708	121.863870	0.127083	0.117404	6.4
815	-0.736093	121.010630	0.127846	0.094737	5.0
816	-0.749654	122.010630	0.126952	0.099369	4.4
817	-0.771153	122.986602	0.126092	0.090036	4.3
818	-0.744978	123.986599	0.125222	0.098728	6.7
819	-0.741440	124.986599	0.124364	0.099922	4.2
820	-0.780804	124.093400	0.125130	0.100795	6.0
821	-0.747241	124.278032	0.124971	0.094524	11.0
822	-0.766736	125.278011	0.124117	0.111050	4.2
823	-0.733733	125.188656	0.124192	0.110726	7.4
824	-0.730077	126.188656	0.123349	0.112672	4.3
825	-0.706944	127.188656	0.122516	0.084800	4.3
826	-0.752321	126.295561	0.123259	0.063176	6.4
827	-0.701209	125.402374	0.124011	0.047337	4.3
828	-0.719297	125.370538	0.124038	0.074959	4.2
829	-0.744066	124.503974	0.124777	0.065022	5.3
830	-0.723205	123.610787	0.125548	0.078337	13.0
831	-0.723684	124.098677	0.125125	0.066787	7.4
832	-0.745256	123.384281	0.125744	0.088455	6.8
833	-0.733946	122.491112	0.126527	0.071842	7.0
834	-0.735282	123.490997	0.125652	0.110883	6.9
835	-0.728480	124.490997	0.124788	0.073500	6.3
836	-0.731290	125.490948	0.123936	0.147010	7.2
837	-0.745694	126.490944	0.123096	0.084550	6.9
838	-0.735923	127.489963	0.122268	0.144519	8.2
839	-0.730603	126.598887	0.123006	0.059159	6.8
840	-0.751213	125.705687	0.123755	0.103305	7.9
841	-0.734398	126.704318	0.122918	0.146811	7.3
842	-0.739944	127.704318	0.122091	0.133227	5.4
843	-0.754342	128.704318	0.121276	0.073119	5.0
844	-0.712109	129.625103	0.120535	0.090150	6.9
845	-0.735701	128.732421	0.121253	0.058037	5.9
846	-0.738744	129.581685	0.120569	0.114079	6.9
847	-0.743924	128.696034	0.121283	0.057750	7.5
848	-0.751886	128.489040	0.121451	0.154796	6.7
849	-0.734910	129.488920	0.120644	0.172819	5.0
850	-0.725199	128.595719	0.121364	0.153833	8.8
851	-0.724778	127.702518	0.122093	0.094056	7.1
852	-0.746496	126.809317	0.122831	0.126458	7.3
853	-0.730972	127.772783	0.122035	0.125802	6.8
854	-0.713906	128.772632	0.121221	0.094950	6.6
855	-0.735865	129.772632	0.120417	0.160083	7.6
856	-0.702865	128.879431	0.121134	0.080624	7.6
857	-0.739497	127.986231	0.121860	0.129682	4.6
858	-0.743442	128.986212	0.121048	0.176855	4.2
859	-0.732027	128.093011	0.121773	0.061346	6.7
860	-0.746704	129.093011	0.120962	0.099786	6.8
861	-0.699200	130.091483	0.120162	0.139047	6.6
862	-0.695368	131.091476	0.119372	0.053509	6.5
863	-0.735939	130.198275	0.120078	0.113169	7.6
864	-0.722393	131.195909	0.119290	0.083494	5.5
865	-0.754455	130.302708	0.119995	0.060731	4.4
866	-0.720419	131.302669	0.119207	0.113172	4.1
867	-0.749140	130.419767	0.119902	0.119504	8.0
868	-0.755662	129.526566	0.120613	0.049393	6.1
869	-0.736380	128.633484	0.121333	0.084419	6.3
870	-0.708471	129.346485	0.120758	0.048670	6.2
871	-0.688340	128.596518	0.121363	0.135181	6.9
872	-0.721410	128.707611	0.121273	0.088990	6.2
873	-0.725714	127.903026	0.121929	0.095144	4.2
874	-0.735879	127.013435	0.122661	0.100206	4.0
875	-0.738606	128.013055	0.121838	0.043195	5.2
876	-0.754478	127.120564	0.122573	0.072907	6.6
877	-0.770721	127.291108	0.122432	0.050555	6.3
878	-0.737237	128.285992	0.121616	0.089785	6.0
879	-0.767190	127.395855	0.122345	0.091030	6.5
880	-0.727056	126.502942	0.123086	0.060117	7.4
881	-0.732340	125.627883	0.123820	0.162578	6.4
882	-0.756099	124.734682	0.124579	0.085346	4.3
883	-0.717186	125.734682	0.123730	0.038613	4.4
884	-0.719472	125.840298	0.123641	0.113066	6.8
885	-0.747493	126.840281	0.122805	0.133611	4.3
886	-0.760908	125.947080	0.123551	0.148365	4.7
887	-0.727274	126.947080	0.122716	0.094723	4.2
888	-0.747971	127.947080	0.121892	0.095941	6.2
889	-0.743541	127.053882	0.122628	0.084494	6.4
890	-0.751132	126.160686	0.123372	0.132793	6.7
891	-0.728675	127.160686	0.122539	0.127255	6.8
892	-0.735636	126.277731	0.123274	0.089162	9.9
893	-0.715900	125.387024	0.124024	0.072747	6.8
894	-0.752239	126.387024	0.123183	0.130977	7.6
895	-0.738806	127.387015	0.122353	0.128697	6.6
896	-0.744768	126.493814	0.123093	0.063377	6.7
897	-0.694050	126.505557	0.123084	0.154003	8.6
898	-0.744193	125.725485	0.123738	0.101125	4.7
899	-0.709062	124.832284	0.124496	0.047266	7.4
900	-0.712962	125.832246	0.123648	0.078333	5.0
901	-0.747574	126.264329	0.123285	0.153723	4.2
902	-0.724518	127.264329	0.122454	0.070382	4.9
903	-0.720654	126.371147	0.123196	0.143506	6.7
904	-0.746167	127.371147	0.122366	0.119186	6.8
905	-0.715636	128.371147	0.121546	0.066704	6.8
906	-0.670214	127.491170	0.122267	0.143606	4.4
907	-0.754511	126.597970	0.123007	0.103117	5.0
908	-0.747259	125.704769	0.123756	0.052662	10.2
909	-0.720012	124.811602	0.124514	0.122307	5.7
910	-0.759656	123.918405	0.125281	0.121290	4.2
911	-0.737754	123.025204	0.126058	0.081690	6.2
912	-0.740583	124.025204	0.125189	0.117194	5.9
913	-0.757263	123.144602	0.125954	0.144501	4.7
914	-0.718872	122.251401	0.126739	0.077332	5.4
915	-0.721283	121.358241	0.127534	0.125122	5.7
916	-0.752079	122.352719	0.126649	0.139599	5.8
917	-0.730395	121.459518	0.127443	0.075861	5.9
918	-0.740680	122.459518	0.126555	0.070960	5.5
919	-0.724275	123.378496	0.125750	0.061483	11.1
920	-0.706544	122.998320	0.126082	0.175122	7.8
921	-0.752743	123.761939	0.125416	0.091902	5.3
922	-0.741987	122.868738	0.126195	0.109958	5.4
923	-0.761563	123.862957	0.125329	0.057930	7.0
924	-0.749200	124.497277	0.124783	0.100941	6.9
925	-0.721479	125.146246	0.124228	0.145217	10.9
926	-0.747686	126.146246	0.123384	0.104896	7.7
927	-0.749490	125.253045	0.124138	0.122038	7.3
928	-0.741940	126.253045	0.123295	0.047231	8.0
929	-0.721499	127.240628	0.122473	0.070226	6.2
930	-0.745819	126.942967	0.122720	0.123461	5.1
931	-0.733146	126.049766	0.123465	0.062592	6.7
932	-0.760101	127.049766	0.122631	0.148521	6.8
933	-0.719429	126.156669	0.123375	0.084436	6.4
934	-0.743759	125.263470	0.124129	0.078206	7.6
935	-0.749754	126.263470	0.123286	0.090913	7.3
936	-0.709464	125.478204	0.123947	0.148449	4.7
937	-0.768823	126.478204	0.123106	0.136546	4.4
938	-0.724861	127.268649	0.122450	0.182364	4.5
939	-0.778989	128.268649	0.121630	0.088754	6.4
940	-0.723540	127.375448	0.122362	0.069763	6.9
941	-0.744733	128.375443	0.121543	0.084334	6.8
942	-0.720690	127.482242	0.122274	0.120184	6.7
943	-0.749166	128.426206	0.121502	0.186331	7.2
944	-0.732025	127.533005	0.122232	0.104524	4.4
945	-0.746403	126.639804	0.122972	0.074813	4.2
946	-0.737026	127.620267	0.122160	0.151432	4.0
947	-0.736968	126.727471	0.122899	0.137125	4.1
948	-0.736760	125.834270	0.123646	0.157192	5.9
949	-0.689198	124.941077	0.124403	0.048646	5.9
950	-0.752068	124.047876	0.125169	0.073438	6.4
951	-0.757780	123.156139	0.125943	0.104784	4.9
952	-0.734843	124.156082	0.125076	0.195209	5.8
953	-0.739882	125.156082	0.124220	0.146176	5.8
954	-0.742015	126.156082	0.123376	0.072455	4.9
955	-0.739017	127.156082	0.122543	0.110268	4.1
956	-0.744690	128.150859	0.121726	0.110372	4.0
957	-0.748252	129.150745	0.120915	0.091575	4.7
958	-0.739350	128.257544	0.121639	0.099119	6.0
959	-0.782216	127.365096	0.122371	0.129316	4.0
960	-0.715159	128.365096	0.121551	0.110179	4.0
961	-0.743292	127.471895	0.122283	0.091630	4.0
962	-0.769786	126.578695	0.123023	0.032398	6.0
963	-0.719145	127.142902	0.122554	0.064628	5.6
964	-0.743215	126.434979	0.123143	0.099513	6.3
965	-0.734413	126.781110	0.122854	0.133285	5.5
966	-0.716358	127.781106	0.122028	0.096803	4.5
967	-0.768192	128.008103	0.121843	0.100886	7.4
968	-0.735097	129.008103	0.121030	0.120779	5.7
969	-0.721224	128.699465	0.121280	0.059522	5.4
970	-0.714973	129.697761	0.120476	0.091155	6.0
971	-0.748167	130.692292	0.119687	0.095631	4.7
972	-0.731045	129.799091	0.120395	0.098473	5.5
973	-0.733619	128.915026	0.121105	0.116373	6.1
974	-0.727143	129.911385	0.120306	0.101996	5.9
975	-0.759985	129.018184	0.121022	0.138834	4.3
976	-0.738636	130.018184	0.120221	0.100626	4.2
977	-0.741938	130.633443	0.119733	0.152387	5.9
978	-0.740520	129.740242	0.120442	0.064210	6.2
979	-0.738849	130.690963	0.119688	0.064245	6.0
980	-0.736443	129.931084	0.120290	0.063447	6.0
981	-0.759318	130.923678	0.119504	0.037377	5.7
982	-0.740675	130.511092	0.119830	0.063268	4.3
983	-0.725845	130.304813	0.119993	0.087412	6.9
984	-0.748377	130.234634	0.120049	0.087282	4.5
985	-0.730595	131.182258	0.119301	0.112279	4.0
986	-0.698605	132.125626	0.118566	0.049756	6.0
987	-0.732729	133.118990	0.117802	0.100474	4.8
988	-0.738779	132.225849	0.118489	0.107200	5.4
989	-0.752427	133.225849	0.117720	0.052441	5.4
990	-0.737886	133.360448	0.117618	0.138488	5.3
991	-0.700608	134.349418	0.116869	0.070865	5.0
992	-0.721230	135.349415	0.116121	0.096501	6.9
993	-0.739332	134.480257	0.116771	0.134242	5.9
994	-0.714201	135.480209	0.116024	0.152588	4.0
995	-0.748945	136.480209	0.115288	0.066879	5.9
996	-0.758151	137.480207	0.114560	0.105593	4.6
997	-0.759479	138.480203	0.113842	0.139419	4.6
998	-0.737485	139.480190	0.113132	0.088943	4.1
999	-0.748379	138.586989	0.113766	0.111933	4.2
