1:ItNr	2:Metric	3a:Time	3b:StepSize	4:||Gradient||	Time[ms]
0	-0.840818	0.000000	3.147624	0.019807	2808.3
1	-0.856340	0.000000	3.147624	0.029712	12.4
2	-0.848424	0.000000	3.147624	0.037153	10.8
3	-0.871905	0.999495	3.004619	0.025735	9.9
4	-0.858310	1.999486	2.873981	0.020831	12.5
5	-0.840621	2.977704	2.756732	0.022390	11.2
6	-0.837990	3.501744	2.697771	0.015427	10.2
7	-0.867323	3.346209	2.715006	0.024337	12.6
8	-0.862312	3.544078	2.693118	0.026794	11.4
9	-0.870448	4.543039	2.587793	0.024777	10.3
10	-0.832724	5.542627	2.490337	0.018334	12.4
11	-0.853701	6.501326	2.403524	0.026211	11.1
12	-0.832298	7.105415	2.351863	0.029161	19.6
13	-0.843205	8.105347	2.271064	0.015363	11.2
14	-0.851086	8.952375	2.206840	0.015329	9.9
15	-0.851005	8.635557	2.230432	0.020473	11.9
16	-0.862216	8.501768	2.240547	0.025473	11.2
17	-0.855896	9.307951	2.180949	0.016467	9.8
18	-0.829683	10.010174	2.131562	0.019493	12.8
19	-0.849878	9.690856	2.153739	0.017576	10.8
20	-0.849925	9.691691	2.153680	0.022834	9.8
21	-0.864877	10.431349	2.102999	0.025125	12.6
22	-0.852773	11.425101	2.038547	0.023637	10.5
23	-0.850636	12.410053	1.978449	0.013765	10.1
24	-0.873849	12.206597	1.990571	0.022279	12.3
25	-0.867470	11.951963	2.005953	0.017158	11.2
26	-0.839803	11.632915	2.025565	0.015475	11.1
27	-0.882541	11.345190	2.043583	0.025659	18.1
28	-0.846453	11.493300	2.034268	0.013788	9.8
29	-0.889761	12.297212	1.985154	0.015818	12.7
30	-0.851303	12.018033	2.001939	0.018538	10.9
31	-0.867351	11.916470	2.008116	0.024690	9.9
32	-0.848628	12.848106	1.952845	0.017322	12.1
33	-0.865488	12.614681	1.966406	0.019291	11.5
34	-0.863601	13.092390	1.938852	0.016544	9.8
35	-0.881244	12.915719	1.948952	0.020630	13.0
36	-0.862939	12.885474	1.950691	0.017847	11.7
37	-0.862144	13.531821	1.914179	0.018278	9.9
38	-0.864443	13.223823	1.931406	0.012049	12.0
39	-0.868099	13.055521	1.940951	0.021686	10.5
40	-0.870164	12.835045	1.953599	0.016859	10.1
41	-0.842899	13.026726	1.942593	0.019324	12.9
42	-0.871940	13.130304	1.936698	0.014048	10.1
43	-0.869827	12.966615	1.946031	0.016092	10.4
44	-0.860730	12.717360	1.960417	0.012834	12.0
45	-0.860203	12.519810	1.971971	0.014394	14.0
46	-0.872728	12.283117	1.985995	0.013631	15.5
47	-0.879284	12.190540	1.991534	0.015360	11.0
48	-0.842885	11.971089	2.004790	0.023141	9.9
49	-0.863876	12.052874	1.999829	0.030628	12.0
50	-0.890765	13.043591	1.941631	0.023140	10.7
51	-0.849418	14.042901	1.886262	0.019217	10.0
52	-0.857128	14.125108	1.881847	0.018790	9.8
53	-0.853492	14.941242	1.839115	0.019681	9.7
54	-0.845001	14.751709	1.848865	0.021987	10.3
55	-0.861887	15.093609	1.831352	0.011956	9.6
56	-0.857016	14.904369	1.841004	0.015394	9.5
57	-0.863116	14.612928	1.856070	0.014565	9.6
58	-0.881788	14.329250	1.870974	0.016975	10.3
59	-0.850394	14.503990	1.861765	0.010587	9.6
60	-0.855680	14.413144	1.866541	0.017362	9.5
61	-0.841783	14.201737	1.877751	0.016332	10.2
62	-0.864181	14.073264	1.884629	0.012662	9.9
63	-0.846530	13.802734	1.899279	0.014772	14.8
64	-0.846190	13.679895	1.906006	0.015901	10.0
65	-0.851169	13.459497	1.918197	0.023444	9.7
66	-0.846877	14.348233	1.869969	0.019558	9.7
67	-0.847722	15.208464	1.825543	0.013231	9.5
68	-0.873269	15.249177	1.823492	0.016748	9.7
69	-0.862261	15.260195	1.822938	0.024007	9.6
70	-0.857702	16.148729	1.779337	0.018651	10.1
71	-0.843229	15.918572	1.790429	0.028882	9.8
72	-0.850342	16.674205	1.754519	0.016824	9.6
73	-0.882669	17.507342	1.716558	0.015615	9.5
74	-0.873438	17.527758	1.715649	0.020058	10.2
75	-0.875257	18.063985	1.692098	0.029353	9.7
76	-0.866088	19.060063	1.650025	0.020795	9.7
77	-0.886536	20.059585	1.609858	0.014606	9.5
78	-0.860206	20.891012	1.577906	0.020413	9.6
79	-0.875768	21.307802	1.562362	0.014393	9.4
80	-0.864023	21.109498	1.569719	0.017475	9.5
81	-0.859322	20.939441	1.576084	0.017423	11.4
82	-0.843486	21.210605	1.565959	0.019178	13.6
83	-0.854466	20.935185	1.576244	0.011239	11.2
84	-0.875217	20.684753	1.585714	0.018509	9.6
85	-0.856793	20.510723	1.592362	0.015842	9.6
86	-0.863801	21.123227	1.569208	0.014595	9.7
87	-0.871830	20.965970	1.575088	0.013942	9.8
88	-0.889814	21.307741	1.562364	0.017835	9.7
89	-0.884963	21.443889	1.557352	0.015074	10.0
90	-0.858730	21.142844	1.568477	0.010660	9.7
91	-0.855412	21.016610	1.573190	0.013278	9.7
92	-0.869838	20.769322	1.582503	0.017333	9.5
93	-0.868885	20.477558	1.593635	0.024837	10.0
94	-0.863073	20.548782	1.590903	0.015493	9.6
95	-0.875837	21.457690	1.556846	0.016192	9.9
96	-0.862635	21.147865	1.568290	0.011752	9.6
97	-0.875956	20.877866	1.578402	0.015940	9.6
98	-0.891246	20.594908	1.589139	0.029609	9.7
99	-0.859124	20.352038	1.598472	0.021160	10.3
100	-0.880579	21.164755	1.567662	0.012321	9.9
101	-0.864443	21.301604	1.562591	0.019572	10.3
102	-0.874914	21.295946	1.562800	0.013587	14.9
103	-0.870588	21.057204	1.571671	0.020817	11.6
104	-0.866581	21.267112	1.563866	0.027944	9.8
105	-0.865351	20.945294	1.575864	0.024393	10.3
106	-0.860310	21.944938	1.539182	0.019246	9.7
107	-0.869249	21.764657	1.545671	0.015981	9.7
108	-0.872303	22.544244	1.517998	0.017297	9.5
109	-0.865891	22.401765	1.522982	0.012652	10.0
110	-0.874921	22.609745	1.515718	0.017832	10.1
111	-0.855606	22.336037	1.525292	0.014781	9.6
112	-0.847691	22.049854	1.535431	0.014077	9.5
113	-0.869299	22.021083	1.536458	0.023466	9.5
114	-0.891460	22.363010	1.524343	0.022241	9.6
115	-0.880552	22.049980	1.535427	0.014063	9.6
116	-0.875275	22.543317	1.518031	0.010686	9.7
117	-0.858140	22.317710	1.525937	0.020686	11.0
118	-0.873757	22.030310	1.536129	0.019542	9.6
119	-0.856940	21.713249	1.547531	0.025124	9.6
120	-0.860201	22.705266	1.512406	0.019940	14.5
121	-0.857255	22.740719	1.511180	0.018676	11.1
122	-0.867441	22.778952	1.509860	0.021478	10.8
123	-0.867916	23.575573	1.482877	0.014994	9.8
124	-0.852593	23.292899	1.492341	0.014019	9.6
125	-0.871228	23.366052	1.489880	0.021698	9.7
126	-0.872832	23.930622	1.471159	0.013860	9.6
127	-0.882112	24.829418	1.442307	0.015243	9.8
128	-0.851114	25.020050	1.436333	0.012495	9.5
129	-0.871385	24.896824	1.440189	0.014153	10.5
130	-0.869924	24.711448	1.446029	0.012777	9.7
131	-0.867263	24.473494	1.453596	0.018270	9.8
132	-0.867785	24.483679	1.453271	0.014114	9.8
133	-0.868481	24.429658	1.454999	0.012564	9.5
134	-0.882077	24.227726	1.461495	0.020096	10.3
135	-0.879402	24.701420	1.446347	0.022225	9.6
136	-0.852511	25.249515	1.429206	0.011501	11.8
137	-0.855306	25.266152	1.428692	0.015890	14.5
138	-0.879458	25.249635	1.429203	0.015355	10.4
139	-0.873105	25.762393	1.413531	0.014074	9.7
140	-0.869165	25.774904	1.413153	0.010742	9.6
141	-0.876299	25.659127	1.416660	0.016860	10.0
142	-0.860536	25.491939	1.421754	0.018866	10.3
143	-0.859595	25.665357	1.416470	0.018396	9.8
144	-0.861914	25.829450	1.411507	0.013064	9.7
145	-0.866024	25.522973	1.420805	0.018482	9.5
146	-0.891208	25.241894	1.429442	0.019771	9.7
147	-0.868827	25.631554	1.417497	0.018766	10.4
148	-0.888067	25.385388	1.425020	0.019823	9.6
149	-0.870416	25.741340	1.414168	0.023627	9.7
150	-0.855960	26.728780	1.384911	0.020514	9.6
151	-0.881352	27.670347	1.358118	0.019920	9.6
152	-0.867565	28.568116	1.333520	0.015895	10.6
153	-0.868197	29.428644	1.310765	0.016854	10.9
154	-0.861310	29.696516	1.303839	0.021761	9.9
155	-0.872409	29.425737	1.310840	0.021752	10.0
156	-0.879273	29.220593	1.316195	0.017652	12.4
157	-0.876054	30.209421	1.290780	0.013867	10.7
158	-0.870869	30.526804	1.282829	0.014761	10.0
159	-0.864965	30.348254	1.287290	0.025981	12.3
160	-0.842032	31.209660	1.266051	0.023421	10.9
161	-0.868884	32.177849	1.243001	0.021120	9.7
162	-0.887952	33.170923	1.220214	0.016638	12.0
163	-0.871742	33.093650	1.221957	0.015581	13.5
164	-0.877141	33.319664	1.216872	0.018235	17.7
165	-0.844742	33.582896	1.211004	0.016082	9.9
166	-0.887196	33.808032	1.206029	0.008482	9.6
167	-0.860507	33.676451	1.208932	0.011818	9.7
168	-0.879337	33.563930	1.211425	0.024312	9.7
169	-0.871128	34.027230	1.201225	0.018200	11.9
170	-0.891177	34.714976	1.186397	0.019605	11.1
171	-0.835952	34.821994	1.184123	0.016547	10.2
172	-0.872493	35.000139	1.180356	0.010088	12.0
173	-0.863921	34.770684	1.185212	0.026684	10.6
174	-0.877293	35.589786	1.168057	0.017455	9.8
175	-0.860354	36.108616	1.157445	0.014078	12.0
176	-0.866873	35.891220	1.161868	0.013293	10.9
177	-0.864390	36.068640	1.158256	0.019008	9.6
178	-0.862564	35.814638	1.163434	0.013197	11.8
179	-0.879878	35.623831	1.167355	0.021634	11.2
180	-0.855020	35.451122	1.170926	0.012507	9.8
181	-0.897566	35.291835	1.174239	0.018346	11.5
182	-0.876021	35.108996	1.178066	0.021337	11.7
183	-0.858861	35.607724	1.167687	0.017307	9.6
184	-0.842066	36.456186	1.150443	0.017033	11.9
185	-0.854231	37.305323	1.133689	0.009843	18.4
186	-0.897816	37.040387	1.138864	0.010497	11.2
187	-0.893668	36.853451	1.142544	0.015733	9.7
188	-0.873939	37.015240	1.139357	0.017390	12.1
189	-0.869638	37.777477	1.124582	0.024254	10.8
190	-0.865313	37.760898	1.124899	0.028255	10.0
191	-0.880522	38.475287	1.111388	0.017634	14.2
192	-0.851518	39.452381	1.093424	0.027375	10.3
193	-0.879420	40.227203	1.079587	0.021283	9.7
194	-0.852697	41.212046	1.062497	0.017659	11.9
195	-0.869225	42.132496	1.047006	0.014369	11.0
196	-0.884403	41.921943	1.050509	0.020598	10.6
197	-0.878786	42.087990	1.047745	0.013591	11.9
198	-0.895484	41.913570	1.050649	0.015181	10.9
199	-0.881342	41.788683	1.052739	0.019642	17.1
200	-0.886375	41.761506	1.053195	0.015894	11.7
201	-0.848343	41.448080	1.058481	0.024066	10.0
202	-0.908220	42.429547	1.042103	0.013903	12.2
203	-0.879748	43.006884	1.032703	0.015451	11.5
204	-0.859974	42.813139	1.035838	0.019975	11.4
205	-0.849990	43.759996	1.020693	0.022369	12.9
206	-0.881465	44.433333	1.010190	0.013955	10.9
207	-0.877746	44.338906	1.011650	0.020867	9.9
208	-0.861690	44.657209	1.006745	0.034532	12.3
209	-0.879203	44.940976	1.002413	0.021270	10.9
210	-0.883493	45.940825	0.987441	0.023288	10.1
211	-0.875977	45.857349	0.988674	0.016091	12.3
212	-0.898328	45.782672	0.989779	0.009345	10.6
213	-0.861189	45.613553	0.992292	0.015369	10.9
214	-0.875474	45.543512	0.993336	0.019359	12.4
215	-0.877696	45.480360	0.994280	0.013233	10.2
216	-0.874856	45.169902	0.998945	0.018663	9.8
217	-0.868367	45.477257	0.994326	0.015791	12.1
218	-0.869246	45.267489	0.997474	0.009905	10.5
219	-0.874869	44.992995	1.001623	0.006249	10.0
220	-0.881357	44.890802	1.003176	0.019208	11.9
221	-0.877937	44.682156	1.006363	0.019810	11.0
222	-0.863659	45.556468	0.993143	0.014263	9.6
223	-0.856409	46.283841	0.982407	0.026536	13.0
224	-0.867283	46.805622	0.974847	0.010698	10.3
225	-0.867799	46.878940	0.973794	0.018616	10.7
226	-0.839631	46.599296	0.977822	0.018294	12.0
227	-0.883537	46.868696	0.973941	0.016816	10.4
228	-0.857673	47.730702	0.961726	0.016433	10.1
229	-0.881706	47.551542	0.964239	0.019691	12.0
230	-0.858909	47.751829	0.961430	0.016912	10.3
231	-0.869508	47.857413	0.959956	0.016246	10.0
232	-0.845819	48.081358	0.956844	0.014581	11.8
233	-0.868570	48.242595	0.954616	0.018636	10.6
234	-0.863687	48.146027	0.955949	0.018592	9.9
235	-0.866181	47.869251	0.959791	0.021564	12.1
236	-0.885707	48.198486	0.955225	0.021208	10.9
237	-0.862315	49.179566	0.941871	0.014865	10.8
238	-0.868902	49.789686	0.933753	0.021488	12.0
239	-0.872838	49.920587	0.932030	0.013683	10.4
240	-0.898351	50.570978	0.923560	0.015257	10.2
241	-0.878755	50.950071	0.918694	0.023284	12.1
242	-0.861742	50.630951	0.922787	0.018144	10.7
243	-0.883757	51.413447	0.912815	0.016480	9.7
244	-0.890153	51.217253	0.915295	0.017279	12.1
245	-0.873173	50.924208	0.919024	0.013559	10.6
246	-0.873055	50.642653	0.922636	0.015854	9.7
247	-0.884520	50.618731	0.922944	0.015971	19.2
248	-0.881113	51.430550	0.912600	0.015445	9.8
249	-0.862388	51.675488	0.909524	0.018527	11.3
250	-0.901517	52.010712	0.905348	0.015353	12.3
251	-0.875701	52.343736	0.901237	0.018749	10.0
252	-0.885931	53.264951	0.890058	0.020391	11.5
253	-0.858690	52.961048	0.893715	0.011854	12.0
254	-0.888914	52.864336	0.894885	0.022499	10.0
255	-0.857909	53.381665	0.888661	0.018589	12.4
256	-0.871765	54.329761	0.877476	0.017993	11.4
257	-0.872402	54.097585	0.880189	0.010493	10.0
258	-0.892625	53.792581	0.883779	0.017455	12.2
259	-0.883046	53.787265	0.883842	0.025904	10.9
260	-0.871317	53.696500	0.884916	0.018968	10.0
261	-0.863788	54.690574	0.873294	0.023962	12.3
262	-0.896520	54.650403	0.873757	0.014989	10.7
263	-0.877152	55.332375	0.865951	0.010197	9.9
264	-0.856220	55.063976	0.869007	0.017799	11.6
265	-0.873717	55.027747	0.869421	0.018621	17.6
266	-0.865011	55.959483	0.858895	0.014906	11.1
267	-0.869187	55.650527	0.862357	0.018814	12.2
268	-0.892631	55.744010	0.861306	0.015004	12.0
269	-0.866573	55.689516	0.861918	0.013616	11.0
270	-0.881169	56.009053	0.858342	0.020439	9.7
271	-0.900193	56.119812	0.857109	0.019656	10.3
272	-0.872096	57.107828	0.846267	0.017679	11.0
273	-0.879627	57.958904	0.837146	0.021541	11.6
274	-0.862203	57.970459	0.837023	0.012033	10.1
275	-0.891144	58.641716	0.829968	0.012189	10.1
276	-0.900694	58.456709	0.831901	0.015075	12.3
277	-0.876822	58.242358	0.834151	0.013274	9.8
278	-0.878580	58.036550	0.836323	0.022142	10.6
279	-0.894127	57.720879	0.839677	0.014834	11.9
280	-0.902649	57.985436	0.836864	0.017588	9.7
281	-0.866745	57.713028	0.839761	0.017557	10.9
282	-0.845178	57.815932	0.838664	0.013046	11.6
283	-0.892925	57.915648	0.837604	0.019235	10.8
284	-0.861663	57.690465	0.840001	0.020424	11.3
285	-0.868167	58.002402	0.836685	0.016907	12.2
286	-0.879661	57.712221	0.839769	0.022360	9.6
287	-0.888427	58.649505	0.829887	0.012535	10.1
288	-0.884416	58.521991	0.831218	0.016407	11.8
289	-0.880337	59.035945	0.825880	0.011722	9.7
290	-0.884560	58.767878	0.828656	0.010460	9.7
291	-0.897162	58.856702	0.827734	0.012688	9.5
292	-0.884932	58.761153	0.828725	0.016076	9.6
293	-0.859342	58.529548	0.831139	0.011739	10.0
294	-0.872537	58.536441	0.831067	0.011513	9.7
295	-0.881194	58.869852	0.827598	0.013682	9.6
296	-0.889959	58.601103	0.830392	0.019640	9.6
297	-0.885561	58.746483	0.828878	0.027122	9.6
298	-0.880277	59.698666	0.819098	0.015888	9.8
299	-0.867934	59.384039	0.822304	0.023751	9.8
300	-0.884996	59.284682	0.823321	0.016969	9.7
301	-0.882745	60.261229	0.813427	0.012305	9.6
302	-0.882536	59.979496	0.816257	0.009751	9.8
303	-0.873626	59.991074	0.816140	0.016427	9.4
304	-0.889214	59.982318	0.816229	0.021749	9.7
305	-0.851366	60.729457	0.808767	0.015102	10.2
306	-0.891594	61.176465	0.804368	0.015640	9.6
307	-0.878436	61.771425	0.798586	0.017050	9.8
308	-0.876253	61.629284	0.799960	0.016871	9.5
309	-0.882309	61.514711	0.801070	0.020125	9.5
310	-0.884206	62.296501	0.793552	0.013407	9.9
311	-0.874019	62.059365	0.795817	0.010164	9.7
312	-0.890756	61.818867	0.798128	0.016125	9.6
313	-0.903257	61.718288	0.799099	0.019174	15.6
314	-0.871396	61.661746	0.799646	0.016630	10.6
315	-0.875114	62.145779	0.794990	0.020913	9.7
316	-0.865191	63.007802	0.786833	0.013025	10.3
317	-0.867261	62.692195	0.789800	0.016896	9.9
318	-0.866534	63.430743	0.782891	0.021092	10.2
319	-0.897718	63.109926	0.785877	0.023501	9.7
320	-0.866961	64.092189	0.776806	0.012753	9.6
321	-0.846937	64.434596	0.773692	0.025453	9.7
322	-0.885908	64.644707	0.771794	0.014994	9.7
323	-0.881362	64.580307	0.772375	0.014659	9.5
324	-0.843038	64.293633	0.774971	0.012943	9.6
325	-0.864302	64.077929	0.776936	0.012070	10.0
326	-0.867387	64.076714	0.776947	0.012498	10.8
327	-0.882854	63.829100	0.779215	0.015606	9.8
328	-0.872934	63.689540	0.780499	0.023723	9.5
329	-0.891510	64.429184	0.773741	0.025818	9.6
330	-0.870003	64.941982	0.769125	0.019635	9.7
331	-0.875109	65.920295	0.760468	0.019711	9.5
332	-0.881575	65.780830	0.761690	0.022134	9.6
333	-0.893807	66.464340	0.755738	0.014685	10.1
334	-0.883641	66.182737	0.758179	0.016044	9.8
335	-0.877924	66.064645	0.759207	0.018638	10.5
336	-0.883824	66.633933	0.754275	0.009620	9.5
337	-0.876870	67.243387	0.749066	0.021588	9.6
338	-0.874576	67.050664	0.750705	0.023891	10.6
339	-0.892167	68.032847	0.742424	0.013835	9.8
340	-0.877626	67.812874	0.744263	0.019370	10.6
341	-0.901088	68.608707	0.737653	0.017231	12.3
342	-0.891047	69.393451	0.731249	0.012566	9.7
343	-0.868349	69.253799	0.732380	0.018661	18.2
344	-0.851093	69.119275	0.733473	0.014308	10.7
345	-0.868814	68.802139	0.736064	0.011863	9.7
346	-0.849960	68.960791	0.734766	0.016708	9.8
347	-0.879507	68.725048	0.736696	0.014570	9.6
348	-0.899360	69.403405	0.731168	0.015600	10.6
349	-0.892480	69.262435	0.732310	0.018534	9.8
350	-0.874767	68.949796	0.734855	0.018652	10.3
351	-0.884689	68.627773	0.737496	0.023780	12.4
352	-0.878281	69.615553	0.729456	0.011427	10.8
353	-0.866757	69.306335	0.731954	0.013347	9.8
354	-0.892536	69.431701	0.730939	0.025140	12.1
355	-0.899789	69.605916	0.729534	0.016834	10.7
356	-0.880153	70.587559	0.721715	0.017689	10.0
357	-0.863226	70.290243	0.724065	0.019776	12.6
358	-0.882119	70.365908	0.723466	0.008830	10.9
359	-0.901784	70.227719	0.724562	0.020497	12.4
360	-0.868225	70.123855	0.725387	0.010349	12.6
361	-0.871367	70.236785	0.724490	0.014884	9.7
362	-0.884917	70.100239	0.725575	0.012013	10.5
363	-0.881528	69.800009	0.727975	0.013319	9.8
364	-0.885224	69.567393	0.729844	0.019118	10.0
365	-0.886839	70.416628	0.723064	0.012030	9.7
366	-0.880578	70.916549	0.719132	0.014766	9.9
367	-0.874925	70.671271	0.721056	0.016885	11.8
368	-0.881759	70.383834	0.723324	0.019880	11.7
369	-0.879310	70.174655	0.724983	0.018447	10.0
370	-0.891033	70.953295	0.718844	0.028818	10.7
371	-0.898980	70.631012	0.721373	0.016044	12.0
372	-0.884761	70.966081	0.718744	0.012066	10.1
373	-0.876825	71.410696	0.715286	0.011633	10.4
374	-0.892483	71.704337	0.713021	0.021247	11.8
375	-0.897825	71.516605	0.714467	0.023013	10.4
376	-0.879696	71.195119	0.716959	0.015925	10.5
377	-0.865006	71.959221	0.711065	0.015864	11.7
378	-0.882056	71.762224	0.712576	0.015254	9.7
379	-0.878001	71.655929	0.713393	0.018775	10.8
380	-0.866174	72.401753	0.707697	0.012012	12.4
381	-0.895791	72.094174	0.710035	0.011425	9.9
382	-0.864899	72.068084	0.710234	0.015125	10.0
383	-0.885918	72.026658	0.710550	0.012236	11.9
384	-0.874539	71.723502	0.712873	0.013848	10.1
385	-0.880412	71.657371	0.713382	0.015253	9.7
386	-0.869337	71.375315	0.715560	0.016374	12.2
387	-0.878068	71.310562	0.716062	0.021780	10.9
388	-0.883081	71.493668	0.714645	0.018534	12.9
389	-0.886900	71.170784	0.717148	0.025574	14.1
390	-0.868275	72.167035	0.709479	0.013171	14.0
391	-0.903015	71.872148	0.711732	0.011293	12.9
392	-0.867163	71.993764	0.710801	0.023009	10.8
393	-0.873944	72.479036	0.707111	0.017764	10.0
394	-0.863060	73.407060	0.700161	0.016957	12.2
395	-0.887165	73.760215	0.697551	0.013670	11.1
396	-0.863730	73.477564	0.699638	0.014682	10.7
397	-0.861843	73.405773	0.700170	0.016115	12.2
398	-0.880321	74.214199	0.694225	0.016709	10.4
399	-0.885639	73.930497	0.696300	0.016927	9.7
400	-0.875892	73.888618	0.696607	0.019020	11.9
401	-0.895786	74.560208	0.691712	0.015556	10.8
402	-0.882271	74.616887	0.691301	0.012678	9.8
403	-0.861339	74.620083	0.691278	0.010409	12.4
404	-0.895073	74.414819	0.692766	0.019068	13.9
405	-0.904989	75.031814	0.688315	0.018186	15.6
406	-0.860997	74.763328	0.690244	0.010275	11.5
407	-0.870572	74.539062	0.691865	0.013014	10.1
408	-0.862097	74.415908	0.692758	0.011867	11.6
409	-0.886904	74.199824	0.694330	0.016986	11.7
410	-0.880338	74.831713	0.689752	0.012846	10.1
411	-0.884331	75.003155	0.688520	0.015215	12.0
412	-0.883524	74.855365	0.689582	0.010778	11.1
413	-0.874067	75.026300	0.688354	0.012488	9.8
414	-0.896953	74.820717	0.689831	0.014289	11.1
415	-0.889894	75.408176	0.685627	0.014841	12.0
416	-0.873940	75.338170	0.686126	0.014860	9.8
417	-0.890934	75.094917	0.687863	0.009152	11.7
418	-0.872747	75.114200	0.687725	0.016774	11.3
419	-0.893160	74.837019	0.689714	0.013718	9.7
420	-0.886010	75.125758	0.687642	0.014255	11.8
421	-0.871483	75.656515	0.683866	0.014454	11.4
422	-0.892468	75.712276	0.683472	0.023207	9.6
423	-0.852663	75.858117	0.682442	0.015667	11.4
424	-0.871484	76.754654	0.676184	0.012988	11.6
425	-0.871453	76.525160	0.677775	0.015184	9.8
426	-0.883363	76.233138	0.679810	0.014416	14.2
427	-0.893066	76.378383	0.678796	0.022477	10.7
428	-0.867356	76.108278	0.680684	0.029218	10.4
429	-0.873114	77.108199	0.673747	0.019525	13.0
430	-0.874081	78.098085	0.667017	0.016964	10.6
431	-0.880211	77.788492	0.669107	0.021409	9.8
432	-0.890640	78.549217	0.663994	0.009472	12.3
433	-0.881540	78.251776	0.665984	0.018555	10.8
434	-0.880640	78.008033	0.667624	0.020085	10.0
435	-0.902387	77.700833	0.669701	0.011947	12.1
436	-0.881406	77.481652	0.671192	0.016068	10.9
437	-0.856755	78.203149	0.666310	0.018350	14.0
438	-0.861181	78.228112	0.666143	0.020118	16.0
439	-0.877128	78.745840	0.662685	0.021553	12.0
440	-0.882856	79.744141	0.656119	0.009970	9.8
441	-0.892622	79.570884	0.657249	0.016753	10.2
442	-0.856014	79.325979	0.658853	0.013165	17.7
443	-0.871513	79.834894	0.655528	0.010525	11.9
444	-0.878533	79.663210	0.656646	0.010716	10.3
445	-0.898822	79.478756	0.657851	0.009745	10.8
446	-0.883762	79.243442	0.659396	0.016290	13.4
447	-0.897598	79.091116	0.660399	0.014686	10.0
448	-0.891236	79.015915	0.660896	0.017683	11.1
449	-0.874387	79.312277	0.658943	0.014155	13.3
450	-0.856496	79.236619	0.659441	0.008995	10.9
451	-0.900982	79.179279	0.659818	0.019844	12.2
452	-0.895949	78.940899	0.661392	0.017756	11.5
453	-0.877829	78.621797	0.663510	0.010473	10.4
454	-0.881419	78.497029	0.664342	0.013106	14.0
455	-0.878020	78.236991	0.666083	0.017073	10.6
456	-0.879253	78.439466	0.664727	0.016717	9.9
457	-0.904569	78.418976	0.664864	0.028811	12.4
458	-0.896437	79.168166	0.659891	0.016382	10.9
459	-0.888046	79.112888	0.660256	0.017395	10.1
460	-0.850643	79.851347	0.655421	0.016648	12.4
461	-0.860125	80.496662	0.651254	0.013822	13.9
462	-0.864267	80.226634	0.652991	0.009848	10.7
463	-0.882742	80.108004	0.653757	0.009962	9.7
464	-0.890645	79.959945	0.654716	0.019036	10.0
465	-0.877162	79.936611	0.654867	0.008151	10.5
466	-0.878755	80.048264	0.654144	0.021124	10.1
467	-0.880713	80.130520	0.653612	0.024239	11.5
468	-0.899911	81.124675	0.647249	0.013173	12.2
469	-0.867061	80.860493	0.648928	0.015092	9.8
470	-0.891693	81.338982	0.645894	0.021211	11.1
471	-0.872893	81.716964	0.643517	0.016500	12.2
472	-0.883613	82.426202	0.639104	0.017037	11.8
473	-0.873075	82.216973	0.640399	0.010848	22.1
474	-0.868829	82.757663	0.637062	0.012960	10.4
475	-0.860316	83.018711	0.635464	0.014978	12.2
476	-0.858420	82.840014	0.636557	0.008917	11.5
477	-0.902149	82.693073	0.637459	0.008991	10.5
478	-0.892336	82.583253	0.638135	0.011546	13.7
479	-0.878029	82.432414	0.639066	0.013026	10.7
480	-0.885535	82.154287	0.640789	0.014702	11.2
481	-0.885906	82.013624	0.641664	0.007978	11.9
482	-0.875764	81.864519	0.642594	0.012782	10.4
483	-0.882501	81.923583	0.642225	0.018122	9.7
484	-0.899802	81.713649	0.643538	0.012476	12.7
485	-0.842802	81.425172	0.645350	0.013805	11.2
486	-0.852079	81.316566	0.646035	0.011777	10.5
487	-0.870881	81.921397	0.642239	0.015779	14.6
488	-0.869227	81.813323	0.642914	0.018793	10.5
489	-0.870771	82.714031	0.637330	0.011529	11.2
490	-0.886964	83.024808	0.635426	0.009997	12.2
491	-0.878712	83.237660	0.634129	0.020782	10.5
492	-0.877092	83.360322	0.633383	0.017168	11.3
493	-0.893604	84.231895	0.628137	0.011855	14.9
494	-0.880710	84.859228	0.624415	0.022848	11.9
495	-0.880280	85.685652	0.619578	0.025033	10.3
496	-0.877649	86.581020	0.614422	0.020179	11.1
497	-0.873907	86.283318	0.616127	0.014156	12.0
498	-0.863897	87.027213	0.611884	0.012865	9.6
499	-0.894640	86.792534	0.613216	0.016458	10.7
