1:ItNr	2:Metric	3a:Time	3b:StepSize	4:||Gradient||	Time[ms]
0	-1.107931	0.000000	312.452478	0.007388	719.9
1	-1.115038	0.000000	312.452478	0.006621	8.6
2	-1.089097	0.000000	312.452478	0.006514	7.5
3	-1.065519	0.999997	298.250139	0.004840	9.5
4	-1.087299	1.040406	297.703314	0.005042	7.7
5	-1.063308	0.416721	306.372861	0.007801	10.5
6	-1.126056	1.416717	292.705748	0.005103	7.6
7	-1.087363	2.416717	280.205886	0.006343	8.6
8	-1.075153	2.175842	283.118171	0.006693	7.5
9	-1.119669	3.175842	271.407383	0.008138	11.7
10	-1.130513	4.175842	260.626914	0.006437	8.7
11	-1.060011	5.175842	250.670141	0.004832	7.6
12	-1.130728	6.174325	241.459618	0.007151	8.6
13	-1.137700	5.538342	247.246121	0.007775	7.6
14	-1.114842	6.538342	238.267871	0.007225	8.2
15	-1.187027	7.538342	229.918827	0.006145	10.4
16	-1.110567	8.538342	222.135085	0.004737	8.9
17	-1.137455	9.538342	214.861112	0.005991	7.5
18	-1.088043	8.937045	219.176676	0.004206	10.4
19	-1.130980	8.302570	223.922409	0.004897	7.5
20	-1.123430	8.459445	222.729997	0.006140	9.8
21	-1.126861	9.459433	215.417732	0.008185	14.7
22	-1.130808	10.459433	208.570256	0.006852	11.5
23	-1.111611	11.459433	202.144689	0.004701	14.2
24	-1.095180	12.459433	196.103203	0.007273	9.5
25	-1.102156	12.329419	196.868179	0.006635	11.0
26	-1.108997	13.329419	191.133500	0.005527	7.5
27	-1.115120	14.329419	185.723462	0.005009	8.4
28	-1.131400	14.450966	185.086694	0.003679	7.5
29	-1.107751	15.293527	180.789871	0.006422	8.4
30	-1.115711	14.658103	184.011531	0.006806	7.6
31	-1.105028	15.658103	178.991862	0.008404	11.2
32	-1.119772	16.658103	174.238785	0.003489	7.6
33	-1.091596	17.657923	169.732398	0.005036	9.0
34	-1.134409	17.105810	172.191645	0.008364	7.5
35	-1.135025	18.105655	167.789084	0.005585	10.3
36	-1.132228	18.992271	164.069252	0.004715	8.4
37	-1.124829	19.940911	160.267611	0.006084	10.2
38	-1.141507	19.304958	162.796399	0.004918	7.5
39	-1.160790	20.301266	158.869271	0.006526	7.7
40	-1.113642	21.301258	155.113638	0.006315	7.5
41	-1.140506	20.665406	157.480815	0.004322	9.4
42	-1.136480	20.030164	159.918981	0.006731	7.8
43	-1.112963	19.594663	161.634599	0.004486	10.7
44	-1.146786	19.009996	163.996567	0.005984	8.8
45	-1.113441	18.512715	166.060519	0.005795	8.6
46	-1.097851	19.512715	161.961547	0.005038	9.4
47	-1.108290	19.010254	163.995509	0.004741	7.6
48	-1.098056	18.696134	165.293225	0.006066	10.7
49	-1.121223	19.695958	161.232278	0.005437	8.5
50	-1.150188	20.695912	157.365598	0.004438	11.0
51	-1.110733	20.624609	157.635165	0.005733	8.0
52	-1.133405	21.624608	153.936946	0.006190	7.9
53	-1.156086	22.620980	150.420786	0.004843	8.1
54	-1.142268	23.426256	147.694239	0.004629	11.5
55	-1.122089	23.433343	147.670682	0.005886	9.5
56	-1.137499	22.935689	149.343327	0.005445	7.9
57	-1.156806	22.299706	151.536871	0.005994	8.5
58	-1.109071	21.686962	153.712086	0.006069	7.7
59	-1.150103	22.686800	150.194154	0.004271	11.2
60	-1.109913	22.051057	152.412100	0.004735	9.0
61	-1.162553	22.614933	150.441640	0.007867	8.0
62	-1.145941	23.614758	147.070213	0.005226	8.3
63	-1.103789	22.979611	149.194182	0.006200	8.8
64	-1.166799	23.974814	145.892811	0.005611	8.9
65	-1.156696	23.338831	147.985454	0.005817	10.6
66	-1.115208	22.707645	150.122524	0.007772	8.7
67	-1.137235	23.707636	146.764682	0.007397	8.2
68	-1.127742	24.707636	143.553738	0.006415	15.2
69	-1.176566	24.092995	145.510452	0.004717	13.9
70	-1.133056	24.877035	143.023673	0.005632	14.9
71	-1.158728	25.877025	139.972664	0.004393	14.3
72	-1.131400	26.506237	138.118750	0.005557	19.5
73	-1.135907	26.904798	136.969622	0.007494	14.0
74	-1.166526	27.904798	134.168882	0.006149	8.0
75	-1.132677	28.904798	131.480386	0.005781	9.1
76	-1.118427	29.904798	128.897517	0.007810	7.6
77	-1.116691	30.904798	126.414173	0.006416	10.7
78	-1.132614	31.904798	124.024707	0.005048	11.4
79	-1.114783	31.610551	124.718369	0.006272	7.9
80	-1.118404	32.608331	122.397058	0.006373	8.1
81	-1.115015	33.608331	120.155695	0.004397	7.5
82	-1.153870	34.179236	118.912520	0.004733	9.6
83	-1.124553	33.551325	120.281259	0.004820	7.6
84	-1.117343	34.483795	118.259791	0.003695	11.2
85	-1.119307	34.095024	119.094277	0.005546	7.5
86	-1.132055	35.093748	116.973856	0.005451	9.9
87	-1.156183	36.093748	114.925053	0.005274	7.9
88	-1.109654	37.093747	112.946786	0.004562	8.3
89	-1.114728	38.061397	111.096290	0.004478	9.8
90	-1.176583	37.426003	112.304483	0.004942	8.3
91	-1.149105	38.421961	110.422172	0.006323	8.2
92	-1.120719	39.322125	108.774385	0.005237	8.7
93	-1.105512	40.322123	107.000569	0.004817	8.7
94	-1.150800	41.312923	105.299217	0.005945	8.0
95	-1.117860	40.676958	106.384982	0.005074	10.6
96	-1.149181	41.676958	104.687628	0.005950	8.2
97	-1.143973	41.058667	105.730631	0.005822	8.5
98	-1.124102	42.058661	104.053938	0.004883	7.6
99	-1.127124	43.057015	102.432216	0.006909	8.2
100	-1.157729	42.421935	103.457928	0.004932	7.5
101	-1.090455	41.786056	104.505720	0.003963	11.7
102	-1.138681	42.425033	103.452876	0.005687	7.6
103	-1.128457	42.964572	102.580254	0.005167	9.0
104	-1.139674	42.787646	102.864778	0.006519	7.5
105	-1.171197	42.152810	103.898814	0.005013	10.0
106	-1.129523	43.086437	102.385189	0.005538	9.8
107	-1.137220	42.450455	103.411427	0.005273	10.4
108	-1.155954	43.440669	101.822376	0.005533	8.1
109	-1.171757	44.440644	100.266466	0.005687	7.5
110	-1.126371	45.421966	98.785122	0.005676	9.7
111	-1.157741	44.787434	99.737923	0.004935	7.5
112	-1.127472	44.164419	100.691484	0.006706	8.9
113	-1.113298	45.164418	99.169647	0.010117	9.5
114	-1.175804	46.164418	97.693127	0.007468	11.1
115	-1.116621	47.164418	96.259928	0.004272	7.9
116	-1.160246	46.529426	97.165079	0.006806	9.0
117	-1.146636	47.525412	95.752829	0.004728	8.1
118	-1.125374	47.929576	95.191388	0.004911	7.6
119	-1.127976	48.718650	94.114014	0.004438	10.9
120	-1.157259	48.090176	94.970116	0.004081	8.4
121	-1.151849	48.628794	94.235469	0.005630	9.2
122	-1.118297	48.261713	94.734909	0.004707	7.8
123	-1.150094	49.257024	93.392826	0.004926	10.5
124	-1.179405	48.651762	94.204394	0.005869	9.9
125	-1.116159	48.015866	95.072371	0.005686	16.6
126	-1.171268	49.015866	93.714502	0.004303	12.6
127	-1.132198	48.380037	94.573343	0.005025	12.9
128	-1.175669	47.745434	95.446369	0.005798	11.3
129	-1.158806	48.601929	94.271842	0.005075	7.6
130	-1.137165	49.601651	92.936949	0.004910	10.5
131	-1.156390	49.136239	93.553663	0.005661	7.5
132	-1.159374	50.136175	92.238612	0.004690	8.5
133	-1.178378	50.611981	91.625758	0.005579	7.5
134	-1.124244	51.611263	90.364797	0.005167	10.4
135	-1.147313	52.029086	89.847791	0.005280	7.4
136	-1.157567	51.415894	90.608589	0.005411	9.8
137	-1.173287	52.415850	89.374461	0.005428	7.6
138	-1.123596	53.395208	88.197913	0.005157	8.4
139	-1.157888	53.088392	88.563158	0.005411	7.5
140	-1.137423	52.452428	89.329955	0.005828	11.2
141	-1.149395	52.551548	89.209571	0.005570	8.5
142	-1.156973	53.551547	88.012956	0.007547	7.5
143	-1.149713	52.915564	88.770236	0.005767	7.9
144	-1.160365	53.915564	87.585299	0.005222	7.6
145	-1.107946	53.283480	88.330568	0.004774	8.0
146	-1.114946	54.280602	87.160595	0.004612	9.5
147	-1.151624	53.825078	87.691215	0.004649	9.2
148	-1.130466	53.189331	88.442663	0.005817	7.9
149	-1.158908	52.554392	89.206122	0.004946	8.6
150	-1.134898	53.550414	88.014293	0.004274	9.6
151	-1.129503	53.820812	87.696216	0.005716	8.9
152	-1.133124	54.608486	86.782613	0.007000	7.5
153	-1.160226	55.119704	86.199784	0.004937	9.9
154	-1.102410	56.119667	85.082084	0.005198	7.5
155	-1.195951	55.483756	85.789485	0.007100	9.6
156	-1.162914	54.847808	86.508789	0.004975	8.6
157	-1.101908	55.847808	85.383073	0.004835	8.7
158	-1.150721	55.229243	86.075918	0.005443	7.5
159	-1.157824	56.227896	84.962849	0.004914	11.8
160	-1.153216	57.227879	83.876773	0.003947	8.7
161	-1.144398	56.705177	84.440989	0.005717	7.5
162	-1.132587	56.559307	84.599802	0.006081	7.8
163	-1.166635	57.558777	83.523475	0.004954	7.6
164	-1.146435	58.501378	82.533186	0.004715	8.0
165	-1.186500	59.446960	81.563083	0.006516	10.3
166	-1.159334	58.811068	82.212933	0.005324	8.8
167	-1.158127	59.356636	81.654763	0.006313	7.5
168	-1.144665	58.720654	82.306174	0.005034	7.8
169	-1.141588	59.720650	81.286537	0.006290	8.0
170	-1.178149	60.720649	80.291850	0.006281	9.0
171	-1.155611	61.720649	79.321211	0.005845	8.1
172	-1.150866	62.720649	78.373760	0.007069	8.6
173	-1.145221	63.720594	77.448726	0.006431	7.6
174	-1.174356	64.720594	76.545224	0.005960	8.3
175	-1.180063	64.115138	77.089718	0.004392	8.6
176	-1.160335	65.114942	76.194699	0.006606	8.6
177	-1.145893	64.533467	76.712686	0.004189	8.1
178	-1.167236	65.529241	75.829881	0.006405	10.1
179	-1.172883	66.408067	75.067466	0.006730	8.6
180	-1.190838	67.408067	74.218364	0.006244	10.2
181	-1.154951	66.772084	74.756139	0.008269	7.9
182	-1.149284	67.772084	73.914025	0.004893	7.7
183	-1.131170	68.772084	73.090673	0.006244	9.9
184	-1.207182	69.771849	72.285650	0.004816	8.5
185	-1.161254	69.135866	72.795685	0.005168	8.4
186	-1.170453	68.712032	73.139599	0.008070	7.5
187	-1.154038	68.078097	73.660106	0.005162	8.0
188	-1.165565	67.442116	74.189790	0.005529	7.6
189	-1.144729	66.820036	74.715319	0.005904	9.9
190	-1.104906	67.814696	73.878562	0.003747	8.2
191	-1.168265	67.214362	74.381335	0.005222	7.9
192	-1.148357	67.897482	73.809763	0.005326	7.5
193	-1.109262	67.262690	74.340608	0.005581	7.7
194	-1.158904	66.636271	74.871990	0.004882	9.3
195	-1.130046	67.636242	74.027304	0.006425	10.3
196	-1.116539	68.620651	73.214175	0.004343	7.7
197	-1.171363	67.986567	73.735871	0.003996	10.1
198	-1.130094	68.983873	72.918645	0.005219	7.6
199	-1.117727	68.515706	73.300009	0.005510	8.5
200	-1.147767	67.879723	73.824510	0.005102	7.5
201	-1.121090	67.243743	74.356570	0.004162	9.7
202	-1.148503	66.607858	74.896273	0.006801	7.6
203	-1.161441	65.971878	75.443950	0.006344	10.5
204	-1.136831	65.335895	75.999699	0.006077	7.5
205	-1.143597	66.335895	75.129499	0.003953	8.8
206	-1.158237	67.063247	74.508972	0.006784	7.8
207	-1.131363	66.427471	75.050804	0.008481	12.2
208	-1.133498	67.427471	74.202077	0.004688	9.1
209	-1.122128	68.427471	73.372331	0.007605	7.6
210	-1.152027	69.427439	72.560963	0.004545	8.8
211	-1.148738	68.791546	73.074831	0.004484	7.5
212	-1.136431	69.647950	72.384450	0.004598	9.8
213	-1.147678	70.451452	71.748473	0.004194	9.6
214	-1.150932	69.817268	72.249498	0.004076	8.6
215	-1.155166	70.276730	71.885814	0.003944	7.6
216	-1.192826	71.225719	71.146120	0.005697	9.7
217	-1.165981	70.628500	71.609838	0.005604	7.6
218	-1.173446	71.618133	70.844681	0.005545	9.0
219	-1.135379	71.062446	71.272297	0.005215	10.3
220	-1.103486	72.059200	70.508902	0.007341	7.5
221	-1.132213	73.003174	69.800857	0.006765	7.6
222	-1.175035	74.003174	69.066135	0.005737	10.7
223	-1.156467	75.003174	68.346720	0.005664	9.1
224	-1.163511	74.555130	68.667188	0.005359	9.0
225	-1.144694	75.459987	68.023045	0.004515	10.7
226	-1.146339	75.079620	68.292339	0.006523	7.6
227	-1.124870	76.063946	67.599787	0.003983	8.7
228	-1.165553	77.063933	66.910452	0.005295	7.5
229	-1.121291	76.468158	67.319442	0.004116	8.4
230	-1.131443	76.224642	67.488055	0.005071	9.3
231	-1.147233	75.590646	67.931030	0.004696	9.7
232	-1.143931	76.590646	67.234949	0.005708	7.6
233	-1.171350	77.590645	66.552988	0.004369	8.0
234	-1.144703	78.287307	66.086011	0.005409	7.9
235	-1.159857	79.287231	65.427093	0.006446	9.8
236	-1.125698	80.287231	64.781137	0.004856	11.4
237	-1.136502	80.284179	64.783090	0.004892	7.7
238	-1.182477	79.648282	65.192390	0.005270	8.4
239	-1.172249	79.027139	65.597218	0.007523	7.6
240	-1.186309	80.027001	64.948004	0.007737	9.7
241	-1.153953	79.433955	65.331511	0.007447	7.7
242	-1.147798	80.433954	64.687432	0.005469	10.3
243	-1.155064	81.433649	64.056119	0.006254	7.6
244	-1.170393	82.170329	63.598731	0.005928	9.5
245	-1.175126	83.162433	62.992980	0.004417	7.6
246	-1.149632	84.162323	62.394039	0.005159	8.8
247	-1.156463	85.067198	61.861746	0.006067	7.5
248	-1.194345	84.501148	62.193655	0.005572	10.3
249	-1.136254	85.501132	61.609693	0.005253	7.7
250	-1.175173	84.865318	61.979713	0.006287	9.6
251	-1.170574	85.865309	61.399738	0.004841	8.2
252	-1.159332	86.865308	60.830513	0.004631	7.6
253	-1.184316	87.362593	60.551357	0.005014	8.7
254	-1.129766	86.755528	60.892486	0.005403	15.7
255	-1.143864	86.200654	61.207668	0.004437	10.3
256	-1.154383	85.565731	61.572346	0.007468	10.2
257	-1.162364	86.565539	61.000039	0.005654	7.9
258	-1.160529	87.565539	60.438166	0.003900	11.1
259	-1.132027	86.929661	60.794243	0.004975	9.2
260	-1.197026	86.302615	61.149507	0.004553	7.5
261	-1.144772	86.048471	61.294682	0.005453	10.5
262	-1.193974	85.421369	61.655869	0.007585	7.5
263	-1.141775	86.415762	61.085095	0.005946	8.9
264	-1.158182	87.415732	60.521678	0.005236	9.6
265	-1.154185	86.785401	60.875610	0.005192	8.1
266	-1.140405	87.785266	60.316091	0.005008	7.4
267	-1.152191	87.988235	60.203764	0.004842	10.8
268	-1.158058	88.988228	59.656403	0.005097	9.6
269	-1.143456	89.986835	59.119643	0.006283	9.3
270	-1.162123	89.350938	59.460319	0.005621	10.0
271	-1.133429	89.660978	59.293729	0.005098	7.5
272	-1.161912	89.450487	59.406728	0.007335	8.9
273	-1.160780	88.814504	59.750778	0.008076	7.5
274	-1.180457	89.814504	59.211581	0.004078	8.1
275	-1.161426	90.814502	58.682031	0.005282	8.9
276	-1.161607	90.179238	59.017332	0.007242	10.5
277	-1.171452	89.655059	59.296901	0.005244	7.9
278	-1.140760	90.654846	58.765940	0.004264	9.0
279	-1.162387	91.645638	58.249056	0.004545	7.5
280	-1.188244	91.040875	58.563466	0.006721	9.9
281	-1.199165	90.404893	58.897791	0.005583	10.9
282	-1.162366	91.404892	58.373812	0.004209	7.6
283	-1.154049	92.231248	57.947803	0.005537	8.5
284	-1.151215	92.027630	58.052195	0.006076	7.6
285	-1.177391	91.391647	58.380691	0.006694	8.2
286	-1.104074	90.755941	58.712781	0.003998	8.6
287	-1.153819	90.234871	58.987815	0.004778	11.2
288	-1.136539	90.867268	58.654352	0.004620	7.5
289	-1.146872	90.231285	58.989717	0.007089	10.7
290	-1.151061	91.231285	58.464109	0.005756	10.7
291	-1.144952	92.231285	57.947784	0.004668	10.4
292	-1.189009	91.610457	58.267253	0.004989	10.8
293	-1.141725	92.608957	57.755147	0.005011	7.4
294	-1.182919	93.370906	57.370377	0.005557	9.6
295	-1.167826	93.639961	57.235731	0.005756	9.6
296	-1.133886	93.004095	57.554968	0.005639	8.2
297	-1.145608	92.369026	57.877379	0.004862	7.6
298	-1.174047	91.733171	58.203827	0.005579	10.7
299	-1.171403	92.733171	57.692070	0.003621	9.0
300	-1.155277	92.097312	58.016428	0.004770	9.3
301	-1.169729	93.089712	57.511777	0.005934	8.3
302	-1.146879	94.083643	57.015070	0.005493	7.5
303	-1.163820	95.083627	56.523923	0.005795	11.2
304	-1.187357	96.083433	56.041251	0.006288	7.6
305	-1.179803	96.049877	56.057317	0.005471	8.8
306	-1.149673	95.416004	56.362543	0.004409	7.4
307	-1.164370	94.872155	56.627082	0.004062	9.6
308	-1.127190	94.238496	56.938456	0.004904	7.5
309	-1.149547	95.177743	56.478133	0.004467	10.5
310	-1.161885	96.143005	56.012752	0.006714	8.2
311	-1.130310	95.507112	56.318468	0.005570	7.6
312	-1.149057	94.871363	56.627469	0.004872	7.6
313	-1.140759	95.610661	56.268457	0.006047	9.7
314	-1.148810	94.974744	56.576991	0.005289	8.4
315	-1.164029	95.266653	56.434944	0.004036	8.8
316	-1.188628	94.631894	56.744742	0.006980	10.5
317	-1.159309	93.995912	57.058568	0.004719	7.6
318	-1.111069	93.363815	57.373934	0.004260	8.9
319	-1.174959	92.816650	57.649755	0.006447	7.5
320	-1.165849	93.816327	57.147814	0.003902	8.5
321	-1.162276	93.635812	57.237803	0.004555	8.6
322	-1.147208	93.000337	57.556865	0.006262	11.1
323	-1.139474	93.609300	57.251044	0.004342	7.6
324	-1.184941	94.609010	56.755974	0.006314	9.6
325	-1.193531	94.075246	57.019231	0.005431	7.5
326	-1.167829	94.425306	56.846304	0.004896	9.7
327	-1.114293	95.214248	56.460392	0.005452	11.3
328	-1.167666	94.662808	56.729576	0.005570	7.5
329	-1.136426	94.458870	56.829779	0.004768	8.5
330	-1.163125	95.436549	56.352598	0.006256	7.5
331	-1.120100	95.006887	56.561315	0.003991	8.9
332	-1.143308	94.892960	56.616917	0.004291	7.8
333	-1.171552	95.596413	56.275334	0.006801	11.3
334	-1.139163	96.594176	55.797849	0.007230	7.6
335	-1.151749	95.958193	56.101261	0.006138	9.6
336	-1.182884	96.958186	55.625661	0.005523	7.5
337	-1.169197	96.322237	55.927181	0.004481	8.8
338	-1.149240	97.322152	55.454553	0.004998	7.6
339	-1.168945	96.686169	55.754233	0.005573	10.2
340	-1.188806	97.685869	55.284611	0.007190	7.8
341	-1.187632	98.685869	54.822696	0.006015	9.6
342	-1.194292	99.685869	54.368437	0.005760	8.2
343	-1.185925	100.613998	53.953510	0.004910	17.3
344	-1.186799	101.582835	53.527087	0.006992	13.5
345	-1.161819	102.582835	53.093959	0.005544	11.8
346	-1.169707	101.946902	53.368584	0.006770	9.1
347	-1.135953	102.946610	52.938132	0.004114	8.0
348	-1.139518	102.310673	53.211144	0.004366	11.1
349	-1.172161	101.675774	53.486535	0.005485	8.4
350	-1.140745	102.675459	53.054196	0.004616	11.3
351	-1.149195	103.675056	52.628827	0.005502	9.2
352	-1.160463	104.623728	52.231391	0.007289	15.2
353	-1.172637	103.987745	52.497163	0.006081	12.1
354	-1.180588	104.447125	52.304922	0.005535	13.4
355	-1.150719	103.862516	52.549814	0.005456	10.0
356	-1.161636	104.862507	52.132300	0.005282	10.9
357	-1.175713	104.226529	52.397061	0.005801	12.1
358	-1.156886	105.226529	51.981957	0.005177	12.7
359	-1.139718	104.593545	52.243943	0.006777	12.6
360	-1.168342	104.744965	52.181032	0.005139	9.3
361	-1.157750	104.110772	52.445540	0.005432	11.6
362	-1.171568	103.476435	52.712805	0.005964	21.6
363	-1.217616	104.393779	52.327174	0.005382	14.8
364	-1.169787	103.757796	52.593924	0.005179	33.1
365	-1.168205	104.737429	52.184159	0.004022	15.8
366	-1.186684	105.730752	51.775137	0.005274	16.2
367	-1.168632	106.730740	51.369796	0.004077	13.4
368	-1.174015	107.708852	50.979415	0.005172	9.2
369	-1.171358	107.118787	51.214207	0.006832	10.9
370	-1.160132	108.118787	50.817563	0.005543	10.6
371	-1.157251	109.118787	50.427015	0.005343	7.7
372	-1.175004	108.482811	50.674696	0.003523	10.4
373	-1.166699	107.910339	50.899734	0.006478	12.1
374	-1.176760	107.285520	51.147644	0.005446	9.7
375	-1.150080	106.840264	51.325786	0.005925	15.5
376	-1.191356	107.840246	50.927426	0.004851	12.1
377	-1.151608	108.029008	50.852922	0.006739	12.3
378	-1.181205	107.393026	51.104817	0.007654	8.0
379	-1.158795	107.054441	51.239941	0.006258	12.0
380	-1.155625	107.324363	51.132161	0.004709	8.3
381	-1.158858	108.257278	50.763115	0.004987	12.0
382	-1.191159	107.945619	50.885808	0.005144	13.7
383	-1.172682	108.668642	50.602073	0.006157	9.4
384	-1.149865	108.032663	50.851481	0.007083	11.3
385	-1.174740	109.032663	50.460414	0.006062	16.3
386	-1.182513	108.396680	50.708427	0.005671	18.4
387	-1.163494	109.396678	50.319549	0.003917	18.7
388	-1.156482	108.760695	50.566175	0.005650	22.2
389	-1.158288	109.657036	50.219278	0.004890	8.8
390	-1.165212	110.656231	49.838143	0.004274	11.2
391	-1.191664	111.551478	49.501538	0.005510	11.6
392	-1.177068	110.915620	49.740145	0.005612	8.7
393	-1.169089	110.587582	49.864143	0.004813	14.6
394	-1.141828	110.491502	49.900579	0.005482	12.1
395	-1.157042	109.862180	50.140553	0.004391	10.6
396	-1.143711	110.761716	49.798244	0.004296	10.2
397	-1.161121	111.761268	49.423316	0.005832	12.3
398	-1.184876	111.125731	49.661046	0.006115	8.4
399	-1.148029	112.125730	49.288008	0.005184	10.2
400	-1.188147	111.489751	49.524601	0.006187	10.3
401	-1.164489	111.132445	49.658523	0.004586	7.6
402	-1.197632	110.535191	49.884004	0.006454	11.1
403	-1.183435	111.494540	49.522811	0.006283	11.3
404	-1.167310	112.493427	49.152248	0.005149	8.7
405	-1.176709	113.493426	48.786786	0.005550	8.8
406	-1.164489	114.489735	48.428038	0.005030	7.5
407	-1.204362	113.854764	48.656064	0.005023	8.9
408	-1.176656	113.541097	48.769500	0.004815	9.3
409	-1.152861	114.049910	48.585757	0.005542	10.3
410	-1.174101	114.677407	48.361051	0.004627	8.3
411	-1.198583	115.677354	48.007236	0.005845	8.9
412	-1.157480	116.671151	47.660690	0.006488	8.1
413	-1.212518	117.059450	47.526642	0.006252	10.7
414	-1.203620	116.759889	47.629989	0.006100	11.6
415	-1.165978	117.745780	47.291543	0.003546	7.5
416	-1.145135	117.111801	47.508627	0.005636	8.8
417	-1.184993	118.104021	47.169751	0.005012	7.9
418	-1.173091	117.468039	47.386401	0.004980	11.2
419	-1.150438	118.468039	47.046636	0.005824	11.7
420	-1.137246	119.467884	46.711760	0.004719	8.3
421	-1.164134	120.467880	46.381568	0.005824	11.2
422	-1.153888	121.466996	46.056295	0.006146	8.2
423	-1.180685	120.831045	46.262806	0.006141	9.4
424	-1.167110	121.831045	45.938907	0.004132	8.5
425	-1.172492	121.391508	46.080712	0.004602	11.2
426	-1.164180	120.756073	46.287273	0.005470	11.0
427	-1.143223	121.753738	45.963785	0.005049	8.4
428	-1.161445	121.293243	46.112534	0.004962	10.2
429	-1.161785	122.293213	45.790738	0.005662	10.6
430	-1.189477	123.027935	45.557149	0.005836	20.4
431	-1.158118	124.019066	45.245789	0.006220	15.4
432	-1.167361	123.383271	45.445030	0.003676	27.1
433	-1.165939	124.345996	45.144016	0.005322	17.9
434	-1.174913	123.710043	45.342410	0.005792	17.1
435	-1.160317	124.709996	45.031242	0.003889	18.7
436	-1.171184	124.585191	45.069845	0.007044	18.7
437	-1.158406	124.256926	45.171698	0.004628	14.5
438	-1.191156	125.240620	44.867849	0.006204	20.6
439	-1.147979	124.604651	45.063822	0.005853	17.2
440	-1.147782	123.968963	45.261426	0.005317	14.0
441	-1.177782	124.968908	44.951367	0.004892	15.9
442	-1.156434	125.968847	44.645530	0.007865	10.3
443	-1.201321	125.405361	44.817362	0.005291	10.4
444	-1.195524	126.405361	44.513320	0.005246	15.3
445	-1.143523	125.769378	44.706206	0.004429	16.5
446	-1.177244	125.138675	44.899148	0.003881	9.3
447	-1.144749	124.924718	44.964980	0.005817	7.4
448	-1.186079	124.306124	45.156404	0.009210	10.7
449	-1.162383	125.306124	44.847761	0.005934	8.7
450	-1.169858	124.670141	45.043562	0.004446	10.1
451	-1.121990	125.669883	44.736533	0.004615	9.6
452	-1.197311	125.049647	44.926518	0.005104	8.3
453	-1.156582	125.634986	44.747180	0.004540	10.0
454	-1.170642	125.083029	44.916251	0.005822	8.5
455	-1.126605	125.969247	44.645408	0.005610	11.4
456	-1.173961	125.336947	44.838314	0.006392	8.4
457	-1.182953	126.330509	44.535935	0.005365	11.6
458	-1.141512	127.117419	44.299327	0.004945	9.7
459	-1.153688	126.741994	44.411896	0.006119	8.0
460	-1.174745	126.106019	44.603899	0.007050	13.0
461	-1.164782	127.106008	44.302740	0.004597	9.5
462	-1.207264	126.492610	44.486988	0.005827	8.1
463	-1.177939	126.845275	44.380871	0.004984	8.9
464	-1.216922	127.385415	44.219319	0.004360	8.0
465	-1.189375	126.749446	44.409656	0.005513	11.4
466	-1.178421	127.749442	44.111103	0.004081	8.2
467	-1.199309	127.114066	44.300330	0.006833	10.0
468	-1.178127	126.503402	44.483734	0.004964	9.7
469	-1.203252	127.503402	44.184187	0.006052	8.6
470	-1.175891	128.500042	43.889633	0.005622	10.4
471	-1.162744	129.460990	43.609324	0.005216	10.4
472	-1.181843	128.825019	43.794435	0.003762	8.5
473	-1.159178	128.312164	43.944859	0.006264	8.8
474	-1.201392	129.227257	43.677174	0.005262	9.7
475	-1.129752	128.591274	43.862866	0.005126	9.0
476	-1.184540	127.955291	44.050144	0.006385	9.6
477	-1.129145	128.955289	43.756389	0.004678	10.1
478	-1.157550	128.340880	43.936409	0.004454	7.9
479	-1.182017	128.309824	43.945548	0.005470	9.6
480	-1.159075	128.861445	43.783790	0.007719	8.5
481	-1.151702	128.287801	43.952031	0.005508	14.7
482	-1.168774	127.662252	44.136975	0.005506	18.0
483	-1.203313	127.035614	44.323807	0.005951	14.8
484	-1.164587	128.035614	44.026403	0.006262	18.8
485	-1.147149	127.491963	44.187590	0.006785	16.0
486	-1.168516	126.856198	44.377592	0.005978	16.0
487	-1.175995	126.220215	44.569301	0.005132	14.5
488	-1.183164	125.584232	44.762673	0.005371	16.3
489	-1.183132	126.584200	44.459380	0.007597	14.6
490	-1.144046	126.000164	44.636018	0.005419	16.3
491	-1.175896	127.000164	44.334424	0.008587	20.2
492	-1.166876	126.364779	44.525579	0.005233	17.0
493	-1.145783	127.364779	44.225470	0.004898	18.7
494	-1.131952	126.729714	44.415587	0.006434	15.6
495	-1.158173	127.728371	44.117353	0.004533	16.0
496	-1.150268	128.558019	43.872619	0.006444	20.3
497	-1.146686	128.108718	44.004818	0.005627	13.8
498	-1.193188	129.107399	43.712049	0.006988	12.7
499	-1.151781	128.471416	43.898039	0.004225	13.3
500	-1.181004	127.835510	44.085595	0.004070	20.2
501	-1.165319	127.597348	44.156253	0.005700	17.4
502	-1.174060	126.961821	44.345913	0.006414	17.4
503	-1.189494	127.961817	44.048214	0.003812	22.9
504	-1.173778	128.961639	43.754537	0.005511	17.0
505	-1.188291	128.362534	43.930040	0.005623	36.4
506	-1.180358	129.210865	43.681940	0.004988	11.1
507	-1.186021	130.210864	43.393060	0.005739	20.0
508	-1.147267	130.306551	43.365618	0.004369	19.0
509	-1.158644	131.295306	43.084073	0.005477	13.5
510	-1.147950	130.998225	43.168281	0.007018	11.0
511	-1.186280	130.362262	43.349656	0.006447	10.8
512	-1.195411	129.726279	43.532568	0.005304	11.0
513	-1.173871	129.091561	43.716662	0.004410	9.8
514	-1.177822	128.466000	43.899630	0.004940	9.6
515	-1.164992	127.830188	44.087171	0.003958	8.1
516	-1.205387	128.273905	43.956122	0.005648	8.9
517	-1.135798	129.268541	43.665174	0.004882	9.4
518	-1.179400	130.268540	43.376515	0.006283	14.3
519	-1.177660	130.091401	43.427369	0.005378	11.4
520	-1.182339	129.590161	43.571917	0.006393	8.1
521	-1.153984	128.954991	43.756476	0.005520	11.7
522	-1.153734	128.319008	43.942845	0.006291	12.9
523	-1.149203	127.686727	44.129709	0.005697	8.8
524	-1.181999	128.686713	43.834900	0.005529	8.9
525	-1.151565	128.052254	44.021488	0.005540	7.8
526	-1.149595	129.052229	43.728121	0.006198	10.6
527	-1.161782	128.416256	43.914245	0.004373	11.1
528	-1.182530	129.049354	43.728959	0.005462	8.1
529	-1.140593	128.413437	43.915073	0.005573	10.6
530	-1.160169	129.413420	43.623116	0.004990	7.9
531	-1.176267	129.231903	43.675823	0.004614	9.7
532	-1.176325	128.603507	43.859279	0.005243	8.4
533	-1.164819	129.603507	43.568056	0.005569	9.8
534	-1.110580	128.977296	43.749969	0.004866	10.3
535	-1.162272	128.341313	43.936282	0.004262	8.3
536	-1.147240	127.706610	44.123809	0.005212	9.5
537	-1.179882	127.070749	44.313290	0.004806	7.8
538	-1.200820	126.580651	44.460449	0.007555	11.9
539	-1.145929	125.953540	44.650180	0.005015	7.7
540	-1.152427	126.953540	44.348395	0.005589	9.0
541	-1.164758	127.627543	44.147282	0.004866	8.8
542	-1.146903	128.627531	43.852238	0.004810	8.1
543	-1.216754	128.586330	43.864316	0.005125	9.3
544	-1.210524	127.966688	44.046774	0.005521	10.7
545	-1.167520	128.499333	43.889842	0.005836	9.1
546	-1.154845	129.499333	43.598213	0.006619	7.8
547	-1.177681	128.863352	43.783233	0.005400	10.9
548	-1.164140	129.862657	43.493215	0.005892	9.1
549	-1.193726	129.238877	43.673796	0.005078	12.4
550	-1.182709	129.380813	43.632574	0.005158	8.6
551	-1.188757	130.380738	43.344365	0.005048	8.1
552	-1.182210	129.744756	43.527232	0.004394	10.6
553	-1.175511	130.743697	43.240689	0.006247	8.2
554	-1.143954	130.765178	43.234569	0.004580	9.0
555	-1.163214	131.765178	42.951556	0.005687	11.8
556	-1.173408	131.129200	43.131115	0.004593	7.9
557	-1.162460	132.102693	42.856869	0.005549	9.2
558	-1.148890	133.074724	42.586492	0.004800	7.7
559	-1.208047	132.444273	42.761466	0.005891	8.4
560	-1.181195	133.444182	42.484618	0.004659	9.5
561	-1.171092	134.444179	42.211308	0.005907	9.9
562	-1.147758	135.443901	41.941565	0.004154	7.5
563	-1.177704	136.438899	41.676499	0.005641	9.3
564	-1.176156	135.816463	41.841921	0.003924	7.9
565	-1.179801	135.181210	42.012109	0.005380	10.5
566	-1.160334	136.155042	41.751776	0.003515	11.1
567	-1.159050	136.834515	41.572035	0.006043	7.9
568	-1.162675	137.834381	41.310339	0.005789	8.2
569	-1.178989	138.834381	41.051881	0.005390	7.8
570	-1.172686	138.198398	41.215880	0.006663	10.8
571	-1.167253	139.198398	40.958600	0.007181	8.7
572	-1.189035	140.184526	40.708015	0.004827	9.6
573	-1.232972	141.182236	40.457588	0.008399	8.2
574	-1.163984	140.573518	40.610009	0.003501	10.2
575	-1.179509	141.573307	40.360267	0.005539	10.4
576	-1.190734	140.937379	40.518762	0.005115	8.1
577	-1.192658	140.301396	40.678520	0.004329	10.7
578	-1.136097	141.272247	40.435146	0.004306	7.9
579	-1.167425	141.668827	40.336567	0.005727	10.2
580	-1.151442	142.668826	40.090115	0.004833	8.3
581	-1.188498	143.668799	39.846662	0.006190	9.3
582	-1.206801	144.206744	39.716914	0.005583	11.0
583	-1.183133	145.177235	39.484963	0.005874	8.3
584	-1.169414	144.927022	39.544506	0.005593	13.7
585	-1.162045	144.405600	39.669165	0.006466	15.2
586	-1.212021	143.769617	39.822281	0.005269	8.3
587	-1.127717	143.269493	39.943522	0.004748	13.7
588	-1.196245	144.243055	39.708186	0.005287	9.8
589	-1.177595	145.243048	39.469332	0.006624	8.4
590	-1.137728	144.607065	39.620906	0.005119	9.7
591	-1.149396	144.970897	39.534052	0.005280	9.2
592	-1.199047	145.967358	39.298113	0.005995	10.7
593	-1.181239	146.967358	39.064150	0.004797	8.8
594	-1.197673	146.331718	39.212542	0.004730	7.9
595	-1.170870	146.108411	39.264942	0.004848	10.7
596	-1.155686	145.477386	39.413774	0.004907	8.4
597	-1.190839	145.494927	39.409621	0.006695	9.9
598	-1.170729	146.386107	39.199801	0.005918	12.3
599	-1.157981	147.386107	38.967004	0.005372	8.2
600	-1.149622	146.750124	39.114737	0.006113	9.5
601	-1.177474	146.115387	39.263303	0.004477	8.1
602	-1.194755	146.886755	39.082905	0.005597	8.7
603	-1.183042	146.250790	39.231516	0.005717	8.6
604	-1.158172	145.614822	39.381262	0.004644	10.0
605	-1.171429	145.513327	39.405267	0.005374	8.4
606	-1.165294	144.877918	39.556212	0.005031	7.5
607	-1.148088	145.877915	39.319176	0.006269	8.2
608	-1.185456	146.877818	39.084985	0.003921	8.2
609	-1.178187	147.877517	38.853615	0.004870	9.4
610	-1.185727	147.241601	39.000473	0.005041	9.7
611	-1.180063	148.241211	38.770120	0.003878	8.3
612	-1.213503	148.001562	38.825097	0.007341	7.7
613	-1.183703	149.001481	38.596735	0.006306	9.4
614	-1.196030	148.365498	38.741669	0.007673	7.5
615	-1.170060	149.365468	38.514272	0.007062	8.9
616	-1.206177	150.365431	38.289531	0.006753	8.8
617	-1.195180	149.729448	38.432163	0.004361	9.3
618	-1.136864	150.728931	38.208484	0.005231	7.5
619	-1.186780	150.092948	38.350511	0.006179	8.6
620	-1.195962	150.856910	38.180030	0.005297	7.5
621	-1.175169	151.856910	37.959154	0.004273	8.0
622	-1.180391	151.220949	38.099326	0.005406	9.3
623	-1.136004	150.585946	38.240323	0.007950	9.4
624	-1.163745	151.585931	38.018754	0.004823	7.5
625	-1.174746	152.585931	37.799734	0.004792	8.6
626	-1.183788	151.970722	37.934177	0.005833	7.4
627	-1.171590	151.587111	38.018494	0.004146	9.9
628	-1.164786	151.113446	38.123123	0.004580	10.2
629	-1.189761	152.107853	37.904127	0.005160	7.5
630	-1.181849	151.588435	38.018202	0.005441	7.7
631	-1.188453	150.952949	38.158706	0.004381	7.5
632	-1.197530	151.952940	37.938078	0.005395	7.5
633	-1.180390	151.346693	38.071528	0.004910	9.5
634	-1.194283	150.710711	38.212538	0.005465	10.5
635	-1.180937	150.074771	38.354586	0.005571	7.6
636	-1.140111	149.438839	38.497693	0.006760	8.0
637	-1.196786	150.438839	38.273136	0.005703	10.1
638	-1.164966	151.438839	38.051184	0.004943	8.6
639	-1.155858	151.252287	38.092394	0.004935	7.7
640	-1.173072	150.616674	38.233476	0.004522	9.8
641	-1.151490	149.980693	38.375690	0.005099	7.5
642	-1.154492	150.693414	38.216387	0.005532	9.1
643	-1.159129	150.063460	38.357122	0.004659	7.4
644	-1.174135	149.427477	38.500259	0.006412	8.2
645	-1.208962	150.424837	38.276262	0.004279	7.5
646	-1.161013	149.788854	38.418795	0.006180	11.6
647	-1.157262	150.361878	38.290325	0.005528	7.9
648	-1.142109	150.114695	38.345637	0.005227	9.3
649	-1.151188	149.478724	38.488686	0.003696	8.0
650	-1.172953	150.447263	38.271256	0.006721	8.0
651	-1.181288	149.835773	38.408244	0.005484	8.4
652	-1.166364	150.835773	38.184727	0.004524	10.6
653	-1.188911	151.830681	37.964914	0.005651	8.7
654	-1.181620	152.830679	37.746513	0.005226	7.7
655	-1.142720	153.829255	37.530916	0.006026	7.8
656	-1.197169	154.821484	37.319114	0.006063	9.0
657	-1.170272	155.815183	37.109381	0.006352	11.0
658	-1.184283	156.807105	36.902361	0.004026	8.9
659	-1.189530	157.791871	36.699107	0.007851	7.6
660	-1.180702	157.155890	36.830116	0.008690	7.4
661	-1.179616	158.155890	36.624540	0.006030	9.3
662	-1.141105	157.519907	36.755016	0.006911	7.6
663	-1.170600	158.443856	36.565766	0.005297	8.5
664	-1.162493	157.822457	36.692830	0.004258	8.1
665	-1.165235	157.186625	36.823763	0.005927	10.0
666	-1.193061	157.656334	36.726949	0.003824	7.8
667	-1.187393	157.020352	36.858157	0.005526	8.4
668	-1.186909	157.169292	36.827345	0.006975	7.6
669	-1.156805	158.169292	36.621800	0.004646	7.6
670	-1.203317	159.168697	36.418657	0.005787	7.5
671	-1.162216	159.478784	36.356085	0.004650	10.7
672	-1.146954	159.327217	36.386643	0.005951	7.7
673	-1.204730	158.691266	36.515420	0.003960	8.2
674	-1.178283	158.055684	36.645036	0.006036	7.6
675	-1.150170	159.055666	36.441519	0.004097	9.0
676	-1.177677	158.420291	36.570568	0.006256	8.9
677	-1.177216	157.784313	36.700659	0.005797	9.8
678	-1.167445	158.784311	36.496522	0.006552	8.7
679	-1.163950	159.784306	36.294644	0.005586	7.5
680	-1.180705	159.148323	36.422776	0.004810	7.7
681	-1.209825	158.518474	36.550567	0.006603	8.3
682	-1.172867	159.518421	36.348102	0.004285	9.4
683	-1.182377	158.886247	36.475840	0.005966	9.0
684	-1.166551	159.738408	36.303861	0.005984	9.5
685	-1.210313	159.247485	36.402738	0.007406	7.5
686	-1.153768	160.247485	36.201893	0.004548	8.7
687	-1.186795	159.635663	36.324510	0.007053	7.7
688	-1.161900	159.041739	36.444338	0.004895	8.3
689	-1.202822	158.405756	36.573531	0.005797	9.3
690	-1.195844	159.405745	36.370804	0.005064	9.5
691	-1.168954	158.769763	36.499475	0.004004	7.5
692	-1.151216	159.338433	36.384380	0.006414	9.0
693	-1.197198	160.243232	36.202742	0.003743	7.6
694	-1.190441	159.803340	36.290823	0.004305	9.6
695	-1.146778	160.629497	36.125751	0.005901	10.0
696	-1.161932	161.607052	35.932358	0.004510	7.5
697	-1.189806	160.971085	36.057938	0.006532	7.8
698	-1.163480	161.968902	35.861296	0.005429	8.1
699	-1.169620	161.344253	35.984145	0.005725	9.9
700	-1.164576	160.719246	36.107909	0.004633	12.0
701	-1.209724	160.888454	36.074319	0.005855	12.0
702	-1.210218	160.258914	36.199610	0.007383	10.1
703	-1.212048	161.085271	36.035326	0.005132	9.7
704	-1.191741	162.085270	35.838503	0.005253	10.1
705	-1.178709	161.452014	35.962892	0.005097	7.3
706	-1.155590	162.413648	35.774339	0.004881	10.1
707	-1.158543	163.088019	35.643287	0.003938	7.7
708	-1.166671	162.452039	35.766853	0.004407	9.6
709	-1.158062	161.995059	35.856170	0.005085	8.6
710	-1.225045	161.362802	35.980485	0.007219	7.7
711	-1.194334	162.294816	35.797532	0.005259	8.5
712	-1.180922	161.707529	35.912598	0.005661	9.8
713	-1.172313	162.609884	35.736105	0.006645	9.1
714	-1.185683	161.973901	35.860317	0.005484	9.0
715	-1.165867	161.566172	35.940404	0.005871	8.4
716	-1.192413	162.118549	35.831990	0.006555	7.5
717	-1.193405	163.117858	35.637510	0.006740	11.6
718	-1.153320	162.481875	35.761037	0.004716	7.5
719	-1.151974	163.481868	35.567192	0.005166	8.4
720	-1.161213	163.720606	35.521224	0.005371	7.5
721	-1.177023	163.084623	35.643944	0.004376	10.9
722	-1.211181	162.499748	35.757553	0.005417	8.6
723	-1.188722	163.469693	35.569540	0.005948	10.5
724	-1.167824	162.833818	35.692573	0.004344	8.1
725	-1.141495	162.197863	35.816477	0.004805	8.5
726	-1.161197	163.195554	35.622478	0.005742	10.2
727	-1.177801	162.583929	35.741157	0.006862	7.5
728	-1.192488	163.583929	35.547526	0.004826	8.8
729	-1.166975	164.583924	35.355983	0.005813	10.1
730	-1.152385	165.583913	35.166494	0.005665	9.6
731	-1.210094	166.570012	34.981616	0.005291	8.6
732	-1.147893	167.570006	34.796107	0.006326	7.5
733	-1.193255	166.934023	34.913859	0.004795	8.3
734	-1.155409	167.924569	34.730803	0.007545	8.0
735	-1.207228	168.924569	34.547937	0.004475	11.3
736	-1.168948	168.289556	34.663835	0.005739	7.5
737	-1.215433	169.289556	34.481672	0.005053	8.8
738	-1.208519	168.689682	34.590717	0.006509	7.5
739	-1.195453	169.688790	34.409480	0.004702	10.2
740	-1.171875	169.140894	34.508632	0.006592	9.4
741	-1.203053	170.140894	34.328091	0.005578	9.6
742	-1.170211	169.508974	34.441958	0.005196	8.2
743	-1.146400	168.873454	34.557237	0.004980	8.6
744	-1.166846	169.867453	34.377270	0.004848	8.6
745	-1.183338	169.231759	34.492148	0.003862	10.4
746	-1.185647	168.986659	34.536646	0.005802	11.7
747	-1.195278	169.784989	34.392129	0.003894	7.9
748	-1.168022	169.555591	34.433532	0.004779	11.3
749	-1.189027	169.289579	34.481668	0.005559	9.1
750	-1.187579	170.289442	34.301433	0.004833	9.0
751	-1.143016	169.891273	34.372981	0.004667	13.0
752	-1.179769	170.601185	34.245623	0.006175	8.0
753	-1.191029	171.601056	34.067840	0.005944	10.3
754	-1.168046	172.394300	33.928105	0.004567	8.8
755	-1.195767	171.823644	34.028514	0.007053	7.8
756	-1.177805	171.187662	34.141120	0.005790	12.6
757	-1.189969	170.551679	34.254474	0.005649	8.7
758	-1.199323	171.418942	34.100084	0.005585	15.5
759	-1.152449	172.413876	33.924671	0.005119	15.1
760	-1.190932	173.407783	33.751231	0.005144	18.5
761	-1.175031	173.821112	33.679625	0.004630	17.4
762	-1.192281	173.185265	33.789907	0.005197	22.7
763	-1.167625	174.185265	33.616790	0.005593	19.9
764	-1.167822	173.550849	33.726412	0.004278	16.6
765	-1.201506	174.543304	33.555238	0.005223	15.4
766	-1.170852	173.952998	33.656841	0.007443	18.3
767	-1.165008	173.329089	33.764899	0.007829	14.9
768	-1.199965	174.329089	33.592037	0.006725	15.0
769	-1.153747	175.329089	33.420937	0.004843	17.5
770	-1.173301	174.693106	33.529551	0.005574	14.0
771	-1.192842	174.061239	33.638164	0.005301	15.6
772	-1.198913	173.450092	33.743888	0.005611	11.1
773	-1.180617	174.448253	33.571556	0.005411	26.4
774	-1.212005	175.448253	33.400664	0.005226	15.7
775	-1.168077	176.447622	33.231608	0.006861	14.8
776	-1.206785	175.831683	33.335599	0.005147	13.1
777	-1.180649	176.831683	33.167094	0.005849	7.6
778	-1.198019	176.203572	33.272734	0.007767	9.0
779	-1.187931	177.203572	33.104863	0.005255	7.7
780	-1.206931	178.203572	32.938677	0.006626	8.7
781	-1.133599	179.202848	32.774269	0.004563	9.4
782	-1.169913	178.566895	32.878710	0.006421	9.5
783	-1.164668	177.930949	32.983817	0.006320	11.4
784	-1.182653	178.930949	32.818841	0.005037	8.3
785	-1.187288	178.316781	32.919968	0.005004	10.0
786	-1.180826	179.316114	32.755737	0.005093	7.6
787	-1.184152	180.040612	32.637694	0.005568	10.8
788	-1.173870	181.040292	32.476206	0.005191	7.6
789	-1.177460	181.991608	32.324006	0.005050	8.5
790	-1.200006	181.355625	32.425597	0.005726	7.6
791	-1.174953	182.339447	32.268712	0.006307	10.5
792	-1.199591	181.752169	32.362179	0.003605	9.4
793	-1.172606	182.750610	32.203595	0.005602	8.3
794	-1.146802	182.162446	32.296825	0.005496	9.2
795	-1.186740	183.161741	32.138744	0.005151	7.9
796	-1.205650	183.253350	32.124330	0.004666	8.8
797	-1.163520	184.146745	31.984432	0.005451	7.6
798	-1.194578	185.105120	31.835706	0.006282	9.7
799	-1.179702	186.105120	31.681989	0.004027	7.7
800	-1.166332	185.469147	31.779576	0.005055	9.0
801	-1.180691	186.374898	31.640773	0.004357	7.6
802	-1.151821	185.745421	31.737109	0.005350	8.9
803	-1.161597	186.744742	31.584443	0.007632	7.5
804	-1.167715	187.744738	31.433137	0.005927	11.2
805	-1.196600	188.717509	31.287335	0.005971	7.5
806	-1.170627	188.152197	31.371901	0.006113	8.9
807	-1.181773	189.145541	31.223608	0.007452	7.6
808	-1.198598	190.145540	31.075731	0.004862	8.5
809	-1.161502	190.760985	30.985415	0.005740	7.5
810	-1.194508	191.652393	30.855529	0.006839	11.1
811	-1.196240	191.018560	30.947772	0.004482	7.8
812	-1.177702	190.382578	31.040884	0.004708	8.3
813	-1.165463	191.370701	30.896456	0.004467	7.5
814	-1.171667	190.765496	30.984755	0.005294	9.8
815	-1.151015	190.154736	31.074378	0.007134	8.4
816	-1.193665	191.154385	30.927959	0.004847	9.9
817	-1.176296	191.952749	30.812009	0.004426	8.5
818	-1.177593	192.040103	30.799375	0.004860	7.6
819	-1.174588	192.130194	30.786356	0.005265	9.6
820	-1.187897	191.495104	30.878368	0.005290	7.7
821	-1.196338	192.493148	30.734017	0.007944	9.0
822	-1.134579	193.493148	30.590730	0.004532	10.0
823	-1.179140	194.490778	30.449108	0.005707	9.5
824	-1.199400	195.482552	30.309611	0.005662	7.4
825	-1.150335	194.846570	30.398917	0.005409	9.0
826	-1.209155	194.210587	30.488751	0.006248	8.0
827	-1.200974	195.207071	30.348231	0.005692	7.8
828	-1.208582	194.583712	30.435982	0.005690	10.6
829	-1.181288	193.948139	30.525977	0.005485	8.7
830	-1.201120	194.948139	30.384619	0.007113	8.6
831	-1.170983	195.948139	30.244565	0.003979	7.6
832	-1.139937	196.948079	30.105804	0.007237	9.4
833	-1.166422	197.894078	29.975695	0.005223	8.4
834	-1.174822	197.303129	30.056839	0.005110	11.1
835	-1.180184	198.302980	29.919803	0.006906	7.5
836	-1.208396	199.302980	29.783991	0.004697	8.4
837	-1.225966	198.794041	29.852957	0.005529	7.5
838	-1.198024	199.057533	29.817212	0.006318	11.5
839	-1.184387	199.400840	29.770767	0.004533	7.8
840	-1.153774	198.764857	29.856921	0.004304	10.3
841	-1.148772	199.586636	29.745692	0.004287	9.0
842	-1.189947	199.361048	29.776143	0.005775	8.7
843	-1.187966	198.725120	29.862321	0.006133	9.3
844	-1.180921	198.091718	29.948654	0.005236	7.5
845	-1.220083	199.091715	29.812581	0.005131	9.8
846	-1.183688	198.455931	29.898951	0.005017	7.7
847	-1.193343	198.308253	29.919084	0.007144	10.4
848	-1.168216	197.679964	30.005044	0.005223	7.5
849	-1.237939	197.044055	30.092552	0.005219	8.7
850	-1.202486	196.465981	30.172545	0.007391	7.6
851	-1.205986	195.830002	30.261043	0.007104	10.7
852	-1.199354	196.822756	30.123125	0.005003	7.9
853	-1.198578	196.215354	30.207358	0.005685	8.4
854	-1.230764	195.580679	30.295879	0.006982	8.5
855	-1.192837	194.944700	30.385103	0.005433	7.6
856	-1.147597	195.929351	30.247184	0.006675	7.4
857	-1.198692	196.632038	30.149522	0.005644	10.5
858	-1.175944	197.632038	30.011622	0.004028	9.1
859	-1.161455	198.174378	29.937359	0.005361	7.5
860	-1.197075	197.553952	30.022345	0.006380	9.0
861	-1.154723	197.571243	30.019969	0.003943	10.0
862	-1.208796	197.016275	30.096386	0.005325	8.7
863	-1.161551	197.950779	29.967932	0.006421	8.0
864	-1.179715	197.317274	30.054892	0.005923	9.3
865	-1.162670	198.317274	29.917853	0.006010	7.5
866	-1.160253	199.317274	29.782059	0.004986	10.9
867	-1.225903	200.317274	29.647492	0.005141	8.2
868	-1.168527	201.317272	29.514135	0.004018	8.0
869	-1.154727	202.177675	29.400351	0.005075	11.0
870	-1.197386	201.775168	29.453471	0.005796	7.7
871	-1.181663	201.139198	29.537795	0.006306	8.7
872	-1.193676	202.139198	29.405421	0.005551	8.7
873	-1.179817	203.139198	29.274228	0.005031	8.4
874	-1.163911	202.503215	29.357529	0.007580	7.5
875	-1.177151	203.478878	29.229931	0.005069	12.1
876	-1.164781	202.842951	29.312972	0.005197	7.5
877	-1.165383	202.847996	29.312311	0.005371	8.7
878	-1.197574	202.215301	29.395395	0.006479	8.4
879	-1.185112	201.579319	29.479388	0.004398	10.3
880	-1.188586	201.045405	29.550272	0.005311	11.2
881	-1.149007	201.835410	29.445509	0.005431	7.6
882	-1.189285	202.834912	29.314024	0.006014	8.4
883	-1.151857	202.198929	29.397552	0.005193	7.5
884	-1.176427	201.740573	29.458046	0.004780	12.1
885	-1.135608	202.723844	29.328577	0.004267	16.2
886	-1.171574	202.087889	29.412184	0.006416	8.0
887	-1.146860	202.346101	29.378180	0.005200	12.4
888	-1.188247	201.873739	29.440445	0.006210	10.0
889	-1.170520	202.416011	29.368987	0.005902	8.1
890	-1.191095	201.780028	29.452829	0.006285	8.6
891	-1.190962	202.780028	29.321214	0.004920	9.8
892	-1.192538	202.144076	29.404778	0.004356	9.5
893	-1.184458	202.829966	29.314672	0.005897	7.4
894	-1.177715	203.764293	29.192813	0.004297	8.9
895	-1.175323	204.629525	29.080866	0.006843	8.1
896	-1.197764	204.519814	29.095014	0.006351	12.0
897	-1.154816	205.516544	28.966988	0.004494	8.9
898	-1.174129	206.511619	28.840294	0.006137	7.7
899	-1.213354	207.496888	28.715936	0.005880	9.1
900	-1.165487	208.496887	28.590811	0.006547	7.5
901	-1.215700	207.860908	28.670261	0.006502	9.2
902	-1.160432	208.859536	28.545703	0.006150	10.5
903	-1.177612	208.223557	28.624903	0.004559	10.0
904	-1.191377	209.223557	28.500568	0.004762	7.5
905	-1.181476	209.198429	28.503679	0.007329	10.1
906	-1.154272	210.191349	28.381261	0.005439	8.2
907	-1.183337	211.191349	28.259029	0.004454	9.0
908	-1.178900	210.555374	28.336643	0.005879	10.2
909	-1.185395	211.547458	28.215755	0.004694	7.5
910	-1.184480	212.458024	28.105704	0.005434	9.4
911	-1.206067	212.123716	28.146008	0.006960	7.5
912	-1.200730	211.624012	28.206469	0.005278	8.9
913	-1.155802	212.624012	28.085735	0.004484	8.5
914	-1.191273	211.988134	28.162387	0.005192	10.2
915	-1.194933	211.368035	28.237542	0.006434	7.5
916	-1.193764	212.365749	28.116817	0.005005	8.7
917	-1.198625	211.729767	28.193652	0.005730	7.7
918	-1.155566	212.714030	28.074917	0.004739	8.4
919	-1.186516	213.713265	27.955395	0.004231	8.1
920	-1.167374	213.077285	28.031349	0.005195	10.8
921	-1.197068	212.669281	28.080294	0.005711	8.1
922	-1.178341	212.033330	28.156925	0.004635	8.9
923	-1.172897	212.653836	28.082150	0.004830	8.3
924	-1.171781	212.537680	28.096117	0.004590	8.5
925	-1.212402	211.901702	28.172839	0.004651	10.1
926	-1.206967	211.280062	28.248236	0.005883	7.7
927	-1.169233	210.682197	28.321132	0.006070	8.6
928	-1.215971	210.073578	28.395726	0.005321	7.9
929	-1.170150	209.437595	28.474095	0.007003	9.6
930	-1.179552	210.437538	28.351071	0.004123	7.6
931	-1.174734	209.801566	28.429192	0.004751	9.5
932	-1.192296	209.514209	28.464632	0.004292	8.4
933	-1.182328	208.908389	28.539637	0.005657	9.7
934	-1.150788	208.272434	28.618800	0.006082	7.5
935	-1.178997	207.637210	28.698312	0.005095	8.8
936	-1.200767	207.014160	28.776730	0.006115	7.6
937	-1.218491	206.381878	28.856750	0.006266	9.4
938	-1.180841	207.380715	28.730543	0.004662	9.0
939	-1.143057	206.744779	28.810768	0.004892	9.6
940	-1.203238	207.701842	28.690202	0.008665	8.6
941	-1.213476	207.065859	28.770207	0.006149	7.6
942	-1.179841	208.065859	28.644609	0.005144	8.4
943	-1.212270	207.429890	28.724358	0.007888	11.5
944	-1.197192	206.793907	28.804555	0.005553	8.9
945	-1.175605	206.157924	28.885200	0.004613	7.9
946	-1.212179	205.528637	28.965442	0.006767	8.3
947	-1.179562	206.503205	28.841361	0.005862	7.5
948	-1.157388	205.867225	28.922212	0.005731	10.5
949	-1.182944	205.271078	28.998412	0.004863	11.2
950	-1.186435	204.683195	29.073951	0.006273	7.6
951	-1.179647	204.047284	29.156104	0.004872	8.7
952	-1.196515	203.411780	29.238670	0.006923	8.6
953	-1.227850	204.411773	29.108959	0.006296	8.6
954	-1.219498	205.411773	28.980392	0.004909	7.7
955	-1.175411	204.775794	29.062026	0.004215	10.1
956	-1.164459	204.139828	29.144119	0.005289	7.6
957	-1.170896	205.139813	29.015245	0.004476	9.6
958	-1.191816	206.139443	28.887550	0.005189	7.5
959	-1.185577	207.135097	28.761476	0.004862	9.1
960	-1.249061	206.499114	28.841879	0.005554	7.6
961	-1.184080	207.451916	28.721589	0.006857	11.2
962	-1.189919	208.439521	28.597959	0.004269	7.5
963	-1.174920	207.805576	28.677195	0.006237	8.7
964	-1.214504	207.175571	28.756374	0.006097	7.7
965	-1.200108	208.175571	28.630896	0.007093	8.4
966	-1.212635	207.583210	28.705092	0.007460	7.5
967	-1.165914	208.583210	28.580061	0.005304	11.1
968	-1.214291	209.124579	28.512826	0.006227	7.9
969	-1.204446	209.595125	28.454643	0.004791	7.9
970	-1.199426	210.350336	28.361757	0.005258	7.5
971	-1.152567	211.345868	28.240236	0.005281	10.0
972	-1.190131	212.345547	28.119251	0.005169	9.9
973	-1.216416	211.709564	28.196100	0.005654	11.4
974	-1.179653	212.708814	28.075544	0.006110	8.7
975	-1.200613	213.708814	27.955925	0.004779	7.5
976	-1.159794	213.072884	28.031876	0.006806	10.0
977	-1.149337	212.880888	28.054888	0.007019	7.8
978	-1.153440	213.880888	27.935445	0.004821	10.3
979	-1.186581	213.244905	28.011290	0.005639	8.0
980	-1.184369	214.237581	27.893086	0.005795	9.3
981	-1.175649	215.237553	27.775017	0.006881	9.0
982	-1.207803	216.237553	27.657940	0.005823	7.5
983	-1.197575	215.601575	27.732284	0.004951	8.6
984	-1.191952	216.212003	27.660919	0.005744	9.6
985	-1.170843	217.208684	27.545184	0.006694	10.5
986	-1.160214	216.574763	27.618683	0.004253	7.4
987	-1.162496	217.574723	27.502922	0.005494	8.6
988	-1.194053	218.571320	27.388512	0.005328	7.5
989	-1.181310	219.543212	27.277852	0.004968	10.6
990	-1.212778	218.913713	27.349425	0.005138	8.4
991	-1.198293	218.450189	27.402367	0.005442	8.2
992	-1.175646	219.450138	27.288410	0.005986	7.9
993	-1.170085	220.448747	27.175548	0.004727	7.6
994	-1.187246	219.813197	27.247269	0.004302	7.4
995	-1.211835	220.601466	27.158370	0.005132	9.6
996	-1.177141	219.965953	27.229996	0.006332	10.7
997	-1.218292	220.965617	27.117498	0.004553	10.4
998	-1.209074	221.965543	27.005895	0.006626	14.7
999	-1.154061	221.372822	27.071938	0.005789	11.4
