1:ItNr	2:Metric	3a:Time	3b:StepSize	4:||Gradient||	Time[ms]
0	-1.048980	0.000000	5.226239	0.038781	43.3
1	-1.080318	0.000000	5.226239	0.041538	3.2
2	-1.073891	0.000000	5.226239	0.036450	3.3
3	-1.028290	0.000000	5.226239	0.045303	3.2
4	-1.111512	0.000000	5.226239	0.042214	3.3
5	-1.080306	0.000000	5.226239	0.040911	3.4
6	-1.095406	0.000000	5.226239	0.039406	3.2
7	-1.100120	0.000000	5.226239	0.046688	3.3
8	-1.076748	0.000000	5.226239	0.041138	3.4
9	-1.131279	0.000000	5.226239	0.034136	3.3
10	-1.087762	0.000000	5.226239	0.024626	4.8
11	-1.100467	0.000000	5.226239	0.026435	3.3
12	-1.193852	0.000000	5.226239	0.024177	3.5
13	-1.127250	0.000000	5.226239	0.023425	3.3
14	-1.166962	0.000000	5.226239	0.020926	3.6
15	-1.128898	0.000000	5.226239	0.022604	3.3
16	-1.128917	0.000000	5.226239	0.019234	3.3
17	-1.144714	0.000000	5.226239	0.013878	3.6
18	-1.112623	0.000000	5.226239	0.016563	3.3
19	-1.104951	0.000000	5.226239	0.012851	3.3
20	-1.133655	0.000000	5.226239	0.018779	3.3
21	-1.145410	0.000000	5.226239	0.015143	3.2
22	-1.138752	0.300026	5.152624	0.014661	3.4
23	-1.117647	0.000000	5.226239	0.013981	3.3
24	-1.166443	0.000000	5.226239	0.016099	5.0
25	-1.133494	0.000000	5.226239	0.018288	3.5
26	-1.143446	0.945312	5.001115	0.013873	3.3
27	-1.137767	1.930204	4.786308	0.015589	3.4
28	-1.128178	1.653694	4.844730	0.015012	3.5
29	-1.159770	2.643694	4.641873	0.017132	3.3
30	-1.129390	3.068816	4.559885	0.020228	3.3
31	-1.111695	3.484625	4.482447	0.011150	3.3
32	-1.163422	3.353157	4.506645	0.015591	3.3
33	-1.125881	3.049124	4.563618	0.010771	3.3
34	-1.144319	2.745738	4.621925	0.012944	3.3
35	-1.151020	2.446863	4.680840	0.013382	3.3
36	-1.162227	2.201352	4.730372	0.012465	3.4
37	-1.132948	1.916602	4.789149	0.011998	3.3
38	-1.144674	1.612495	4.853557	0.013261	4.5
39	-1.134309	1.373754	4.905347	0.015612	3.4
40	-1.175957	2.092558	4.752658	0.024584	3.3
41	-1.152409	3.092557	4.555391	0.017135	3.3
42	-1.135223	4.091428	4.374045	0.016744	3.3
43	-1.158927	5.062431	4.211081	0.019184	3.3
44	-1.116221	5.766905	4.100251	0.016236	3.3
45	-1.120331	5.462956	4.147345	0.013487	3.3
46	-1.156578	5.227398	4.184594	0.008657	3.3
47	-1.147171	4.928042	4.232908	0.019763	3.3
48	-1.093576	4.629478	4.282218	0.026525	3.2
49	-1.141749	5.629478	4.121411	0.013111	3.3
50	-1.146308	6.621719	3.973360	0.015272	3.2
51	-1.166721	7.402260	3.864165	0.011705	3.4
52	-1.125825	7.112278	3.904024	0.013523	3.2
53	-1.132325	6.812486	3.946106	0.026056	4.8
54	-1.120897	6.508436	3.989722	0.017971	3.3
55	-1.167910	7.508436	3.849774	0.015131	3.4
56	-1.127766	7.221635	3.888897	0.011695	3.3
57	-1.149500	6.927750	3.929820	0.019743	3.3
58	-1.138388	6.951017	3.926548	0.016474	3.3
59	-1.124686	6.682503	3.964635	0.020256	3.2
60	-1.134279	7.682384	3.826426	0.009245	3.3
61	-1.156866	7.381345	3.867013	0.015218	3.3
62	-1.133724	7.139719	3.900217	0.025099	3.3
63	-1.129293	8.139657	3.766380	0.020284	3.2
64	-1.205783	9.139520	3.641432	0.018414	3.3
65	-1.145452	10.139481	3.524497	0.013658	3.3
66	-1.125047	9.886833	3.553327	0.017547	3.3
67	-1.145237	9.583945	3.588517	0.022633	4.5
68	-1.138468	10.579213	3.475420	0.025946	3.5
69	-1.147891	10.275296	3.509192	0.018337	3.4
70	-1.178740	11.273915	3.400611	0.013308	3.2
71	-1.109016	11.356578	3.391923	0.012492	3.3
72	-1.172266	11.197998	3.408629	0.014152	3.3
73	-1.138303	10.894109	3.441106	0.016689	3.3
74	-1.137558	11.198669	3.408558	0.020177	3.3
75	-1.129895	12.198504	3.305903	0.015877	3.3
76	-1.190006	12.740787	3.252770	0.020668	3.3
77	-1.115386	12.717421	3.255024	0.011612	3.3
78	-1.150171	12.449066	3.281139	0.014560	3.3
79	-1.127955	12.145273	3.311212	0.012768	3.3
80	-1.169430	11.841446	3.341845	0.015632	3.4
81	-1.151186	11.739705	3.352230	0.016358	3.5
82	-1.186054	11.441116	3.383084	0.012427	4.8
83	-1.173182	11.136998	3.415099	0.023005	3.2
84	-1.120103	11.801339	3.345931	0.027649	3.4
85	-1.103119	11.497224	3.377243	0.023158	3.3
86	-1.157710	12.497224	3.276421	0.019077	3.2
87	-1.182940	12.193102	3.306441	0.014260	3.3
88	-1.164953	13.188880	3.210138	0.011791	3.3
89	-1.179318	12.885000	3.238926	0.016318	3.3
90	-1.211610	12.581236	3.268225	0.015772	3.3
91	-1.171792	13.490941	3.182025	0.014554	3.4
92	-1.160905	14.453132	3.095665	0.017829	3.3
93	-1.160468	14.149019	3.122449	0.019424	3.3
94	-1.163529	15.149013	3.036072	0.015918	3.2
95	-1.139117	15.291951	3.024115	0.011935	3.3
96	-1.149123	15.601579	2.998532	0.020727	4.7
97	-1.147886	16.527664	2.924536	0.013538	3.4
98	-1.176892	16.223544	2.948430	0.008909	3.4
99	-1.154101	15.939663	2.971089	0.012098	3.2
100	-1.149336	15.643251	2.995122	0.012725	3.2
101	-1.185857	15.470188	3.009335	0.015276	3.2
102	-1.160170	15.312116	3.022435	0.011742	3.3
103	-1.152330	15.011658	3.047653	0.017875	3.3
104	-1.104992	14.855609	3.060916	0.012408	3.3
105	-1.170629	14.552057	3.087051	0.016934	3.3
106	-1.165143	14.830010	3.063103	0.018534	3.3
107	-1.191154	15.826472	2.980221	0.012100	3.3
108	-1.138637	15.522357	3.005037	0.014024	3.2
109	-1.230821	15.505119	3.006456	0.022177	3.3
110	-1.169282	15.214225	3.030605	0.025078	3.2
111	-1.148975	16.214225	2.949169	0.016006	4.9
112	-1.133426	15.910222	2.973459	0.016039	3.3
113	-1.147111	15.669036	2.993016	0.026243	3.2
114	-1.134424	15.364916	3.018047	0.017125	3.2
115	-1.170871	16.364914	2.937275	0.015495	3.3
116	-1.152288	16.060794	2.961378	0.017705	3.4
117	-1.127012	16.324788	2.940433	0.016245	3.3
118	-1.145016	17.323242	2.863824	0.012284	3.3
119	-1.114825	18.091180	2.807565	0.012181	3.3
120	-1.209853	17.806177	2.828184	0.011418	3.3
121	-1.147848	17.502335	2.850503	0.014241	3.3
122	-1.138316	17.304744	2.865207	0.020457	3.3
123	-1.138474	17.005455	2.887770	0.014779	3.3
124	-1.154612	16.701338	2.911064	0.020882	3.2
125	-1.127373	17.357893	2.861237	0.015338	4.3
126	-1.163261	17.055239	2.883992	0.018065	3.9
127	-1.165704	18.043046	2.811026	0.013437	3.5
128	-1.164250	17.739249	2.833070	0.012206	3.3
129	-1.183586	17.439051	2.855196	0.016294	3.2
130	-1.128732	17.138560	2.877692	0.017173	3.4
131	-1.179405	16.877450	2.897529	0.012319	3.3
132	-1.151134	16.573369	2.920979	0.019638	3.3
133	-1.182583	16.269612	2.944786	0.015617	3.3
134	-1.124467	15.965572	2.969006	0.017251	3.2
135	-1.172755	15.661487	2.993633	0.018791	3.2
136	-1.157671	16.544864	2.923197	0.020972	3.2
137	-1.170309	16.240743	2.947069	0.013296	3.2
138	-1.141079	15.936627	2.971333	0.018173	3.2
139	-1.110010	15.653122	2.994316	0.014459	3.2
140	-1.143601	16.652571	2.914835	0.018146	3.8
141	-1.209781	17.652395	2.839436	0.022044	4.1
142	-1.135782	17.349255	2.861881	0.015804	3.2
143	-1.122772	17.053647	2.884113	0.018634	3.2
144	-1.178695	17.071435	2.882766	0.012269	3.3
145	-1.158132	16.932260	2.893343	0.017543	3.2
146	-1.180514	16.653307	2.914778	0.013827	3.2
147	-1.180012	16.877723	2.897508	0.015213	3.2
148	-1.155989	16.576850	2.920708	0.014679	3.6
149	-1.170549	16.272951	2.944522	0.012550	3.2
150	-1.178459	15.969223	2.968713	0.013884	3.2
151	-1.183503	15.666270	2.993242	0.021367	3.2
152	-1.203766	16.526218	2.924649	0.013168	3.2
153	-1.141496	16.222102	2.948544	0.016666	3.3
154	-1.147521	15.953372	2.969987	0.013888	3.2
155	-1.154122	15.649633	2.994601	0.017168	3.3
156	-1.131466	16.627577	2.916771	0.019613	4.6
157	-1.152305	16.548862	2.922885	0.016929	3.3
158	-1.173085	16.539982	2.923577	0.010878	3.2
159	-1.196525	16.236289	2.947421	0.015740	3.2
160	-1.140523	15.937788	2.971240	0.026772	3.2
161	-1.162692	16.937737	2.892925	0.013549	3.2
162	-1.177609	17.780310	2.830071	0.012365	3.3
163	-1.118247	17.476566	2.852412	0.011892	3.2
164	-1.175575	17.173512	2.875057	0.009875	3.2
165	-1.164406	16.926870	2.893754	0.016220	3.2
166	-1.170061	16.878541	2.897446	0.015628	3.2
167	-1.129321	16.575447	2.920817	0.014552	3.2
168	-1.189743	17.437487	2.855312	0.015124	3.2
169	-1.196388	17.154926	2.876457	0.016218	3.3
170	-1.156441	18.136570	2.804309	0.015290	3.5
171	-1.166455	17.832598	2.826260	0.009956	3.7
172	-1.142095	17.663226	2.838641	0.012727	4.1
173	-1.170937	17.460560	2.853599	0.017509	3.3
174	-1.166039	17.156647	2.876328	0.019147	3.3
175	-1.173382	17.951391	2.817641	0.015342	3.2
176	-1.198672	17.647569	2.839791	0.016175	3.2
177	-1.177003	17.661874	2.838740	0.013826	3.2
178	-1.148258	17.424165	2.856302	0.017625	3.2
179	-1.190384	17.120222	2.879076	0.009997	3.2
180	-1.164190	16.817473	2.902125	0.013364	3.3
181	-1.186811	16.525029	2.924742	0.019540	3.2
182	-1.154677	17.524371	2.848873	0.010324	3.3
183	-1.154045	17.221759	2.871428	0.014726	3.3
184	-1.185192	16.921006	2.894201	0.014959	3.2
185	-1.135497	17.867520	2.823721	0.011969	3.2
186	-1.205163	17.563435	2.845987	0.014815	3.3
187	-1.188982	17.264426	2.868226	0.015341	3.7
188	-1.193821	16.960560	2.891186	0.015843	4.3
189	-1.170235	17.571259	2.845409	0.013424	3.3
190	-1.152262	17.278151	2.867198	0.019884	3.3
191	-1.143720	18.269046	2.794848	0.014238	3.3
192	-1.172064	17.967580	2.816470	0.013752	3.3
193	-1.136584	17.663523	2.838619	0.012019	3.2
194	-1.183066	17.458089	2.853783	0.012928	3.2
195	-1.220119	17.167227	2.875530	0.012317	3.4
196	-1.212375	16.879825	2.897348	0.011317	3.2
197	-1.159288	16.590834	2.919622	0.016883	3.2
198	-1.189491	16.286854	2.943424	0.014462	3.2
199	-1.149781	16.020248	2.964621	0.012644	3.2
200	-1.213031	15.789081	2.983250	0.014492	3.4
201	-1.178402	15.485034	3.008111	0.019368	3.3
202	-1.149217	15.612241	2.997659	0.019561	4.7
203	-1.189667	16.560991	2.921942	0.012608	3.5
204	-1.133022	16.257118	2.945773	0.014475	3.3
205	-1.171981	15.957426	2.969661	0.015764	3.2
206	-1.144868	15.999455	2.966287	0.014283	3.2
207	-1.166427	15.815673	2.981095	0.016839	3.2
208	-1.106946	16.801413	2.903358	0.015260	3.2
209	-1.207041	17.535808	2.848027	0.017699	3.3
210	-1.200089	18.441755	2.782610	0.011231	3.3
211	-1.123577	18.139052	2.804131	0.012270	3.2
212	-1.149593	18.010757	2.813353	0.012662	3.3
213	-1.195869	17.707112	2.835423	0.019291	3.2
214	-1.169746	17.411024	2.857279	0.016710	3.2
215	-1.133703	18.393568	2.786014	0.011017	3.3
216	-1.189501	18.090313	2.807627	0.014316	3.7
217	-1.156377	17.787035	2.829580	0.017229	5.1
218	-1.197093	18.232660	2.797440	0.015549	3.6
219	-1.148466	19.216910	2.728977	0.013541	3.2
220	-1.177904	18.912800	2.749770	0.013572	3.2
221	-1.166429	18.612220	2.770635	0.012194	3.3
222	-1.187693	18.310590	2.791895	0.010962	3.2
223	-1.166957	18.006642	2.813650	0.014686	3.2
224	-1.184535	17.707584	2.835388	0.022674	3.3
225	-1.180253	18.201069	2.799695	0.020144	3.3
226	-1.175089	18.195528	2.800090	0.015822	3.2
227	-1.196846	17.892676	2.821894	0.012215	3.3
228	-1.148575	17.786775	2.829599	0.015087	3.8
229	-1.163702	17.482802	2.851950	0.023911	4.6
230	-1.134786	17.178682	2.874668	0.016467	4.7
231	-1.201678	16.875264	2.897697	0.017502	5.6
232	-1.171563	16.578498	2.920580	0.025107	4.5
233	-1.215282	17.578498	2.844875	0.010926	4.7
234	-1.165592	17.274435	2.867476	0.023421	4.6
235	-1.178777	17.774635	2.830485	0.013076	4.6
236	-1.164112	17.497239	2.850880	0.020391	3.3
237	-1.144718	18.440582	2.782693	0.017368	4.7
238	-1.177529	19.439952	2.713926	0.015262	4.7
239	-1.167202	20.161218	2.666370	0.018160	4.5
240	-1.128518	19.857097	2.686217	0.017017	3.3
241	-1.151029	20.802773	2.625448	0.010065	3.3
242	-1.203194	20.501462	2.644510	0.017247	3.3
243	-1.212312	20.251433	2.660538	0.020940	4.4
244	-1.198808	20.101377	2.670252	0.013289	3.3
245	-1.177474	20.447736	2.647938	0.012923	3.3
246	-1.191551	20.144810	2.667433	0.012928	3.3
247	-1.205861	19.863407	2.685802	0.014232	3.2
248	-1.213714	19.559401	2.705933	0.015976	3.2
249	-1.184736	19.255608	2.726354	0.016184	3.3
250	-1.173264	20.244970	2.660955	0.017266	3.2
251	-1.156019	19.956925	2.679670	0.018973	3.2
252	-1.140978	19.746723	2.693493	0.011369	3.2
253	-1.203876	19.442683	2.713742	0.013612	3.2
254	-1.229021	19.139018	2.734273	0.034522	3.2
255	-1.206686	20.139017	2.667809	0.015132	3.2
256	-1.211378	21.139005	2.604500	0.011791	3.3
257	-1.182148	20.834908	2.623432	0.015140	3.3
258	-1.203587	20.556172	2.641028	0.014660	4.7
259	-1.201101	20.255317	2.660288	0.013281	3.3
260	-1.205184	20.633733	2.636108	0.013370	3.2
261	-1.167166	20.333245	2.655272	0.015831	3.3
262	-1.168495	21.236991	2.598457	0.014714	3.2
263	-1.179559	20.962874	2.615431	0.022357	3.2
264	-1.160632	20.700091	2.631913	0.014781	3.2
265	-1.208111	21.699962	2.570284	0.015430	3.2
266	-1.197903	21.395841	2.588721	0.012962	3.5
267	-1.186465	21.094978	2.607224	0.012862	3.2
268	-1.163761	20.914389	2.618457	0.017291	3.2
269	-1.164426	20.621356	2.636892	0.014965	3.2
270	-1.184079	20.317238	2.656301	0.014188	3.3
271	-1.168615	21.245433	2.597938	0.021037	3.2
272	-1.205117	20.941312	2.616776	0.012934	3.3
273	-1.138037	21.939795	2.555928	0.013316	3.7
274	-1.217765	21.635692	2.574158	0.019381	4.2
275	-1.211324	22.568974	2.519018	0.018750	3.3
276	-1.214976	23.568789	2.462509	0.019700	3.2
277	-1.206827	24.568745	2.408471	0.017097	3.3
278	-1.183927	25.567704	2.356806	0.012238	3.2
279	-1.213858	26.415060	2.314687	0.015893	3.5
280	-1.156565	26.111025	2.329625	0.013081	3.3
281	-1.160500	25.815342	2.344339	0.012699	3.3
282	-1.158515	25.511554	2.359651	0.013565	3.2
283	-1.156552	25.207491	2.375178	0.017695	3.2
284	-1.181195	24.903379	2.390914	0.011804	3.2
285	-1.196933	24.600345	2.406802	0.013359	3.3
286	-1.202066	24.296365	2.422954	0.015321	3.2
287	-1.191281	25.062876	2.382635	0.013054	3.3
288	-1.203894	24.761483	2.398327	0.013835	4.4
289	-1.187260	24.477712	2.413292	0.014723	3.6
290	-1.168214	24.181671	2.429105	0.019287	3.3
291	-1.168034	24.231136	2.426448	0.022151	3.3
292	-1.207217	25.231116	2.373964	0.016838	3.3
293	-1.182610	24.926995	2.389684	0.016408	3.3
294	-1.183626	25.478490	2.361329	0.013168	3.2
295	-1.193855	25.174571	2.376871	0.023754	3.9
296	-1.178680	25.227523	2.374149	0.016573	3.6
297	-1.218014	24.923402	2.389871	0.014279	3.3
298	-1.216294	24.620152	2.405757	0.016600	3.3
299	-1.155652	24.341519	2.420541	0.015387	3.3
300	-1.210644	24.201517	2.428038	0.011608	3.3
301	-1.168602	23.897550	2.444477	0.018675	3.3
302	-1.174417	23.593644	2.461136	0.017040	3.9
303	-1.212360	24.591717	2.407258	0.010965	4.0
304	-1.208316	24.287799	2.423413	0.015137	3.4
305	-1.163809	24.256750	2.425075	0.016087	3.2
306	-1.166700	23.952632	2.441482	0.013955	3.3
307	-1.183080	23.871658	2.445887	0.016899	3.6
308	-1.125642	23.567865	2.462560	0.013587	3.6
309	-1.186522	23.276138	2.478785	0.020363	3.3
310	-1.205232	23.051636	2.491418	0.012027	3.3
311	-1.197194	23.630615	2.459097	0.014307	3.2
312	-1.206060	23.326980	2.475942	0.017382	3.3
313	-1.122443	23.022976	2.493040	0.014160	3.7
314	-1.187078	24.021019	2.437773	0.027446	3.4
315	-1.186020	23.722985	2.454018	0.012713	3.3
316	-1.192079	23.419203	2.470801	0.016229	3.3
317	-1.159490	23.115863	2.487790	0.016202	5.0
318	-1.190411	22.813478	2.504960	0.019017	3.3
319	-1.200623	23.470688	2.467941	0.021123	3.3
320	-1.188182	24.470659	2.413667	0.016465	3.3
321	-1.197108	24.185076	2.428922	0.016355	3.2
322	-1.164139	25.086410	2.381418	0.013072	3.3
323	-1.176512	25.956601	2.337286	0.013859	3.2
324	-1.153793	25.653942	2.352449	0.016963	3.3
325	-1.194628	25.358691	2.367431	0.011471	3.3
326	-1.170761	25.055868	2.382998	0.021842	3.3
327	-1.193311	25.080940	2.381701	0.020166	3.2
328	-1.234272	26.080938	2.331114	0.012262	3.3
329	-1.212845	26.751970	2.298356	0.021426	3.2
330	-1.150950	27.733754	2.252053	0.013644	3.3
331	-1.192061	27.435971	2.265899	0.011003	3.8
332	-1.198873	27.133894	2.280119	0.015302	4.1
333	-1.233413	26.970208	2.287900	0.014554	3.2
334	-1.197696	27.776754	2.250068	0.010730	3.3
335	-1.177396	27.956705	2.241798	0.011907	3.3
336	-1.221337	27.702195	2.253513	0.012908	3.3
337	-1.202124	27.414026	2.266926	0.016465	3.3
338	-1.162657	27.111455	2.281183	0.010961	3.3
339	-1.157036	26.883619	2.292037	0.020914	3.3
340	-1.210021	26.579499	2.306687	0.016373	3.3
341	-1.180632	26.828806	2.294664	0.020607	3.2
342	-1.210538	26.524686	2.309348	0.018016	3.2
343	-1.231027	27.524676	2.261757	0.027238	3.3
344	-1.199303	27.437273	2.265838	0.016055	3.3
345	-1.202643	28.437273	2.220006	0.019156	3.3
346	-1.154424	28.133185	2.233745	0.020451	4.2
347	-1.217521	29.132941	2.189200	0.015990	3.8
348	-1.167681	28.828829	2.202561	0.012307	3.3
349	-1.173655	29.276254	2.182959	0.016851	3.2
350	-1.205276	28.978008	2.195986	0.018189	3.3
351	-1.149674	28.995062	2.195237	0.020552	3.2
352	-1.223767	29.252952	2.183972	0.013396	3.3
353	-1.195294	28.948936	2.197264	0.012083	3.3
354	-1.183448	28.644863	2.210723	0.018741	3.3
355	-1.144141	29.327301	2.180745	0.013935	3.3
356	-1.183059	29.023274	2.193999	0.024425	3.3
357	-1.156410	30.023191	2.151003	0.011418	3.3
358	-1.167836	29.719188	2.163895	0.015551	3.3
359	-1.188242	29.419819	2.176744	0.016282	3.3
360	-1.196023	30.006369	2.151712	0.009506	3.3
361	-1.194221	29.913026	2.155657	0.013266	5.0
362	-1.214007	29.615481	2.168329	0.016662	3.3
363	-1.183465	29.642934	2.167154	0.019202	3.2
364	-1.207701	29.338812	2.180247	0.012473	3.4
365	-1.173267	30.190246	2.143983	0.014268	3.4
366	-1.171707	30.674806	2.123879	0.017080	3.9
367	-1.163661	30.370710	2.136451	0.012088	3.3
368	-1.239937	30.086260	2.148347	0.027989	3.3
369	-1.167532	29.782143	2.161213	0.012599	3.2
370	-1.187332	30.512828	2.130557	0.016107	3.2
371	-1.229496	30.208713	2.143210	0.019928	3.3
372	-1.192877	30.596389	2.127107	0.013936	3.4
373	-1.225183	30.309938	2.138982	0.017468	3.3
374	-1.188060	30.780259	2.119553	0.020598	3.3
375	-1.195207	30.503435	2.130946	0.011735	4.2
376	-1.214804	31.334738	2.097097	0.016343	3.6
377	-1.183296	31.032048	2.109297	0.017286	3.3
378	-1.173783	30.851728	2.116632	0.014624	3.3
379	-1.205345	31.826182	2.077588	0.012199	3.3
380	-1.200876	31.541834	2.088831	0.012548	3.3
381	-1.244270	31.237810	2.100988	0.018984	3.3
382	-1.194434	32.236372	2.061580	0.011099	3.3
383	-1.220087	31.933435	2.073378	0.015800	3.3
384	-1.227328	31.671377	2.083694	0.017349	3.3
385	-1.172551	31.378046	2.095363	0.015730	3.3
386	-1.209948	32.109860	2.066491	0.014508	3.3
387	-1.117714	31.808434	2.078286	0.012616	3.3
388	-1.216392	31.504380	2.090321	0.013950	3.4
389	-1.182374	31.614805	2.085934	0.016795	3.4
390	-1.194330	31.310684	2.098061	0.014443	4.7
391	-1.179239	31.015730	2.109958	0.013216	3.3
392	-1.210773	31.234634	2.101116	0.010541	3.3
393	-1.187651	30.930596	2.113417	0.011049	3.3
394	-1.181958	30.636127	2.125470	0.012462	3.2
395	-1.185370	30.341014	2.137687	0.015334	3.3
396	-1.236370	30.041097	2.150248	0.013625	3.3
397	-1.181140	29.737012	2.163135	0.018037	3.3
398	-1.181690	29.432962	2.176176	0.019579	3.3
399	-1.175889	30.432621	2.133880	0.014907	3.3
400	-1.196306	31.421935	2.093609	0.014939	3.2
401	-1.201177	31.120756	2.105707	0.013544	3.3
402	-1.179106	30.818058	2.118007	0.017917	3.3
403	-1.164359	31.378808	2.095333	0.017711	3.3
404	-1.160767	31.084049	2.107191	0.012485	4.2
405	-1.186233	31.682733	2.083245	0.014249	3.8
406	-1.218407	31.379955	2.095287	0.021869	3.2
407	-1.188335	31.722178	2.081686	0.014700	3.3
408	-1.202294	32.722116	2.042939	0.015334	3.4
409	-1.173382	32.417996	2.054570	0.022210	3.5
410	-1.251236	33.222942	2.024070	0.010112	3.3
411	-1.183267	32.939305	2.034713	0.014162	3.3
412	-1.203061	32.642833	2.045959	0.011815	3.3
413	-1.224531	32.361706	2.056738	0.015140	3.4
414	-1.208878	32.060120	2.068428	0.021103	3.2
415	-1.152241	31.758125	2.080268	0.012833	3.3
416	-1.218817	31.454769	2.092298	0.018126	3.4
417	-1.196066	31.215941	2.101868	0.017096	3.2
418	-1.239247	32.198382	2.063052	0.014763	3.4
419	-1.239000	32.024094	2.069833	0.017534	4.7
420	-1.165137	33.014093	2.031896	0.015328	3.3
421	-1.194849	32.710017	2.043399	0.019594	3.3
422	-1.214978	33.698926	2.006457	0.014257	3.3
423	-1.204928	33.474788	2.014712	0.018252	3.6
424	-1.220451	33.327795	2.020163	0.020626	3.2
425	-1.153165	33.023673	2.031536	0.011391	3.3
426	-1.204402	32.748716	2.041928	0.017054	3.3
427	-1.213759	32.444750	2.053542	0.016755	3.2
428	-1.234602	32.140629	2.065294	0.016928	3.3
429	-1.173083	31.836508	2.077182	0.015495	3.2
430	-1.171587	32.722301	2.042932	0.017768	3.4
431	-1.186388	32.430424	2.054092	0.019720	3.2
432	-1.138641	32.378158	2.056104	0.011763	3.3
433	-1.221230	32.074074	2.067884	0.015106	4.6
434	-1.191407	32.153466	2.064795	0.016210	3.4
435	-1.203893	31.849421	2.076674	0.014840	3.3
436	-1.242586	31.605355	2.086309	0.020830	3.4
437	-1.186883	31.304529	2.098308	0.013175	3.3
438	-1.214187	31.000413	2.110580	0.016149	3.3
439	-1.194846	30.706999	2.122556	0.016052	3.3
440	-1.149184	30.930334	2.113428	0.019564	3.3
441	-1.156657	30.629590	2.125739	0.011120	3.3
442	-1.207307	30.345371	2.137506	0.013572	3.3
443	-1.185762	30.156771	2.145386	0.016243	3.2
444	-1.260340	30.596469	2.127103	0.015806	3.3
445	-1.256729	30.406776	2.134952	0.017952	3.2
446	-1.181411	30.104420	2.147584	0.011568	3.4
447	-1.172324	29.885663	2.156816	0.010001	3.5
448	-1.213798	29.581730	2.169776	0.016052	4.7
449	-1.188152	29.851838	2.158251	0.014056	3.3
450	-1.220740	29.647363	2.166964	0.011122	3.4
451	-1.210623	29.371720	2.178822	0.013766	3.3
452	-1.233383	29.084248	2.191328	0.018568	3.4
453	-1.219085	28.780686	2.204691	0.015878	3.2
454	-1.172726	28.476958	2.218225	0.016727	3.3
455	-1.207796	29.476776	2.174287	0.020161	3.3
456	-1.191272	30.476321	2.132068	0.015220	3.3
457	-1.190370	30.172270	2.144736	0.025973	3.2
458	-1.212997	31.172269	2.103628	0.018450	3.3
459	-1.193170	32.172269	2.064065	0.010428	3.2
460	-1.225508	31.868263	2.075934	0.016273	3.3
461	-1.236635	31.582755	2.087206	0.010556	3.3
462	-1.169706	31.707165	2.082279	0.015102	4.4
463	-1.216249	31.456613	2.092225	0.016330	3.9
464	-1.123389	31.152497	2.104425	0.011934	3.2
465	-1.160433	31.580109	2.087311	0.011857	3.2
466	-1.197404	31.276167	2.099447	0.008381	3.3
467	-1.211106	30.976571	2.111548	0.020954	3.2
468	-1.179021	30.723163	2.121893	0.012398	3.2
469	-1.219137	30.419324	2.134431	0.010520	3.3
470	-1.230562	30.117309	2.147042	0.025123	3.3
471	-1.189280	29.820343	2.159588	0.014791	3.3
472	-1.242907	30.820338	2.117914	0.014347	3.3
473	-1.210692	30.518006	2.130343	0.016341	3.3
474	-1.202997	30.216006	2.142905	0.017109	3.2
475	-1.176358	31.215677	2.101879	0.019537	3.3
476	-1.217409	30.913509	2.114113	0.016731	3.3
477	-1.180090	31.285166	2.099085	0.011901	4.8
478	-1.200317	31.016064	2.109945	0.019612	3.3
479	-1.218101	30.713437	2.122292	0.016200	3.2
480	-1.187090	31.713079	2.082045	0.014246	3.2
481	-1.222913	31.408967	2.094127	0.016406	3.3
482	-1.221682	31.342054	2.096804	0.016169	3.2
483	-1.171631	31.137050	2.105049	0.023389	3.3
484	-1.227308	32.136574	2.065452	0.012461	3.2
485	-1.204135	33.136140	2.027315	0.018096	3.2
486	-1.217741	33.052137	2.030466	0.020274	3.2
487	-1.229177	32.748016	2.041955	0.011228	3.3
488	-1.203078	33.363923	2.018821	0.016442	3.2
489	-1.223553	33.071795	2.029728	0.014120	3.3
490	-1.180015	33.900261	1.999098	0.013662	3.2
491	-1.188602	34.467163	1.978667	0.009842	4.2
492	-1.230773	34.260584	1.986063	0.016055	3.9
493	-1.219097	33.964288	1.996770	0.013555	3.3
494	-1.240654	33.660903	2.007852	0.010942	3.2
495	-1.220221	33.370252	2.018586	0.014077	3.2
496	-1.229214	33.067325	2.029896	0.017698	3.2
497	-1.204029	32.763948	2.041350	0.014693	3.3
498	-1.217905	32.460531	2.052936	0.017679	3.2
499	-1.254128	33.343246	2.019589	0.012988	3.3
500	-1.231849	33.069868	2.029800	0.021567	3.2
501	-1.222320	33.956489	1.997053	0.022782	3.3
502	-1.238153	33.652367	2.008166	0.014486	3.2
503	-1.232387	34.602620	1.973846	0.010687	3.3
504	-1.214678	34.298633	1.984697	0.017734	3.2
505	-1.169701	33.995595	1.995633	0.020003	3.3
506	-1.240961	34.992916	1.960088	0.020712	4.2
507	-1.215046	35.992915	1.925696	0.016688	3.9
508	-1.229881	36.992841	1.892493	0.019175	3.3
509	-1.251359	36.756091	1.900250	0.017720	3.3
510	-1.260388	37.725219	1.868891	0.018003	3.3
511	-1.203856	38.702788	1.838290	0.014561	3.2
512	-1.215439	38.467469	1.845564	0.018711	3.3
513	-1.189125	38.163853	1.855035	0.014285	3.3
514	-1.257858	37.859736	1.864620	0.013606	3.2
515	-1.182451	37.715255	1.869208	0.014044	3.2
516	-1.189207	37.578946	1.873557	0.017685	3.3
517	-1.211559	37.295182	1.882677	0.016157	3.3
518	-1.244230	36.994410	1.892441	0.016497	3.3
519	-1.199495	36.756337	1.900242	0.016654	3.4
520	-1.239587	36.469794	1.909717	0.009698	3.4
521	-1.217569	36.168888	1.919768	0.011205	4.9
522	-1.230125	35.875856	1.929659	0.016199	3.5
523	-1.250900	35.572068	1.940021	0.013801	3.3
524	-1.194394	35.267952	1.950507	0.015632	3.2
525	-1.247317	35.865171	1.930022	0.012834	3.5
526	-1.215730	36.780562	1.899445	0.017837	3.3
527	-1.206398	37.513975	1.875638	0.010761	3.3
528	-1.218711	38.311743	1.850410	0.008878	3.3
529	-1.238703	38.079105	1.857696	0.013954	3.2
530	-1.210871	37.778181	1.867207	0.017245	3.2
531	-1.177038	38.646654	1.840020	0.015204	3.3
532	-1.227405	38.342549	1.849449	0.021483	3.2
533	-1.259837	38.049024	1.858642	0.016369	3.3
534	-1.238426	37.744903	1.868265	0.017104	3.3
535	-1.218449	37.575297	1.873674	0.017063	4.3
536	-1.210409	37.280775	1.883143	0.016211	3.7
537	-1.232173	38.262295	1.851954	0.015163	3.4
538	-1.247549	37.958591	1.861493	0.010804	3.3
539	-1.219591	37.698910	1.869728	0.016406	3.2
540	-1.205072	37.762888	1.867693	0.016229	3.3
541	-1.227627	37.469093	1.877078	0.015594	3.2
542	-1.189791	37.179360	1.886425	0.020333	3.3
543	-1.219942	38.178822	1.854566	0.014040	3.4
544	-1.238914	39.016796	1.828672	0.016966	3.3
545	-1.232529	38.716227	1.837876	0.017071	3.2
546	-1.165280	39.706350	1.807900	0.016491	3.3
547	-1.209986	40.650004	1.780227	0.023116	3.3
548	-1.202619	40.345883	1.789053	0.019160	3.3
549	-1.203395	41.345880	1.760357	0.012016	3.2
550	-1.201662	41.044058	1.768921	0.015379	4.9
551	-1.250968	40.887657	1.773391	0.022560	3.4
552	-1.221462	41.395439	1.758959	0.020298	3.3
553	-1.208984	41.096481	1.767427	0.013802	3.3
554	-1.214525	40.797879	1.775967	0.017866	3.3
555	-1.225345	40.493832	1.784748	0.014247	3.2
556	-1.224053	40.234658	1.792302	0.016873	3.3
557	-1.212876	39.930538	1.801248	0.015039	3.3
558	-1.197335	40.664570	1.779807	0.012314	3.3
559	-1.208979	40.363971	1.788525	0.009821	3.2
560	-1.218641	40.078897	1.796873	0.014586	3.3
561	-1.207884	39.785772	1.805538	0.022672	3.3
562	-1.234935	40.606865	1.781474	0.019365	3.4
563	-1.184190	40.302743	1.790312	0.014246	3.2
564	-1.222731	40.012145	1.798839	0.018531	3.8
565	-1.179861	39.722636	1.807415	0.012428	4.2
566	-1.219083	40.660123	1.779935	0.013043	3.2
567	-1.230650	40.365266	1.788488	0.018217	3.3
568	-1.228005	41.233979	1.763522	0.016254	3.2
569	-1.184604	42.116610	1.738861	0.011675	3.2
570	-1.173876	42.127309	1.738566	0.019355	3.2
571	-1.247876	41.828298	1.746841	0.015069	3.3
572	-1.246406	42.823304	1.719607	0.011692	3.3
573	-1.220914	42.999668	1.714869	0.016496	3.2
574	-1.218772	42.698690	1.722971	0.016327	3.3
575	-1.200547	43.113593	1.711821	0.016763	3.8
576	-1.177428	42.811079	1.719937	0.013209	3.3
577	-1.233845	42.507421	1.728161	0.016405	3.2
578	-1.227855	42.206045	1.736401	0.013064	3.6
579	-1.252076	42.194880	1.736707	0.014115	4.4
580	-1.209842	43.130708	1.711365	0.013728	4.0
581	-1.238659	43.594625	1.699074	0.013016	3.3
582	-1.255696	43.327422	1.706131	0.012518	4.0
583	-1.211889	43.443665	1.703054	0.013314	3.3
584	-1.209173	43.139618	1.711127	0.016878	3.3
585	-1.192414	42.835795	1.719271	0.013070	3.2
586	-1.247391	42.532033	1.727491	0.017435	3.3
587	-1.196347	42.259987	1.734920	0.011407	3.4
588	-1.176694	42.508499	1.728131	0.014203	3.3
589	-1.216776	42.204523	1.736443	0.014966	3.2
590	-1.245415	42.020707	1.741507	0.014290	3.3
591	-1.202351	41.718197	1.749907	0.010607	3.6
592	-1.194611	41.565934	1.754166	0.016227	3.4
593	-1.243144	41.277859	1.762280	0.016087	4.4
594	-1.219165	41.075491	1.768025	0.012707	3.7
595	-1.211535	41.014142	1.769774	0.011461	3.3
596	-1.187068	40.710540	1.778481	0.013057	3.3
597	-1.253140	40.421185	1.786859	0.019522	3.2
598	-1.216194	41.260725	1.762765	0.018577	3.4
599	-1.216403	42.260531	1.734905	0.012570	3.2
600	-1.202833	41.956422	1.743286	0.011039	3.3
601	-1.193285	41.652371	1.751746	0.013552	3.2
602	-1.225396	41.348698	1.760278	0.014979	3.3
603	-1.253966	41.045201	1.768888	0.022174	3.3
604	-1.250809	40.741080	1.777601	0.010071	3.3
605	-1.211892	41.340047	1.760522	0.015063	3.4
606	-1.235868	41.043207	1.768945	0.014973	3.3
607	-1.234095	40.739100	1.777658	0.020847	3.3
608	-1.180433	40.551720	1.783070	0.009471	4.9
609	-1.193825	40.564338	1.782704	0.015123	3.3
610	-1.269142	40.273765	1.791158	0.015216	3.3
611	-1.210443	39.971187	1.800047	0.014187	3.5
612	-1.236694	39.747096	1.806688	0.010803	3.3
613	-1.270827	39.594884	1.811226	0.014381	3.2
614	-1.224666	39.291270	1.820347	0.016236	3.2
615	-1.218695	38.987151	1.829575	0.012446	3.3
616	-1.222647	38.732653	1.837371	0.025744	3.3
617	-1.188739	38.619109	1.840870	0.022201	3.3
618	-1.198006	38.315045	1.850307	0.013280	3.3
619	-1.198339	39.062635	1.827276	0.024379	3.4
620	-1.234092	39.040233	1.827958	0.016342	3.2
621	-1.215647	38.736137	1.837263	0.016327	3.2
622	-1.207805	39.734345	1.807067	0.013742	4.1
623	-1.248199	39.430399	1.816156	0.015163	3.9
624	-1.243623	39.443172	1.815772	0.014564	3.3
625	-1.206613	40.405293	1.787322	0.017370	3.2
626	-1.235226	40.177477	1.793978	0.017502	3.2
627	-1.212557	39.873364	1.802940	0.016713	3.3
628	-1.228524	39.637136	1.809964	0.018560	3.3
629	-1.239351	39.333948	1.819059	0.017864	3.3
630	-1.219372	40.331271	1.789479	0.015528	3.2
631	-1.222246	40.027150	1.798397	0.021112	3.3
632	-1.216788	39.748822	1.806636	0.013252	3.3
633	-1.210781	39.444902	1.815720	0.009993	3.3
634	-1.200123	39.173491	1.823910	0.015049	3.3
635	-1.215178	38.870165	1.833150	0.018953	3.3
636	-1.223106	39.868531	1.803083	0.018769	3.3
637	-1.213376	40.868443	1.773942	0.011438	4.4
638	-1.280252	41.752250	1.748958	0.014692	3.6
639	-1.230691	41.448171	1.757474	0.013385	3.3
640	-1.219244	41.247252	1.763146	0.012339	3.2
641	-1.226828	40.952874	1.771524	0.013885	3.2
642	-1.188127	40.648999	1.780256	0.017643	3.3
643	-1.229172	40.345026	1.789078	0.014243	3.3
644	-1.238003	40.043463	1.797916	0.023051	3.3
645	-1.263606	39.773972	1.805889	0.019735	3.3
646	-1.207364	40.773972	1.776655	0.012338	3.3
647	-1.221601	41.536329	1.754996	0.011759	3.3
648	-1.299109	41.508889	1.755767	0.011876	3.3
649	-1.220526	41.205054	1.764343	0.013985	3.3
650	-1.267156	41.337055	1.760606	0.016930	3.3
651	-1.214645	41.507668	1.755801	0.014679	3.3
652	-1.254331	42.507223	1.728166	0.027290	4.9
653	-1.192980	42.513414	1.727998	0.013187	3.3
654	-1.222218	42.209415	1.736308	0.013665	3.3
655	-1.210118	41.905361	1.744701	0.011637	3.3
656	-1.180544	41.651869	1.751760	0.015287	3.2
657	-1.289081	41.571421	1.754012	0.011814	3.3
658	-1.251234	41.323809	1.760981	0.017187	3.3
659	-1.276814	41.267288	1.762579	0.019871	3.2
660	-1.278012	42.229676	1.735752	0.017638	3.3
661	-1.218761	42.853828	1.718785	0.015731	3.2
662	-1.194155	43.797946	1.693742	0.011742	3.3
663	-1.244582	43.546406	1.700343	0.017078	3.5
664	-1.215192	43.243802	1.708352	0.016867	3.2
665	-1.192667	42.939704	1.716477	0.016686	3.4
666	-1.232630	43.933037	1.690219	0.012810	4.1
667	-1.243299	43.628997	1.698170	0.013981	3.9
668	-1.220031	43.343827	1.705696	0.018618	3.4
669	-1.200333	43.040159	1.713784	0.016177	3.7
670	-1.245299	43.144180	1.711005	0.009629	3.3
671	-1.228612	43.120012	1.711650	0.013149	3.3
672	-1.279947	42.838009	1.719211	0.030397	3.3
673	-1.231493	43.542501	1.700446	0.016451	3.3
674	-1.252018	43.238379	1.708496	0.013999	3.3
675	-1.182192	44.187345	1.683625	0.016404	3.3
676	-1.197298	43.883226	1.691516	0.017922	3.3
677	-1.246098	43.580607	1.699442	0.013928	3.3
678	-1.205908	43.277089	1.707467	0.014408	3.3
679	-1.230645	42.984276	1.715281	0.025635	3.3
680	-1.257803	42.680158	1.723473	0.023558	3.3
681	-1.236466	42.376056	1.731743	0.008897	4.9
682	-1.225247	42.074431	1.740024	0.015224	3.3
683	-1.232897	41.803691	1.747525	0.015948	3.3
684	-1.195085	42.597045	1.725725	0.018985	3.3
685	-1.209757	43.596742	1.699018	0.026381	3.3
686	-1.257789	44.596742	1.673117	0.016365	3.3
687	-1.271469	44.292621	1.680910	0.015331	3.3
688	-1.243235	43.988529	1.688775	0.017693	3.3
689	-1.200201	44.410618	1.677878	0.016840	3.2
690	-1.264242	44.214054	1.682935	0.012667	3.3
691	-1.295056	43.915501	1.690675	0.022910	3.3
692	-1.215359	43.611479	1.698630	0.018285	3.3
693	-1.253898	43.343581	1.705703	0.013894	3.2
694	-1.245855	43.040872	1.713765	0.016271	3.4
695	-1.240822	43.762482	1.694670	0.015002	3.3
696	-1.267552	43.645257	1.697743	0.014835	4.8
697	-1.209125	43.341137	1.705768	0.013080	4.7
698	-1.245982	43.037022	1.713868	0.015548	3.7
699	-1.213471	43.551582	1.700207	0.015702	3.3
700	-1.239739	43.247915	1.708243	0.017093	3.4
701	-1.229495	44.020903	1.687934	0.013134	3.2
702	-1.268161	43.720980	1.695756	0.018501	3.4
703	-1.260460	43.420292	1.703672	0.009335	3.2
704	-1.229867	43.264792	1.707794	0.010412	3.2
705	-1.267490	42.968018	1.715717	0.011644	3.8
706	-1.192590	42.906992	1.717355	0.013381	3.3
707	-1.214249	42.679419	1.723493	0.015517	3.3
708	-1.208890	43.254708	1.708062	0.018108	3.3
709	-1.190205	42.951642	1.716156	0.014779	3.3
710	-1.236297	43.948712	1.689811	0.014941	4.7
711	-1.267041	43.717865	1.695838	0.012031	3.3
712	-1.220224	43.420444	1.703668	0.014140	3.2
713	-1.240605	43.133713	1.711284	0.020457	3.2
714	-1.198477	44.003895	1.688376	0.014861	3.3
715	-1.230952	43.701290	1.696273	0.011333	3.3
716	-1.220367	43.402664	1.704138	0.019687	3.3
717	-1.204939	43.397102	1.704285	0.019712	3.3
718	-1.224777	43.703713	1.696209	0.013714	3.2
719	-1.260052	43.399650	1.704218	0.020049	3.3
720	-1.216241	44.394396	1.678294	0.015324	3.3
721	-1.205908	44.090282	1.686135	0.014231	3.3
722	-1.268106	43.786914	1.694031	0.011224	3.4
723	-1.195748	43.484149	1.701985	0.014027	3.3
724	-1.279569	43.180700	1.710032	0.011353	4.2
725	-1.211735	43.113007	1.711837	0.015619	3.8
726	-1.220310	42.828621	1.719464	0.018395	3.3
727	-1.213530	42.643111	1.724476	0.012366	3.3
728	-1.221816	42.339004	1.732756	0.017551	3.2
729	-1.221273	42.089779	1.739601	0.017938	3.3
730	-1.253324	41.785823	1.748022	0.011963	3.3
731	-1.282734	41.481703	1.756531	0.016939	3.2
732	-1.266877	41.187991	1.764827	0.016963	3.3
733	-1.198694	41.470681	1.756840	0.022586	3.2
734	-1.226609	41.167346	1.765413	0.020208	3.2
735	-1.196147	41.050992	1.768723	0.011602	3.3
736	-1.210293	40.747182	1.777426	0.016099	3.3
737	-1.267534	40.443078	1.786223	0.010909	3.4
738	-1.261309	40.139095	1.795104	0.015201	3.3
739	-1.197616	40.382438	1.787987	0.016291	3.3
740	-1.211108	40.551661	1.783072	0.012142	3.3
741	-1.293897	40.346184	1.789044	0.019724	4.0
742	-1.227755	41.319377	1.761106	0.015106	3.5
743	-1.285410	42.316052	1.733384	0.020348	3.5
744	-1.244860	43.313755	1.706494	0.014238	3.9
745	-1.236965	44.260951	1.681726	0.013177	3.2
746	-1.239252	43.974149	1.689149	0.019173	3.2
747	-1.263298	43.671539	1.697053	0.011470	3.5
748	-1.232406	43.367889	1.705059	0.012571	3.3
749	-1.270861	43.116182	1.711752	0.015517	3.3
750	-1.212290	42.818708	1.719731	0.018815	3.3
751	-1.203986	42.719828	1.722400	0.014501	3.2
752	-1.224238	42.455333	1.729579	0.015404	3.2
753	-1.278038	42.452864	1.729646	0.015888	3.3
754	-1.275706	43.364944	1.705137	0.016720	3.5
755	-1.257618	43.060825	1.713231	0.014448	4.6
756	-1.230938	43.619257	1.698426	0.017417	3.3
757	-1.239343	44.349850	1.679438	0.013208	3.2
758	-1.221991	44.045731	1.687290	0.011229	3.2
759	-1.224224	43.966645	1.689344	0.017291	3.2
760	-1.206601	44.279723	1.681242	0.020087	3.2
761	-1.251922	45.188604	1.658156	0.016849	3.2
762	-1.237412	44.885111	1.665794	0.012871	3.3
763	-1.224790	44.581126	1.673515	0.014541	3.2
764	-1.261346	44.280915	1.681211	0.013748	3.3
765	-1.234980	45.142815	1.659304	0.015953	3.2
766	-1.229673	45.004055	1.662792	0.015338	3.3
767	-1.215559	45.481582	1.650849	0.015595	3.2
768	-1.202683	45.177991	1.658422	0.019559	3.2
769	-1.244986	46.168880	1.633956	0.014487	3.3
770	-1.258207	47.161274	1.610167	0.011089	5.3
771	-1.217429	46.980593	1.614446	0.021468	3.8
772	-1.189594	47.952491	1.591690	0.015926	3.2
773	-1.248062	47.703532	1.597458	0.016749	3.2
774	-1.233465	47.428359	1.603882	0.019172	3.2
775	-1.223349	48.428103	1.580787	0.009511	4.4
776	-1.208490	48.199106	1.586018	0.015857	3.3
777	-1.252568	47.898006	1.592949	0.011261	3.2
778	-1.238130	48.186614	1.586304	0.014109	3.3
779	-1.273724	47.883271	1.593290	0.012921	3.2
780	-1.209137	48.811342	1.572109	0.017880	3.2
781	-1.206379	48.672264	1.575247	0.015874	3.3
782	-1.229728	48.989024	1.568118	0.009689	3.2
783	-1.250109	48.685116	1.574956	0.015855	3.2
784	-1.261783	48.399227	1.581444	0.016121	3.3
785	-1.279795	48.095237	1.588402	0.016858	4.6
786	-1.249692	49.084445	1.565983	0.021904	3.5
787	-1.290979	48.780324	1.572808	0.017691	3.7
788	-1.195957	49.777425	1.550650	0.019656	3.5
789	-1.193757	49.473304	1.557342	0.017119	3.6
790	-1.215233	49.195944	1.563495	0.018970	3.5
791	-1.228442	48.943795	1.569132	0.017966	3.5
792	-1.194619	49.830322	1.549492	0.010855	3.3
793	-1.255355	49.532915	1.556026	0.011981	3.2
794	-1.255281	49.285916	1.561494	0.018345	3.2
795	-1.199052	48.981796	1.568280	0.019067	3.2
796	-1.232958	48.677676	1.575125	0.023004	3.2
797	-1.227637	49.677666	1.552839	0.012448	3.2
798	-1.263341	49.381747	1.559368	0.020031	3.2
799	-1.274057	49.157355	1.564355	0.013092	3.2
800	-1.244493	48.916924	1.569735	0.016855	3.6
801	-1.245199	49.841076	1.549257	0.017248	4.2
802	-1.241634	49.536960	1.555936	0.011828	3.2
803	-1.207991	49.402625	1.558905	0.025730	3.2
804	-1.209530	49.098504	1.565669	0.013856	3.2
805	-1.200097	49.033317	1.567126	0.016883	3.2
806	-1.166717	48.767863	1.573088	0.018680	3.3
807	-1.220362	48.464796	1.579952	0.012338	3.4
808	-1.259870	48.160741	1.586898	0.018787	3.3
809	-1.239274	48.269580	1.584404	0.011141	3.2
810	-1.261804	48.358425	1.582375	0.021306	3.2
811	-1.230289	48.056574	1.589291	0.015831	3.4
812	-1.276019	47.763379	1.596068	0.012861	3.2
813	-1.246188	47.460752	1.603123	0.016219	3.2
814	-1.237540	47.474712	1.602796	0.019002	3.3
815	-1.188340	47.170594	1.609947	0.015479	3.6
816	-1.262852	46.866473	1.617161	0.012821	4.1
817	-1.262540	47.739324	1.596626	0.011798	3.3
818	-1.256034	47.435370	1.603718	0.015287	3.2
819	-1.213712	47.418241	1.604119	0.016472	3.2
820	-1.235555	48.335636	1.582895	0.017012	3.3
821	-1.277713	49.066690	1.566379	0.017215	3.3
822	-1.235238	50.022915	1.545290	0.009593	3.2
823	-1.256419	49.723443	1.551834	0.018271	3.2
824	-1.201590	49.421239	1.558493	0.022403	3.2
825	-1.254763	50.420903	1.536679	0.020235	3.2
826	-1.218584	50.116781	1.543251	0.013471	3.3
827	-1.244534	50.499890	1.534982	0.012077	3.2
828	-1.200159	51.214643	1.519789	0.022724	3.2
829	-1.223745	50.911498	1.526196	0.018716	3.2
830	-1.294784	51.911461	1.505264	0.017851	3.2
831	-1.227907	51.607340	1.511569	0.020474	4.7
832	-1.262945	51.303219	1.517927	0.013973	3.2
833	-1.210753	52.302820	1.497228	0.012154	3.3
834	-1.232146	51.998730	1.503465	0.016560	3.2
835	-1.275644	51.694908	1.509748	0.014468	3.3
836	-1.289621	52.669722	1.489771	0.014887	3.2
837	-1.250109	53.496372	1.473240	0.013640	3.2
838	-1.253285	53.504336	1.473082	0.010527	3.2
839	-1.230280	53.663712	1.469938	0.018464	3.2
840	-1.255985	53.404195	1.475065	0.016015	3.2
841	-1.200869	54.396286	1.455656	0.012442	3.3
842	-1.209702	54.097095	1.461455	0.013591	3.3
843	-1.233603	53.881042	1.465672	0.012585	3.2
844	-1.286668	53.820505	1.466858	0.024816	3.2
845	-1.178922	53.516388	1.472844	0.012930	3.2
846	-1.274489	53.525912	1.472656	0.017758	3.7
847	-1.230802	53.524291	1.472688	0.016997	4.3
848	-1.256921	53.220172	1.478722	0.016485	3.3
849	-1.218754	52.916096	1.484805	0.014734	3.2
850	-1.230435	52.643857	1.490294	0.011557	3.2
851	-1.265035	53.447075	1.474215	0.018382	3.3
852	-1.218343	53.143296	1.480256	0.012614	3.2
853	-1.238089	52.839212	1.486351	0.014730	3.2
854	-1.246456	52.542635	1.492346	0.013911	3.3
855	-1.235183	52.260823	1.498086	0.012083	3.3
856	-1.260992	51.962300	1.504215	0.014871	3.2
857	-1.271873	52.659383	1.489980	0.018389	3.4
858	-1.207116	53.077807	1.481564	0.016806	3.2
859	-1.262122	52.773686	1.487672	0.017607	3.4
860	-1.232784	53.099218	1.481136	0.010887	3.2
861	-1.218139	52.795145	1.487239	0.010587	3.3
862	-1.297790	52.648655	1.490197	0.028406	4.7
863	-1.226304	52.376434	1.495726	0.010167	3.3
864	-1.238763	52.073519	1.501926	0.019893	3.2
865	-1.235659	53.037864	1.482363	0.015102	3.3
866	-1.222180	52.733762	1.488477	0.019450	3.2
867	-1.230794	52.429976	1.494635	0.014261	3.6
868	-1.243299	53.272833	1.477674	0.011738	3.3
869	-1.207382	52.985655	1.483409	0.015088	3.3
870	-1.210306	52.694145	1.489277	0.019418	3.2
871	-1.265296	53.693383	1.469354	0.008785	3.3
872	-1.242168	53.389403	1.475358	0.011352	3.2
873	-1.261673	53.664193	1.469928	0.022023	3.3
874	-1.257364	53.446655	1.474224	0.016598	3.2
875	-1.290836	54.444423	1.454727	0.018090	3.2
876	-1.246159	54.140619	1.460608	0.016999	3.2
877	-1.287234	53.836539	1.466543	0.020605	4.2
878	-1.257566	54.551631	1.452663	0.012193	4.0
879	-1.263336	54.248033	1.458523	0.018473	3.2
880	-1.233863	55.236998	1.439603	0.017361	3.2
881	-1.258100	55.074374	1.442681	0.017265	3.2
882	-1.248868	54.770270	1.448471	0.011447	3.2
883	-1.301179	54.466910	1.454293	0.018035	3.2
884	-1.264170	54.405119	1.455485	0.014481	3.2
885	-1.218512	55.401577	1.436502	0.011902	3.2
886	-1.238941	55.205151	1.440205	0.011115	3.2
887	-1.230476	54.904802	1.445904	0.016053	3.2
888	-1.263803	54.601462	1.451705	0.018918	3.2
889	-1.286226	54.297581	1.457564	0.015779	3.2
890	-1.255959	54.824298	1.447439	0.016977	3.3
891	-1.255108	54.681671	1.450166	0.015361	3.4
892	-1.231963	55.640953	1.432015	0.018098	4.7
893	-1.262213	56.615264	1.414039	0.015467	3.3
894	-1.315940	56.311142	1.419602	0.012650	3.2
895	-1.229958	56.019758	1.424972	0.014914	3.4
896	-1.250000	55.717362	1.430589	0.012366	3.2
897	-1.293379	56.611923	1.414100	0.018563	3.2
898	-1.265871	56.619495	1.413962	0.020993	3.3
899	-1.247766	56.315373	1.419524	0.014877	3.2
900	-1.274051	56.011362	1.425128	0.017243	3.2
901	-1.257513	55.707474	1.430774	0.016916	3.3
902	-1.288085	56.649028	1.413424	0.018232	3.2
903	-1.242305	56.344908	1.418982	0.012175	3.2
904	-1.237280	56.908095	1.408724	0.012221	3.4
905	-1.259043	56.605396	1.414219	0.014253	3.2
906	-1.285573	56.411748	1.417757	0.012007	3.2
907	-1.210133	56.545343	1.415314	0.012983	4.8
908	-1.312076	56.241414	1.420883	0.011551	3.3
909	-1.224639	56.019030	1.424986	0.014271	3.2
910	-1.247231	55.736396	1.430234	0.022423	3.2
911	-1.256165	55.432275	1.435925	0.015289	3.3
912	-1.266386	55.128157	1.441661	0.016711	3.2
913	-1.286626	54.874584	1.446479	0.010440	3.3
914	-1.212267	55.709211	1.430741	0.011348	3.2
915	-1.268469	55.411555	1.436314	0.017119	3.2
916	-1.243879	55.110404	1.441998	0.015676	3.2
917	-1.222673	54.824055	1.447443	0.012074	3.2
918	-1.286317	54.522937	1.453214	0.012184	3.2
919	-1.247461	54.262879	1.458236	0.019731	3.2
920	-1.237488	54.955027	1.444947	0.012365	3.3
921	-1.210008	54.883645	1.446307	0.014171	3.3
922	-1.259557	55.194554	1.440405	0.017142	4.8
923	-1.267555	54.890509	1.446176	0.013392	3.3
924	-1.252464	54.591832	1.451890	0.021397	3.2
925	-1.255362	55.591803	1.432934	0.013720	3.2
926	-1.256194	55.287682	1.438647	0.016882	3.2
927	-1.313580	56.264485	1.420459	0.012308	3.2
928	-1.273185	56.124499	1.423037	0.014341	3.2
929	-1.268565	55.833877	1.428420	0.015082	3.2
930	-1.262173	55.529758	1.434096	0.012987	3.2
931	-1.289219	55.231834	1.439701	0.019418	3.2
932	-1.258099	54.966282	1.444733	0.010813	3.2
933	-1.233187	54.665904	1.450469	0.010908	3.2
934	-1.279944	54.408510	1.455420	0.016702	3.2
935	-1.256334	54.105523	1.461291	0.014128	3.3
936	-1.264679	53.839576	1.466484	0.015576	3.3
937	-1.240548	53.535455	1.472467	0.011521	3.8
938	-1.263976	53.686073	1.469498	0.014116	3.8
939	-1.278300	53.382075	1.475504	0.017669	3.3
940	-1.267959	54.214701	1.459170	0.011035	3.2
941	-1.214532	55.122970	1.441760	0.017776	3.2
942	-1.262546	54.827074	1.447386	0.013954	3.2
943	-1.238441	54.542752	1.452833	0.014371	3.2
944	-1.242923	54.576647	1.452182	0.017094	3.3
945	-1.239336	55.571105	1.433322	0.024517	3.2
946	-1.193954	56.382872	1.418286	0.012094	3.2
947	-1.243144	56.078751	1.423882	0.020549	3.2
948	-1.228863	56.939939	1.408149	0.016265	3.2
949	-1.251920	56.636005	1.413661	0.017992	3.2
950	-1.270957	56.515440	1.415860	0.018693	3.3
951	-1.270266	57.010324	1.406878	0.016572	3.2
952	-1.250832	56.706207	1.412384	0.015163	3.4
953	-1.216516	56.408827	1.417810	0.017568	3.6
954	-1.265043	56.104708	1.423402	0.017630	4.1
955	-1.213117	55.807727	1.428906	0.015264	3.2
956	-1.295512	55.503986	1.434579	0.012461	3.4
957	-1.258710	55.818640	1.428703	0.016243	3.2
958	-1.279129	55.516756	1.434340	0.014413	3.3
959	-1.234838	55.212645	1.440063	0.017634	3.2
960	-1.247490	56.212439	1.421416	0.012573	3.2
961	-1.242750	55.937495	1.426496	0.015081	3.2
962	-1.256468	55.639215	1.432048	0.015054	3.2
963	-1.227926	56.447150	1.417109	0.016452	3.4
964	-1.254606	56.143999	1.422677	0.013176	3.3
965	-1.240501	55.839884	1.428308	0.017568	3.2
966	-1.198289	56.398666	1.417996	0.017095	3.3
967	-1.251329	57.398193	1.399918	0.018103	3.2
968	-1.197728	58.397869	1.382292	0.020038	4.8
969	-1.238952	59.397656	1.365102	0.014595	3.3
970	-1.235194	60.214681	1.351369	0.015885	3.3
971	-1.270073	59.910561	1.356449	0.028221	3.2
972	-1.315993	60.910537	1.339889	0.020963	3.2
973	-1.243161	61.910537	1.323728	0.010435	3.3
974	-1.226892	61.991006	1.322445	0.009153	3.2
975	-1.237577	61.712040	1.326905	0.012639	3.2
976	-1.255174	61.577756	1.329063	0.015404	3.2
977	-1.230048	61.275568	1.333944	0.015274	3.3
978	-1.281962	60.971446	1.338893	0.014056	3.2
979	-1.244141	60.763070	1.342306	0.018134	3.2
980	-1.208027	61.713821	1.326876	0.012025	3.2
981	-1.328778	61.420727	1.331595	0.012881	3.3
982	-1.258422	61.117171	1.336517	0.019340	3.2
983	-1.262752	60.813050	1.341486	0.013921	4.7
984	-1.266926	60.508930	1.346491	0.014697	3.2
985	-1.253680	60.205493	1.351522	0.022127	3.2
986	-1.191812	59.925899	1.356192	0.013863	3.3
987	-1.241224	59.622098	1.361302	0.011133	3.2
988	-1.201887	59.360412	1.365735	0.017998	3.2
989	-1.230993	59.056505	1.370919	0.015071	3.2
990	-1.221369	58.752384	1.376147	0.018386	3.2
991	-1.264133	58.478125	1.380896	0.017695	3.2
992	-1.237960	58.180799	1.386081	0.012899	3.3
993	-1.299807	58.848934	1.374483	0.014919	3.3
994	-1.221115	58.568188	1.379333	0.014775	3.3
995	-1.312144	58.265928	1.384593	0.011517	3.4
996	-1.263764	59.139479	1.369500	0.013462	3.3
997	-1.229408	58.951204	1.372725	0.014055	3.4
998	-1.240696	58.855716	1.374367	0.015628	4.7
999	-1.257755	59.760691	1.358966	0.018536	3.3
