1:ItNr	2:Metric	3a:Time	3b:StepSize	4:||Gradient||	Time[ms]
0	54893.322945	0.000000	0.006575	675.325884	212.1
1	51930.813053	0.000000	0.006575	543.841764	6.2
2	44647.962643	0.000000	0.006575	322.895173	3.8
3	42740.174073	0.000000	0.006575	342.937241	4.1
4	46737.926807	0.000000	0.006575	308.476719	3.8
5	43700.558570	0.000000	0.006575	325.655580	4.3
6	45268.126719	0.000000	0.006575	283.825510	3.8
7	42976.764744	0.000000	0.006575	276.525133	4.1
8	44235.603484	0.000000	0.006575	322.460341	3.8
9	42668.501631	0.000000	0.006575	260.670141	3.8
10	39702.138470	0.000000	0.006575	277.207711	4.1
11	42597.106340	0.000000	0.006575	268.813304	4.0
12	40742.883010	0.000000	0.006575	273.829651	3.9
13	40528.681224	0.000000	0.006575	294.120331	6.1
14	40340.887038	0.000000	0.006575	305.660674	3.8
15	41804.748222	0.000000	0.006575	289.481950	3.8
16	38468.444611	0.000000	0.006575	243.249488	3.7
17	41641.242713	0.000000	0.006575	296.997554	3.9
18	41976.316436	0.000000	0.006575	283.189391	3.8
19	40451.501007	0.000000	0.006575	266.331209	3.8
20	38060.089620	0.000000	0.006575	254.145211	3.8
21	35505.383418	0.000000	0.006575	255.450281	4.0
22	39941.816681	0.000000	0.006575	256.398422	3.8
23	38014.266811	0.000000	0.006575	227.965141	4.0
24	35716.140576	0.000000	0.006575	240.432692	3.8
25	35121.592607	0.000000	0.006575	253.572673	5.9
26	35184.967752	0.000000	0.006575	239.527872	4.1
27	35343.257713	0.000000	0.006575	218.550433	3.8
28	34336.081222	0.000000	0.006575	222.325935	4.1
29	34916.585518	0.000000	0.006575	230.398475	3.8
30	34007.859717	0.000000	0.006575	223.594801	4.1
31	35180.358066	0.000000	0.006575	238.612766	3.7
32	37203.699407	0.000000	0.006575	262.553967	4.1
33	33611.321514	0.000000	0.006575	250.007877	3.8
34	36174.878236	0.000000	0.006575	221.127352	3.8
35	34595.266770	0.000000	0.006575	231.265098	4.0
36	34864.162974	0.000000	0.006575	235.797573	4.4
37	34194.318299	0.000000	0.006575	219.735456	5.4
38	31241.485551	0.000000	0.006575	220.899017	4.0
39	35646.203954	0.000000	0.006575	215.252998	3.9
40	33392.913126	0.000000	0.006575	228.378615	3.7
41	29349.881678	0.000000	0.006575	202.156135	3.7
42	32645.518199	0.000000	0.006575	199.656305	3.8
43	31545.511439	0.000000	0.006575	214.601783	3.7
44	32375.074607	0.000000	0.006575	190.518659	4.0
45	31544.504070	0.000000	0.006575	222.925289	3.8
46	32913.324190	0.000000	0.006575	204.027433	3.8
47	32986.390004	0.000000	0.006575	194.644199	3.7
48	33157.859552	0.000000	0.006575	193.791094	4.1
49	28469.495276	0.000000	0.006575	199.432717	3.8
50	30687.614750	0.000000	0.006575	196.282482	6.3
51	32405.639588	0.000000	0.006575	196.889759	4.2
52	29838.681487	0.000000	0.006575	187.611368	3.8
53	32106.732824	0.000000	0.006575	191.459936	4.2
54	30698.724445	0.000000	0.006575	172.457520	3.8
55	29604.797263	0.000000	0.006575	211.874339	3.7
56	31300.439485	0.000000	0.006575	197.667150	4.3
57	29843.015513	0.000000	0.006575	187.550818	4.5
58	30224.408415	0.000000	0.006575	163.873067	3.8
59	29222.583060	0.000000	0.006575	198.101035	5.1
60	28164.799177	0.000000	0.006575	164.047193	5.0
61	28034.107582	0.000000	0.006575	162.449166	8.2
62	27485.821302	0.000000	0.006575	170.121286	4.0
63	27651.692476	0.000000	0.006575	184.539479	5.4
64	29696.546706	0.000000	0.006575	175.830767	3.9
65	26866.824828	0.000000	0.006575	162.285694	4.1
66	29539.635724	0.000000	0.006575	162.800086	7.7
67	27728.953920	0.000000	0.006575	180.092034	4.4
68	29583.849717	0.000000	0.006575	148.977940	3.7
69	28386.724440	0.000000	0.006575	169.441905	4.2
70	24924.988599	0.000000	0.006575	174.998271	3.8
71	26362.165991	0.000000	0.006575	167.968671	6.4
72	26243.909667	0.000000	0.006575	154.153223	3.8
73	26396.176312	0.000000	0.006575	161.215430	3.8
74	27029.685993	0.000000	0.006575	138.389254	3.7
75	27318.493692	0.000000	0.006575	164.972279	4.1
76	26018.517451	0.000000	0.006575	146.058640	3.8
77	28759.650032	0.000000	0.006575	170.686876	4.0
78	27442.855291	0.000000	0.006575	184.797168	3.8
79	27242.439309	0.000000	0.006575	153.068476	4.3
80	24349.879295	0.000000	0.006575	137.248504	4.0
81	28392.233400	0.000000	0.006575	174.875747	3.8
82	25672.592161	0.000000	0.006575	137.519658	3.8
83	27122.593182	0.000000	0.006575	174.769944	6.4
84	26052.442943	0.000000	0.006575	124.324976	4.6
85	24904.634498	0.000000	0.006575	123.552326	3.8
86	25593.647924	0.000000	0.006575	151.756089	4.4
87	25475.134534	0.000000	0.006575	145.017477	3.8
88	24904.355301	0.000000	0.006575	123.566282	4.3
89	26037.888672	0.000000	0.006575	157.240496	3.8
90	26069.183349	0.000000	0.006575	144.463049	4.1
91	24867.021324	0.000000	0.006575	137.991086	4.1
92	25479.403865	0.000000	0.006575	145.592281	3.8
93	25949.939513	0.000000	0.006575	134.178080	4.1
94	25649.857347	0.000000	0.006575	151.869270	3.9
95	24647.671998	0.000000	0.006575	150.612253	6.4
96	23654.352788	0.000000	0.006575	147.494088	3.8
97	25031.298349	0.000000	0.006575	150.977798	4.6
98	23670.984958	0.000000	0.006575	124.762013	3.8
99	25580.840789	0.000000	0.006575	147.473373	4.1
100	24000.651698	0.000000	0.006575	133.890508	3.8
101	24963.355354	0.000000	0.006575	135.031804	3.9
102	23614.324747	0.000000	0.006575	128.521320	4.0
103	22927.823974	0.000000	0.006575	133.273599	3.8
104	26443.117701	0.000000	0.006575	151.799023	4.0
105	23212.941715	0.000000	0.006575	126.853205	3.8
106	23488.125414	0.000000	0.006575	124.053703	4.4
107	24642.525964	0.000000	0.006575	140.099979	6.1
108	23740.189055	0.000000	0.006575	125.925171	4.2
109	24184.408335	0.000000	0.006575	134.434928	3.8
110	22881.133366	0.000000	0.006575	123.576273	3.8
111	22011.979805	0.000000	0.006575	112.106762	3.8
112	23802.017580	0.000000	0.006575	145.691230	3.9
113	26132.949861	0.000000	0.006575	145.550543	3.8
114	25487.080212	0.000000	0.006575	119.144899	3.8
115	22893.984674	0.000000	0.006575	116.696651	3.8
116	22696.373321	0.000000	0.006575	144.790030	3.8
117	23293.232479	0.000000	0.006575	132.827372	3.7
118	23860.518809	0.000000	0.006575	134.475805	3.9
119	22581.278955	0.000000	0.006575	128.616923	6.3
120	24673.244979	0.000000	0.006575	118.361263	3.8
121	22523.843982	0.000000	0.006575	128.214915	4.0
122	23130.240764	0.000000	0.006575	114.970862	3.7
123	24726.796017	0.000000	0.006575	137.910142	4.0
124	22836.353628	0.000000	0.006575	131.029347	3.9
125	23618.827602	0.000000	0.006575	106.311773	4.0
126	22057.014551	0.000000	0.006575	113.096125	3.8
127	21701.270398	0.000000	0.006575	116.296373	4.2
128	23648.684532	0.000000	0.006575	131.671692	5.3
129	22413.162177	0.000000	0.006575	96.038120	3.9
130	24038.335944	0.000000	0.006575	133.316559	3.9
131	23140.414611	0.000000	0.006575	98.845606	6.1
132	22422.501945	0.000000	0.006575	128.325500	4.6
133	22060.332346	0.000000	0.006575	115.695629	3.7
134	22835.141327	0.000000	0.006575	118.608513	4.0
135	24108.718515	0.000000	0.006575	121.299925	3.8
136	23593.160050	0.000000	0.006575	126.267433	4.1
137	21011.674197	0.000000	0.006575	103.818293	3.8
138	21520.446760	0.000000	0.006575	111.637784	4.1
139	23499.667832	0.000000	0.006575	125.837726	3.8
140	22944.627995	0.000000	0.006575	151.887149	4.3
141	20289.397641	0.000000	0.006575	110.300067	4.8
142	22132.650044	0.000000	0.006575	132.687015	4.9
143	21875.433058	0.000000	0.006575	120.897721	4.8
144	22895.940142	0.000000	0.006575	115.063273	3.8
145	23253.679156	0.000000	0.006575	137.575616	3.9
146	21210.262283	0.000000	0.006575	101.769165	3.8
147	22154.927514	0.000000	0.006575	110.156347	4.1
148	21549.199640	0.000000	0.006575	107.310108	3.7
149	21460.359221	0.000000	0.006575	110.675156	4.2
150	21252.423118	0.000000	0.006575	128.132025	3.8
151	20752.095579	0.000000	0.006575	107.691100	4.2
152	22914.437359	0.000000	0.006575	120.376264	3.7
153	23534.191817	0.000000	0.006575	114.326450	3.7
154	22135.875739	0.000000	0.006575	110.923078	4.5
155	21604.573422	0.000000	0.006575	108.918165	6.2
156	22209.255583	0.000000	0.006575	107.246835	3.8
157	21957.473349	0.000000	0.006575	108.751803	3.8
158	22493.837445	0.000000	0.006575	103.458035	3.8
159	20763.935066	0.000000	0.006575	111.497411	4.2
160	21661.944388	0.000000	0.006575	116.411346	3.9
161	22216.577253	0.000000	0.006575	118.142855	3.8
162	21805.428929	0.000000	0.006575	107.992897	3.7
163	21026.569047	0.000000	0.006575	126.844813	3.8
164	20767.493062	0.000000	0.006575	109.052795	3.7
165	20213.765314	0.000000	0.006575	109.491109	3.9
166	20672.974967	0.000000	0.006575	157.190122	3.8
167	20629.703867	0.000000	0.006575	111.629392	6.1
168	22939.048466	0.043329	0.006561	102.389394	4.6
169	22203.835243	0.000000	0.006575	98.984963	3.8
170	20590.972292	0.000000	0.006575	97.284772	4.1
171	20129.792540	0.000000	0.006575	106.935054	3.8
172	20762.327799	0.000000	0.006575	136.288607	4.0
173	21336.992480	0.000000	0.006575	141.852259	3.8
174	21679.102972	0.000000	0.006575	106.026021	4.0
175	20646.088325	0.000000	0.006575	116.849853	4.2
176	22287.954723	0.000000	0.006575	103.906662	4.2
177	21266.107511	0.000000	0.006575	99.616862	3.7
178	19121.865086	0.000000	0.006575	98.856083	4.1
179	18252.801391	0.000000	0.006575	92.321413	6.2
180	21505.990829	0.000000	0.006575	116.784434	3.8
181	19973.072512	0.000000	0.006575	102.640768	4.2
182	19751.885154	0.000000	0.006575	114.421158	4.3
183	19927.292713	0.000000	0.006575	90.686077	3.8
184	19025.025601	0.000000	0.006575	101.286706	4.1
185	21435.543618	0.000000	0.006575	99.201936	4.1
186	18698.918043	0.000000	0.006575	98.143622	3.7
187	20861.328206	0.000000	0.006575	108.508463	3.9
188	22085.334795	0.000000	0.006575	116.428335	3.8
189	18675.821324	0.000000	0.006575	92.686565	4.0
190	21883.761227	0.000000	0.006575	113.705650	4.0
191	20445.941017	0.000000	0.006575	99.904987	6.2
192	20730.027794	0.000000	0.006575	105.711628	3.8
193	20126.443860	0.000000	0.006575	126.884894	4.1
194	19761.016862	0.000000	0.006575	98.373379	4.0
195	19967.828435	0.000000	0.006575	103.316331	3.8
196	20187.351012	0.000000	0.006575	92.910491	4.0
197	20803.104024	0.000000	0.006575	106.522565	3.7
198	20700.285646	0.000000	0.006575	99.548524	3.9
199	19886.371529	0.000000	0.006575	112.726349	3.9
200	18915.000429	0.000000	0.006575	89.559234	3.8
201	21593.338912	0.000000	0.006575	112.649083	3.8
202	19750.757712	0.000000	0.006575	132.748252	4.0
203	18673.040570	0.000000	0.006575	107.460281	6.2
204	20602.391210	0.000000	0.006575	120.744862	4.1
205	19549.903027	0.000000	0.006575	100.194144	3.7
206	20243.799934	0.000000	0.006575	86.118741	4.2
207	20499.477503	0.000000	0.006575	102.374687	3.8
208	19964.225426	0.000000	0.006575	92.691591	4.1
209	19551.715632	0.000000	0.006575	108.201398	3.7
210	18205.141449	0.000000	0.006575	84.289237	4.4
211	20859.125982	0.000000	0.006575	110.935698	3.8
212	19725.770773	0.000000	0.006575	106.828276	4.1
213	20279.827912	0.000000	0.006575	84.348540	3.8
214	19957.378490	0.000000	0.006575	93.669217	4.8
215	20349.958529	0.000000	0.006575	110.528514	6.3
216	19351.524213	0.000000	0.006575	97.682180	3.8
217	20791.300399	0.000000	0.006575	132.614970	4.3
218	19780.020966	0.000000	0.006575	96.318484	3.7
219	20546.465530	0.000000	0.006575	126.671664	4.1
220	18966.895473	0.000000	0.006575	85.838530	4.7
221	18432.001893	0.000000	0.006575	86.793508	3.8
222	19782.436503	0.000000	0.006575	108.851996	3.7
223	20029.722372	0.000000	0.006575	110.292459	7.1
224	19748.686946	0.000000	0.006575	102.474453	4.2
225	20201.894607	0.000000	0.006575	106.162958	3.9
226	19287.907332	0.000000	0.006575	94.551054	6.4
227	18302.287921	0.000000	0.006575	83.056346	4.0
228	19192.170993	0.000000	0.006575	105.314742	3.8
229	18692.988202	0.000000	0.006575	105.018302	4.0
230	19855.952205	0.000000	0.006575	103.135596	3.8
231	19417.380696	0.000000	0.006575	107.525391	3.8
232	16990.758852	0.000000	0.006575	106.412804	4.2
233	18783.129167	0.286595	0.006486	95.884643	5.2
234	19647.797432	0.131777	0.006534	113.956364	3.7
235	20082.798081	0.000000	0.006575	134.194759	4.1
236	18414.596106	0.000000	0.006575	96.000168	3.8
237	18683.497615	0.427568	0.006443	92.596736	6.1
238	18443.041166	0.279858	0.006488	108.247353	5.7
239	18414.485891	0.191682	0.006515	100.159072	4.0
240	18943.364631	0.050431	0.006559	113.768839	5.0
241	20221.267925	0.000000	0.006575	118.476282	4.5
242	18687.980789	0.000000	0.006575	120.663470	3.8
243	17988.715291	0.000000	0.006575	84.410221	4.4
244	19420.387505	0.000000	0.006575	85.340582	4.8
245	18676.402609	0.000000	0.006575	97.591861	4.6
246	19607.926335	0.000000	0.006575	111.039870	3.8
247	19650.623549	0.000000	0.006575	97.120569	4.4
248	20789.365823	0.000000	0.006575	105.542433	6.6
249	18885.057776	0.000000	0.006575	96.378047	3.8
250	18331.750126	0.000000	0.006575	109.393682	4.6
251	19000.130797	0.000000	0.006575	94.824637	4.7
252	17205.143011	0.000000	0.006575	102.928553	5.0
253	19050.841762	0.000000	0.006575	92.761850	4.8
254	18937.357138	0.000000	0.006575	93.840471	4.1
255	17588.194238	0.000000	0.006575	105.515814	4.9
256	17606.910056	0.000000	0.006575	103.481224	3.7
257	18916.809902	0.223994	0.006505	101.286418	4.9
258	17227.965486	0.182184	0.006518	125.004757	4.7
259	17790.989366	0.071558	0.006552	87.414723	6.4
260	17760.435770	0.189647	0.006516	82.352634	4.8
261	19112.608323	0.035675	0.006563	102.539314	4.8
262	18654.848696	0.000000	0.006575	100.939924	3.8
263	18049.055135	0.000000	0.006575	88.281326	4.1
264	18409.468148	0.000000	0.006575	80.819805	3.8
265	19621.599413	0.000000	0.006575	98.331153	5.0
266	17919.865648	0.000000	0.006575	96.480613	3.8
267	18427.042132	0.000000	0.006575	86.483683	5.0
268	17617.421539	0.000000	0.006575	103.054599	3.9
269	18535.946991	0.000000	0.006575	118.303885	4.1
270	19877.017570	0.000000	0.006575	87.749401	5.3
271	17830.226796	0.000000	0.006575	103.184542	4.7
272	18317.337622	0.000000	0.006575	111.791350	4.3
273	18171.482639	0.000000	0.006575	94.802361	3.7
274	16742.068518	0.000000	0.006575	89.568232	4.7
275	17040.824645	0.000000	0.006575	89.604234	3.7
276	19909.568788	0.000000	0.006575	103.411613	4.4
277	16640.616802	0.000000	0.006575	94.994271	3.9
278	16999.179041	0.000000	0.006575	97.064667	4.1
279	18381.529742	0.000000	0.006575	96.146289	4.0
280	18009.993556	0.022051	0.006568	92.508051	4.3
281	17935.608354	0.000000	0.006575	82.305916	4.2
282	18634.585647	0.000000	0.006575	103.291885	3.8
283	19541.900801	0.000000	0.006575	96.246667	4.4
284	17961.916451	0.000000	0.006575	101.900227	4.7
285	18030.756932	0.000000	0.006575	84.533874	3.9
286	18439.826955	0.000000	0.006575	76.129908	4.3
287	16955.259527	0.000000	0.006575	95.724600	4.5
288	18320.310727	0.000000	0.006575	113.814487	3.8
289	17388.790636	0.000000	0.006575	82.156497	3.8
290	17637.979321	0.000000	0.006575	91.084120	3.8
291	18778.086872	0.000000	0.006575	93.873244	4.1
292	18389.555696	0.421648	0.006445	81.328860	3.7
293	18628.527898	0.266582	0.006492	91.580856	4.1
294	18988.285725	0.113558	0.006539	93.972942	3.8
295	16380.490345	0.000000	0.006575	87.749479	5.0
296	18030.080410	0.000000	0.006575	88.594078	4.9
297	19497.864189	0.000000	0.006575	107.687527	3.8
298	18198.670988	0.000000	0.006575	80.160486	4.3
299	17937.702134	0.000000	0.006575	81.996191	3.7
300	18654.541608	0.000000	0.006575	107.807888	3.7
301	18056.739382	0.000000	0.006575	108.006593	5.2
302	17923.654416	0.000000	0.006575	116.625078	4.2
303	16835.416984	0.000000	0.006575	101.658082	3.9
304	18043.741001	0.000000	0.006575	81.082847	4.4
305	18327.364250	0.000000	0.006575	81.310659	3.7
306	16270.824148	0.000000	0.006575	81.103658	4.1
307	18358.038317	0.000000	0.006575	78.082377	4.1
308	18171.983242	0.000000	0.006575	84.465440	4.8
309	18236.527856	0.000000	0.006575	90.631812	4.5
310	16408.277036	0.000000	0.006575	68.567598	4.4
311	18290.008145	0.000000	0.006575	84.409804	4.2
312	18278.995159	0.000000	0.006575	83.668328	3.8
313	17134.567097	0.000000	0.006575	108.423046	4.1
314	18315.886149	0.000000	0.006575	87.974365	3.8
315	17622.569627	0.000000	0.006575	149.150622	4.3
316	17613.100670	0.000000	0.006575	93.460285	3.9
317	17663.998831	0.000000	0.006575	91.607344	3.8
318	17305.354325	0.000000	0.006575	103.483301	3.8
319	17623.537364	0.000000	0.006575	91.543301	4.5
320	18310.389446	0.429210	0.006443	92.005275	4.3
321	16775.643739	0.755256	0.006346	103.245916	5.2
322	17196.735308	1.377320	0.006170	95.307945	4.1
323	17163.507099	1.253246	0.006204	80.928233	3.7
324	16555.412380	1.113688	0.006243	85.864102	3.7
325	18319.423685	0.959069	0.006287	71.713771	4.2
326	17798.672575	0.814524	0.006329	120.497751	4.1
327	17725.816540	0.679768	0.006368	107.991060	3.8
328	17033.272641	1.282130	0.006196	109.318044	4.1
329	17003.807664	1.131082	0.006239	101.313051	3.7
330	17172.624683	0.976038	0.006283	72.679475	4.1
331	16638.520431	0.822372	0.006327	89.526158	3.7
332	17068.441605	0.676542	0.006369	69.023192	6.7
333	17034.760747	0.525377	0.006414	101.379331	3.8
334	16462.945967	0.376946	0.006459	69.840855	3.8
335	16245.476084	0.231389	0.006503	79.636646	3.7
336	17937.181222	0.096277	0.006545	96.039175	3.9
337	18010.784447	0.000000	0.006575	89.938644	3.9
338	17892.821314	0.000000	0.006575	110.945376	4.0
339	17145.921304	0.384055	0.006457	96.361112	3.7
340	17127.340842	0.340747	0.006470	115.752240	3.9
341	17149.031299	0.848917	0.006319	80.701117	3.8
342	17170.136719	0.694865	0.006364	124.241362	4.4
343	17805.625883	0.605879	0.006390	94.300266	3.8
344	17603.045385	0.450887	0.006436	91.198738	6.3
345	16871.294456	0.303357	0.006481	121.890837	3.8
346	17561.770652	0.224964	0.006505	118.372852	4.2
347	17984.264963	0.069845	0.006553	87.157006	4.6
348	19238.835652	0.000000	0.006575	89.071837	3.8
349	17360.225619	0.000000	0.006575	102.564610	3.8
350	16913.806961	0.098413	0.006544	76.707379	4.1
351	17500.986005	0.000000	0.006575	93.887985	4.2
352	17128.484807	0.000000	0.006575	99.194920	3.7
353	17328.165766	0.000000	0.006575	100.464213	4.0
354	18964.254979	0.245040	0.006499	114.245987	3.9
355	18055.152956	0.473327	0.006430	106.264504	4.1
356	16779.373904	0.748654	0.006348	83.423418	5.7
357	17223.471944	0.612872	0.006388	96.650031	3.8
358	16761.143770	0.578696	0.006398	88.295945	3.9
359	16468.119005	0.450803	0.006436	87.278395	3.7
360	18196.684362	0.296374	0.006483	95.864491	4.9
361	16591.761661	0.402747	0.006451	65.477585	4.1
362	17129.252540	0.250923	0.006497	73.348189	4.1
363	16932.645898	0.107787	0.006541	83.411266	3.8
364	17418.309658	0.333222	0.006472	68.426795	3.7
365	16826.497401	0.200740	0.006512	106.951686	4.5
366	16259.630768	0.047831	0.006560	99.665338	4.1
367	17621.030508	1.008510	0.006273	85.039027	3.7
368	16137.542595	0.854543	0.006318	71.960124	6.0
369	16261.855334	0.703326	0.006362	87.333006	4.8
370	17618.892016	0.565024	0.006402	65.176768	4.0
371	16324.873526	0.412134	0.006448	96.181096	4.1
372	16252.063292	0.257531	0.006495	100.275833	3.8
373	15918.080390	0.798190	0.006334	96.994404	4.1
374	16736.078533	1.014584	0.006272	79.511829	3.7
375	17733.722112	0.864311	0.006315	72.745980	4.0
376	17766.463899	0.715116	0.006358	89.023081	3.8
377	17090.475883	0.563723	0.006403	76.847324	3.8
378	17476.065921	0.414233	0.006447	98.655087	4.0
379	17251.831348	0.263926	0.006493	87.336748	4.0
380	16813.256322	0.414276	0.006447	92.976266	5.7
381	16665.831886	0.379784	0.006458	89.971601	4.1
382	16863.694757	0.230205	0.006503	74.473323	3.8
383	15837.099214	0.082526	0.006549	78.459127	3.7
384	15421.577230	0.000000	0.006575	84.722314	3.7
385	16559.127494	0.181106	0.006518	106.258728	4.0
386	17298.205094	0.026002	0.006566	84.258570	3.7
387	18040.584254	0.000000	0.006575	84.401858	3.9
388	16198.180881	0.000000	0.006575	91.682995	3.7
389	18302.985509	0.000000	0.006575	87.098789	3.9
390	15055.287665	0.000000	0.006575	71.531269	3.8
391	16639.336802	0.000000	0.006575	81.562740	4.1
392	16548.679390	0.000000	0.006575	110.410801	3.8
393	16101.292769	0.000000	0.006575	87.193943	6.0
394	17244.780618	0.263337	0.006493	96.562804	4.1
395	16891.348817	0.121328	0.006537	105.275375	3.7
396	16451.325123	0.497038	0.006423	114.301559	4.4
397	16736.336194	1.178088	0.006225	91.451327	3.8
398	17124.486265	1.024308	0.006269	72.159789	4.1
399	15817.259027	0.881376	0.006310	76.804295	3.7
400	17434.934071	0.735938	0.006352	91.495025	4.1
401	15851.941837	0.582885	0.006397	69.856402	3.7
402	17495.658452	0.501863	0.006421	105.381217	3.7
403	17228.591708	0.507229	0.006420	76.133524	4.0
404	15815.516473	0.352293	0.006466	103.320358	4.1
405	17878.665249	0.562491	0.006403	113.467377	6.0
406	16799.676085	1.402024	0.006163	77.594068	3.9
407	15760.570900	1.349456	0.006178	119.664741	3.7
408	17637.550336	1.219039	0.006214	96.266121	4.1
409	16691.704571	1.067956	0.006256	104.434992	3.9
410	16468.889035	0.934502	0.006294	98.028332	3.8
411	15813.078859	0.823235	0.006327	76.721164	3.7
412	16253.105684	0.670596	0.006371	73.876065	4.0
413	15851.833053	0.530248	0.006413	79.800115	3.8
414	17201.601288	0.376813	0.006459	75.824126	3.8
415	17837.680530	0.223732	0.006505	93.382247	3.8
416	17933.448653	0.077186	0.006551	90.697221	4.1
417	17103.559360	0.000000	0.006575	113.246187	6.0
418	15786.272507	0.000000	0.006575	78.022396	3.8
419	17896.332322	0.223787	0.006505	110.500507	3.8
420	16781.919712	0.158939	0.006525	73.536229	4.1
421	16115.346839	0.134984	0.006533	101.289744	4.1
422	17048.083712	0.016695	0.006569	87.538318	3.8
423	17940.463393	0.709730	0.006360	118.906451	3.8
424	15838.737319	0.722811	0.006356	83.552054	4.2
425	15651.200753	0.580074	0.006398	59.940238	4.1
426	17398.354309	0.464621	0.006432	76.742785	4.7
427	15811.133012	0.324420	0.006475	76.784900	3.8
428	15343.992427	0.176371	0.006520	102.656199	3.8
429	16624.529746	0.165104	0.006523	95.264395	5.4
430	17683.634606	0.101130	0.006543	91.010826	3.8
431	15944.796982	0.631009	0.006383	72.581022	4.0
432	15980.584898	0.564631	0.006402	83.095633	3.8
433	16490.632732	0.657012	0.006375	100.642345	3.7
434	15065.017711	0.501983	0.006421	123.862950	3.7
435	16287.999513	0.346865	0.006468	79.729296	4.0
436	16514.090687	1.242280	0.006207	90.645275	3.8
437	16172.880131	1.087932	0.006251	80.617702	3.8
438	15793.137290	0.932923	0.006295	90.276483	3.8
439	16523.778030	0.778396	0.006340	127.950890	3.8
440	17386.808577	1.775056	0.006062	85.474519	3.7
441	16464.569195	2.651863	0.005837	79.310634	4.0
442	15234.507894	2.777090	0.005807	77.720508	5.8
443	16130.180858	2.803320	0.005800	68.593273	4.0
444	16587.997306	2.660007	0.005835	91.111713	3.8
445	16555.966178	2.516748	0.005871	96.235148	4.2
446	15635.697334	2.443621	0.005889	114.228963	4.2
447	16220.163294	2.705431	0.005824	92.080951	3.9
448	15969.559467	2.550464	0.005863	96.004660	4.2
449	17844.326451	2.398523	0.005901	76.862246	4.0
450	15972.750739	2.431264	0.005892	78.433799	3.8
451	15307.009295	2.280880	0.005930	80.445172	3.8
452	15293.840631	2.125968	0.005970	82.663630	4.1
453	16104.879325	2.035652	0.005994	118.788216	3.8
454	16727.427716	1.880647	0.006034	67.418253	5.6
455	15854.514811	2.247541	0.005939	87.230878	4.0
456	16044.987500	2.214358	0.005947	95.198714	3.8
457	16159.752507	2.727693	0.005819	101.194497	3.7
458	16648.860379	2.675227	0.005832	132.775409	4.0
459	17112.313905	3.674158	0.005596	92.985913	4.1
460	15526.079629	4.587652	0.005396	80.391935	3.9
461	15435.249715	4.458120	0.005423	87.030472	4.1
462	16055.170201	4.424802	0.005430	84.312120	4.2
463	15654.885321	4.703235	0.005372	99.228573	4.5
464	15875.179484	5.032138	0.005304	66.124759	3.8
465	16816.854492	4.906367	0.005329	87.560213	4.2
466	16515.212122	4.763020	0.005359	78.174984	5.1
467	15914.100428	4.608721	0.005391	86.805322	4.1
468	14403.965793	4.536502	0.005407	77.340222	3.8
469	14874.243115	4.604930	0.005392	73.661735	4.5
470	15194.499393	4.451140	0.005425	88.050644	3.8
471	15079.193873	4.333293	0.005450	90.296438	4.2
472	15935.677636	4.185280	0.005482	71.091393	4.0
473	16048.537914	4.146840	0.005490	100.996033	3.8
474	16091.088974	4.622236	0.005389	98.839093	3.9
475	16898.448777	4.470695	0.005421	79.115498	4.0
476	15273.023367	4.315626	0.005454	81.091945	3.8
477	17086.492696	4.592924	0.005395	91.985432	4.1
478	17092.170486	4.440442	0.005427	74.485166	4.4
479	16511.522466	4.294209	0.005458	105.095215	6.0
480	17151.712559	4.142206	0.005491	89.207286	4.4
481	14540.491614	5.126185	0.005285	73.083106	3.8
482	16957.549060	4.983976	0.005314	84.850191	4.1
483	15505.926811	4.842479	0.005343	77.447634	4.0
484	14864.337068	4.977182	0.005315	95.396219	3.7
485	15782.059397	4.833355	0.005344	67.276009	3.8
486	15870.635302	4.702280	0.005372	85.976402	3.8
487	16912.952111	4.823218	0.005347	94.041053	4.1
488	16246.724845	4.768373	0.005358	70.693241	3.8
489	16513.904395	4.615729	0.005390	89.815161	4.1
490	16568.302887	4.844295	0.005342	68.198757	3.8
491	15412.601636	4.721120	0.005368	78.135524	6.4
492	15309.658416	4.604145	0.005392	73.949962	3.8
493	14226.370919	4.714387	0.005369	70.534577	4.1
494	14779.315084	4.580300	0.005397	117.032287	3.8
495	15725.004454	4.438523	0.005427	87.137635	4.1
496	16114.961695	5.420673	0.005226	82.387065	3.8
497	15813.294020	5.292917	0.005251	70.841386	4.1
498	14577.440018	5.145449	0.005281	105.898427	3.8
499	15348.133865	5.314210	0.005247	78.243754	4.0
500	16345.808973	5.164529	0.005277	69.341830	4.2
501	15091.728652	5.036793	0.005303	71.408063	3.9
502	14680.624187	4.988010	0.005313	71.981914	3.9
503	15395.129211	4.837574	0.005344	82.809341	4.3
504	15801.943260	4.684430	0.005375	98.316542	4.1
505	16608.267265	4.953594	0.005320	75.407101	4.4
506	16754.783710	4.815739	0.005348	70.532165	4.0
507	16111.953165	4.666031	0.005379	85.354094	3.8
508	16760.729071	4.514907	0.005411	82.541687	4.0
509	15061.214978	4.440985	0.005427	96.671776	3.8
510	16451.437538	4.387326	0.005438	89.843899	4.0
511	16236.861679	5.352977	0.005239	73.685513	3.8
512	16309.856356	5.238218	0.005262	70.395912	4.0
513	16274.553689	5.092991	0.005291	90.922150	3.7
514	16568.707630	4.958596	0.005319	99.595614	4.0
515	15515.316974	4.890762	0.005333	72.454877	3.7
516	15649.389581	4.792124	0.005353	74.992841	4.3
517	16429.080949	4.697140	0.005373	76.566879	3.9
518	15695.186129	4.735856	0.005365	101.338011	5.8
519	15789.348218	5.082692	0.005293	91.261181	3.7
520	15988.452567	5.884065	0.005136	66.610977	4.2
521	16787.487547	5.762205	0.005159	81.953676	3.8
522	15642.860531	5.652689	0.005180	73.456429	4.0
523	14517.124953	5.511595	0.005208	91.846338	3.7
524	15407.469305	5.442335	0.005221	85.369092	4.4
525	16143.766746	5.354480	0.005239	106.725203	3.8
526	15931.594784	5.235140	0.005263	93.487985	4.2
527	15538.294897	5.251747	0.005259	79.226613	3.9
528	15734.013066	5.692601	0.005172	81.271194	4.4
529	16515.657047	5.545196	0.005201	69.935813	4.2
530	15555.513569	5.421231	0.005226	129.182447	4.7
531	15902.609252	5.266357	0.005256	104.782776	4.3
532	16768.428732	5.851231	0.005142	78.887627	3.8
533	16082.205855	6.580181	0.005006	98.981959	4.4
534	14722.689308	6.965841	0.004937	84.519977	3.8
535	13870.116451	7.309009	0.004877	79.216795	4.1
536	15293.539994	7.172068	0.004901	68.618037	3.7
537	15752.188387	7.112226	0.004911	100.736170	4.4
538	15093.737051	6.974152	0.004935	74.437235	3.8
539	16251.466453	6.950463	0.004940	82.046135	4.2
540	16072.565646	6.830187	0.004961	80.317334	3.8
541	16760.567888	7.288957	0.004881	128.202153	4.4
542	14667.817786	8.053473	0.004752	97.878197	4.8
543	15299.630786	9.051847	0.004594	80.378161	3.8
544	16768.170677	8.896875	0.004618	70.710914	4.0
545	16009.831771	8.745931	0.004642	73.510123	3.8
546	15318.485618	8.606900	0.004663	80.296877	4.2
547	15868.602125	8.461043	0.004686	69.012754	3.8
548	15517.793725	8.616249	0.004662	91.055576	4.0
549	15553.954341	8.478013	0.004684	104.531103	3.7
550	15182.075599	9.433471	0.004537	71.785843	4.1
551	16720.865084	9.279393	0.004560	76.646223	3.7
552	15891.328852	9.129005	0.004583	92.289927	4.1
553	15193.420167	9.055125	0.004594	114.889048	4.1
554	15134.521125	8.900023	0.004618	78.750607	5.0
555	15693.946360	8.805160	0.004632	84.315281	4.8
556	15687.208730	8.802784	0.004633	80.657674	4.6
557	15686.249459	8.732692	0.004644	75.223260	4.1
558	15823.162756	8.627432	0.004660	72.594915	4.1
559	15427.717852	8.484027	0.004683	84.627729	4.4
560	15116.070338	8.821224	0.004630	109.663998	3.8
561	16449.871428	9.587493	0.004514	90.641933	4.4
562	15355.870900	9.525373	0.004523	107.754745	4.4
563	15296.150271	9.370809	0.004546	72.400504	4.5
564	15349.132304	9.554536	0.004519	80.613760	3.8
565	15524.116449	9.401366	0.004541	87.801423	4.7
566	15130.396844	9.276922	0.004560	71.282174	6.3
567	16178.178463	9.133510	0.004582	87.651561	3.8
568	15314.212289	9.008526	0.004601	65.151250	4.2
569	16244.338018	8.876900	0.004621	70.943600	3.8
570	16595.648684	8.776021	0.004637	78.328215	4.1
571	15413.136993	8.628891	0.004660	90.553202	3.7
572	15630.014741	8.492302	0.004681	87.345495	4.3
573	14635.434237	8.340763	0.004706	91.846953	3.8
574	15190.654730	9.015927	0.004600	72.693921	4.3
575	16712.110638	9.933367	0.004463	97.195864	3.9
576	15797.426669	10.224832	0.004422	80.025491	4.5
577	15467.447163	10.203847	0.004425	74.448461	5.3
578	15051.740828	10.154098	0.004432	89.349702	4.4
579	15711.559970	10.012976	0.004452	73.663822	4.5
580	14505.310510	9.909358	0.004467	84.396861	3.7
581	14275.490715	9.821323	0.004480	67.990048	4.1
582	16379.949588	9.671956	0.004501	84.806843	3.7
583	14986.498390	9.596993	0.004512	74.063776	4.1
584	15443.679922	9.452589	0.004534	92.715613	3.8
585	16110.938279	9.297931	0.004557	113.496248	3.9
586	15192.850374	9.564321	0.004517	77.581324	3.7
587	16142.376297	9.409252	0.004540	101.808336	4.2
588	16269.640951	9.254804	0.004563	83.807271	3.7
589	15670.633443	9.317264	0.004554	80.242196	4.6
590	14902.625156	9.186680	0.004574	82.593236	6.0
591	16110.764577	9.099202	0.004587	101.041096	3.7
592	15779.079134	8.946522	0.004610	71.769813	4.2
593	14837.204756	8.813844	0.004631	101.060401	3.7
594	16151.769597	8.722484	0.004645	96.466869	4.1
595	15385.635654	8.570955	0.004669	95.282312	3.7
596	15266.523095	9.427991	0.004537	70.618189	4.0
597	14674.619767	9.288115	0.004558	71.492657	3.7
598	14252.831684	9.143539	0.004580	102.054473	4.0
599	14762.104103	8.988573	0.004604	79.867005	3.8
600	15711.734859	9.856857	0.004474	82.357722	4.2
601	15247.992109	9.703132	0.004497	79.484746	3.9
602	15221.961300	9.551560	0.004519	85.351820	6.3
603	16663.779099	9.401221	0.004541	79.128035	3.8
604	14203.891975	9.605096	0.004511	86.225558	3.9
605	14710.862092	9.451960	0.004534	70.211476	3.7
606	14888.443069	9.410514	0.004540	84.132169	4.7
607	15134.136439	9.586830	0.004514	85.660006	3.9
608	16391.427343	9.437586	0.004536	79.526885	3.8
609	15008.915166	9.341382	0.004550	73.157725	3.7
610	15872.278714	9.345458	0.004550	93.449540	4.4
611	16067.773314	9.220513	0.004569	91.950244	3.7
612	15225.851202	9.227613	0.004568	67.646148	4.6
613	15991.338089	9.075795	0.004591	113.612351	4.6
614	15783.923857	8.935420	0.004612	84.893781	5.5
615	14733.858724	8.795657	0.004634	94.879817	4.5
616	15849.685525	8.648737	0.004657	71.222513	3.7
617	15630.764920	8.592620	0.004666	113.982679	4.1
618	16412.918745	8.537905	0.004674	62.968251	3.8
619	16069.720135	8.404212	0.004695	82.150227	4.0
620	15388.832307	8.257280	0.004719	82.954482	3.8
621	14238.525401	8.104464	0.004744	79.024629	4.4
622	15434.194306	7.954288	0.004768	68.216745	3.8
623	15527.343672	8.136769	0.004739	84.934285	4.4
624	14382.330305	8.286050	0.004714	93.640247	3.8
625	14802.923267	8.134382	0.004739	77.640509	4.8
626	16180.393791	8.146940	0.004737	79.866806	6.6
627	15280.421930	8.231278	0.004723	97.637330	3.8
628	13723.048789	8.189028	0.004730	64.648234	4.9
629	14860.618717	8.325459	0.004708	112.621612	4.2
630	15152.438747	8.476785	0.004684	85.679778	4.0
631	15074.597853	8.481905	0.004683	72.720473	3.8
632	15616.069154	8.385334	0.004698	92.113416	5.0
633	15536.000864	8.663864	0.004654	65.255970	5.1
634	15731.566093	8.559985	0.004671	81.387173	4.0
635	15475.749870	8.410967	0.004694	80.158572	5.5
636	15471.968746	8.257185	0.004719	70.055363	7.6
637	16001.475184	8.649745	0.004657	94.440220	4.6
638	16581.157503	8.799802	0.004633	92.801249	6.0
639	15960.841008	9.160956	0.004578	75.003352	4.9
640	13860.233991	9.471376	0.004531	97.338780	4.4
641	15675.180946	9.321923	0.004553	75.809782	3.9
642	16767.780638	10.196772	0.004426	99.483762	4.2
643	15938.400273	10.042279	0.004448	102.896538	4.8
644	15395.943049	11.034863	0.004310	77.111994	5.1
645	15401.395557	10.886838	0.004330	64.161936	4.4
646	14942.185214	10.748722	0.004349	66.468522	13.5
647	15020.031923	10.606634	0.004368	81.269096	4.6
648	14375.502579	10.454924	0.004389	110.647967	4.1
649	16744.365047	10.325111	0.004408	128.937979	4.7
650	14067.808947	11.324504	0.004271	125.750542	4.9
651	14855.228036	12.323291	0.004143	74.212118	3.8
652	16150.532938	12.244450	0.004153	91.801158	4.4
653	15034.740892	12.134756	0.004167	83.641053	3.8
654	14890.329358	12.083812	0.004173	76.915137	4.8
655	14274.746923	11.931772	0.004192	78.462771	3.8
656	15751.027083	12.080986	0.004174	96.653030	5.9
657	15223.900771	11.940523	0.004191	85.516784	3.9
658	14855.983131	12.424385	0.004131	61.553038	4.9
659	15140.357911	12.307977	0.004145	83.984397	4.9
660	14173.349530	12.167715	0.004163	77.320742	3.8
661	15362.054935	12.013248	0.004182	72.437021	4.5
662	15794.105794	11.861069	0.004202	85.096299	4.2
663	14064.796859	11.872147	0.004200	58.994808	4.6
664	15937.976062	11.934841	0.004192	100.718644	4.8
665	15844.545023	12.141192	0.004166	72.873888	4.7
666	14971.076212	11.987508	0.004185	84.622063	5.1
667	14630.905471	11.843701	0.004204	63.985579	5.4
668	14260.509017	11.724868	0.004219	89.251860	4.7
669	14228.228973	11.576628	0.004238	72.913501	4.6
670	15523.971307	11.745493	0.004216	81.543263	3.8
671	15889.706507	11.593473	0.004236	97.100314	4.1
672	14746.386668	11.438701	0.004256	89.458080	4.1
673	15103.634724	11.919060	0.004194	71.582621	3.9
674	15855.453468	11.804617	0.004209	77.779791	3.8
675	15767.247873	11.658612	0.004228	96.224970	4.0
676	15382.856619	11.905238	0.004196	82.526598	5.1
677	15942.728511	12.144863	0.004166	76.163812	4.6
678	15068.585366	12.001647	0.004184	70.745906	4.6
679	15644.170041	11.848248	0.004203	79.003982	5.8
680	14017.951449	12.004041	0.004183	100.166371	4.3
681	14008.221141	11.858494	0.004202	81.298122	3.8
682	15617.795739	12.718278	0.004095	86.041317	3.7
683	16093.758207	12.569344	0.004113	68.196840	3.8
684	15030.357597	12.423242	0.004131	60.613280	4.0
685	14894.346606	12.311519	0.004145	75.142567	3.8
686	14635.948330	12.166895	0.004163	85.888478	4.3
687	14140.508320	12.015431	0.004182	79.306680	4.2
688	15093.096036	11.870631	0.004200	60.388977	3.8
689	15726.671988	11.761271	0.004214	108.694488	4.2
690	15588.039813	11.701890	0.004222	73.730191	4.3
691	15018.147543	11.561537	0.004240	87.009548	5.8
692	14672.504790	11.418253	0.004259	75.075605	3.7
693	15422.242414	12.325060	0.004143	86.578547	4.1
694	14976.123907	13.142570	0.004044	80.879880	3.8
695	14735.067787	13.566705	0.003994	89.011243	4.4
696	15098.592462	13.416106	0.004012	55.656220	3.7
697	15584.289558	13.303344	0.004025	83.703333	5.0
698	13952.865884	13.160247	0.004042	76.570409	4.9
699	14205.155284	13.008943	0.004060	69.652182	4.4
700	13908.307195	12.958341	0.004066	69.221984	4.1
701	14748.382321	13.077646	0.004052	71.176114	3.8
702	14281.822082	12.978918	0.004063	61.929069	4.0
703	14360.868084	13.209805	0.004036	84.624094	5.3
704	14045.108928	13.237112	0.004033	98.140273	5.0
705	15033.800334	14.207925	0.003921	65.546086	4.6
706	14886.648358	14.059850	0.003938	77.968778	3.9
707	14540.924057	13.933680	0.003952	78.441627	4.7
708	14966.965261	14.673338	0.003870	75.614143	3.8
709	14961.624827	14.571977	0.003881	92.335302	4.3
710	14686.160609	14.417798	0.003898	82.241823	3.8
711	15119.261187	15.351927	0.003798	77.324686	4.1
712	14936.650672	15.720908	0.003760	65.668045	3.7
713	13983.879302	15.587496	0.003774	70.648657	4.2
714	14451.955895	15.920008	0.003740	57.600685	3.8
715	14429.273163	15.781250	0.003754	75.138454	5.5
716	15804.424041	15.651889	0.003767	87.039896	5.1
717	14836.357506	16.407768	0.003691	75.496848	3.9
718	14811.167334	16.253173	0.003706	73.758209	4.9
719	14941.980702	16.202118	0.003711	75.802102	3.8
720	16012.755651	16.088223	0.003723	76.805822	4.3
721	15469.391190	15.966295	0.003735	72.221874	3.8
722	14422.034174	15.903509	0.003741	72.362177	4.1
723	15191.914371	15.959916	0.003736	87.078475	3.7
724	14170.539059	15.949533	0.003737	76.277894	4.4
725	14867.601975	15.845055	0.003747	89.412321	3.9
726	14471.596388	15.697919	0.003762	65.028287	4.7
727	14994.628073	15.625592	0.003770	76.233344	5.1
728	15050.997623	15.537199	0.003779	70.107696	5.9
729	14795.755370	15.390882	0.003794	90.906680	4.4
730	15358.758950	15.263510	0.003807	80.413993	4.4
731	14422.453887	15.135416	0.003821	83.028208	3.8
732	14827.806959	15.558723	0.003777	97.691119	3.9
733	14394.106501	15.406367	0.003792	64.812468	4.3
734	14781.625204	15.362720	0.003797	65.174015	4.3
735	14414.331716	15.244087	0.003809	82.653037	3.7
736	14757.593497	15.354791	0.003798	74.466806	4.1
737	14611.644236	15.236446	0.003810	70.469626	4.2
738	15379.598693	15.095108	0.003825	108.959333	7.0
739	14200.711229	14.949256	0.003841	49.625944	4.6
740	15184.201176	14.804149	0.003856	91.756111	4.5
741	15059.794921	14.744972	0.003863	81.101680	4.2
742	14475.871251	14.641873	0.003874	82.049566	3.8
743	14819.613692	14.504281	0.003889	100.067090	4.0
744	15405.105776	14.818005	0.003855	72.053581	3.9
745	15151.389076	14.682488	0.003869	88.229253	4.1
746	14125.568390	14.791234	0.003858	86.323386	3.8
747	15919.275873	14.657054	0.003872	86.893738	4.1
748	15040.668846	14.511892	0.003888	71.311286	3.7
749	15268.431266	14.373277	0.003903	86.509066	5.3
750	15207.616355	14.461111	0.003893	99.574708	4.3
751	14683.727647	14.338194	0.003907	90.424470	4.7
752	14689.923416	14.449772	0.003895	71.496292	4.5
753	14187.871166	14.330898	0.003908	80.134919	3.7
754	15322.032149	14.249441	0.003917	62.128469	3.8
755	14333.886368	14.097478	0.003934	65.137721	4.2
756	15023.404531	13.957663	0.003950	75.899959	4.1
757	14740.648672	13.874484	0.003959	78.220117	3.7
758	15078.261972	13.731875	0.003975	81.574199	4.0
759	14197.576642	13.635525	0.003986	95.666101	3.7
760	14592.396492	13.918128	0.003954	114.311275	4.0
761	14867.342470	13.763008	0.003972	59.198583	4.9
762	14395.613412	14.014888	0.003943	62.796229	4.8
763	14567.411992	13.880335	0.003958	116.549482	3.9
764	14673.288098	13.738451	0.003974	66.363021	3.8
765	14997.748785	13.583796	0.003992	78.618978	3.7
766	15649.867271	13.541981	0.003997	116.318785	3.8
767	15625.699441	14.275974	0.003914	83.536941	3.8
768	14451.009117	15.118630	0.003823	86.265023	4.0
769	14889.737155	16.044719	0.003727	111.777714	3.8
770	15233.500997	15.889794	0.003743	78.279513	3.8
771	15159.089289	16.532703	0.003679	79.412762	3.7
772	15022.636078	16.514892	0.003680	71.253907	4.0
773	14509.165665	16.395732	0.003692	82.043201	3.8
774	14772.972862	16.242946	0.003707	74.495776	6.3
775	14678.978033	16.161802	0.003715	69.795262	4.1
776	15081.525239	16.090281	0.003722	89.320727	3.7
777	15070.244528	16.277568	0.003704	67.238161	4.1
778	14001.498954	16.495531	0.003682	79.322433	3.8
779	14263.866319	16.548084	0.003677	69.698188	4.3
780	14881.595932	16.965491	0.003637	64.829851	3.8
781	14805.653053	16.888009	0.003644	80.981604	4.1
782	14283.523736	16.738196	0.003659	81.685244	3.7
783	14859.954459	16.593091	0.003673	73.677547	3.7
784	13616.946756	16.438569	0.003688	72.447952	4.1
785	15057.429059	16.347506	0.003697	82.769923	4.1
786	14938.351497	16.198186	0.003712	94.297162	6.2
787	15382.723407	16.058431	0.003726	78.497306	4.3
788	14981.644324	16.761475	0.003656	98.517206	4.3
789	14853.292161	16.617589	0.003670	88.167223	3.7
790	14609.027506	17.240158	0.003611	79.958293	3.7
791	14258.431214	17.881345	0.003551	77.530123	4.2
792	15674.061892	17.784037	0.003560	84.380118	4.5
793	14874.578237	17.878997	0.003551	67.730536	3.7
794	13758.486788	18.399193	0.003504	86.081485	3.8
795	15113.966587	18.937858	0.003457	83.070549	4.2
796	14971.388442	18.788591	0.003470	62.122112	4.1
797	15082.937328	18.679144	0.003480	75.210251	3.8
798	14747.817102	18.531034	0.003493	79.480339	6.3
799	14104.136671	19.252885	0.003430	61.283241	3.9
800	14797.224366	19.099848	0.003443	83.850079	3.8
801	14510.850259	18.967210	0.003454	73.021506	3.9
802	13743.429433	19.301998	0.003426	62.827554	3.9
803	14492.074217	19.591601	0.003401	74.059944	3.7
804	14472.880421	19.539363	0.003406	79.108321	4.2
805	15863.718822	19.392792	0.003418	101.122184	3.8
806	14197.031762	19.655428	0.003396	61.260692	3.8
807	15296.787363	19.779750	0.003386	86.076452	3.8
808	16180.912306	19.665343	0.003395	89.481751	3.8
809	13806.434426	19.513113	0.003408	61.215572	3.7
810	15495.222616	20.178781	0.003353	66.536367	6.6
811	14224.035499	20.220381	0.003349	78.133578	4.3
812	15136.357862	20.259312	0.003346	84.291606	3.8
813	14577.565522	20.106935	0.003359	98.310203	3.8
814	15714.798712	21.063087	0.003282	62.724933	3.8
815	14480.131333	20.942038	0.003292	62.581272	4.3
816	15260.836726	20.851989	0.003299	82.117862	3.7
817	14366.415048	20.728179	0.003309	69.874904	4.1
818	14867.174158	20.577388	0.003321	103.187842	3.8
819	14530.878028	20.425558	0.003333	75.330992	3.8
820	14951.882113	20.277919	0.003345	96.886734	3.8
821	14602.398472	20.128948	0.003357	94.172721	4.1
822	15241.211622	19.985679	0.003369	91.767075	5.7
823	16001.882403	20.397615	0.003335	64.476727	4.5
824	14478.832785	20.467926	0.003329	71.004840	4.2
825	15250.642995	20.360156	0.003338	86.554787	3.7
826	14809.399088	20.554157	0.003323	83.640361	3.8
827	15258.425556	20.467579	0.003329	60.249521	4.1
828	14640.726488	20.637723	0.003316	90.356305	4.2
829	14402.838459	20.497351	0.003327	60.902338	3.9
830	14951.298837	20.409380	0.003334	87.874992	4.3
831	13762.485010	20.365400	0.003338	70.198860	4.4
832	14325.770844	20.420803	0.003333	66.953270	4.6
833	14801.693043	20.662728	0.003314	86.854885	3.7
834	15245.662727	20.550407	0.003323	76.617422	6.7
835	14509.320061	21.376882	0.003258	88.991781	4.5
836	14267.665655	21.243390	0.003268	80.572328	3.7
837	15013.485387	21.346226	0.003260	85.409425	4.7
838	15426.521424	21.219390	0.003270	88.908877	3.8
839	15154.805097	21.068790	0.003282	103.598718	4.5
840	15159.258127	22.062615	0.003206	80.342933	3.8
841	15452.446211	22.007016	0.003210	72.134848	4.2
842	13236.294642	21.977759	0.003213	64.062459	4.0
843	14364.787857	21.828985	0.003224	68.950519	3.8
844	15463.762404	21.736530	0.003231	70.738989	4.2
845	14426.012746	21.617551	0.003240	83.054335	4.8
846	15153.735976	21.704186	0.003233	69.564637	4.8
847	14297.029298	21.580959	0.003242	67.054133	3.7
848	14379.562022	21.457064	0.003252	87.005846	4.2
849	13703.498259	21.330549	0.003262	55.897210	3.7
850	14601.364075	21.418081	0.003255	85.004501	4.0
851	14525.306822	21.310605	0.003263	63.106676	3.8
852	15357.592231	21.353480	0.003260	66.682740	4.0
853	14555.912740	21.343432	0.003261	70.084504	3.8
854	14334.064194	21.298326	0.003264	100.046558	4.1
855	14265.769084	21.343047	0.003261	53.301346	3.8
856	13973.707899	21.311476	0.003263	83.229143	3.8
857	14811.622097	21.161756	0.003275	118.054437	3.8
858	13530.043510	21.006664	0.003287	57.953603	6.1
859	15189.995737	21.001482	0.003287	92.131224	4.2
860	14814.438088	21.281380	0.003265	84.700206	3.8
861	14674.511590	21.129313	0.003277	75.058907	4.1
862	15974.648972	21.146014	0.003276	90.376971	3.7
863	14228.797818	20.992134	0.003288	76.278970	4.1
864	16344.576930	20.844339	0.003300	85.082501	3.8
865	15027.829930	20.691108	0.003312	91.001643	4.0
866	13906.014752	20.889621	0.003296	71.088269	3.8
867	14440.119175	21.059225	0.003283	66.214560	4.2
868	14592.780214	20.911809	0.003294	78.776867	3.8
869	14072.587382	20.790673	0.003304	80.741423	4.3
870	15352.706493	21.454381	0.003252	66.255933	6.3
871	14551.250284	21.308293	0.003263	91.062508	3.8
872	14064.615515	21.153892	0.003275	76.192999	4.1
873	14207.573688	21.114568	0.003278	75.751481	3.7
874	13677.583104	21.100774	0.003279	60.003683	4.1
875	13817.446831	20.986237	0.003288	57.681871	3.8
876	14110.926500	21.052143	0.003283	81.456154	4.0
877	14258.086925	20.914936	0.003294	77.808376	3.7
878	14078.200368	20.776614	0.003305	82.983264	3.9
879	14863.971314	21.423883	0.003254	89.798348	3.7
880	15664.488901	21.350995	0.003260	91.401357	4.0
881	14437.599484	21.206117	0.003271	91.526206	3.8
882	14968.046953	21.108115	0.003279	82.886672	6.4
883	14855.683102	21.865134	0.003221	85.937847	3.8
884	14834.404400	21.723431	0.003232	79.940710	4.1
885	14717.688313	21.568844	0.003243	91.926604	3.8
886	14763.810746	21.775209	0.003228	77.086563	4.0
887	15448.822663	21.710425	0.003233	109.360968	3.7
888	13449.146084	22.646969	0.003163	60.201148	4.0
889	15295.108271	22.514912	0.003173	75.245597	3.8
890	14465.546266	22.427267	0.003179	76.239830	4.0
891	14348.296082	22.490080	0.003175	62.618622	3.8
892	14074.276604	22.610834	0.003166	86.494295	4.1
893	14031.087166	22.469386	0.003176	78.549844	3.8
894	14225.538860	22.314954	0.003187	96.590981	6.1
895	13857.375903	22.699333	0.003159	61.931363	4.5
896	14763.819655	22.744519	0.003156	84.291723	3.8
897	14893.431601	22.703752	0.003159	94.608660	4.0
898	15183.312661	23.617148	0.003094	88.445560	3.8
899	14379.452849	23.592797	0.003096	86.718858	4.5
900	13926.231171	24.556306	0.003031	73.271849	3.8
901	13896.657092	25.356993	0.002978	56.922807	4.2
902	14600.645107	25.211584	0.002988	107.461754	3.8
903	14263.582252	25.271745	0.002984	103.744025	4.2
904	14466.539159	25.117003	0.002994	80.490322	3.7
905	15194.596536	25.394020	0.002976	81.532713	4.3
906	14454.687156	25.475201	0.002971	63.922120	6.3
907	14029.454902	25.803083	0.002950	71.516973	3.7
908	14601.185651	25.920687	0.002943	79.640015	4.1
909	14544.451675	26.537736	0.002904	61.598068	3.7
910	15102.926535	26.741437	0.002892	82.758632	4.1
911	14133.732350	26.827174	0.002887	84.361848	3.7
912	14983.766237	26.950498	0.002879	69.439269	4.2
913	15003.844788	26.878602	0.002884	84.502919	3.7
914	13877.594691	26.819601	0.002887	73.463761	4.2
915	14129.882720	26.676916	0.002896	81.275890	3.7
916	14545.733317	26.813013	0.002888	99.049800	4.2
917	13996.338731	26.687673	0.002895	73.458726	3.8
918	14408.787998	26.532801	0.002905	73.731128	6.4
919	14833.909565	27.424857	0.002851	54.566838	4.5
920	13989.555257	27.448462	0.002850	64.106984	4.1
921	14682.704353	27.341849	0.002856	63.339062	3.8
922	14276.189509	27.282181	0.002860	76.519252	4.0
923	14092.373434	27.400103	0.002853	72.047577	3.8
924	14294.737200	27.463175	0.002849	52.773492	4.2
925	14509.810422	27.354066	0.002855	69.277929	3.8
926	14937.745469	27.219577	0.002863	91.066241	4.1
927	14653.798656	27.076565	0.002872	93.027978	4.1
928	14133.451239	26.922566	0.002881	85.238711	3.8
929	13813.789651	27.310168	0.002858	83.764016	4.0
930	14587.094440	27.698290	0.002835	66.175147	6.0
931	13818.959132	27.566393	0.002843	59.792058	3.9
932	14156.526307	27.423031	0.002851	91.630478	3.7
933	15114.634192	27.437922	0.002850	87.146207	4.1
934	13869.565533	27.289478	0.002859	89.887184	3.8
935	15284.858180	27.156562	0.002867	74.071515	4.0
936	13530.327566	27.582054	0.002842	72.168188	3.8
937	14485.902777	27.441909	0.002850	66.130073	3.8
938	13828.043330	27.326788	0.002857	74.894025	3.8
939	14874.928734	27.275328	0.002860	66.201837	4.1
940	14277.672125	27.142194	0.002868	86.748292	3.8
941	15374.795513	27.017649	0.002875	114.206504	4.1
942	13955.603269	27.764435	0.002831	64.836085	6.5
943	14198.024888	27.610643	0.002840	82.006702	3.8
944	14169.465541	27.503127	0.002847	78.158260	3.8
945	15097.546452	27.351898	0.002855	71.956009	4.1
946	13634.934056	27.243574	0.002862	70.767716	4.2
947	14069.534619	27.126097	0.002869	63.834016	3.7
948	15295.279357	27.153202	0.002867	113.015971	4.3
949	13563.562704	27.628322	0.002839	97.684786	3.8
950	14429.996639	28.472252	0.002791	74.282688	4.2
951	15584.064510	29.174649	0.002752	81.966701	3.8
952	15548.937043	29.028073	0.002760	81.224848	4.3
953	14084.590666	28.890643	0.002767	88.227150	3.8
954	14527.531987	29.324885	0.002743	67.238634	6.1
955	13881.877970	30.036740	0.002705	94.665386	4.6
956	14319.019426	30.531578	0.002679	83.867545	3.8
957	13435.724977	30.465129	0.002683	79.262091	4.2
958	15468.620129	30.820857	0.002664	83.578262	3.7
959	13208.997354	31.265260	0.002642	111.272384	4.1
960	13688.396062	31.110152	0.002650	66.433090	3.8
961	14467.851724	30.957352	0.002657	67.150744	4.2
962	14360.087060	31.206851	0.002645	82.018811	3.7
963	14915.834453	31.146706	0.002648	59.864988	4.1
964	13678.166454	31.059690	0.002652	70.189793	3.8
965	14455.360532	30.968895	0.002657	71.464916	4.2
966	15243.861338	30.957939	0.002657	108.747658	5.5
967	14082.126324	30.805130	0.002665	78.441914	3.9
968	14188.645481	30.653802	0.002673	67.545056	4.2
969	14384.630530	30.502749	0.002681	80.055066	3.7
970	14029.409358	30.410731	0.002686	91.196140	4.0
971	13856.478829	30.402671	0.002686	66.405946	3.8
972	14421.377516	30.792503	0.002666	93.157551	3.8
973	13758.578325	30.660605	0.002673	53.746803	4.3
974	15379.353369	30.564190	0.002678	63.962640	3.8
975	14088.782353	30.537849	0.002679	85.260845	4.3
976	14425.130430	31.085900	0.002651	82.099186	3.7
977	13310.025262	30.949576	0.002658	73.069504	4.3
978	14047.252301	30.804145	0.002665	73.040745	4.9
979	15978.302109	30.774615	0.002667	102.087597	4.5
980	14332.474059	30.621037	0.002675	79.195556	4.5
981	14025.605929	31.520444	0.002629	87.557671	3.7
982	14558.202458	31.372411	0.002636	92.021876	4.2
983	14601.162200	31.730732	0.002618	98.031483	3.8
984	14651.431551	32.707006	0.002571	70.969348	3.8
985	13363.292275	32.564934	0.002578	53.992085	4.3
986	13931.059627	32.502787	0.002581	71.253582	6.1
987	14086.092336	32.386095	0.002586	76.561589	3.8
988	13299.688429	32.347234	0.002588	78.055495	5.1
989	14536.365608	32.221700	0.002594	66.967143	6.6
990	15248.274306	32.228144	0.002594	74.677190	4.1
991	14630.348302	32.084507	0.002601	93.582287	5.1
992	14748.976030	31.939273	0.002608	108.825795	5.7
993	13905.492440	32.933741	0.002560	68.455496	4.1
994	14345.284427	33.820794	0.002519	75.817249	5.5
995	14200.342625	33.725679	0.002523	81.843193	6.1
996	14192.464056	33.666543	0.002526	74.346539	4.9
997	13122.767095	33.572668	0.002530	79.960784	3.8
998	13857.579911	33.418626	0.002537	90.339638	3.8
999	13272.134419	33.271624	0.002544	83.257563	6.3
