1:ItNr	2:Metric	3a:Time	3b:StepSize	4:||Gradient||	Time[ms]
0	29250.762512	0.000000	0.003862	2704.988547	45447.9
1	32664.761717	0.000000	0.003862	4018.401921	5.9
2	28746.510038	0.000000	0.003862	2055.054501	6.0
3	29573.545812	0.144188	0.003835	1630.686209	6.0
4	32774.695438	0.000000	0.003862	2626.915442	6.1
5	29120.946031	0.000000	0.003862	2244.201979	6.1
6	32704.908197	0.914891	0.003700	3015.936572	6.1
7	35661.964219	1.095136	0.003670	4668.295142	9.8
8	33467.479067	2.095136	0.003511	3975.128869	8.8
9	28657.357122	3.062801	0.003370	1511.079289	12.6
10	32202.809691	4.062582	0.003236	3143.638617	6.5
11	36170.190475	4.041975	0.003238	1131.230628	9.2
12	31303.973695	5.023317	0.003116	2207.518737	8.8
13	30184.401433	4.252769	0.003211	4746.186826	8.9
14	35651.064255	4.134022	0.003227	5301.266579	9.9
15	41617.953964	3.174569	0.003355	5274.993336	6.4
16	30240.117714	4.174569	0.003221	2403.702740	6.3
17	36062.491792	4.887941	0.003133	2500.901868	6.8
18	35239.237381	5.004562	0.003119	5336.283671	7.5
19	31334.026908	4.712252	0.003154	2472.229571	12.5
20	31851.411665	4.934803	0.003127	3454.644355	7.3
21	33635.745442	3.975353	0.003247	3183.572151	12.5
22	29146.542510	3.665412	0.003288	3555.654062	13.3
23	39313.398326	4.359211	0.003198	4204.546941	12.7
24	29390.025409	4.806927	0.003142	3953.332349	9.3
25	30788.464643	4.345060	0.003200	3249.753421	13.1
26	38088.130192	5.345060	0.003078	3823.940319	11.2
27	41970.577087	6.344516	0.002966	6068.653517	6.2
28	42521.617492	5.387335	0.003073	4829.229060	9.9
29	42029.712346	4.633063	0.003164	4854.167313	6.2
30	46289.399333	3.862081	0.003262	1491.695685	9.4
31	31572.289063	4.056420	0.003237	2743.170041	10.5
32	33466.434171	4.497025	0.003181	3345.346503	10.2
33	39014.313894	5.137249	0.003103	2759.398767	10.9
34	44802.489228	4.720123	0.003153	3998.593875	9.6
35	42304.637990	5.720123	0.003035	5750.252128	9.3
36	37430.431391	4.963505	0.003123	3001.626419	12.7
37	49324.294319	5.963503	0.003008	6925.553753	6.0
38	39203.639043	5.899992	0.003015	4569.459861	10.0
39	32898.005521	6.312485	0.002969	3106.860822	10.3
40	34329.666710	5.977078	0.003006	3511.445709	9.6
41	39404.593363	6.609351	0.002937	1255.397913	13.2
42	32655.600581	6.610269	0.002937	3475.107902	7.5
43	26658.447478	6.781672	0.002919	2180.272536	11.5
44	26856.281744	6.484349	0.002951	1876.712406	9.5
45	41521.657966	6.242610	0.002977	4957.773233	9.6
46	31606.851119	5.283254	0.003085	5566.555878	13.7
47	49337.294184	5.640560	0.003044	4069.041452	7.9
48	40341.634007	5.602543	0.003048	4773.739344	9.5
49	39222.279746	6.602543	0.002938	1238.907597	9.9
50	35006.667579	6.031276	0.003000	3014.368206	6.6
51	40629.004704	6.978519	0.002899	3551.548109	6.5
52	38748.391699	7.974415	0.002799	3595.492276	10.8
53	32373.906206	7.015033	0.002895	3988.402225	11.3
54	41708.375657	6.055587	0.002997	3599.593233	17.3
55	32785.784686	5.100652	0.003107	1728.563048	9.2
56	40403.012167	4.141199	0.003226	1996.417623	11.7
57	36858.021049	4.075479	0.003234	1292.931477	9.1
58	38890.720786	3.732775	0.003279	5095.055163	6.6
59	42326.351449	2.844941	0.003401	4675.482659	14.0
60	39357.325028	1.885511	0.003544	4443.275946	8.8
61	27903.945573	0.927982	0.003698	1535.744917	10.2
62	47857.063930	0.000000	0.003862	7890.117678	13.0
63	50018.228176	0.000000	0.003862	3036.130943	6.1
64	36717.286794	0.995499	0.003687	5101.304148	12.2
65	35350.652477	1.995498	0.003527	3887.052867	9.4
66	33971.197612	1.295931	0.003637	3671.287619	6.7
67	40094.786363	1.129469	0.003665	4476.194098	12.8
68	31414.226806	1.192816	0.003654	3585.584543	6.2
69	33340.392334	2.192816	0.003497	3402.195429	11.4
70	47726.395603	1.784900	0.003559	4199.049329	9.8
71	45475.316009	1.216750	0.003650	3253.493113	9.1
72	33012.123276	1.964633	0.003531	2155.469739	12.9
73	41471.257352	1.320754	0.003633	5222.959775	6.0
74	36391.123296	0.393788	0.003791	5276.189313	11.3
75	39523.314217	0.000000	0.003862	5796.716214	9.4
76	31348.783677	0.225677	0.003821	2886.882292	7.1
77	49740.876275	0.000000	0.003862	4966.334243	6.2
78	38992.494705	1.000000	0.003686	5092.990148	9.2
79	47003.148508	1.981929	0.003529	2900.794853	9.6
80	45753.905798	2.504912	0.003450	8862.239795	12.9
81	46048.682492	3.504795	0.003309	4516.911448	13.1
82	48340.540188	4.504795	0.003180	6737.405121	10.2
83	45347.860354	5.504795	0.003060	1199.113181	7.0
84	41903.165576	4.771671	0.003147	3167.816318	12.3
85	44178.136409	4.261836	0.003210	3783.081918	7.8
86	44811.844053	3.418020	0.003321	5669.675910	10.2
87	43321.448884	4.400387	0.003193	5125.043386	6.2
88	49633.497840	5.365890	0.003076	3853.585839	9.3
89	47360.788650	5.362673	0.003076	4609.486439	10.0
90	41579.397019	4.408092	0.003192	5378.585718	12.0
91	64352.035398	5.408092	0.003071	6782.321288	13.3
92	49985.172279	6.404553	0.002959	2797.501930	9.4
93	56116.678216	6.488369	0.002950	3990.976769	13.3
94	55514.881134	5.996515	0.003004	5633.821805	6.4
95	41462.162876	5.039490	0.003114	2490.965288	6.3
96	34149.529929	5.185536	0.003097	4047.226057	13.5
97	51381.637750	4.839112	0.003138	5388.792250	8.7
98	47419.733885	3.879659	0.003260	3668.274093	9.7
99	52244.653865	4.691931	0.003156	5922.161333	13.1
100	47869.087796	5.158096	0.003100	3867.933300	12.4
101	41338.608456	4.198643	0.003218	4204.102138	8.9
102	48867.635465	3.338187	0.003332	2395.275465	9.9
103	47423.735343	2.533766	0.003446	5202.094718	10.0
104	54320.741034	2.394412	0.003466	5740.658285	11.9
105	50576.976336	2.405692	0.003465	2945.090968	13.0
106	39433.173962	3.372306	0.003327	5339.063056	9.4
107	39584.690215	3.536242	0.003305	5485.428834	10.2
108	42321.357369	3.705363	0.003283	3405.699002	11.6
109	37831.293536	4.280041	0.003208	3064.117978	7.3
110	42236.680103	3.572405	0.003300	3057.107038	11.0
111	45954.255288	3.639311	0.003291	6000.060376	8.7
112	41584.821281	4.053378	0.003237	3502.006638	9.2
113	50765.965728	4.973078	0.003122	4537.948478	12.8
114	44695.529921	5.924141	0.003012	5127.867015	9.3
115	50163.046184	5.505823	0.003060	4955.409549	8.2
116	45582.026710	5.131578	0.003103	3985.018752	9.6
117	39266.536139	5.804369	0.003025	4628.666406	9.5
118	46839.784559	6.798389	0.002917	3272.798382	12.3
119	39098.642956	5.845519	0.003021	4612.199973	10.4
120	37473.994682	6.845519	0.002912	4682.412534	6.4
121	50218.413439	7.845275	0.002811	3533.944450	8.0
122	41186.969935	7.338216	0.002862	2871.196718	9.0
123	48346.051442	7.188641	0.002877	8088.849085	10.2
124	44762.012973	6.828112	0.002914	3551.593196	13.1
125	51623.148772	5.871514	0.003018	6767.281338	8.5
126	56970.075132	6.807577	0.002916	9072.107595	9.8
127	43218.322801	6.112037	0.002991	6103.446773	6.9
128	60355.044475	5.152584	0.003101	5594.901089	8.5
129	51621.054973	4.332475	0.003201	4869.072188	9.6
130	56241.169872	3.651238	0.003290	5889.782263	12.6
131	34528.387717	4.619181	0.003165	3727.909440	13.2
132	56610.517746	5.600453	0.003049	2831.537068	9.0
133	59797.057928	4.655189	0.003161	7256.639840	9.4
134	43362.248226	3.725544	0.003280	5943.338242	12.2
135	50292.881123	4.725544	0.003152	4743.799068	7.2
136	37985.610382	5.047192	0.003113	5308.589037	13.4
137	41406.976362	4.088625	0.003232	4577.093099	6.4
138	34665.308534	3.221585	0.003348	2569.352991	6.3
139	45191.780813	2.687262	0.003424	4887.161065	9.2
140	40176.132402	3.601411	0.003296	4869.076173	9.2
141	37679.890992	2.937457	0.003388	3970.487428	12.2
142	39803.423289	1.978004	0.003529	2884.563463	10.4
143	51052.707734	2.527209	0.003447	3082.842405	10.3
144	41290.346926	1.568525	0.003593	6585.706518	9.2
145	49732.900723	2.563420	0.003442	4689.716122	6.9
146	61822.130710	1.604204	0.003588	6322.836163	11.9
147	38982.171849	2.601781	0.003436	2807.786511	8.4
148	38617.258734	1.792658	0.003558	4884.552741	11.0
149	46097.531181	1.509127	0.003603	4412.870204	9.2
150	53142.262441	1.066435	0.003675	2216.961848	13.2
151	39226.450668	2.066435	0.003516	5927.315307	11.3
152	40970.194675	3.066435	0.003370	6217.935769	9.8
153	47555.890414	4.066435	0.003235	3800.867640	9.6
154	51392.107546	5.059148	0.003112	6398.788768	9.5
155	32307.268636	4.749132	0.003149	3343.635738	12.3
156	48466.272045	4.267867	0.003209	5344.875515	9.0
157	45137.823968	3.730586	0.003279	4052.562945	10.2
158	46666.481602	2.773420	0.003411	6082.632734	6.4
159	54290.352232	3.773419	0.003274	4986.604474	6.3
160	41275.205046	4.771365	0.003147	4961.734527	9.3
161	48864.753925	5.770846	0.003029	4957.291838	10.7
162	47789.999855	6.769993	0.002920	2156.836502	9.4
163	44824.308520	6.794069	0.002918	1810.577456	11.6
164	45399.391915	6.684540	0.002929	5957.760025	6.6
165	53378.268517	7.684540	0.002827	4588.213047	8.8
166	30121.504358	8.149636	0.002782	2182.439494	8.1
167	30181.965069	9.149636	0.002690	2953.675705	11.6
168	46129.568945	10.149636	0.002603	6677.393737	11.7
169	36645.767716	9.652131	0.002646	1946.941071	6.9
170	47832.906401	10.304020	0.002591	3344.186041	8.8
171	39680.696048	11.304020	0.002510	3529.537545	10.6
172	38545.288091	10.344567	0.002587	3617.570142	9.6
173	44111.369751	9.385340	0.002669	5472.248440	6.9
174	44226.664894	9.307039	0.002676	3808.379526	12.4
175	42695.709644	8.349591	0.002763	3422.462220	8.4
176	45813.466464	8.613821	0.002738	4626.669406	9.5
177	36622.044604	9.613821	0.002649	1438.249069	11.7
178	54566.698731	8.654370	0.002735	3465.052552	6.6
179	61976.268215	8.704845	0.002730	3184.688082	11.9
180	53612.252907	7.895986	0.002806	6017.419923	7.6
181	47129.660046	6.936533	0.002903	2819.334933	9.4
182	32604.371230	5.977152	0.003006	4723.608655	12.6
183	52106.311810	5.139157	0.003102	4629.845066	6.2
184	41171.387958	5.119562	0.003105	4587.997027	10.8
185	34152.676167	4.287696	0.003207	3602.151944	7.1
186	38100.537574	3.333401	0.003333	1437.305169	9.3
187	53218.013116	3.544549	0.003304	6141.507967	12.6
188	44768.626091	3.844887	0.003264	4267.763865	6.4
189	39360.123404	4.844887	0.003138	2945.137776	10.7
190	48827.412730	5.318265	0.003081	3490.437745	9.6
191	40801.538611	4.826725	0.003140	3083.548896	9.6
192	30600.393163	3.867272	0.003261	4386.703411	12.6
193	54983.790678	4.192550	0.003219	3313.185919	6.4
194	36245.577227	4.873519	0.003134	2362.758697	10.9
195	40310.028258	5.693796	0.003038	4020.498648	8.4
196	52739.850980	6.693794	0.002928	6800.175438	9.3
197	47243.852010	5.734341	0.003033	2131.964773	12.6
198	39498.612774	4.774888	0.003146	3771.518476	6.5
199	43847.889313	4.916443	0.003129	3659.803709	11.4
200	45381.777529	5.057493	0.003112	4177.899248	6.1
201	53061.063893	4.946530	0.003126	5479.117763	9.7
202	51295.746408	3.987077	0.003246	6639.885739	9.5
203	44812.064490	4.985764	0.003121	3684.307900	12.0
204	52810.711032	5.971079	0.003007	3789.900470	9.7
205	63645.833530	5.529287	0.003057	6888.213306	7.0
206	51707.845703	6.126718	0.002990	7670.620319	8.7
207	35873.782495	7.126718	0.002883	3000.387929	7.4
208	49510.782144	6.167265	0.002985	7292.561994	7.0
209	38780.277024	5.817021	0.003024	3206.869291	9.2
210	44356.880249	6.817021	0.002915	3935.471691	12.7
211	52020.116347	7.817019	0.002814	8947.659049	6.3
212	58665.169836	7.505150	0.002845	6859.584164	12.7
213	47702.108984	8.505150	0.002749	4630.844445	9.1
214	41702.380291	7.545697	0.002841	2705.559452	10.4
215	55611.666356	8.512925	0.002748	4143.421010	9.8
216	47968.626219	8.197758	0.002777	1737.899754	6.1
217	49654.550835	7.731420	0.002823	2629.089393	13.1
218	51233.987861	6.771967	0.002920	4696.629268	6.4
219	42003.302544	6.960659	0.002900	2985.270118	9.2
220	32008.232881	7.905917	0.002806	3171.939915	10.4
221	40245.837004	7.217846	0.002874	4672.319654	10.5
222	46328.703480	6.258393	0.002975	4954.492749	10.1
223	44552.667473	7.218087	0.002874	4964.796900	9.8
224	46666.770318	8.184376	0.002779	4593.029541	9.4
225	41646.841648	8.633639	0.002737	3607.720076	11.9
226	35302.166580	9.411970	0.002667	2145.676960	6.1
227	45377.773336	10.218833	0.002598	5594.596914	11.1
228	63155.008497	9.966630	0.002619	8779.066762	9.9
229	39966.637009	9.598093	0.002650	4729.823143	9.1
230	41496.158121	10.598093	0.002566	2392.825120	13.4
231	45574.972729	11.598093	0.002488	5784.166857	6.6
232	50952.824284	11.308494	0.002510	5433.360482	10.3
233	58285.679304	11.617192	0.002486	6513.596497	8.2
234	38953.221775	11.824067	0.002471	6108.387964	9.5
235	51610.619472	12.823543	0.002398	7935.567354	10.7
236	48842.739120	13.823543	0.002329	4109.389133	10.4
237	54236.762126	13.858534	0.002326	3583.112886	10.5
238	41299.900029	14.759697	0.002268	4469.345308	6.4
239	46523.192835	14.213294	0.002303	6331.482425	8.4
240	42344.210871	13.493148	0.002351	3858.568237	6.2
241	51951.190787	13.063374	0.002381	4975.348130	8.4
242	32754.751745	12.461153	0.002424	1772.825318	9.3
243	59653.458276	12.621863	0.002412	5336.037402	13.6
244	43332.153348	13.497587	0.002351	3958.765988	12.7
245	49060.560826	13.660169	0.002340	6787.928262	9.2
246	53631.469417	14.380274	0.002292	3201.268327	10.4
247	44862.218275	14.185267	0.002305	5177.313450	9.5
248	54425.932447	15.185267	0.002241	7343.311524	6.2
249	40825.203361	14.273051	0.002299	4523.323166	11.0
250	42044.156191	13.511847	0.002350	3658.109976	9.9
251	34661.528640	12.625102	0.002412	2896.077724	9.4
252	43568.671151	13.625102	0.002342	3553.879633	9.8
253	50310.861044	13.159038	0.002374	5108.466461	10.5
254	46165.499050	13.134421	0.002376	6789.750895	10.7
255	43422.020152	13.447312	0.002354	4873.236946	9.7
256	35554.459890	13.252248	0.002368	3425.780074	9.5
257	33410.175852	14.095394	0.002311	3876.487710	13.4
258	33536.510805	13.603714	0.002344	2911.921594	6.2
259	45159.874885	14.528466	0.002283	3618.926596	10.7
260	52252.182066	13.569014	0.002346	3282.429762	9.8
261	50266.310673	12.736399	0.002404	6551.860444	9.1
262	40928.772418	12.116757	0.002449	4423.147187	13.2
263	29480.923761	11.931616	0.002463	3166.570547	6.1
264	41781.837924	12.931616	0.002390	4174.056074	10.7
265	59259.387873	13.712316	0.002336	6300.195333	9.5
266	38205.852999	13.214179	0.002370	3896.960815	9.1
267	37368.380447	12.879758	0.002394	1096.870973	13.2
268	59379.465932	13.879758	0.002325	5644.790185	6.7
269	44677.345898	13.395671	0.002358	4278.143948	10.5
270	55002.536992	13.477267	0.002352	4280.448715	8.5
271	47829.075923	13.574902	0.002346	4032.771898	9.1
272	40248.449604	12.936871	0.002390	6142.902550	10.6
273	36740.408489	13.932882	0.002321	2679.102791	11.5
274	41130.737131	14.932840	0.002257	5447.145683	8.8
275	51336.229707	14.603678	0.002278	4011.196981	6.2
276	35919.996535	15.603646	0.002216	2604.655900	9.7
277	39164.533309	15.851814	0.002201	5568.956762	6.2
278	35803.566236	16.665103	0.002153	5607.875787	8.9
279	55638.136736	16.869081	0.002141	4365.653154	9.4
280	39879.834381	16.749302	0.002148	4429.434163	12.6
281	53574.010712	17.042164	0.002132	7065.562964	12.2
282	66934.124350	16.095008	0.002186	8427.027950	9.3
283	42638.541681	15.144215	0.002244	4593.148786	9.3
284	37494.569099	16.144193	0.002183	2671.022108	12.0
285	40620.980472	15.539554	0.002219	4988.107328	6.2
286	62961.258528	15.514849	0.002221	7448.933032	12.7
287	48234.104491	16.415807	0.002167	5788.833309	6.6
288	46918.455173	17.325733	0.002116	3922.421616	9.1
289	49913.870194	17.046928	0.002131	4565.584785	9.4
290	41120.042260	16.517494	0.002162	5472.374819	12.0
291	46517.142036	16.122994	0.002185	6577.321363	10.5
292	38563.811487	17.122994	0.002127	3674.764195	10.0
293	38877.996060	17.349760	0.002115	6624.137283	9.2
294	52063.295388	18.160929	0.002071	5146.562979	13.1
295	42189.797972	19.148305	0.002020	2734.959846	6.2
296	31342.137978	18.188852	0.002069	4185.981910	11.2
297	40294.053278	18.600159	0.002048	4372.743215	9.3
298	34010.007228	19.600128	0.001997	3997.909698	9.0
299	47978.323260	19.385034	0.002008	5375.829067	10.5
300	60306.891247	20.385033	0.001960	2994.107848	9.6
301	44095.952682	21.376524	0.001914	6552.020243	10.3
302	37283.852209	20.417121	0.001958	5684.870032	9.5
303	50578.500636	20.288209	0.001964	8388.753420	9.1
304	38076.193033	19.328756	0.002011	3353.844428	10.9
305	39978.148304	18.520133	0.002052	4969.479438	11.0
306	33889.648427	19.088871	0.002023	2936.662612	9.7
307	37658.528329	18.459570	0.002055	3462.611180	9.1
308	36270.352780	17.522893	0.002105	3603.173579	6.7
309	40512.641321	17.308805	0.002117	4425.690434	6.3
310	34701.233840	18.308805	0.002063	4390.547209	8.8
311	39610.999132	17.836940	0.002088	3062.938668	9.3
312	36610.582146	16.877812	0.002141	5231.810856	12.2
313	39001.941966	16.718597	0.002150	3481.670405	13.3
314	36710.573390	16.298558	0.002174	6610.140273	9.6
315	34957.985042	17.298558	0.002117	3337.766744	9.8
316	34388.662502	16.362931	0.002170	3752.774104	11.1
317	37561.726832	16.166516	0.002182	4649.966092	6.2
318	38819.753469	16.532621	0.002161	2252.066661	12.0
319	37736.913814	16.757362	0.002148	6159.451316	6.4
320	47256.179426	17.683791	0.002096	4930.063854	9.4
321	38285.734885	18.682268	0.002044	2727.381695	12.8
322	32361.666272	19.604386	0.001997	1528.573432	6.3
323	52072.484788	19.837084	0.001986	7427.409214	10.4
324	51069.221663	20.837006	0.001938	5155.540502	10.0
325	42789.709901	21.837006	0.001893	6128.890240	9.7
326	46930.760613	21.977013	0.001887	2102.384275	11.9
327	37652.396390	22.080280	0.001882	3548.552252	6.3
328	39692.260901	21.178244	0.001923	2963.785999	9.9
329	32868.632966	20.521091	0.001953	3505.545884	9.9
330	43099.525256	21.514458	0.001907	5207.795735	9.9
331	43413.578631	22.325127	0.001872	3799.378096	13.2
332	38669.969590	21.404927	0.001912	6220.511614	6.2
333	47230.328667	21.739602	0.001897	5101.551578	10.5
334	44616.613732	22.110314	0.001881	3645.341912	7.0
335	35886.554384	22.157788	0.001879	4495.915429	9.8
336	39170.634753	22.234784	0.001876	4743.746829	10.0
337	35804.462455	21.766946	0.001896	7093.543016	11.6
338	38246.639875	21.612056	0.001903	5401.700041	10.4
339	35112.218487	21.179269	0.001923	5926.324204	6.2
340	46097.449808	20.266323	0.001965	2597.770679	9.9
341	36646.792513	19.381715	0.002008	4472.897007	6.1
342	32498.432691	18.678438	0.002044	2903.206670	6.4
343	34239.890797	18.587505	0.002049	3406.817721	6.6
344	41337.839534	18.728725	0.002041	3637.968362	9.3
345	43243.635645	18.765390	0.002039	4475.919506	13.2
346	51216.663786	19.271598	0.002014	5689.098895	12.6
347	51014.672899	19.642691	0.001995	5531.395457	11.7
348	41926.875626	20.642570	0.001947	3958.411157	17.8
349	42257.390622	19.760213	0.001990	6479.313509	8.5
350	41785.892895	20.760213	0.001942	6007.093806	12.5
351	36301.178473	21.458982	0.001910	5409.919049	8.6
352	48346.903085	20.499739	0.001954	6327.130673	9.8
353	33952.632353	20.445879	0.001957	1968.983492	11.7
354	43736.924255	21.445325	0.001911	4969.978346	7.7
355	46160.158092	22.257554	0.001875	5677.612134	12.8
356	31912.088465	21.298101	0.001917	2447.837915	9.4
357	48550.796758	21.195128	0.001922	7623.084645	10.1
358	40561.360138	20.821733	0.001939	5023.135457	10.6
359	34390.028711	20.036719	0.001976	2802.008291	11.1
360	41178.022060	20.079231	0.001974	4076.046299	9.5
361	46573.408684	21.079231	0.001927	5068.332489	9.1
362	43846.746339	21.723576	0.001898	4562.127338	13.0
363	31064.842442	22.723576	0.001855	932.117926	7.1
364	45213.985192	23.456738	0.001824	4976.939552	7.3
365	50135.564875	23.792568	0.001810	7461.417657	11.8
366	33025.664887	24.792466	0.001771	3761.965347	9.1
367	36562.324449	25.071766	0.001760	2830.965798	6.7
368	45622.213007	26.057056	0.001723	3609.569817	12.7
369	33526.902063	25.820581	0.001732	3208.697650	6.3
370	43751.840832	25.619430	0.001740	4337.640798	11.1
371	42459.474857	26.615920	0.001703	2305.225340	9.6
372	40629.302004	25.656467	0.001738	6047.314631	7.3
373	36729.761836	26.432476	0.001710	4762.614401	6.5
374	32354.124819	25.473023	0.001745	5047.660950	6.5
375	52993.530131	26.473011	0.001708	4414.986635	9.6
376	44279.059687	27.435664	0.001674	4911.008469	12.5
377	44595.742938	28.435635	0.001640	4084.612002	8.3
378	41917.663525	27.476211	0.001673	4190.272433	9.4
379	37328.216963	26.536104	0.001706	2932.087220	6.8
380	45582.506504	26.856168	0.001695	3286.083083	9.6
381	46788.394716	26.244560	0.001717	6159.935720	12.8
382	44008.476356	25.286014	0.001752	4295.671618	10.4
383	39332.229076	24.326563	0.001789	3176.759559	12.0
384	33449.458481	23.374031	0.001828	1784.830036	13.0
385	44545.440402	22.518278	0.001863	3179.960114	6.3
386	42258.978004	22.339669	0.001871	4556.211969	9.8
387	55652.096993	21.380353	0.001914	5620.153117	9.5
388	47735.537089	22.380353	0.001869	6063.728685	6.5
389	36508.610955	22.276019	0.001874	3415.382216	9.0
390	38485.010580	21.910993	0.001890	2301.853218	12.7
391	48077.247060	22.226112	0.001876	7510.837633	6.6
392	65493.485395	23.226109	0.001834	4262.737788	6.6
393	38630.018003	22.923761	0.001846	5268.923496	13.2
394	49358.595745	23.923761	0.001805	4094.932243	8.9
395	40358.529107	22.964308	0.001845	4601.266023	12.6
396	40238.559391	23.964308	0.001804	3989.856554	10.0
397	46143.804939	24.964308	0.001764	6595.365893	7.6
398	35635.394194	25.961140	0.001727	4500.937393	7.6
399	44510.683386	26.961127	0.001691	2686.953420	7.8
400	39229.565460	26.288289	0.001715	4794.088932	9.2
401	37785.478653	25.330318	0.001750	4899.888643	12.5
402	44061.115440	26.270598	0.001716	2199.411892	6.5
403	35113.379843	27.270598	0.001680	4273.403923	6.5
404	39116.355197	27.654602	0.001667	3188.713802	13.7
405	36176.014584	27.729393	0.001664	1765.186283	9.5
406	37944.581388	27.507154	0.001672	5145.298498	13.1
407	34673.507901	28.507143	0.001638	3489.854077	7.3
408	40962.642043	29.507143	0.001606	3046.620984	7.0
409	38084.270304	28.547759	0.001637	2036.596956	12.4
410	48163.241812	29.490364	0.001606	3749.979172	6.1
411	56564.800522	28.688585	0.001632	5176.549324	6.4
412	41206.753292	27.762240	0.001663	7940.166374	8.9
413	36477.479743	28.762118	0.001630	5382.063624	6.8
414	38505.201423	29.707826	0.001599	4230.493113	14.2
415	39294.912358	28.748373	0.001630	3914.003756	9.7
416	39308.007566	28.214013	0.001648	5359.592092	12.5
417	33088.575951	27.719786	0.001665	3548.428682	12.4
418	40104.402200	28.719786	0.001631	5541.438642	6.1
419	39919.967943	27.766543	0.001663	4258.670109	11.1
420	44844.292924	26.807102	0.001696	6261.727645	6.1
421	50976.321510	25.999145	0.001725	4811.482876	6.2
422	44998.771128	26.965605	0.001691	1641.976625	8.0
423	35818.985680	26.150848	0.001720	2230.955524	9.1
424	33347.433535	27.055472	0.001688	2885.667910	12.0
425	49267.137596	26.096019	0.001722	1946.691187	7.4
426	50875.833804	25.136566	0.001758	8861.117429	12.5
427	31442.010111	25.954925	0.001727	2907.321446	9.3
428	36529.435848	26.208954	0.001718	3242.216928	13.0
429	42669.076481	25.592198	0.001741	4773.591935	10.3
430	42655.451182	24.632745	0.001777	3236.552320	9.9
431	54710.331182	25.089295	0.001760	5265.681960	6.1
432	30984.703863	25.455291	0.001746	3560.375149	7.7
433	40346.776907	24.498116	0.001782	2335.947618	9.0
434	35799.283992	24.588857	0.001779	3383.100281	13.1
435	41861.231849	23.677871	0.001815	4959.416244	6.8
436	38416.821453	23.469822	0.001824	3217.280213	13.0
437	40256.683003	22.533052	0.001863	5549.620287	9.2
438	32240.511536	22.524047	0.001863	3108.376806	11.0
439	39875.101162	22.973428	0.001844	4776.526002	11.7
440	41062.916308	23.649487	0.001816	7577.514666	7.3
441	34670.190187	24.649487	0.001776	5341.103672	9.1
442	44149.778191	23.690034	0.001815	5543.992913	7.6
443	39710.987922	23.609722	0.001818	4992.237123	8.9
444	42648.692342	22.814205	0.001851	4547.953973	12.8
445	42820.856295	22.424496	0.001868	1109.739846	7.4
446	32706.375390	22.691638	0.001856	3174.055228	10.3
447	32770.156014	23.576520	0.001819	3808.282818	10.8
448	45135.293294	23.474930	0.001823	3242.748834	9.4
449	34590.802883	23.389327	0.001827	4691.360795	12.3
450	39098.717751	24.136724	0.001797	7455.937935	6.4
451	44253.687791	25.136707	0.001758	3005.579809	6.5
452	31725.702042	26.136707	0.001720	3498.980426	12.6
453	35014.843775	25.748122	0.001735	4136.763513	6.2
454	34087.370594	24.788683	0.001771	3568.050709	6.2
455	39020.930882	23.832694	0.001809	4500.582528	8.8
456	35319.641556	23.994084	0.001802	1718.013283	9.1
457	41622.061779	24.994084	0.001763	4449.923537	13.5
458	32413.610535	25.052835	0.001761	2998.721287	9.1
459	44786.494107	25.119142	0.001758	4118.064629	12.5
460	34664.793508	26.119142	0.001721	2834.521925	12.9
461	39484.800874	27.069513	0.001687	5494.981126	6.1
462	41269.480449	27.047063	0.001688	3226.414213	12.2
463	41753.093793	26.513612	0.001707	1401.187251	6.3
464	41376.046211	27.024507	0.001689	3558.812449	6.4
465	50798.536860	27.037159	0.001688	4176.062972	8.4
466	36365.686847	28.037159	0.001654	2686.279384	9.5
467	31147.225285	29.037159	0.001621	1849.287764	12.2
468	33156.173435	28.471240	0.001639	3101.615072	8.8
469	36265.091329	27.949718	0.001657	4002.594133	12.4
470	42265.931588	27.853356	0.001660	6948.122709	9.7
471	38454.722597	28.853355	0.001627	4810.280982	11.7
472	32083.751181	29.850527	0.001595	4066.288140	9.9
473	33748.557042	29.389941	0.001609	2071.231036	9.5
474	34065.659593	29.584869	0.001603	2632.750182	6.3
475	45434.900945	29.561410	0.001604	5481.071778	8.8
476	35687.175606	30.298187	0.001581	2377.384034	9.4
477	32410.400264	29.341852	0.001611	3242.884569	12.6
478	53141.895229	30.341852	0.001580	6967.450821	6.9
479	58651.442409	30.097491	0.001587	7460.781991	12.5
480	37208.519077	31.097491	0.001557	4470.459502	8.9
481	52903.771797	30.142107	0.001586	4684.058030	13.2
482	46899.780876	29.182654	0.001616	6666.553468	10.6
483	29935.370519	28.223256	0.001648	1851.333934	7.5
484	46187.588894	29.223256	0.001615	5256.690115	7.1
485	36629.468896	30.223256	0.001583	3308.948037	8.7
486	40372.068689	30.138159	0.001586	2937.813410	9.8
487	46614.710931	29.178914	0.001616	4721.695537	11.3
488	30507.197129	28.396658	0.001642	2740.635357	6.5
489	39649.504947	29.368227	0.001610	4350.683838	12.9
490	30597.660674	30.368153	0.001579	4079.164676	9.0
491	37620.672078	29.812404	0.001596	4662.110053	10.2
492	53249.247742	29.840360	0.001595	7360.482655	12.9
493	40017.627216	30.840177	0.001564	4048.953913	7.3
494	27886.598828	29.992116	0.001590	1977.389326	9.0
495	56587.201000	29.436515	0.001608	5163.826347	8.3
496	35721.537932	28.508227	0.001638	1573.975699	9.4
497	50416.398373	29.508227	0.001606	2523.558891	11.4
498	34389.119020	28.669416	0.001633	4461.430992	6.5
499	33008.480578	29.617038	0.001602	3830.875903	6.2
500	34123.452588	30.588017	0.001572	1753.243889	12.8
501	41884.760064	29.628564	0.001602	4949.383647	9.2
502	44043.613174	30.539582	0.001573	4166.425911	12.3
503	47484.591754	29.580258	0.001603	6820.918077	6.3
504	41772.607579	30.428502	0.001577	5307.937385	6.4
505	53052.126248	31.332225	0.001550	1684.492174	10.2
506	43380.280534	31.725244	0.001538	5268.383557	9.4
507	45967.476263	30.765791	0.001567	4501.980254	9.4
508	32505.547689	31.465259	0.001546	3659.117348	12.1
509	49018.856291	32.167983	0.001525	4612.769072	7.1
510	41206.080057	31.875905	0.001534	3823.498222	11.2
511	38730.305794	32.452207	0.001517	3513.622073	9.6
512	41842.704144	33.452207	0.001489	6105.097495	6.2
513	30697.178431	32.770084	0.001508	3912.305535	8.5
514	33789.409834	32.466967	0.001517	3799.252201	9.9
515	37079.605049	33.466967	0.001489	2858.223312	11.3
516	28592.882904	33.219196	0.001496	4402.991249	6.6
517	30792.763816	33.613856	0.001485	4365.074905	12.5
518	30456.743938	32.654418	0.001511	1407.947944	9.1
519	48829.479057	33.339672	0.001492	4967.300972	12.8
520	34723.331192	33.266053	0.001494	5890.564492	10.3
521	47053.511858	34.266053	0.001467	5912.315242	7.5
522	37292.037209	35.265998	0.001441	2328.526602	7.4
523	37810.602682	35.596453	0.001433	5458.377597	7.1
524	45593.456570	34.699075	0.001456	4391.555495	9.2
525	42123.083919	35.109482	0.001445	3740.188956	12.5
526	24193.023504	34.222220	0.001469	2711.734856	6.3
527	36222.965220	33.949110	0.001476	2564.040183	7.2
528	32959.839198	33.783019	0.001480	3570.925276	12.9
529	40217.410240	33.617989	0.001485	6174.407445	9.1
530	39012.548073	33.075717	0.001500	5544.398064	12.2
531	37799.295198	32.116893	0.001527	4371.754151	6.3
532	31808.568287	33.108029	0.001499	3850.687239	7.1
533	29278.529075	32.148652	0.001526	1991.448674	12.8
534	44494.764648	31.961081	0.001531	3820.999892	9.0
535	44042.666337	31.534302	0.001544	3910.776590	12.8
536	46107.213793	32.125916	0.001526	2752.012740	6.3
537	34486.149830	32.978396	0.001502	2862.245141	7.1
538	31066.439328	33.453710	0.001489	6310.462775	12.9
539	44524.674135	33.349617	0.001492	3918.712644	8.9
540	34747.834622	34.349617	0.001465	5217.516425	11.2
541	41399.934972	35.349615	0.001439	3160.673273	9.0
542	37505.996461	34.993727	0.001448	5459.019885	6.4
543	34614.638297	35.130795	0.001445	4623.756751	9.8
544	39303.469898	34.171342	0.001470	5775.998681	9.8
545	29738.314011	33.739061	0.001482	3939.145625	6.3
546	37831.347690	32.779624	0.001508	4935.042773	7.1
547	38004.843579	33.779624	0.001480	3097.379646	8.9
548	42459.670647	34.779624	0.001454	7547.974486	12.4
549	36258.271661	35.575252	0.001433	4470.332732	8.0
550	45027.763900	36.575239	0.001409	3435.992494	13.2
551	38635.913367	37.325832	0.001390	3525.156585	9.5
552	45435.970523	37.313369	0.001391	7448.754054	13.0
553	38425.503799	38.310796	0.001367	5369.416153	9.6
554	43786.604923	37.576545	0.001384	4007.406418	9.7
555	42630.730011	37.383766	0.001389	5175.906795	6.4
556	42813.740508	36.424313	0.001412	7733.897669	7.4
557	29812.056469	37.390308	0.001389	3198.969661	8.9
558	34196.161102	38.390308	0.001365	1410.072866	12.4
559	33019.303356	38.288594	0.001368	4840.581689	6.6
560	38235.948143	37.506403	0.001386	3738.555945	7.5
561	35971.200021	38.393009	0.001365	4876.478213	12.1
562	35300.968030	39.381498	0.001343	4810.992923	10.0
563	35896.737224	38.422045	0.001365	3593.942830	11.6
564	40955.692834	37.462592	0.001387	7013.527618	8.9
565	33250.186998	38.421782	0.001365	2072.292541	6.8
566	39426.861805	38.388072	0.001366	5410.806900	7.6
567	39414.555566	38.310532	0.001367	4383.490321	8.9
568	34042.735987	39.310511	0.001345	4220.672444	9.9
569	32287.741262	38.351058	0.001366	2891.737483	7.9
570	32042.914864	38.685277	0.001359	3007.749184	8.2
571	33785.101068	38.625463	0.001360	3298.585928	7.0
572	36195.810343	39.047276	0.001351	4201.984405	13.6
573	27625.863249	39.563282	0.001339	1948.072215	9.4
574	36316.747058	38.642439	0.001360	4198.891013	12.1
575	34775.795496	38.220114	0.001369	4395.444040	6.6
576	28837.603260	38.673520	0.001359	2286.424610	6.8
577	42951.408911	38.505905	0.001363	3785.561224	12.3
578	37627.295104	38.371277	0.001366	2907.751476	6.1
579	30264.124162	38.347526	0.001366	2870.309236	6.6
580	29506.293083	38.184445	0.001370	2972.724513	9.1
581	28843.161282	37.225081	0.001393	3571.554719	11.0
582	36482.961592	37.248397	0.001392	4771.760181	11.9
583	36157.569679	38.248397	0.001369	2317.118694	11.3
584	36644.462811	38.343372	0.001367	3602.687714	11.0
585	33195.720852	38.305316	0.001367	3300.792038	12.6
586	39796.106624	37.345863	0.001390	3744.654118	9.4
587	35268.123684	37.703678	0.001381	4635.220567	10.4
588	30109.015207	38.687238	0.001359	1932.030789	6.4
589	42956.582549	38.719833	0.001358	4390.085481	6.9
590	33825.409734	39.719833	0.001336	5925.958240	9.2
591	29521.741176	40.639820	0.001316	2673.235266	10.1
592	33918.062666	40.684815	0.001315	3148.540225	12.6
593	37703.111893	39.997497	0.001329	7280.861623	12.4
594	46676.021823	39.632988	0.001337	4710.507338	9.2
595	32819.221486	38.673836	0.001359	2584.079703	13.2
596	32056.220708	37.971636	0.001375	3890.329585	10.3
597	45014.880960	37.012183	0.001398	6994.607683	9.8
598	37408.589935	36.074392	0.001421	2336.199054	6.3
599	28937.693833	37.074392	0.001396	2297.115519	8.2
600	36974.503180	36.883292	0.001401	5124.532031	9.3
601	56222.046690	36.735293	0.001405	9298.029999	12.3
602	35725.122354	37.376735	0.001389	3656.948946	6.9
603	45611.150719	38.376735	0.001366	5865.655086	12.4
604	41231.504531	38.137808	0.001371	6442.712083	9.1
605	47910.572817	37.178355	0.001394	6200.420220	13.1
606	39334.205404	36.218909	0.001417	5371.873411	11.3
607	42734.426843	35.269814	0.001441	3584.584800	7.8
608	37317.331669	34.311174	0.001466	6528.227892	7.2
609	30612.459375	34.904621	0.001451	5061.202153	8.6
610	31792.398597	35.904621	0.001425	4413.811488	9.4
611	36495.126224	35.934956	0.001424	3143.272485	12.4
612	44833.635402	36.198268	0.001418	2785.227277	6.8
613	29833.966266	35.963477	0.001424	5899.569948	12.3
614	34801.400149	35.078668	0.001446	3872.536886	9.1
615	38350.867162	36.008472	0.001423	3848.426077	9.0
616	30510.896503	35.051725	0.001447	3997.707480	12.7
617	35083.764703	34.252136	0.001468	6735.238578	6.7
618	39251.420807	34.917568	0.001450	3939.935376	11.0
619	40678.069161	35.606395	0.001433	7155.027096	8.9
620	41758.260240	36.376628	0.001413	4964.472629	9.4
621	34264.221714	35.428087	0.001437	4338.689837	12.2
622	30847.530862	34.468634	0.001462	2456.381717	6.6
623	33563.309935	34.685185	0.001456	2707.158936	6.5
624	39418.032237	34.542562	0.001460	4343.790793	13.0
625	26960.319788	34.390135	0.001464	2084.360840	6.1
626	40698.894288	35.041297	0.001447	7938.240484	6.5
627	28478.858476	35.647110	0.001432	4324.501464	9.6
628	31701.104717	34.687657	0.001456	3646.693150	10.3
629	38254.766435	35.684093	0.001431	4760.424724	13.3
630	39966.415454	36.684078	0.001406	3139.034994	12.5
631	45398.353916	37.683856	0.001382	4963.281646	9.3
632	33977.815243	36.778085	0.001404	2370.169214	13.0
633	38890.822837	36.701771	0.001405	4450.011182	10.0
634	38503.074773	35.859230	0.001426	3807.618926	10.0
635	30116.214906	36.848953	0.001402	3435.156381	6.4
636	33063.323520	37.848221	0.001378	3148.228005	7.6
637	26899.390689	38.073234	0.001373	2439.320968	8.9
638	31638.544937	39.073234	0.001350	3382.021795	10.2
639	31091.268104	38.901079	0.001354	4580.891438	11.8
640	35823.908089	38.939679	0.001353	3707.142119	12.5
641	27393.684920	37.991805	0.001375	892.587735	9.7
642	26515.203922	37.731176	0.001381	3830.147811	12.9
643	53227.023247	37.822858	0.001379	4159.925169	10.2
644	30006.106361	37.745977	0.001380	1213.671193	9.8
645	37412.155757	36.836662	0.001402	817.875838	6.4
646	34801.675139	36.314939	0.001415	4914.501011	9.0
647	36806.788865	36.793941	0.001403	2761.413464	10.3
648	39277.839862	37.793941	0.001379	4126.025832	10.4
649	48606.195438	38.021976	0.001374	4635.723227	8.1
650	31614.343851	37.099080	0.001396	4561.554415	12.6
651	33386.936670	36.145155	0.001419	2803.822739	8.3
652	41964.952213	37.145155	0.001395	4415.677900	7.8
653	32217.370892	37.171629	0.001394	3045.173466	6.5
654	40314.710745	36.229069	0.001417	4854.384106	7.7
655	40198.948821	35.297943	0.001440	6330.664881	9.4
656	22496.604689	34.338490	0.001465	2101.145027	12.1
657	41088.290630	33.718417	0.001482	6871.839442	6.0
658	52464.725193	33.702258	0.001482	4817.704723	6.5
659	27109.180102	33.677157	0.001483	1951.783629	8.5
660	29554.414361	34.677157	0.001457	4745.719700	6.6
661	32240.519634	33.717704	0.001482	1995.468361	7.7
662	28533.814488	33.593812	0.001485	4573.063973	9.2
663	30918.752668	33.420831	0.001490	5885.961806	16.4
664	33767.022791	33.428538	0.001490	4641.459729	6.5
665	37976.697220	32.922419	0.001504	6703.076787	13.0
666	37092.130924	33.922419	0.001477	4113.141563	9.0
667	25163.014061	34.747178	0.001455	3363.970462	11.2
668	26584.441141	34.747094	0.001455	2554.722436	7.3
669	33443.608264	33.787641	0.001480	4378.036605	8.0
670	31524.699950	33.124364	0.001498	4567.540297	9.1
671	40793.676542	32.164911	0.001525	4169.465632	12.1
672	35267.112980	32.116005	0.001527	6097.309753	6.5
673	42615.079611	31.190692	0.001554	3486.330736	12.6
674	43679.197401	31.144822	0.001555	8782.811771	7.9
675	44949.844235	32.144822	0.001526	5580.741641	9.3
676	30739.845464	33.021370	0.001501	1776.953081	12.3
677	31583.605146	32.115947	0.001527	1932.047329	6.5
678	41157.492761	32.272287	0.001522	7351.968550	7.2
679	32816.303864	32.135511	0.001526	2330.980657	10.7
680	38338.606660	32.190043	0.001525	4774.644453	9.0
681	35640.404450	31.230822	0.001553	5864.296947	12.3
682	44073.061241	30.637285	0.001570	6283.413329	6.5
683	44992.018238	29.677832	0.001600	4845.917726	7.0
684	41984.872614	30.677832	0.001569	7229.345375	12.6
685	35263.417990	30.592221	0.001572	2382.536429	8.9
686	36873.361363	30.665079	0.001570	5301.450203	11.7
687	41142.813679	31.064305	0.001558	5345.194475	7.2
688	37878.509898	30.534879	0.001574	2950.575485	6.6
689	29318.260091	30.997601	0.001560	2908.366173	9.1
690	34802.192408	30.038181	0.001589	7353.252090	10.4
691	32972.208331	30.689421	0.001569	3805.492527	6.2
692	31814.432988	31.689421	0.001539	4309.429186	7.1
693	26840.488456	31.029999	0.001559	2822.655580	9.2
694	24891.607233	31.364795	0.001549	1234.742188	12.8
695	38762.617094	30.405342	0.001578	3477.666604	6.6
696	38922.429466	30.167587	0.001585	6038.569844	12.0
697	41305.799832	29.388687	0.001609	3758.329336	10.7
698	34602.880743	29.142340	0.001617	2174.034885	12.9
699	43102.238295	28.285469	0.001645	6439.165079	7.1
700	44866.031850	27.345396	0.001677	7658.513520	9.8
701	29014.844769	27.332944	0.001678	2077.873522	7.3
702	32605.199727	28.332944	0.001644	2938.829809	6.6
703	28346.852143	27.373491	0.001676	4497.373142	9.1
704	30722.724425	27.759480	0.001663	3083.259262	10.4
705	28944.913094	28.477948	0.001639	3394.469962	11.2
706	36087.168929	29.458057	0.001607	4595.645680	9.2
707	31916.166011	29.740201	0.001598	2643.180896	12.3
708	38711.121061	29.358671	0.001610	4505.635581	13.5
709	41047.037842	28.512481	0.001638	6899.708594	6.5
710	27692.424117	27.553028	0.001670	2667.082714	10.0
711	35676.122774	27.432263	0.001674	5647.362634	8.1
712	30411.593181	26.992878	0.001690	4985.483696	6.6
713	34783.461612	26.695945	0.001700	2487.260281	8.9
714	33749.220517	25.775910	0.001734	3315.350016	12.6
715	30669.720444	26.427474	0.001710	4698.777473	7.7
716	27554.992751	27.427474	0.001675	2037.948304	6.6
717	38017.162976	28.427405	0.001641	3776.490351	13.3
718	34488.727218	27.825738	0.001661	5252.969544	9.1
719	35451.290272	28.825738	0.001628	4706.833650	11.0
720	51798.467799	28.443401	0.001640	3470.516479	8.8
721	29999.131604	27.483948	0.001673	4650.785012	6.5
722	44332.678296	26.542097	0.001706	9110.554116	10.8
723	35305.523250	25.982122	0.001726	5359.074248	9.3
724	33295.595693	25.022833	0.001762	5849.062536	6.2
725	43443.938231	24.921299	0.001766	4027.704515	8.5
726	47936.732598	25.468980	0.001745	3328.093306	9.3
727	27217.670949	24.509527	0.001782	3321.314763	12.0
728	31386.670770	24.788828	0.001771	3515.507122	7.5
729	34823.309399	24.004411	0.001802	3312.406013	13.6
730	30711.132146	25.004411	0.001763	2324.313965	9.3
731	34341.282810	24.049737	0.001800	3958.960420	12.5
732	45019.292910	24.041294	0.001800	2078.678173	10.3
733	36784.877900	24.046196	0.001800	2528.924333	9.8
734	42135.232978	23.502069	0.001822	2896.154440	7.4
735	37007.122868	23.271348	0.001832	4137.832534	8.8
736	29116.140494	23.896096	0.001806	3157.479215	9.5
737	27625.149128	24.250322	0.001792	4402.681711	11.6
738	28929.337174	24.632290	0.001777	2065.739575	7.6
739	31435.269052	23.673325	0.001815	2715.812479	12.2
740	38859.415500	23.621186	0.001817	6333.896295	8.9
741	38199.631484	23.447800	0.001825	2186.751372	12.5
742	41424.324945	22.714629	0.001855	4501.049785	10.4
743	35836.548940	22.556320	0.001862	4742.142076	7.0
744	30909.938020	22.313070	0.001872	4373.759796	8.0
745	31613.166835	21.671522	0.001900	5838.810962	8.9
746	30651.940571	21.376673	0.001914	2726.569685	9.3
747	36180.127812	21.760263	0.001897	7330.529047	11.9
748	33768.710969	20.802535	0.001940	3426.998161	6.6
749	35645.810951	21.801290	0.001895	3674.484217	9.3
750	31473.665851	22.684113	0.001856	1727.501194	11.3
751	32937.819220	22.848317	0.001849	2474.536586	9.8
752	36390.095992	23.087681	0.001839	5103.226998	12.1
753	33051.552766	22.654780	0.001858	5213.846391	6.5
754	46977.942946	23.654741	0.001816	5890.830485	6.9
755	48694.313486	22.699943	0.001856	7613.267676	13.1
756	42961.053690	22.151170	0.001879	3344.701783	9.7
757	28178.628697	23.150366	0.001837	3085.337139	11.7
758	43009.017174	22.954276	0.001845	7891.404404	6.4
759	31820.540447	22.261424	0.001875	3742.926979	6.1
760	29059.972713	21.303823	0.001917	5003.043046	13.0
761	29278.033076	21.069286	0.001928	2064.331986	9.2
762	39084.056686	20.843105	0.001938	4289.387318	10.1
763	42248.401434	21.760066	0.001897	6949.190490	10.4
764	34805.032847	20.800613	0.001940	5798.738628	6.0
765	44856.567103	20.945880	0.001933	5356.166730	11.1
766	28266.043510	20.638813	0.001948	2473.932350	6.5
767	25783.306844	20.623218	0.001948	3781.349647	6.5
768	48896.607003	19.851841	0.001985	3106.261388	8.2
769	36782.393316	19.470821	0.002004	6829.953828	9.2
770	42208.049330	20.431966	0.001957	3771.259942	12.7
771	25960.606524	19.472515	0.002004	1524.916614	9.1
772	39567.465314	20.227690	0.001967	4697.301170	13.5
773	42202.789341	20.136756	0.001971	2249.188203	10.0
774	32338.720541	19.989869	0.001978	4136.982333	11.7
775	46865.460367	20.010134	0.001977	5357.021888	9.3
776	28875.762294	19.933339	0.001981	2210.608605	6.6
777	40256.177122	19.073072	0.002024	4708.578452	8.3
778	34404.042303	19.076877	0.002024	4141.040875	8.6
779	32452.714064	18.117574	0.002073	3594.950011	9.5
780	30605.248902	17.553628	0.002103	4433.816251	12.2
781	34747.959700	18.553628	0.002050	5989.028807	6.7
782	43118.191605	19.553627	0.002000	3358.814475	10.2
783	37243.006427	20.553627	0.001952	5148.935794	10.2
784	33654.808906	19.669016	0.001994	5055.194353	9.2
785	35061.759492	19.801647	0.001988	2904.998244	12.9
786	31479.764350	18.853783	0.002035	4167.812041	6.6
787	39861.917644	19.222701	0.002016	2449.890537	9.5
788	32594.271401	19.782050	0.001989	3319.628856	10.6
789	40294.224461	19.997963	0.001978	6716.577799	6.3
790	30519.019087	19.039357	0.002025	2325.385788	8.2
791	42934.264222	18.163504	0.002071	5431.913237	9.0
792	50993.090893	17.600922	0.002101	4128.421926	13.0
793	38525.993831	18.600922	0.002048	4911.199439	10.1
794	35290.515470	19.600922	0.001997	3185.709042	13.0
795	31619.983373	20.598220	0.001950	2902.037507	9.5
796	34371.144678	20.579502	0.001950	4954.414202	12.3
797	33089.513229	21.399990	0.001913	4193.041839	10.7
798	35450.478782	21.090134	0.001927	3990.276837	9.5
799	30563.073053	20.130681	0.001972	4848.284741	6.5
800	33810.387678	20.063514	0.001975	5169.259064	9.1
801	38601.107105	21.063514	0.001928	4209.129330	12.7
802	42636.503463	21.925072	0.001889	5353.902727	6.5
803	34126.118823	21.500279	0.001908	6182.539406	7.5
804	34941.293574	20.578811	0.001950	6854.613232	10.9
805	36663.171740	19.619358	0.001996	5819.514966	8.3
806	34679.428414	18.659905	0.002045	1979.165443	10.0
807	39529.348519	17.854595	0.002087	5986.669071	11.2
808	34843.806514	18.843068	0.002035	4345.746028	6.7
809	34233.746714	18.637541	0.002046	5059.578054	12.7
810	43231.810277	18.686734	0.002043	4427.984956	8.2
811	40610.126261	19.619824	0.001996	5750.061773	9.5
812	34762.942107	20.388917	0.001959	3178.071712	12.3
813	39212.309494	19.429465	0.002006	4846.700531	6.6
814	47722.060504	20.429178	0.001957	5237.187046	12.5
815	34729.016353	19.655279	0.001995	3328.039779	8.2
816	44462.898228	20.655175	0.001947	5571.983709	9.6
817	34513.820791	19.985056	0.001979	1159.472450	12.0
818	36179.069957	20.976056	0.001932	2655.053733	6.4
819	41491.543425	20.022380	0.001977	5801.974992	6.9
820	34605.167321	19.856989	0.001985	2355.449173	11.3
821	43161.243609	20.855867	0.001938	4453.923716	9.1
822	36594.389635	21.855867	0.001892	3529.036753	12.8
823	44379.752608	21.920054	0.001889	6498.368940	6.2
824	40070.045002	22.916310	0.001847	3431.700688	7.1
825	38305.206108	23.343236	0.001829	3482.088718	13.2
826	34267.813341	24.343236	0.001788	3099.590553	9.1
827	29736.458013	23.765358	0.001812	3793.272068	13.2
828	39150.166813	23.537598	0.001821	5367.973166	6.5
829	32916.834683	23.660067	0.001816	2895.255406	7.0
830	45252.723513	24.228159	0.001793	4098.650423	10.9
831	41095.626799	24.845711	0.001769	6132.577402	9.3
832	34542.955163	25.845080	0.001731	1987.172401	9.9
833	37736.613886	26.585160	0.001704	5299.531750	11.4
834	39005.191047	27.584853	0.001669	3898.484300	6.4
835	34750.538372	26.625706	0.001703	3467.816293	9.7
836	39960.258082	25.894466	0.001729	6017.102766	10.2
837	36585.114887	25.394612	0.001748	5278.383110	6.3
838	37191.812605	24.457702	0.001784	6921.158139	8.3
839	32765.873658	23.542581	0.001821	4899.149877	9.5
840	48765.817763	24.475145	0.001783	7829.756007	11.6
841	40341.467675	24.156730	0.001796	4771.535063	6.6
842	44111.266533	23.197277	0.001835	3337.339135	13.4
843	40484.362494	24.169686	0.001795	1109.492221	9.4
844	33960.204600	23.952890	0.001804	2121.520422	12.8
845	50568.040355	23.104881	0.001839	4757.049128	10.5
846	41414.834322	23.283104	0.001831	4485.296984	9.3
847	36760.560960	24.057123	0.001800	4991.939558	7.9
848	32673.871595	23.622733	0.001817	3867.428936	9.2
849	39060.958100	23.537260	0.001821	4749.959112	9.5
850	39794.244733	23.217021	0.001834	4214.343678	11.9
851	47532.009731	22.839983	0.001850	2917.974151	6.9
852	44217.748011	22.102117	0.001881	5934.371581	12.8
853	46840.465530	21.142664	0.001924	7829.416741	9.0
854	38013.595238	22.142664	0.001880	6030.722293	12.1
855	38475.113980	21.183211	0.001922	2796.493565	11.6
856	35850.722848	21.089237	0.001927	4573.777566	6.4
857	39154.343466	20.132599	0.001972	3637.891268	8.6
858	31052.900040	19.572244	0.001999	2141.119048	9.0
859	32314.774807	19.682873	0.001993	4244.283331	9.4
860	40380.738181	18.855268	0.002035	6648.747652	11.8
861	33135.484734	19.855268	0.001985	4246.757645	7.7
862	40850.277102	19.851049	0.001985	7494.629183	11.4
863	40573.252562	18.891596	0.002033	2230.621364	9.6
864	40134.011145	19.891596	0.001983	5882.552197	10.8
865	50088.638652	19.103686	0.002022	4178.241485	9.7
866	28131.994358	18.258552	0.002066	2143.492727	7.4
867	33137.973746	18.730535	0.002041	7286.742143	11.0
868	36805.420489	18.607259	0.002048	6930.132372	9.4
869	35923.679211	19.607140	0.001997	5508.204255	6.3
870	30796.299653	19.872629	0.001984	3348.376711	8.3
871	40857.996431	19.014501	0.002027	2632.041757	9.2
872	36461.717081	18.279977	0.002065	3344.380074	12.1
873	32202.259092	17.574811	0.002102	5710.438907	6.7
874	47690.287622	16.615931	0.002156	5016.902418	13.2
875	34092.064335	15.836841	0.002201	2757.505583	8.8
876	42054.045885	16.836839	0.002143	1690.468484	13.3
877	40816.212630	17.680089	0.002097	2905.916630	6.0
878	45527.777910	17.933948	0.002083	2287.013219	11.3
879	33838.740756	17.194772	0.002123	3933.468743	7.4
880	32293.108745	16.850783	0.002143	2668.820639	7.0
881	35982.350546	17.208959	0.002122	5036.848526	9.0
882	29226.747234	18.208877	0.002068	2688.305655	12.3
883	28990.562441	17.249424	0.002120	3553.294594	9.1
884	33250.586790	16.517841	0.002162	2663.520098	10.8
885	43186.092683	16.487755	0.002163	4292.319931	9.1
886	41745.669706	16.318216	0.002173	4035.855489	13.2
887	36028.711131	15.462772	0.002224	5260.680120	6.9
888	43485.107010	14.503952	0.002284	3950.707175	6.6
889	41230.731768	13.896659	0.002324	5080.658538	9.4
890	36419.474275	14.896659	0.002259	3425.253918	9.3
891	29924.591429	14.376740	0.002292	3321.145303	8.9
892	39097.771237	14.391345	0.002291	4606.610060	6.7
893	35206.890868	13.432134	0.002355	2698.624211	6.1
894	38787.736556	12.506299	0.002420	6738.542574	12.6
895	33251.711202	12.830656	0.002397	6492.403693	6.3
896	38771.630871	13.830656	0.002328	4125.249814	12.4
897	29587.731822	12.871203	0.002394	2165.467309	9.1
898	27530.927900	12.440203	0.002425	4023.511355	13.5
899	36955.918715	11.480999	0.002497	4108.810289	10.7
900	28515.474851	12.480999	0.002422	3171.743911	7.1
901	35410.024420	11.521546	0.002494	3081.357414	10.0
902	44505.757472	10.562093	0.002569	6622.240581	9.3
903	44239.124621	9.610037	0.002649	5812.805199	11.9
904	31084.167647	10.423034	0.002581	4945.106462	10.3
905	44861.344541	11.381779	0.002504	3182.820430	6.3
906	36409.167081	10.736758	0.002555	2770.362689	9.5
907	32940.265094	10.716434	0.002557	4102.890189	8.7
908	39447.465895	10.462592	0.002578	6273.611464	12.6
909	49657.206845	9.503162	0.002659	4581.316792	10.5
910	33588.761416	10.129804	0.002605	3352.828316	6.5
911	35995.188730	9.552622	0.002654	2911.293278	9.6
912	46498.012865	10.552427	0.002570	4390.716983	6.1
913	35858.785849	9.592974	0.002651	4981.796108	6.2
914	43504.660844	9.928556	0.002622	5634.138144	9.0
915	37246.692102	10.928556	0.002540	4431.954729	9.4
916	32972.616172	10.084716	0.002609	4854.996297	12.4
917	47533.529054	9.749225	0.002637	6579.878868	12.9
918	36160.871320	9.221791	0.002683	5879.035934	9.7
919	47482.511532	8.873442	0.002715	1766.945675	9.3
920	34800.051453	9.873398	0.002627	3694.887382	11.7
921	43506.116492	10.102045	0.002607	7217.714908	6.8
922	41890.445480	9.143305	0.002690	4619.484198	10.3
923	37831.500622	10.142047	0.002604	2899.751625	7.7
924	39686.278642	11.142047	0.002523	3101.730533	9.1
925	34332.310202	10.220355	0.002598	4937.260081	9.5
926	30116.933354	9.706689	0.002641	3392.396223	12.3
927	42602.338921	10.706689	0.002558	5061.496215	10.1
928	39069.988229	10.606952	0.002566	6719.241864	9.6
929	45952.751924	9.647502	0.002646	4979.943693	9.1
930	44096.209408	10.647502	0.002562	3013.080839	13.4
931	33401.776894	11.368666	0.002505	5638.648918	6.4
932	43890.624452	10.675440	0.002560	3611.247557	10.5
933	32539.488372	11.675440	0.002482	5549.298956	9.7
934	40923.585959	11.659292	0.002483	4054.378088	9.1
935	32599.237482	10.920313	0.002541	2693.270003	11.2
936	29982.557641	11.182637	0.002520	3524.520808	13.4
937	36213.583675	12.182516	0.002444	2546.902489	6.3
938	42349.324259	13.136199	0.002376	2490.309876	10.4
939	37177.596368	13.503012	0.002350	4253.664648	8.9
940	41069.761975	14.155480	0.002307	4799.331798	13.3
941	40303.116555	13.196028	0.002372	4052.452422	10.3
942	28948.756187	14.195915	0.002304	3236.003049	6.2
943	46607.924909	15.040839	0.002250	4805.649321	9.9
944	36571.504685	15.712709	0.002209	6184.035724	9.1
945	36763.905982	15.778361	0.002205	2081.386993	10.5
946	38318.821975	15.682726	0.002211	6771.915281	13.9
947	39268.143284	15.334581	0.002232	4184.776605	6.2
948	31928.888136	16.334581	0.002172	5066.136803	8.8
949	43189.056592	17.334495	0.002115	5642.879235	6.3
950	32884.111738	17.572534	0.002102	6109.354217	6.1
951	38501.395893	18.572534	0.002049	4883.316566	8.9
952	40295.723570	17.613082	0.002100	3083.734826	9.6
953	37228.820869	18.072411	0.002076	4623.940230	12.0
954	31253.493529	17.761436	0.002092	1745.352432	9.6
955	31913.736728	17.655725	0.002098	5321.630111	11.9
956	38186.159994	18.655725	0.002045	8247.043234	10.7
957	27306.365471	19.407008	0.002007	1748.111959	11.1
958	38674.434197	19.206916	0.002017	2393.939811	7.5
959	44019.385921	20.155609	0.001970	4191.798811	11.8
960	38755.608104	19.489245	0.002003	4385.957823	6.3
961	42516.805254	18.625207	0.002047	3971.827505	9.9
962	46970.171778	19.625207	0.001996	1712.181122	13.4
963	32386.130599	19.359805	0.002009	3112.215471	9.7
964	26334.891497	18.723829	0.002041	2628.320180	10.6
965	38786.853208	18.093878	0.002074	3976.723099	9.4
966	32920.329362	17.598540	0.002101	5961.113590	12.1
967	35069.780343	18.523519	0.002052	2893.628257	6.3
968	38702.086709	19.146709	0.002020	3873.570886	6.4
969	35427.470733	18.379901	0.002059	2806.657700	10.7
970	34387.423323	17.420458	0.002111	6522.498260	6.9
971	42368.001080	16.461006	0.002165	2485.502331	9.4
972	39068.340983	17.449956	0.002109	4047.881866	13.0
973	41392.109330	17.365994	0.002114	5329.256440	7.4
974	47462.728250	16.411210	0.002168	4279.644627	11.6
975	45611.122624	17.411210	0.002111	4506.763750	9.4
976	29805.416479	16.451757	0.002165	5126.523563	9.3
977	38860.976319	16.696307	0.002151	5326.350137	13.1
978	37389.253826	17.445075	0.002109	4829.377671	8.7
979	42630.901792	18.445075	0.002056	6637.342339	8.7
980	36210.093922	17.485622	0.002107	3266.393975	9.7
981	33982.625091	18.387985	0.002059	4792.495265	9.1
982	35847.415942	18.911903	0.002032	6761.424473	13.0
983	33428.407120	18.356088	0.002061	3052.077739	6.2
984	30306.539958	18.102132	0.002074	2766.671903	11.3
985	40423.353226	18.959126	0.002029	5577.525190	9.7
986	30508.588856	19.561503	0.001999	2921.931907	9.4
987	28485.147984	19.113319	0.002022	2475.559082	13.5
988	31922.355608	18.588593	0.002048	4024.435484	10.0
989	35955.598868	18.260088	0.002066	3327.562083	7.1
990	27632.775441	17.300635	0.002117	4867.802719	10.1
991	28122.126616	17.767020	0.002092	5277.405297	9.1
992	36985.971652	16.807567	0.002145	1825.109797	12.1
993	38653.653114	17.807567	0.002090	6688.732491	6.6
994	33545.066523	17.260584	0.002120	5601.425543	10.5
995	34520.738157	18.260584	0.002066	4201.898800	6.5
996	36579.971722	18.349955	0.002061	2973.226870	9.7
997	33168.078248	17.908111	0.002084	4184.554702	9.4
998	39531.207155	18.908111	0.002032	4683.207648	12.2
999	34515.037881	18.590936	0.002048	6401.926944	10.0
