1:ItNr	2:Metric	3a:Time	3b:StepSize	4:||Gradient||	Time[ms]
0	-0.760792	0.000000	3.351164	0.044120	2709.5
1	-0.762919	0.000000	3.351164	0.054661	10.9
2	-0.749807	1.000000	3.198838	0.052171	10.0
3	-0.738501	2.000000	3.059758	0.057795	11.4
4	-0.757062	3.000000	2.932268	0.056291	11.2
5	-0.759055	4.000000	2.814978	0.047802	9.6
6	-0.756509	5.000000	2.706709	0.039784	11.5
7	-0.758056	6.000000	2.606461	0.049667	12.1
8	-0.768690	7.000000	2.513373	0.060904	10.4
9	-0.769110	8.000000	2.426705	0.059404	10.0
10	-0.758422	9.000000	2.345815	0.067814	10.3
11	-0.742525	10.000000	2.270143	0.054309	11.6
12	-0.759380	11.000000	2.199201	0.047553	10.3
13	-0.735535	12.000000	2.132559	0.033128	10.8
14	-0.766006	13.000000	2.069836	0.035854	11.5
15	-0.745268	13.992095	2.011153	0.040562	10.3
16	-0.751872	14.992095	1.955275	0.042426	9.7
17	-0.765758	15.992095	1.902418	0.048328	11.7
18	-0.767047	16.992095	1.852344	0.044483	10.9
19	-0.763267	17.992095	1.804839	0.025646	10.1
20	-0.748427	18.992095	1.759709	0.023118	11.5
21	-0.759897	19.976361	1.717440	0.022604	12.5
22	-0.775021	20.938770	1.678028	0.033577	12.2
23	-0.753602	21.938762	1.638949	0.029510	10.0
24	-0.761730	22.938762	1.601648	0.026621	17.7
25	-0.760808	23.938719	1.566009	0.037137	13.6
26	-0.765928	24.934650	1.532056	0.044615	10.8
27	-0.751837	25.934650	1.499413	0.048717	9.5
28	-0.746789	26.934650	1.468133	0.040668	15.3
29	-0.754808	27.934650	1.438131	0.036058	9.7
30	-0.766582	28.934650	1.409331	0.026315	10.1
31	-0.728085	28.995275	1.407622	0.025626	12.6
32	-0.749288	28.897217	1.410388	0.031923	9.8
33	-0.762587	29.896873	1.382687	0.030277	11.5
34	-0.770001	30.896873	1.356044	0.021260	11.8
35	-0.765937	31.896553	1.330416	0.039204	10.9
36	-0.770741	32.895708	1.305752	0.027170	11.2
37	-0.777704	33.862092	1.282752	0.026064	11.7
38	-0.766882	33.601137	1.288882	0.020540	10.0
39	-0.760577	34.581186	1.266156	0.028765	10.5
40	-0.760203	34.316684	1.272210	0.040415	12.2
41	-0.797292	35.316684	1.249620	0.026774	10.1
42	-0.780374	36.092987	1.232628	0.033164	10.8
43	-0.764169	37.092987	1.211410	0.021140	11.6
44	-0.786972	36.827421	1.216974	0.033614	9.7
45	-0.752239	37.823090	1.196374	0.034613	10.4
46	-0.762043	38.823090	1.176376	0.028902	11.6
47	-0.743580	38.557524	1.181621	0.017955	9.6
48	-0.793852	39.556065	1.162137	0.039320	10.5
49	-0.778302	39.290577	1.167254	0.039124	11.3
50	-0.755409	40.290577	1.148210	0.029149	11.6
51	-0.752259	40.025009	1.153207	0.055013	10.6
52	-0.739217	41.025009	1.134614	0.032870	11.1
53	-0.748909	42.025009	1.116611	0.025200	10.6
54	-0.760598	43.025009	1.099171	0.023519	16.3
55	-0.774767	43.519068	1.090754	0.027309	12.0
56	-0.753690	44.507597	1.074294	0.028380	10.0
57	-0.763596	45.507580	1.058142	0.019234	11.6
58	-0.770777	46.436560	1.043565	0.029095	11.8
59	-0.771046	46.184945	1.047473	0.051275	10.2
60	-0.759036	47.184944	1.032111	0.041519	11.7
61	-0.750601	48.184944	1.017193	0.034393	10.9
62	-0.768566	49.184944	1.002700	0.030884	9.7
63	-0.768543	50.184944	0.988614	0.024824	11.4
64	-0.773241	51.184943	0.974919	0.036700	11.8
65	-0.743707	51.916891	0.965132	0.024701	9.8
66	-0.778929	52.916819	0.952076	0.024402	11.5
67	-0.736329	53.890279	0.939701	0.030373	11.5
68	-0.754733	54.860405	0.927683	0.030996	9.6
69	-0.761030	55.856757	0.915657	0.031679	10.5
70	-0.754910	56.850298	0.903971	0.019698	9.9
71	-0.750894	56.593307	0.906965	0.019184	11.9
72	-0.773364	57.590492	0.895457	0.045660	10.4
73	-0.754707	57.346930	0.898241	0.025097	9.6
74	-0.752910	58.083863	0.889871	0.027822	11.9
75	-0.757919	57.818756	0.892864	0.035683	11.2
76	-0.770730	58.673576	0.883285	0.030007	10.4
77	-0.784794	59.019697	0.879464	0.044586	11.4
78	-0.777201	60.019693	0.868609	0.031492	10.8
79	-0.782647	61.019625	0.858020	0.031191	9.5
80	-0.767249	62.019135	0.847689	0.025507	12.0
81	-0.773316	63.018011	0.837611	0.027912	11.3
82	-0.774921	64.005750	0.827879	0.014650	9.7
83	-0.750397	63.944794	0.828473	0.030097	11.5
84	-0.762229	63.686008	0.831004	0.028291	10.7
85	-0.752240	64.686006	0.821306	0.026458	9.5
86	-0.776211	65.685995	0.811832	0.032994	11.6
87	-0.769905	66.685995	0.802573	0.022131	10.6
88	-0.771888	67.684537	0.793537	0.026040	10.4
89	-0.776875	68.684410	0.784690	0.014816	12.1
90	-0.786724	68.427385	0.786945	0.024746	12.3
91	-0.787225	68.569244	0.785699	0.026678	12.9
92	-0.760071	68.305376	0.788020	0.021430	10.5
93	-0.769506	68.043693	0.790336	0.025748	9.8
94	-0.772582	67.778445	0.792697	0.038254	9.6
95	-0.773250	67.512877	0.795076	0.048998	9.8
96	-0.748573	68.512877	0.786193	0.025910	9.7
97	-0.758801	69.512876	0.777508	0.034705	10.2
98	-0.760212	70.405856	0.769912	0.044047	9.7
99	-0.753994	71.405856	0.761580	0.028756	9.7
100	-0.762619	72.405856	0.753426	0.026088	10.0
101	-0.763190	72.200372	0.755088	0.025008	9.5
102	-0.764859	72.252107	0.754669	0.028008	9.7
103	-0.787166	73.251637	0.746665	0.034539	10.5
104	-0.770964	74.251625	0.738827	0.023219	9.6
105	-0.759190	74.943870	0.733496	0.025361	9.7
106	-0.755300	75.263094	0.731064	0.030754	9.6
107	-0.790797	76.257931	0.723586	0.022023	9.5
108	-0.770735	77.251364	0.716269	0.020076	9.7
109	-0.775112	76.987415	0.718199	0.018128	9.5
110	-0.770913	76.721888	0.720150	0.036712	9.6
111	-0.775795	77.677367	0.713177	0.030620	9.5
112	-0.785385	78.677098	0.706024	0.035624	9.6
113	-0.783919	79.677098	0.699011	0.030622	9.6
114	-0.769506	79.411531	0.700860	0.018033	9.8
115	-0.766925	79.362304	0.701204	0.027730	9.5
116	-0.777356	79.416863	0.700823	0.035307	9.7
117	-0.774805	80.403634	0.694003	0.040955	9.7
118	-0.772246	80.897253	0.690641	0.028884	9.5
119	-0.760115	81.897253	0.683929	0.026972	10.0
120	-0.781162	81.916179	0.683803	0.023805	9.5
121	-0.754681	82.591155	0.679348	0.017756	9.6
122	-0.777124	82.325629	0.681094	0.027989	9.7
123	-0.792167	82.607582	0.679240	0.025948	9.7
124	-0.766155	83.488930	0.673511	0.019286	12.5
125	-0.791874	83.226552	0.675206	0.031005	13.5
126	-0.789478	83.093772	0.676068	0.015268	10.8
127	-0.771398	82.829219	0.677790	0.021856	9.8
128	-0.779063	82.756107	0.678268	0.027148	12.6
129	-0.786974	83.668495	0.672356	0.040803	10.4
130	-0.762367	84.668495	0.665993	0.018668	10.2
131	-0.754383	84.404161	0.667663	0.034098	9.7
132	-0.776022	84.434225	0.667472	0.019171	9.6
133	-0.764951	85.433947	0.661203	0.024894	9.6
134	-0.775438	85.454850	0.661073	0.028363	10.2
135	-0.795128	85.205252	0.662627	0.036389	9.6
136	-0.786409	86.205252	0.656446	0.043656	9.6
137	-0.774801	85.946423	0.658035	0.042104	9.6
138	-0.762829	86.946423	0.651939	0.021222	10.2
139	-0.785014	87.674710	0.647570	0.019720	9.6
140	-0.772438	87.409300	0.649155	0.017403	9.5
141	-0.779380	87.182107	0.650518	0.027649	9.7
142	-0.753103	88.180381	0.644570	0.020000	10.3
143	-0.760180	88.999754	0.639769	0.019153	9.5
144	-0.802241	88.735352	0.641311	0.025863	9.6
145	-0.780344	88.492410	0.642734	0.031233	9.5
146	-0.772758	89.492356	0.636917	0.027138	10.1
147	-0.767421	89.226810	0.638451	0.033629	9.6
148	-0.782099	90.226807	0.632711	0.022559	9.5
149	-0.759805	89.964231	0.634208	0.029713	9.9
150	-0.778988	89.802227	0.635136	0.033037	9.6
151	-0.779833	90.802107	0.629455	0.024835	9.5
152	-0.764141	90.538012	0.630946	0.024149	9.6
153	-0.780045	90.764390	0.629668	0.027509	10.0
154	-0.763550	90.498830	0.631168	0.020420	9.6
155	-0.783245	90.308463	0.632247	0.021042	9.4
156	-0.757109	90.108801	0.633383	0.023909	9.4
157	-0.765821	90.860244	0.629128	0.021571	9.4
158	-0.767743	91.790672	0.623938	0.022038	9.6
159	-0.774689	92.789023	0.618464	0.031739	9.5
160	-0.776476	93.775676	0.613148	0.019551	9.4
161	-0.787898	93.532840	0.614448	0.016748	9.5
162	-0.747579	93.464141	0.614816	0.032654	9.5
163	-0.765656	93.205041	0.616211	0.022554	9.6
164	-0.786898	92.939708	0.617646	0.025588	9.4
165	-0.761497	93.896567	0.612503	0.021648	9.5
166	-0.774010	94.890207	0.607251	0.033126	13.7
167	-0.783809	94.625106	0.608643	0.050110	11.3
168	-0.776370	95.625106	0.603424	0.035084	13.1
169	-0.763171	96.625106	0.598294	0.023457	14.3
170	-0.776685	97.523474	0.593760	0.026711	12.7
171	-0.771298	97.257906	0.595093	0.044052	11.5
172	-0.781436	97.991080	0.591426	0.031871	10.2
173	-0.759538	98.991080	0.586497	0.026493	10.9
174	-0.782002	98.728026	0.587786	0.019462	10.2
175	-0.789794	98.462882	0.589090	0.040941	9.8
176	-0.763558	98.975693	0.586572	0.024637	10.1
177	-0.764728	99.975683	0.581724	0.029752	9.7
178	-0.745202	99.993515	0.581638	0.013882	9.5
179	-0.747622	100.439713	0.579501	0.017819	9.5
180	-0.768465	100.174794	0.580768	0.009970	10.3
181	-0.776436	99.919504	0.581994	0.023364	10.4
182	-0.777032	99.698456	0.583060	0.033396	9.9
183	-0.776387	99.432888	0.584346	0.026925	10.9
184	-0.779129	100.432883	0.579534	0.021169	10.9
185	-0.768274	100.221454	0.580544	0.019258	10.1
186	-0.784018	100.319134	0.580077	0.028428	12.6
187	-0.777110	100.053979	0.581348	0.025926	9.7
188	-0.759170	100.851061	0.577545	0.039631	9.8
189	-0.779098	101.851030	0.572844	0.018993	10.7
190	-0.785501	101.689040	0.573600	0.030398	9.8
191	-0.775879	101.676463	0.573659	0.018778	9.6
192	-0.756933	101.410909	0.574903	0.015248	10.5
193	-0.765541	101.147489	0.576143	0.025040	9.7
194	-0.779615	100.891146	0.577355	0.016338	9.8
195	-0.784638	100.743180	0.578057	0.030405	9.8
196	-0.790665	100.477922	0.579319	0.022547	9.8
197	-0.768799	100.212408	0.580588	0.052382	10.2
198	-0.780471	101.212303	0.575838	0.027453	9.7
199	-0.742518	102.212303	0.571164	0.021864	10.4
200	-0.770778	101.946736	0.572398	0.023238	10.6
201	-0.778277	102.937952	0.567820	0.024166	10.3
202	-0.773665	102.673014	0.569036	0.025951	10.8
203	-0.779133	102.418322	0.570211	0.032153	9.5
204	-0.795747	103.418144	0.565628	0.023644	9.7
205	-0.775456	103.318495	0.566082	0.029486	10.6
206	-0.770345	104.315526	0.561578	0.030669	9.8
207	-0.766455	104.050096	0.562770	0.025383	16.2
208	-0.774324	103.797034	0.563911	0.025091	10.8
209	-0.767686	104.796800	0.559429	0.026238	13.7
210	-0.759552	104.531233	0.560613	0.022223	11.2
211	-0.783524	105.530466	0.556186	0.031443	10.6
212	-0.786241	106.517260	0.551882	0.016912	10.1
213	-0.786462	106.830347	0.550530	0.029962	9.6
214	-0.776625	106.756507	0.550848	0.044004	10.4
215	-0.759206	106.554119	0.551722	0.023916	9.7
216	-0.774211	107.552555	0.547437	0.029143	10.2
217	-0.767995	108.547868	0.543231	0.024780	11.5
218	-0.778437	108.305111	0.544251	0.024007	9.6
219	-0.774400	108.923603	0.541660	0.033693	10.2
220	-0.763999	109.796732	0.538044	0.026670	10.7
221	-0.775877	110.796609	0.533962	0.022195	10.0
222	-0.774209	111.099325	0.532739	0.038742	9.7
223	-0.783164	110.836262	0.533802	0.017648	9.9
224	-0.773741	110.570694	0.534879	0.017895	11.3
225	-0.787067	110.727287	0.534243	0.038484	10.2
226	-0.767742	110.461773	0.535322	0.025503	9.6
227	-0.784788	111.304772	0.531912	0.016820	10.4
228	-0.789196	111.412412	0.531479	0.025380	10.5
229	-0.787560	111.148584	0.532540	0.024572	9.7
230	-0.768308	110.883132	0.533612	0.018833	10.8
231	-0.784596	111.811082	0.529884	0.029520	9.5
232	-0.794889	112.562093	0.526904	0.011950	11.0
233	-0.774738	112.337902	0.527790	0.020400	9.8
234	-0.770056	112.079593	0.528815	0.023380	10.6
235	-0.787247	113.078677	0.524874	0.031724	11.4
236	-0.756973	114.074009	0.521007	0.021858	13.7
237	-0.784711	113.814321	0.522010	0.023787	9.9
238	-0.778216	113.645331	0.522665	0.021602	10.0
239	-0.773819	113.394853	0.523639	0.025703	9.9
240	-0.766251	114.394322	0.519774	0.030155	9.8
241	-0.769168	115.389668	0.515981	0.030267	10.3
242	-0.773937	116.389667	0.512225	0.022960	10.1
243	-0.785682	116.124100	0.513217	0.030084	9.8
244	-0.776196	115.874038	0.514155	0.023685	11.7
245	-0.770260	116.326910	0.512459	0.027072	9.7
246	-0.757792	117.326784	0.508755	0.043134	10.3
247	-0.767948	117.061216	0.509734	0.026911	9.7
248	-0.769351	118.061215	0.506068	0.018950	10.2
249	-0.755242	118.901987	0.503027	0.026186	9.7
250	-0.779635	118.944382	0.502874	0.033464	9.6
251	-0.750606	119.944382	0.499306	0.020795	10.6
252	-0.784957	119.678851	0.500249	0.022871	9.7
253	-0.775030	119.590527	0.500563	0.016596	9.9
254	-0.775001	119.324981	0.501510	0.021465	10.4
255	-0.782055	119.390483	0.501276	0.025260	9.6
256	-0.767456	119.205446	0.501938	0.015703	9.7
257	-0.789517	118.950076	0.502854	0.023302	10.1
258	-0.763959	119.109793	0.502281	0.022329	9.4
259	-0.775356	119.996536	0.499122	0.021964	10.5
260	-0.776857	120.291852	0.498079	0.020992	9.6
261	-0.775057	120.199815	0.498403	0.017740	10.3
262	-0.762252	120.475580	0.497432	0.021446	11.0
263	-0.774850	121.351373	0.494371	0.025651	9.7
264	-0.796528	121.098924	0.495250	0.024399	10.3
265	-0.776384	120.833356	0.496177	0.022930	10.7
266	-0.773560	121.833165	0.492704	0.034685	10.8
267	-0.780391	122.724365	0.489649	0.017048	9.7
268	-0.777849	122.484680	0.490467	0.019497	10.2
269	-0.784151	122.221810	0.491367	0.021782	11.0
270	-0.773134	121.960905	0.492264	0.018601	9.8
271	-0.786984	122.953291	0.488870	0.019845	9.6
272	-0.766117	123.901544	0.485671	0.029851	10.4
273	-0.787415	124.892034	0.482373	0.026009	9.6
274	-0.791254	125.892028	0.479090	0.020234	10.3
275	-0.795325	126.847672	0.475993	0.021165	16.5
276	-0.797150	127.776591	0.473021	0.033054	10.6
277	-0.781009	128.461429	0.470854	0.035353	9.5
278	-0.781446	129.461410	0.467724	0.026352	10.1
279	-0.761412	129.269961	0.468320	0.018753	11.1
280	-0.772627	129.080007	0.468913	0.030418	10.1
281	-0.770980	128.815835	0.469740	0.015536	9.6
282	-0.768660	129.197244	0.468547	0.028524	10.0
283	-0.770803	128.931789	0.469376	0.022385	9.5
284	-0.772270	128.816260	0.469738	0.014118	10.5
285	-0.794055	128.552376	0.470567	0.027379	12.4
286	-0.772871	128.428801	0.470956	0.032996	9.5
287	-0.786133	129.424285	0.467840	0.020581	10.1
288	-0.791602	130.375697	0.464899	0.022067	12.0
289	-0.770544	130.110865	0.465714	0.025207	9.9
290	-0.771801	130.957414	0.463119	0.023808	9.8
291	-0.775166	131.956997	0.460093	0.027670	11.4
292	-0.768735	131.692133	0.460891	0.024686	10.9
293	-0.758546	131.516553	0.461422	0.022995	9.8
294	-0.799510	132.502557	0.458458	0.020368	12.3
295	-0.771825	133.460862	0.455613	0.025598	10.6
296	-0.781263	133.209365	0.456356	0.029013	10.2
297	-0.790039	132.944003	0.457143	0.022896	11.6
298	-0.778365	132.692528	0.457891	0.026593	10.4
299	-0.780023	133.611300	0.455170	0.026651	10.3
300	-0.753219	133.345732	0.455953	0.024761	12.2
301	-0.753632	133.080165	0.456739	0.021393	10.4
302	-0.802217	134.072562	0.453816	0.026549	10.0
303	-0.776169	135.047036	0.450982	0.015929	20.1
304	-0.797939	134.792348	0.451719	0.015152	19.3
305	-0.793402	134.527332	0.452489	0.031320	15.4
306	-0.765145	135.493487	0.449696	0.024346	12.1
307	-0.777014	136.455865	0.446947	0.037633	9.5
308	-0.766011	136.190372	0.447702	0.027527	9.7
309	-0.785274	137.190372	0.444872	0.024783	13.5
310	-0.771248	138.186889	0.442087	0.016852	12.6
311	-0.756187	138.440545	0.441384	0.021448	11.3
312	-0.797255	138.180426	0.442105	0.018942	11.3
313	-0.788592	137.983121	0.442654	0.030375	13.5
314	-0.778243	137.718230	0.443392	0.020764	9.8
315	-0.772261	137.456480	0.444125	0.036473	10.4
316	-0.769879	138.456199	0.441340	0.017797	12.8
317	-0.745850	139.432833	0.438654	0.027998	9.7
318	-0.765058	139.233939	0.439198	0.030463	12.0
319	-0.777751	140.207039	0.436547	0.016565	12.3
320	-0.773148	140.329430	0.436216	0.024323	10.0
321	-0.772342	140.816584	0.434903	0.031799	12.7
322	-0.769116	140.551036	0.435617	0.016166	12.6
323	-0.801076	140.287164	0.436330	0.030453	10.1
324	-0.758622	140.021611	0.437050	0.025464	12.2
325	-0.774669	140.220145	0.436511	0.029086	12.3
326	-0.793506	141.209257	0.433850	0.027236	9.8
327	-0.769801	140.943690	0.434561	0.030391	11.8
328	-0.789422	140.884357	0.434720	0.020786	11.0
329	-0.757708	141.879695	0.432064	0.015914	9.6
330	-0.770178	141.736026	0.432445	0.019413	10.3
331	-0.761228	141.479766	0.433127	0.015932	10.1
332	-0.775089	141.266849	0.433696	0.021207	12.8
333	-0.780309	141.001704	0.434406	0.023523	10.5
334	-0.774211	141.138519	0.434039	0.014159	10.2
335	-0.780460	140.873760	0.434749	0.023552	19.5
336	-0.757778	140.611473	0.435454	0.021582	10.3
337	-0.783203	140.346652	0.436169	0.023415	11.9
338	-0.781112	140.575083	0.435553	0.019497	10.8
339	-0.765141	140.345007	0.436174	0.018618	9.7
340	-0.786428	140.395535	0.436037	0.022770	11.3
341	-0.787077	140.133659	0.436746	0.034988	11.0
342	-0.805843	141.119619	0.434090	0.034196	9.9
343	-0.790458	142.119602	0.431428	0.018861	11.3
344	-0.785772	141.854045	0.432132	0.022548	11.2
345	-0.802313	142.849837	0.429506	0.025072	11.0
346	-0.784040	143.844421	0.426914	0.019789	11.0
347	-0.765269	144.520722	0.425170	0.022947	11.4
348	-0.789931	144.641258	0.424861	0.014131	9.6
349	-0.774726	144.859110	0.424303	0.023596	11.3
350	-0.762640	144.594934	0.424979	0.021316	11.8
351	-0.795004	144.553532	0.425086	0.024189	9.8
352	-0.776838	144.870714	0.424273	0.024918	10.2
353	-0.784040	144.640378	0.424863	0.048710	9.7
354	-0.787420	145.640378	0.422313	0.040020	11.7
355	-0.803207	146.640378	0.419794	0.025124	11.6
356	-0.788399	147.621894	0.417351	0.025706	9.7
357	-0.766187	148.590917	0.414966	0.022366	11.6
358	-0.769893	148.835774	0.414368	0.016372	11.0
359	-0.778340	149.724230	0.412211	0.023893	9.5
360	-0.782861	149.459470	0.412851	0.026880	11.7
361	-0.804469	149.194141	0.413495	0.027756	10.4
362	-0.809516	148.930131	0.414138	0.026772	10.0
363	-0.796856	149.560454	0.412607	0.020005	11.8
364	-0.785225	149.301314	0.413235	0.026177	10.5
365	-0.768754	149.231262	0.413405	0.030594	9.7
366	-0.790484	150.230830	0.410992	0.026263	11.4
367	-0.795912	149.965262	0.411630	0.015165	11.4
368	-0.768017	149.833054	0.411949	0.037791	9.6
369	-0.768554	149.818642	0.411983	0.028928	16.4
370	-0.803044	150.818642	0.409586	0.026081	11.4
371	-0.776692	150.553074	0.410220	0.022369	11.6
372	-0.791042	151.551816	0.407845	0.031986	9.7
373	-0.777756	151.302571	0.408435	0.022567	11.4
374	-0.779250	152.295426	0.406095	0.017168	11.9
375	-0.768956	152.034240	0.406708	0.029839	10.1
376	-0.773717	151.768746	0.407333	0.019218	11.5
377	-0.781270	151.516210	0.407929	0.028647	11.6
378	-0.765812	152.465525	0.405697	0.026100	9.8
379	-0.779817	152.422504	0.405798	0.022207	11.7
380	-0.789703	152.181518	0.406362	0.034522	11.8
381	-0.790131	153.102461	0.404213	0.021852	10.4
382	-0.775907	152.836895	0.404830	0.030154	10.1
383	-0.773838	153.835209	0.402519	0.031382	10.6
384	-0.791262	153.580816	0.403105	0.028060	11.3
385	-0.798546	153.316075	0.403717	0.032615	9.8
386	-0.764536	154.315972	0.401415	0.036023	10.0
387	-0.783473	154.050404	0.402024	0.026609	12.4
388	-0.770439	155.050247	0.399741	0.028031	10.3
389	-0.786346	154.784742	0.400344	0.021415	10.5
390	-0.760303	155.570432	0.398563	0.022442	12.2
391	-0.787340	156.220392	0.397101	0.032495	10.3
392	-0.789312	157.215272	0.394884	0.018543	10.2
393	-0.771275	156.951419	0.395470	0.021837	11.8
394	-0.794715	156.806897	0.395791	0.035954	10.5
395	-0.780106	156.541330	0.396383	0.022985	9.7
396	-0.777059	157.370396	0.394541	0.027526	11.5
397	-0.788540	157.479001	0.394301	0.021594	10.5
398	-0.774643	157.259801	0.394786	0.019693	9.6
399	-0.787307	156.994305	0.395375	0.034595	12.0
400	-0.792275	157.979420	0.393199	0.023219	10.7
401	-0.771343	158.771352	0.391466	0.015524	9.6
402	-0.774319	158.506763	0.392043	0.031351	11.6
403	-0.779918	158.243872	0.392618	0.015618	11.1
404	-0.801442	157.991132	0.393173	0.026527	9.7
405	-0.787445	157.728612	0.393750	0.021849	11.4
406	-0.785905	157.506115	0.394241	0.018970	11.0
407	-0.764841	157.240715	0.394828	0.021229	9.6
408	-0.783180	156.975222	0.395417	0.029245	9.6
409	-0.778399	156.776240	0.395860	0.024955	9.7
410	-0.782525	156.733729	0.395954	0.025102	10.7
411	-0.787454	156.468193	0.396547	0.020980	15.3
412	-0.789013	156.648828	0.396144	0.026877	10.0
413	-0.754922	156.383627	0.396736	0.020788	9.5
414	-0.772188	156.118286	0.397330	0.025284	9.6
415	-0.784659	155.853165	0.397926	0.037828	9.6
416	-0.787660	155.798040	0.398050	0.021679	9.8
417	-0.799919	155.532518	0.398649	0.026907	9.7
418	-0.778294	156.383660	0.396736	0.027030	12.5
419	-0.762552	156.118258	0.397330	0.027415	12.3
420	-0.779719	155.853206	0.397926	0.022739	9.8
421	-0.775675	155.587644	0.398524	0.021434	9.6
422	-0.764542	156.303325	0.396916	0.031399	9.6
423	-0.763194	156.623927	0.396199	0.016590	9.7
424	-0.791723	156.359283	0.396790	0.035218	9.6
425	-0.790260	157.352406	0.394581	0.016516	10.1
426	-0.759977	157.571906	0.394096	0.019282	9.6
427	-0.764496	157.594990	0.394045	0.022105	10.7
428	-0.775154	157.331887	0.394626	0.018754	9.8
429	-0.753589	157.393223	0.394491	0.016895	9.7
430	-0.776010	157.243877	0.394821	0.019542	10.1
431	-0.766937	156.979575	0.395407	0.025674	9.6
432	-0.791533	156.718394	0.395989	0.025527	9.6
433	-0.768580	156.453877	0.396579	0.018317	9.6
434	-0.774293	157.111121	0.395115	0.022558	9.8
435	-0.801766	157.090676	0.395161	0.022841	9.8
436	-0.785276	156.825937	0.395749	0.027121	15.6
437	-0.782257	157.806443	0.393579	0.040067	17.5
438	-0.773516	157.540914	0.394164	0.018549	15.9
439	-0.779956	157.495194	0.394265	0.023560	16.5
440	-0.777968	157.251305	0.394805	0.028802	22.2
441	-0.767541	156.985737	0.395394	0.021080	12.6
442	-0.773849	156.720208	0.395984	0.020048	11.7
443	-0.780968	156.456258	0.396573	0.023308	9.9
444	-0.795595	156.194514	0.397159	0.027953	9.6
445	-0.785086	157.175573	0.394972	0.030106	10.0
446	-0.780006	156.910005	0.395562	0.031498	9.4
447	-0.793838	156.653304	0.396134	0.026493	9.5
448	-0.786596	157.653245	0.393916	0.019426	9.6
449	-0.781601	157.410368	0.394453	0.017967	11.4
450	-0.773054	157.564000	0.394113	0.030758	9.6
451	-0.782895	157.298465	0.394700	0.031092	9.6
452	-0.784220	158.298465	0.392499	0.022693	9.6
453	-0.779897	159.247274	0.390433	0.021128	9.7
454	-0.789102	159.712672	0.389427	0.021991	9.6
455	-0.777866	160.408210	0.387934	0.028517	9.5
456	-0.769505	161.401895	0.385821	0.015175	9.6
457	-0.787892	161.178058	0.386295	0.022383	9.5
458	-0.782886	160.916306	0.386851	0.022678	9.9
459	-0.792552	160.651521	0.387415	0.026178	9.7
460	-0.789274	160.617350	0.387487	0.019260	9.6
461	-0.794714	160.351804	0.388055	0.023768	9.6
462	-0.772895	160.086385	0.388624	0.032714	9.4
463	-0.771497	161.083045	0.386496	0.019168	9.7
464	-0.785628	160.900677	0.386884	0.043767	10.3
465	-0.781313	161.796876	0.384987	0.021931	9.6
466	-0.777327	162.793342	0.382900	0.020140	9.8
467	-0.782823	162.527903	0.383454	0.027988	9.6
468	-0.801026	162.262349	0.384009	0.016188	9.6
469	-0.781463	161.997445	0.384565	0.028814	9.7
470	-0.786942	161.795638	0.384990	0.022782	16.4
471	-0.776934	161.867877	0.384838	0.034946	9.6
472	-0.777206	161.602309	0.385397	0.020924	10.7
473	-0.802353	161.336742	0.385959	0.020600	9.7
474	-0.781493	161.071193	0.386522	0.018565	9.7
475	-0.776456	160.806854	0.387084	0.026021	9.9
476	-0.791104	160.784869	0.387130	0.029608	9.6
477	-0.765803	160.519303	0.387697	0.032160	9.7
478	-0.781828	160.893830	0.386898	0.033899	9.5
479	-0.781968	160.628301	0.387464	0.039505	9.8
480	-0.783899	161.628301	0.385342	0.028699	9.8
481	-0.772355	162.623255	0.383255	0.033528	9.6
482	-0.789315	162.357717	0.383810	0.022986	9.6
483	-0.766668	163.079610	0.382304	0.022632	9.5
484	-0.796854	164.076940	0.380244	0.029038	9.5
485	-0.780102	164.589520	0.379194	0.032874	9.6
486	-0.793660	164.323952	0.379737	0.031510	9.6
487	-0.785917	164.493194	0.379391	0.022126	9.7
488	-0.786820	165.445986	0.377452	0.014553	9.6
489	-0.767757	166.361103	0.375609	0.014153	9.6
490	-0.771866	166.105804	0.376121	0.023751	9.6
491	-0.785635	165.844755	0.376647	0.027507	9.5
492	-0.761343	165.624882	0.377090	0.020202	10.1
493	-0.784738	166.624212	0.375082	0.014510	10.5
494	-0.766107	166.359916	0.375611	0.033631	9.6
495	-0.784800	166.096777	0.376139	0.029555	9.7
496	-0.755182	165.886269	0.376563	0.023235	9.5
497	-0.772350	166.421931	0.375487	0.027138	9.6
498	-0.776900	166.683629	0.374963	0.028612	9.8
499	-0.769729	167.683479	0.372976	0.029746	9.7
