1:ItNr	2:Metric	3a:Time	3b:StepSize	4:||Gradient||	Time[ms]
0	-1.779645	0.000000	707.355749	0.012291	4468.8
1	-1.794402	0.000000	707.355749	0.010279	43.3
2	-1.789594	1.000000	675.203215	0.011391	114.7
3	-1.821667	2.000000	645.846553	0.013052	94.4
4	-1.794011	3.000000	618.936280	0.012818	82.9
5	-1.818928	4.000000	594.178829	0.012414	74.6
6	-1.824638	5.000000	571.325797	0.010791	62.4
7	-1.830598	6.000000	550.165583	0.013170	76.6
8	-1.800817	7.000000	530.516812	0.012057	81.1
9	-1.828359	8.000000	512.223129	0.013000	67.5
10	-1.829645	9.000000	495.149024	0.012389	63.3
11	-1.825919	10.000000	479.176475	0.014281	69.6
12	-1.825807	11.000000	464.202210	0.013841	68.4
13	-1.815750	12.000000	450.135477	0.013268	57.4
14	-1.832805	13.000000	436.896198	0.014414	74.0
15	-1.843068	14.000000	424.413449	0.013146	77.3
16	-1.846703	15.000000	412.624187	0.011626	90.3
17	-1.837340	16.000000	401.472182	0.014242	67.9
18	-1.840122	17.000000	390.907124	0.014124	83.4
19	-1.857197	18.000000	380.883865	0.014111	65.9
20	-1.860610	19.000000	371.361768	0.015674	48.5
21	-1.828236	20.000000	362.304164	0.012377	46.3
22	-1.848780	21.000000	353.677875	0.012042	48.2
23	-1.854047	22.000000	345.452808	0.012773	56.3
24	-1.837959	23.000000	337.601608	0.012831	55.6
25	-1.859574	24.000000	330.099350	0.012407	43.4
26	-1.836773	25.000000	322.923277	0.011880	42.3
27	-1.864756	26.000000	316.052569	0.012469	41.4
28	-1.858135	27.000000	309.468140	0.014316	46.9
29	-1.853999	28.000000	303.152464	0.016049	42.8
30	-1.853910	29.000000	297.089415	0.012568	44.8
31	-1.866190	30.000000	291.264132	0.013503	44.2
32	-1.875782	31.000000	285.662899	0.014356	39.8
33	-1.870448	32.000000	280.273033	0.014647	42.4
34	-1.884454	33.000000	275.082791	0.014725	43.6
35	-1.867620	34.000000	270.081286	0.013860	41.2
36	-1.849243	35.000000	265.258406	0.013049	42.2
37	-1.878358	36.000000	260.604750	0.013171	47.2
38	-1.855987	37.000000	256.111564	0.011197	40.3
39	-1.859202	38.000000	251.770690	0.014488	47.9
40	-1.870228	39.000000	247.574512	0.012676	45.8
41	-1.869358	40.000000	243.515914	0.013140	43.7
42	-1.870330	41.000000	239.588238	0.013058	42.5
43	-1.869548	42.000000	235.785250	0.012168	45.0
44	-1.885858	43.000000	232.101105	0.015496	40.6
45	-1.876716	44.000000	228.530319	0.015426	45.6
46	-1.855979	45.000000	225.067738	0.012779	71.8
47	-1.906396	46.000000	221.708518	0.014437	68.4
48	-1.875956	47.000000	218.448099	0.015438	56.2
49	-1.890004	48.000000	215.282184	0.015535	64.2
50	-1.903718	49.000000	212.206725	0.013162	56.7
51	-1.883255	50.000000	209.217898	0.012038	55.1
52	-1.881950	51.000000	206.312093	0.012455	54.0
53	-1.871698	52.000000	203.485900	0.014049	50.5
54	-1.878239	53.000000	200.736091	0.012789	47.6
55	-1.869823	54.000000	198.059610	0.012739	47.8
56	-1.910255	55.000000	195.453562	0.013649	46.3
57	-1.875004	56.000000	192.915204	0.013892	45.8
58	-1.911761	57.000000	190.441932	0.012474	49.0
59	-1.901482	58.000000	188.031275	0.012532	47.0
60	-1.888570	59.000000	185.680884	0.013587	45.6
61	-1.901731	60.000000	183.388528	0.015338	44.5
62	-1.880924	61.000000	181.152082	0.013958	45.9
63	-1.877194	62.000000	178.969527	0.013446	52.0
64	-1.884098	63.000000	176.838937	0.016756	51.8
65	-1.876337	64.000000	174.758479	0.013986	50.8
66	-1.882790	65.000000	172.726404	0.011742	77.3
67	-1.912011	66.000000	170.741043	0.010063	98.6
68	-1.891276	67.000000	168.800804	0.012123	62.0
69	-1.907671	67.997038	166.909721	0.015186	66.5
70	-1.880815	68.997038	165.055108	0.013372	74.9
71	-1.882956	69.997038	163.241256	0.011481	62.3
72	-1.888687	70.997038	161.466837	0.012588	59.5
73	-1.898859	71.997038	159.730580	0.013495	56.0
74	-1.883197	72.997038	158.031265	0.014388	55.1
75	-1.892581	73.997038	156.367726	0.013020	61.1
76	-1.917414	74.997038	154.738845	0.013424	43.1
77	-1.901312	75.997038	153.143550	0.016756	43.0
78	-1.898876	76.997038	151.580814	0.015507	42.9
79	-1.901025	77.997038	150.049649	0.013590	42.4
80	-1.894380	78.997038	148.549108	0.012632	45.6
81	-1.895485	79.997038	147.078281	0.012787	48.7
82	-1.910784	80.997038	145.636296	0.013522	49.5
83	-1.874901	81.997038	144.222310	0.015877	76.1
84	-1.895354	82.997038	142.835518	0.013920	79.8
85	-1.897769	83.997038	141.475141	0.012096	67.9
86	-1.887306	84.997038	140.140433	0.012009	63.8
87	-1.919817	85.997038	138.830673	0.011324	66.1
88	-1.896360	86.997038	137.545168	0.011576	56.1
89	-1.904275	87.997038	136.283252	0.012021	63.4
90	-1.913979	88.997038	135.044280	0.013630	82.7
91	-1.878944	89.997038	133.827632	0.015499	101.8
92	-1.924172	90.997038	132.632711	0.013388	86.4
93	-1.902521	91.997038	131.458939	0.014448	72.5
94	-1.896748	92.997038	130.305761	0.014065	61.4
95	-1.917908	93.997038	129.172638	0.016041	50.9
96	-1.917038	94.997038	128.059052	0.012416	60.4
97	-1.891678	95.997038	126.964503	0.012904	62.4
98	-1.913731	96.997038	125.888506	0.014113	58.1
99	-1.918198	97.997038	124.830593	0.015550	55.9
100	-1.919431	98.997038	123.790312	0.015117	52.3
101	-1.878102	99.997038	122.767226	0.012840	66.9
102	-1.915611	100.997038	121.760913	0.012452	95.6
103	-1.917929	101.997038	120.770963	0.014072	100.4
104	-1.909662	102.997038	119.796981	0.014085	90.3
105	-1.909897	103.997038	118.838582	0.016423	81.8
106	-1.931911	104.997038	117.895397	0.014530	74.0
107	-1.905336	105.997038	116.967065	0.013073	45.7
108	-1.876920	106.997038	116.053238	0.015016	45.8
109	-1.911094	107.997038	115.153580	0.014167	51.2
110	-1.906887	108.997038	114.267763	0.012356	57.6
111	-1.894939	109.997038	113.395471	0.012249	47.2
112	-1.908119	110.997038	112.536395	0.012063	44.5
113	-1.904257	111.997038	111.690238	0.010816	43.4
114	-1.919646	112.997038	110.856710	0.011821	42.0
115	-1.918566	113.997038	110.035531	0.015019	51.0
116	-1.899350	114.997038	109.226429	0.014176	42.7
117	-1.902554	115.997038	108.429138	0.011096	43.2
118	-1.905805	116.997038	107.643403	0.012530	48.5
119	-1.912294	117.997038	106.868973	0.012442	49.2
120	-1.912792	118.997038	106.105607	0.012666	74.5
121	-1.910372	119.997038	105.353070	0.013403	100.2
122	-1.906253	120.997038	104.611131	0.012742	99.6
123	-1.911290	121.997038	103.879570	0.012334	78.9
124	-1.890220	122.997038	103.158169	0.014883	76.5
125	-1.919255	123.997038	102.446719	0.016461	69.6
126	-1.891694	124.997038	101.745015	0.014526	67.4
127	-1.910128	125.997038	101.052858	0.014383	70.5
128	-1.926344	126.997038	100.370054	0.013554	60.9
129	-1.917673	127.997038	99.696417	0.016334	51.6
130	-1.905572	128.997038	99.031761	0.014616	50.8
131	-1.927875	129.997038	98.375908	0.015342	55.9
132	-1.922165	130.997038	97.728686	0.016917	56.2
133	-1.916168	131.997038	97.089924	0.017520	43.9
134	-1.903194	132.997038	96.459458	0.014414	43.6
135	-1.896295	133.997038	95.837127	0.012014	48.1
136	-1.916254	134.997038	95.222774	0.016068	43.4
137	-1.899356	135.997038	94.616248	0.012159	49.8
138	-1.896354	136.997038	94.017400	0.012390	47.7
139	-1.929687	137.847464	93.514057	0.013595	60.2
140	-1.907285	138.847464	92.929036	0.014721	85.0
141	-1.912407	139.847464	92.351290	0.013122	67.0
142	-1.914221	140.847464	91.780683	0.011586	66.6
143	-1.912676	141.847464	91.217084	0.011925	69.8
144	-1.910648	142.847464	90.660364	0.011552	74.7
145	-1.915297	143.847464	90.110399	0.011975	61.0
146	-1.913725	144.847464	89.567066	0.014472	58.3
147	-1.928653	145.847464	89.030246	0.023330	80.5
148	-1.903764	146.847464	88.499822	0.016185	56.1
149	-1.935622	147.847464	87.975682	0.014084	51.1
150	-1.899664	148.847464	87.457713	0.012142	54.3
151	-1.925382	149.847464	86.945808	0.012639	131.4
152	-1.932090	150.847464	86.439860	0.013448	77.9
153	-1.905962	151.847464	85.939767	0.013976	74.2
154	-1.916180	152.847464	85.445427	0.012826	87.0
155	-1.938862	153.847464	84.956741	0.015193	82.5
156	-1.908625	154.847464	84.473614	0.016552	93.7
157	-1.884633	155.847464	83.995950	0.011837	87.9
158	-1.897272	156.847464	83.523658	0.013401	54.1
159	-1.895687	157.847464	83.056647	0.013847	51.0
160	-1.914417	158.847464	82.594830	0.013394	54.2
161	-1.920268	159.847464	82.138120	0.014037	54.6
162	-1.880767	160.847464	81.686433	0.013610	55.5
163	-1.923004	161.847464	81.239687	0.012189	56.9
164	-1.912161	162.847464	80.797801	0.013921	54.1
165	-1.927135	163.847464	80.360695	0.012198	60.0
166	-1.941694	164.847464	79.928294	0.013217	59.5
167	-1.921101	165.842534	79.502619	0.014109	59.3
168	-1.924342	166.842534	79.079378	0.013713	122.7
169	-1.929796	167.842534	78.660620	0.012660	89.6
170	-1.893008	168.842534	78.246273	0.015945	51.7
171	-1.904826	169.842534	77.836269	0.012898	48.2
172	-1.897802	170.842534	77.430539	0.013961	62.5
173	-1.910015	171.842534	77.029017	0.017836	50.9
174	-1.925418	172.842534	76.631637	0.014623	50.2
175	-1.931595	173.842534	76.238337	0.014979	50.0
176	-1.910727	174.842534	75.849053	0.014899	52.4
177	-1.907934	175.842534	75.463725	0.011707	49.7
178	-1.905158	176.842534	75.082291	0.012258	50.8
179	-1.914881	177.842534	74.704695	0.012454	48.0
180	-1.940040	178.842534	74.330877	0.010968	53.2
181	-1.930246	179.842534	73.960781	0.013914	54.6
182	-1.909944	180.842534	73.594353	0.011550	56.1
183	-1.927946	181.842534	73.231538	0.015571	53.8
184	-1.926487	182.842534	72.872283	0.014263	60.7
185	-1.944834	183.842534	72.516535	0.014984	60.1
186	-1.932395	184.842534	72.164244	0.015749	48.9
187	-1.947568	185.842534	71.815359	0.013920	44.4
188	-1.936917	186.842534	71.469831	0.011559	42.4
189	-1.901844	187.842534	71.127612	0.013791	43.4
190	-1.921674	188.842534	70.788655	0.015282	41.8
191	-1.929565	189.842534	70.452913	0.014140	41.9
192	-1.926583	190.842534	70.120341	0.012834	42.2
193	-1.928077	191.842534	69.790894	0.013345	42.8
194	-1.924784	192.842534	69.464528	0.014093	42.9
195	-1.941862	193.842534	69.141201	0.014424	45.2
196	-1.919384	194.842534	68.820869	0.015518	44.5
197	-1.946963	195.842534	68.503492	0.012027	44.1
198	-1.907488	196.842534	68.189029	0.012302	44.3
199	-1.926247	197.842534	67.877439	0.017399	44.8
200	-1.888125	198.842534	67.568684	0.013802	43.7
201	-1.936904	199.842534	67.262726	0.013666	46.2
202	-1.930426	200.842534	66.959525	0.014615	42.8
203	-1.934099	201.842534	66.659046	0.010945	42.6
204	-1.927773	202.842533	66.361252	0.011524	43.0
205	-1.927391	203.842301	66.066175	0.012459	42.5
206	-1.927887	204.842301	65.773642	0.011315	68.7
207	-1.941172	205.841993	65.483778	0.013839	62.7
208	-1.906228	206.841993	65.196369	0.016491	60.4
209	-1.924126	207.841993	64.911472	0.013106	59.7
210	-1.917071	208.841993	64.629055	0.012284	56.6
211	-1.896347	209.841993	64.349084	0.011662	59.1
212	-1.911210	210.841993	64.071528	0.011732	59.6
213	-1.926442	211.841993	63.796356	0.014988	50.7
214	-1.900776	212.841993	63.523538	0.016124	51.6
215	-1.903834	213.841993	63.253043	0.010714	49.8
216	-1.910041	214.841993	62.984842	0.010683	53.1
217	-1.922187	215.841993	62.718906	0.014167	49.1
218	-1.906790	216.841993	62.455206	0.011157	47.1
219	-1.933530	217.841993	62.193714	0.011457	50.8
220	-1.918913	218.841993	61.934403	0.012794	49.4
221	-1.931769	219.841993	61.677245	0.013670	50.3
222	-1.926654	220.841993	61.422214	0.015475	49.2
223	-1.908936	221.841993	61.169283	0.016071	49.2
224	-1.930177	222.841993	60.918427	0.014110	44.8
225	-1.944660	223.841993	60.669620	0.013400	44.1
226	-1.912816	224.841993	60.422837	0.012281	44.6
227	-1.905107	225.841993	60.178054	0.011138	48.0
228	-1.924724	226.836926	59.936471	0.013676	52.2
229	-1.901399	227.836926	59.695604	0.012414	42.4
230	-1.917707	228.836926	59.456666	0.013589	42.0
231	-1.939675	229.836926	59.219633	0.013561	41.5
232	-1.916286	230.836926	58.984482	0.015591	46.8
233	-1.928695	231.836926	58.751192	0.013661	43.8
234	-1.925288	232.836926	58.519739	0.014551	42.5
235	-1.922744	233.836926	58.290103	0.012722	42.8
236	-1.917217	234.836926	58.062262	0.013472	42.1
237	-1.914091	235.836926	57.836196	0.013037	43.5
238	-1.940213	236.836926	57.611883	0.012572	44.1
239	-1.927292	237.836926	57.389303	0.014900	44.2
240	-1.927458	238.836926	57.168436	0.013444	43.6
241	-1.936199	239.836926	56.949263	0.014227	44.4
242	-1.916425	240.836926	56.731764	0.015665	44.5
243	-1.929403	241.836926	56.515920	0.013816	54.3
244	-1.934084	242.836926	56.301712	0.015274	51.4
245	-1.927267	243.836926	56.089122	0.012592	43.2
246	-1.921642	244.836926	55.878132	0.015356	45.4
247	-1.943535	245.836926	55.668722	0.012445	44.4
248	-1.935600	246.836926	55.460877	0.011593	43.2
249	-1.959066	247.836926	55.254577	0.012908	41.6
250	-1.928098	248.836926	55.049807	0.012659	44.9
251	-1.938124	249.836926	54.846549	0.014307	43.9
252	-1.925935	250.836926	54.644786	0.010269	43.3
253	-1.943933	251.836926	54.444503	0.010681	50.1
254	-1.953671	252.836926	54.245682	0.011671	47.5
255	-1.929691	253.836926	54.048308	0.016656	41.9
256	-1.925403	254.836926	53.852365	0.014717	43.0
257	-1.918027	255.836926	53.657837	0.011476	44.0
258	-1.904201	256.836926	53.464710	0.011932	43.7
259	-1.947908	257.836926	53.272968	0.014940	43.3
260	-1.923748	258.836926	53.082597	0.013884	42.8
261	-1.942433	259.836926	52.893581	0.011396	42.6
262	-1.932175	260.836926	52.705907	0.010813	43.9
263	-1.934252	261.836926	52.519559	0.014489	41.9
264	-1.951118	262.836926	52.334525	0.013721	43.4
265	-1.927765	263.836926	52.150790	0.013365	43.5
266	-1.938671	264.836926	51.968341	0.011967	44.3
267	-1.934604	265.836926	51.787163	0.010938	44.3
268	-1.929692	266.836926	51.607245	0.014493	45.0
269	-1.919161	267.836926	51.428572	0.014975	43.3
270	-1.928343	268.836926	51.251133	0.013614	45.1
271	-1.922930	269.836926	51.074913	0.015158	46.7
272	-1.956956	270.836926	50.899901	0.015144	47.8
273	-1.910432	271.836926	50.726085	0.012283	43.9
274	-1.956809	272.836926	50.553451	0.016166	43.7
275	-1.894439	273.836926	50.381989	0.011869	43.7
276	-1.929160	274.836926	50.211686	0.014474	42.8
277	-1.933119	275.835028	50.042850	0.012822	42.1
278	-1.938470	276.835028	49.874828	0.013479	42.1
279	-1.937030	277.835028	49.707930	0.012824	47.1
280	-1.916992	278.835028	49.542146	0.013918	43.3
281	-1.948743	279.835028	49.377464	0.015885	43.1
282	-1.934090	280.835028	49.213873	0.011323	43.2
283	-1.927433	281.835028	49.051362	0.012096	41.5
284	-1.913836	281.341308	49.131463	0.012787	42.8
285	-1.956107	282.341308	48.969495	0.016342	44.5
286	-1.917631	283.341308	48.808592	0.012179	43.6
287	-1.919241	284.341308	48.648743	0.013931	43.5
288	-1.915674	285.341308	48.489937	0.013007	52.1
289	-1.929651	286.341308	48.332165	0.013468	69.3
290	-1.949756	287.341308	48.175416	0.012058	64.6
291	-1.946317	288.341308	48.019680	0.011868	55.4
292	-1.946022	289.341308	47.864949	0.014314	43.7
293	-1.930313	290.341308	47.711211	0.012110	45.9
294	-1.953161	291.341307	47.558457	0.014513	48.1
295	-1.961558	292.341307	47.406679	0.016665	53.3
296	-1.932290	293.341307	47.255866	0.014594	56.1
297	-1.932310	294.341307	47.106010	0.014023	61.6
298	-1.924182	295.341307	46.957101	0.014722	61.9
299	-1.931152	296.341307	46.809131	0.015360	54.8
300	-1.909314	297.341307	46.662090	0.013683	49.8
301	-1.941210	298.341307	46.515970	0.013419	74.5
302	-1.953594	299.340032	46.370947	0.017333	71.2
303	-1.920358	300.340032	46.226642	0.013761	50.4
304	-1.954441	301.340032	46.083233	0.011281	57.6
305	-1.910137	302.340032	45.940710	0.011673	47.2
306	-1.935078	303.340032	45.799067	0.014657	48.2
307	-1.958483	304.340032	45.658294	0.017399	48.3
308	-1.917765	305.340032	45.518383	0.013581	48.0
309	-1.942336	306.340032	45.379328	0.014211	49.9
310	-1.940631	307.340032	45.241120	0.012861	67.4
311	-1.930978	308.340032	45.103751	0.015002	138.4
312	-1.932622	309.340032	44.967213	0.012768	113.2
313	-1.934120	310.340032	44.831500	0.014677	62.0
314	-1.929606	311.340032	44.696604	0.014259	64.0
315	-1.934632	312.340032	44.562517	0.012990	53.1
316	-1.925802	313.340032	44.429232	0.013344	76.8
317	-1.914162	314.340032	44.296742	0.013273	100.8
318	-1.954231	315.340032	44.165039	0.013076	85.2
319	-1.923669	316.340032	44.034118	0.011664	64.3
320	-1.936282	317.340032	43.903970	0.013864	76.4
321	-1.949762	318.340027	43.774591	0.014169	72.0
322	-1.967404	319.340027	43.645970	0.014631	68.8
323	-1.954607	320.340027	43.518104	0.014524	60.6
324	-1.923137	321.340027	43.390984	0.014968	67.7
325	-1.918001	322.340027	43.264605	0.015445	83.8
326	-1.935743	323.340027	43.138960	0.014274	110.3
327	-1.950783	324.340027	43.014043	0.014365	74.0
328	-1.938465	325.340027	42.889847	0.013721	81.0
329	-1.929543	326.340027	42.766366	0.014214	59.3
330	-1.921543	327.340027	42.643594	0.014768	75.8
331	-1.921433	328.340027	42.521525	0.014457	100.2
332	-1.958394	329.340027	42.400153	0.013648	82.0
333	-1.926159	330.340027	42.279472	0.013371	101.6
334	-1.958869	331.340027	42.159476	0.011491	49.8
335	-1.938432	332.340027	42.040159	0.014267	48.5
336	-1.935766	333.340027	41.921515	0.013417	77.7
337	-1.949238	334.340027	41.803539	0.011492	77.4
338	-1.922044	335.340027	41.686226	0.015886	75.7
339	-1.928993	336.340026	41.569569	0.014591	70.7
340	-1.925562	337.340026	41.453563	0.011526	67.2
341	-1.907597	338.340026	41.338202	0.012858	83.1
342	-1.945107	339.340026	41.223482	0.012113	62.8
343	-1.937861	340.340026	41.109397	0.011851	57.0
344	-1.944145	341.340026	40.995942	0.011750	60.3
345	-1.958372	342.340026	40.883111	0.011931	69.2
346	-1.917472	343.340026	40.770900	0.013018	103.2
347	-1.922051	344.340026	40.659303	0.014156	64.3
348	-1.959979	345.340026	40.548315	0.013418	52.0
349	-1.914026	346.340026	40.437931	0.013315	44.0
350	-1.895183	347.340026	40.328147	0.012251	44.6
351	-1.924967	348.340026	40.218957	0.013741	96.1
352	-1.924958	349.340026	40.110357	0.012856	70.1
353	-1.954271	348.846303	40.163902	0.013825	46.2
354	-1.929963	349.846303	40.055599	0.012110	47.1
355	-1.917728	350.846303	39.947878	0.012525	48.6
356	-1.952738	351.846303	39.840735	0.016097	48.5
357	-1.919454	352.846303	39.734165	0.013152	50.7
358	-1.937806	353.846303	39.628164	0.013612	47.7
359	-1.949135	353.352579	39.680428	0.014235	47.0
360	-1.918778	354.352579	39.574713	0.011443	47.4
361	-1.940449	354.589306	39.549770	0.012626	44.4
362	-1.948329	355.589306	39.444749	0.014583	46.4
363	-1.918098	356.589306	39.340285	0.014719	47.1
364	-1.941592	357.589306	39.236372	0.014243	48.8
365	-1.943284	358.589306	39.133006	0.012930	47.7
366	-1.937032	359.589306	39.030184	0.012305	46.4
367	-1.927072	359.095913	39.080848	0.013029	52.1
368	-1.937072	360.095913	38.978300	0.012481	45.1
369	-1.925037	361.095913	38.876288	0.014471	50.7
370	-1.938818	362.095913	38.774809	0.011858	80.4
371	-1.934149	363.095913	38.673858	0.013634	60.7
372	-1.925853	364.095913	38.573431	0.013961	57.5
373	-1.928495	365.095913	38.473525	0.014346	55.6
374	-1.943437	366.095913	38.374135	0.014134	68.7
375	-1.910647	367.095913	38.275257	0.016030	54.6
376	-1.921155	368.095913	38.176887	0.014793	61.0
377	-1.949042	369.095913	38.079022	0.015346	52.5
378	-1.945167	370.095913	37.981657	0.013520	55.3
379	-1.949811	371.095913	37.884788	0.016879	57.8
380	-1.945294	372.095913	37.788413	0.014584	52.0
381	-1.922932	373.095913	37.692527	0.011356	53.4
382	-1.951210	374.095913	37.597126	0.012865	49.7
383	-1.959220	375.095913	37.502206	0.013906	51.4
384	-1.963781	376.095913	37.407765	0.012644	56.9
385	-1.934783	377.095913	37.313799	0.012079	55.5
386	-1.961757	378.095913	37.220303	0.013335	53.9
387	-1.944858	379.095913	37.127274	0.015527	56.0
388	-1.925613	380.095913	37.034710	0.014260	52.1
389	-1.931643	381.095913	36.942606	0.012039	101.4
390	-1.933190	382.095913	36.850958	0.012860	70.1
391	-1.920129	383.095913	36.759765	0.011117	60.2
392	-1.971173	384.095913	36.669021	0.011967	61.6
393	-1.925202	385.095913	36.578725	0.013664	67.8
394	-1.975938	386.095913	36.488872	0.015184	66.0
395	-1.918789	387.095913	36.399460	0.013014	66.5
396	-1.935985	388.095913	36.310484	0.011912	70.6
397	-1.929467	389.095913	36.221943	0.013890	51.6
398	-1.935489	390.095913	36.133832	0.014941	54.8
399	-1.928440	391.095913	36.046149	0.013754	57.1
400	-1.925957	392.095913	35.958891	0.012654	62.3
401	-1.909628	393.095913	35.872053	0.013696	58.3
402	-1.949805	392.602190	35.914874	0.013972	58.0
403	-1.935760	393.602190	35.828250	0.011599	57.4
404	-1.928228	394.602190	35.742042	0.011051	55.2
405	-1.929981	395.602190	35.656247	0.013809	56.7
406	-1.929274	396.602190	35.570864	0.012039	62.7
407	-1.934810	397.602190	35.485889	0.015197	56.3
408	-1.931944	398.602190	35.401318	0.013298	46.3
409	-1.895018	399.602190	35.317150	0.011811	52.5
410	-1.927356	400.602190	35.233381	0.010747	52.7
411	-1.935159	401.602190	35.150009	0.013482	101.2
412	-1.960778	402.602190	35.067030	0.011386	81.6
413	-1.943959	403.602190	34.984442	0.014678	66.9
414	-1.937820	404.602187	34.902242	0.011955	77.9
415	-1.920143	405.602187	34.820428	0.012503	70.5
416	-1.899248	406.602187	34.738996	0.010447	65.1
417	-1.933429	407.602187	34.657944	0.013097	93.4
418	-1.962457	408.602187	34.577270	0.014035	65.9
419	-1.918306	409.602187	34.496970	0.010381	62.4
420	-1.946981	410.602187	34.417042	0.015076	50.7
421	-1.938669	411.602187	34.337484	0.017526	52.8
422	-1.938346	412.602187	34.258293	0.013109	53.9
423	-1.954388	413.602187	34.179466	0.012865	51.8
424	-1.915926	414.602187	34.101001	0.013558	54.0
425	-1.960367	415.602187	34.022896	0.014781	52.8
426	-1.926695	416.602187	33.945147	0.013099	58.6
427	-1.948847	417.602187	33.867753	0.012602	54.8
428	-1.942011	418.602187	33.790712	0.015867	49.5
429	-1.919703	419.602187	33.714019	0.012463	52.2
430	-1.970091	420.602187	33.637675	0.014196	54.3
431	-1.957083	420.108861	33.675294	0.013015	53.0
432	-1.946258	421.108861	33.599125	0.010380	53.9
433	-1.959687	422.108861	33.523299	0.013438	52.1
434	-1.934862	423.108861	33.447814	0.014148	51.0
435	-1.962949	424.108861	33.372669	0.014903	51.1
436	-1.945806	425.108861	33.297861	0.013879	64.1
437	-1.926922	426.108861	33.223387	0.014287	52.0
438	-1.926230	427.108861	33.149246	0.012626	81.9
439	-1.924364	428.108861	33.075435	0.013762	56.9
440	-1.937206	429.088855	33.003418	0.013600	58.2
441	-1.953990	430.088855	32.930254	0.016906	55.2
442	-1.942598	431.088855	32.857414	0.012190	60.7
443	-1.952200	432.088855	32.784895	0.013531	57.4
444	-1.944004	433.088855	32.712696	0.013893	50.6
445	-1.933429	434.088855	32.640814	0.010918	62.5
446	-1.941624	435.088855	32.569247	0.010295	53.1
447	-1.948932	436.088855	32.497994	0.013113	51.7
448	-1.922818	437.088855	32.427051	0.013538	53.1
449	-1.953823	438.088855	32.356418	0.017106	118.8
450	-1.904369	439.088855	32.286091	0.012661	66.7
451	-1.940082	440.088855	32.216070	0.014000	83.0
452	-1.968204	441.088855	32.146351	0.013610	77.0
453	-1.925933	442.088855	32.076934	0.014793	117.7
454	-1.946419	443.088855	32.007816	0.013398	82.3
455	-1.930732	444.088855	31.938995	0.014619	78.0
456	-1.952184	445.088855	31.870470	0.013853	53.9
457	-1.901319	446.088855	31.802238	0.012336	57.4
458	-1.957442	447.088855	31.734297	0.012207	50.6
459	-1.938126	448.088855	31.666646	0.012740	58.7
460	-1.946001	449.088855	31.599283	0.013646	55.3
461	-1.937107	450.088855	31.532206	0.015483	55.5
462	-1.930722	451.088855	31.465413	0.014364	58.2
463	-1.929697	452.088855	31.398902	0.012563	56.9
464	-1.929275	453.088855	31.332672	0.013789	70.6
465	-1.938851	454.088855	31.266721	0.015004	90.7
466	-1.947696	455.088855	31.201047	0.011621	46.1
467	-1.942364	456.088855	31.135648	0.013335	43.9
468	-1.978894	457.088855	31.070523	0.013300	46.9
469	-1.928418	458.088855	31.005670	0.012581	63.1
470	-1.941118	459.088855	30.941086	0.012838	60.3
471	-1.940338	460.088855	30.876772	0.011296	88.8
472	-1.962850	461.088855	30.812724	0.012853	81.6
473	-1.944281	462.088855	30.748941	0.012313	99.9
474	-1.933116	463.088855	30.685422	0.012643	102.2
475	-1.955758	464.088855	30.622165	0.015448	69.4
476	-1.950630	465.088855	30.559168	0.014263	60.8
477	-1.934102	466.088855	30.496429	0.012425	58.5
478	-1.926096	467.088855	30.433948	0.013937	116.4
479	-1.959675	468.088855	30.371722	0.010871	78.4
480	-1.953585	469.088855	30.309750	0.014664	68.9
481	-1.949784	470.088855	30.248031	0.011908	72.4
482	-1.946293	471.088855	30.186562	0.012343	93.8
483	-1.924137	472.088855	30.125343	0.014084	72.2
484	-1.924752	473.088855	30.064371	0.012434	66.4
485	-1.947750	474.088855	30.003646	0.014066	66.3
486	-1.941970	473.595131	30.033597	0.011250	62.8
487	-1.928353	474.595131	29.972996	0.011766	70.8
488	-1.936000	474.218697	29.995779	0.012826	66.9
489	-1.944373	475.218696	29.935331	0.012719	65.4
490	-1.931461	476.218696	29.875125	0.013610	63.0
491	-1.955817	477.218696	29.815161	0.011754	59.8
492	-1.945085	478.218696	29.755438	0.010678	63.1
493	-1.926082	477.724980	29.784894	0.013375	65.9
494	-1.911315	478.724980	29.725292	0.012488	72.9
495	-1.948983	479.724980	29.665927	0.011797	62.6
496	-1.931971	479.231266	29.695206	0.013412	76.3
497	-1.954222	480.231266	29.635962	0.012318	62.0
498	-1.942542	481.231266	29.576953	0.011848	64.5
499	-1.925156	482.231041	29.518192	0.010828	64.8
