1:ItNr	2:Metric	3a:Time	3b:StepSize	4:||Gradient||	Time[ms]
0	-1.203088	0.000000	1837.374910	0.004674	2724.7
1	-1.216058	0.000000	1837.374910	0.004890	11.9
2	-1.198676	1.000000	1753.857868	0.004084	10.8
3	-1.244226	1.998532	1677.710231	0.004654	9.8
4	-1.234814	2.998373	1607.812052	0.004491	10.6
5	-1.254885	3.998373	1543.495384	0.004705	10.2
6	-1.200267	3.176270	1595.981255	0.004295	14.1
7	-1.225178	4.176270	1532.588971	0.005231	13.3
8	-1.252933	5.176270	1474.040178	0.004154	12.6
9	-1.233416	6.176270	1419.800204	0.006119	12.6
10	-1.234036	5.354166	1464.090065	0.004998	17.9
11	-1.260175	6.354166	1410.566589	0.004968	14.8
12	-1.242356	5.532063	1454.273383	0.004798	13.7
13	-1.229706	6.531618	1401.474956	0.003939	20.6
14	-1.203098	7.531618	1352.354890	0.004700	12.6
15	-1.236229	6.709939	1392.456101	0.004125	16.5
16	-1.290525	5.887836	1435.030824	0.004733	21.2
17	-1.257567	5.625162	1449.188280	0.004326	16.8
18	-1.238517	6.625130	1396.730932	0.004342	25.3
19	-1.202345	5.803179	1439.563284	0.004944	31.2
20	-1.254285	6.764635	1389.712962	0.004817	37.7
21	-1.282165	7.764635	1341.399713	0.005037	20.7
22	-1.218641	8.764635	1296.332817	0.005266	20.8
23	-1.220495	9.764629	1254.195949	0.004063	20.3
24	-1.230607	9.056110	1283.761383	0.004926	19.1
25	-1.242479	8.234013	1319.862338	0.004052	34.2
26	-1.228403	9.234013	1276.207454	0.004816	20.9
27	-1.235084	8.411910	1311.879205	0.004211	14.7
28	-1.231897	9.411910	1268.742184	0.004667	11.9
29	-1.300154	10.385188	1229.397554	0.004755	13.0
30	-1.237142	9.563085	1262.466590	0.004370	10.9
31	-1.259992	10.563085	1222.468389	0.005076	17.2
32	-1.238007	11.563085	1184.926848	0.004133	10.9
33	-1.290840	10.926160	1208.566042	0.004874	15.2
34	-1.249755	10.104057	1240.509328	0.003987	8.5
35	-1.224734	11.104057	1201.869061	0.005050	16.7
36	-1.252315	12.104057	1165.563274	0.005069	19.4
37	-1.262681	13.104057	1131.386600	0.004968	16.2
38	-1.233186	14.018293	1101.849066	0.004949	10.1
39	-1.247418	15.018293	1071.257692	0.003969	17.6
40	-1.265478	16.018293	1042.319089	0.004298	15.6
41	-1.252285	15.196189	1065.992683	0.004582	13.7
42	-1.228605	14.400308	1089.958675	0.003763	12.2
43	-1.253937	15.400308	1060.015009	0.005542	17.0
44	-1.256792	14.587483	1084.225972	0.004745	11.7
45	-1.273148	13.765380	1109.864861	0.004326	9.0
46	-1.269697	13.011782	1134.456102	0.004515	12.3
47	-1.210441	12.189678	1162.556407	0.004391	8.9
48	-1.262471	13.189678	1128.553267	0.004560	15.7
49	-1.278244	14.189678	1096.482691	0.005118	9.1
50	-1.257547	15.189678	1066.184475	0.004423	13.2
51	-1.265752	16.189678	1037.515648	0.004679	13.8
52	-1.268249	17.189678	1010.348212	0.004939	16.3
53	-1.260056	18.189678	984.567234	0.004978	14.6
54	-1.271213	19.189678	960.069227	0.004842	14.2
55	-1.263459	20.189678	936.760736	0.005058	13.1
56	-1.293467	19.380788	955.525508	0.005329	16.5
57	-1.275585	18.558686	975.383079	0.004247	12.8
58	-1.242165	19.558686	951.334393	0.004203	15.4
59	-1.269542	18.736583	971.016386	0.005439	16.0
60	-1.277994	19.736583	947.179914	0.004684	13.8
61	-1.271199	20.736583	924.485677	0.005722	13.2
62	-1.295768	19.917651	942.988478	0.004028	14.3
63	-1.264469	19.095547	962.323141	0.004972	13.3
64	-1.252326	19.917954	942.981497	0.004327	14.3
65	-1.296435	19.944227	942.376404	0.004622	12.6
66	-1.279944	20.933623	920.141653	0.004225	13.9
67	-1.277250	21.933623	898.709927	0.004367	14.2
68	-1.285455	22.926039	878.405467	0.004679	13.2
69	-1.269339	23.926039	858.853213	0.004594	14.1
70	-1.277609	23.517069	866.743345	0.004656	12.2
71	-1.289271	24.517069	847.701184	0.004593	14.4
72	-1.254769	23.954576	858.308025	0.004764	12.9
73	-1.300168	23.132472	874.296657	0.004903	14.0
74	-1.257247	24.132472	854.924869	0.004626	10.9
75	-1.272878	25.132472	836.392915	0.004542	14.8
76	-1.254054	24.310370	851.568272	0.004076	12.3
77	-1.249545	23.488266	867.304490	0.004707	15.1
78	-1.273061	24.352066	850.785344	0.004551	12.6
79	-1.243569	23.529963	866.492372	0.003834	15.1
80	-1.273238	22.715555	882.634865	0.004657	20.3
81	-1.268175	21.905056	899.308309	0.004491	26.0
82	-1.285477	22.905056	878.825285	0.004831	32.0
83	-1.260632	23.903643	859.281566	0.004290	20.0
84	-1.323049	23.081540	875.306826	0.005024	34.0
85	-1.287969	24.081539	855.890766	0.004468	20.4
86	-1.271118	23.259436	871.788632	0.005317	30.9
87	-1.284327	24.259436	852.526602	0.003847	18.5
88	-1.244109	25.259436	834.097355	0.004690	25.7
89	-1.248805	24.437333	849.188781	0.004267	10.7
90	-1.320654	25.437333	830.902012	0.005188	14.8
91	-1.307281	26.437333	813.386229	0.005411	14.9
92	-1.249835	27.419938	796.879852	0.004573	15.7
93	-1.269949	28.419938	780.755189	0.004233	10.9
94	-1.255352	29.419938	765.270141	0.004059	19.9
95	-1.275309	28.597836	777.954774	0.004218	43.6
96	-1.231417	29.597836	762.579516	0.004005	53.6
97	-1.279474	28.775733	775.174390	0.004082	38.6
98	-1.248788	29.767757	760.027134	0.004559	23.1
99	-1.266537	30.767756	745.345670	0.004680	25.7
100	-1.286177	30.239090	753.035872	0.004826	35.7
101	-1.272838	31.239090	738.620693	0.003642	17.7
102	-1.297440	32.239090	724.747039	0.005063	13.1
103	-1.307563	31.416987	736.113906	0.005332	27.6
104	-1.281764	32.416987	722.333385	0.004642	26.5
105	-1.237962	33.416982	709.059406	0.004323	23.2
106	-1.282955	34.416982	696.264422	0.004739	19.9
107	-1.270050	35.416978	683.923071	0.004481	27.2
108	-1.323554	36.416629	672.015652	0.004385	15.8
109	-1.292067	37.416629	660.511811	0.004738	25.6
110	-1.274417	38.416532	649.396254	0.004972	19.2
111	-1.319895	39.416532	638.647602	0.005088	16.0
112	-1.260924	38.594429	647.457723	0.005469	12.1
113	-1.332831	39.594429	636.772620	0.004720	11.9
114	-1.270505	38.773033	645.523097	0.005002	16.8
115	-1.257909	39.773033	634.901230	0.004231	21.5
116	-1.306738	38.951192	643.604770	0.005134	11.8
117	-1.262482	39.861291	633.980525	0.004408	12.4
118	-1.295016	39.039212	642.661216	0.004397	12.9
119	-1.304021	40.039207	632.132611	0.004432	15.1
120	-1.298350	41.039206	621.943369	0.004866	14.1
121	-1.301197	42.039206	612.077392	0.004995	11.7
122	-1.269837	41.462549	617.728121	0.004566	16.0
123	-1.311124	40.640448	625.966789	0.005753	13.0
124	-1.269457	39.819552	634.415610	0.004693	15.7
125	-1.319031	38.999664	643.084825	0.005497	24.4
126	-1.316275	39.999664	632.542392	0.005463	24.1
127	-1.322301	40.999664	622.340040	0.004680	21.6
128	-1.307717	40.228803	630.175201	0.004380	17.5
129	-1.281589	41.228795	620.048533	0.005339	24.5
130	-1.315279	42.228795	610.242107	0.004835	24.4
131	-1.299643	43.228795	600.741039	0.005063	31.1
132	-1.286660	44.228795	591.531287	0.004443	30.5
133	-1.280139	45.228441	582.602768	0.005063	47.0
134	-1.285627	46.228305	573.937910	0.004124	115.4
135	-1.289465	47.228305	565.525889	0.004001	35.7
136	-1.276241	48.228305	557.356891	0.004948	30.1
137	-1.299860	47.406202	564.055186	0.005637	12.6
138	-1.281725	46.584099	570.916439	0.003614	7.8
139	-1.296622	45.761997	577.946656	0.004829	9.8
140	-1.295337	46.761984	569.417705	0.004515	10.9
141	-1.284277	45.939880	576.410848	0.004349	13.0
142	-1.288057	46.939880	567.926717	0.004308	12.7
143	-1.282235	47.939857	559.688903	0.005422	9.5
144	-1.283408	48.939857	551.686472	0.004763	9.8
145	-1.294513	49.939857	543.909652	0.004236	14.2
146	-1.277784	50.939857	536.349036	0.005318	14.5
147	-1.274436	51.936122	529.022823	0.005108	10.4
148	-1.303058	52.936122	521.867690	0.004869	10.0
149	-1.283462	53.932049	514.931511	0.004926	9.2
150	-1.299196	53.109946	520.643657	0.005160	13.7
151	-1.280062	54.109946	513.711904	0.003612	9.9
152	-1.282822	53.287842	519.396875	0.004333	11.5
153	-1.319057	52.465755	525.208967	0.004982	12.4
154	-1.286450	51.643651	531.152721	0.005871	10.2
155	-1.306679	52.643651	523.940250	0.004865	13.6
156	-1.290117	52.615154	524.143075	0.004048	12.7
157	-1.267137	53.429294	518.409771	0.004097	12.7
158	-1.302044	52.607198	524.199724	0.004516	13.7
159	-1.261771	53.607198	517.173596	0.004150	15.3
160	-1.318060	54.607198	510.333327	0.004918	15.3
161	-1.258304	55.607198	503.671638	0.004112	17.0
162	-1.320791	54.854671	508.668384	0.005193	21.5
163	-1.306986	55.854650	502.049947	0.004688	7.9
164	-1.291394	56.854650	495.601392	0.004622	12.1
165	-1.278848	57.854650	489.316394	0.004455	8.9
166	-1.302699	57.032547	494.471532	0.004904	12.3
167	-1.305456	58.032547	488.214977	0.004876	12.9
168	-1.325909	59.032547	482.114773	0.004418	11.5
169	-1.323023	60.032546	476.165132	0.004895	12.4
170	-1.300394	59.210573	481.044724	0.005129	8.9
171	-1.308906	60.210396	475.122339	0.005237	9.6
172	-1.314771	61.210396	469.342993	0.004624	7.5
173	-1.329121	60.388292	474.083827	0.005089	8.3
174	-1.306767	59.566189	478.921411	0.005239	8.3
175	-1.311345	60.565786	473.052181	0.004949	9.2
176	-1.313338	59.743683	477.868628	0.005574	9.2
177	-1.296965	60.743683	472.022689	0.005181	8.8
178	-1.293574	61.743683	466.318052	0.004339	8.4
179	-1.296438	62.743683	460.749655	0.004819	9.2
180	-1.299808	63.739368	455.335860	0.004835	7.9
181	-1.301902	62.975913	459.475481	0.004969	7.6
182	-1.298845	62.172417	463.914294	0.005571	10.6
183	-1.272292	63.172349	458.403185	0.005087	8.3
184	-1.288653	62.350321	462.924111	0.003878	9.2
185	-1.249659	63.350320	457.435999	0.005331	9.2
186	-1.296196	62.528513	461.936548	0.004418	8.8
187	-1.284151	63.528513	456.471687	0.005482	8.3
188	-1.295334	63.968318	454.108945	0.004069	12.3
189	-1.287628	63.146214	458.545561	0.004931	10.0
190	-1.282234	64.146214	453.160176	0.004667	8.1
191	-1.275146	65.146213	447.899815	0.004358	8.8
192	-1.318639	66.146163	442.760433	0.004961	8.2
193	-1.272173	67.146163	437.737409	0.004188	10.0
194	-1.280152	68.146163	432.827075	0.004695	10.8
195	-1.258179	67.324060	436.855746	0.004295	13.1
196	-1.277228	66.501957	440.960117	0.004305	16.3
197	-1.273158	65.719546	444.938597	0.004613	15.7
198	-1.287821	64.897443	449.196995	0.004466	14.3
199	-1.288900	64.201965	452.863651	0.004763	16.7
200	-1.315826	65.150728	447.876344	0.004550	15.2
201	-1.305440	64.329650	452.186000	0.004933	18.8
202	-1.246742	65.329650	446.948100	0.004307	14.4
203	-1.301479	66.329594	441.830441	0.004956	14.6
204	-1.295452	65.507491	446.029271	0.004458	21.7
205	-1.298769	66.507491	440.932230	0.004842	14.7
206	-1.282509	67.507246	435.951573	0.004554	13.5
207	-1.295440	66.685315	440.038030	0.004485	21.0
208	-1.296182	67.685314	435.076242	0.004580	15.1
209	-1.338089	68.350375	431.837841	0.005322	12.9
210	-1.286571	67.528272	435.848032	0.005094	24.2
211	-1.313360	68.528272	430.979760	0.004897	22.7
212	-1.337186	69.528272	426.219040	0.004971	35.0
213	-1.328500	68.706169	430.125082	0.004766	17.2
214	-1.260035	69.706169	425.383121	0.004182	15.9
215	-1.299419	69.075327	428.362289	0.004367	11.5
216	-1.282055	70.075327	423.658905	0.005012	9.0
217	-1.325150	71.075327	419.057684	0.005263	14.9
218	-1.315753	72.075326	414.555335	0.005373	16.6
219	-1.305630	73.075326	410.148703	0.004896	13.5
220	-1.273897	74.075185	405.835373	0.004755	13.9
221	-1.310946	75.075185	401.611229	0.004208	14.4
222	-1.287357	76.075179	397.474138	0.004500	15.2
223	-1.292658	75.253076	400.868988	0.004036	13.3
224	-1.327321	76.253076	396.747072	0.004263	12.6
225	-1.293517	75.430973	400.129459	0.004358	16.8
226	-1.307868	76.430973	396.022660	0.005142	14.2
227	-1.335161	75.608870	399.392656	0.005124	16.1
228	-1.317089	76.608870	395.300890	0.005498	14.5
229	-1.305997	75.787337	398.656213	0.004744	16.3
230	-1.295264	74.965234	402.071372	0.004415	10.3
231	-1.256751	74.143130	405.545550	0.004024	7.5
232	-1.334772	73.321027	409.080290	0.005182	9.5
233	-1.345087	74.320278	404.791864	0.005503	7.8
234	-1.319611	75.320218	400.589555	0.004558	11.1
235	-1.325556	75.992308	397.813742	0.005229	8.7
236	-1.258248	75.179630	401.175105	0.004482	7.8
237	-1.277914	75.454516	400.031793	0.004651	9.7
238	-1.305580	74.633328	403.466802	0.004914	7.7
239	-1.284639	75.633328	399.291568	0.004864	7.9
240	-1.280848	74.892997	402.374254	0.004376	10.3
241	-1.289520	75.272227	400.789244	0.005292	9.9
242	-1.315627	76.272207	396.669040	0.004175	7.5
243	-1.293699	77.272207	392.632608	0.005195	8.6
244	-1.297241	78.272207	388.677497	0.004178	7.6
245	-1.317017	79.272207	384.801274	0.005111	8.7
246	-1.316111	80.259076	381.051008	0.004353	9.6
247	-1.304735	81.259076	377.324679	0.004241	10.5
248	-1.335240	80.436974	380.382729	0.004650	8.5
249	-1.274410	79.614871	383.490757	0.004224	7.6
250	-1.323330	79.114110	385.408941	0.004941	7.6
251	-1.283669	78.292007	388.599993	0.004664	11.4
252	-1.321063	77.469903	391.844328	0.005958	8.3
253	-1.291367	78.469903	387.905002	0.005006	7.6
254	-1.328567	79.469867	384.044232	0.004796	8.1
255	-1.343717	78.647764	387.212633	0.004153	11.9
256	-1.296822	79.647764	383.365427	0.005015	10.1
257	-1.294841	78.825662	386.522587	0.005528	9.9
258	-1.292577	79.825662	382.689013	0.004950	7.6
259	-1.327707	80.824477	378.935147	0.005178	7.7
260	-1.311341	81.824477	375.249886	0.004871	8.3
261	-1.309738	81.002374	378.274267	0.004676	7.8
262	-1.280073	81.999014	374.614006	0.004534	8.5
263	-1.309058	82.999014	371.011914	0.004357	11.6
264	-1.323232	82.176910	373.968100	0.004491	8.8
265	-1.308532	83.176910	370.378359	0.005052	9.1
266	-1.303079	82.367323	373.279213	0.004007	7.6
267	-1.326016	83.367323	369.702622	0.004456	8.2
268	-1.313817	83.882865	367.885385	0.004492	8.7
269	-1.292355	84.787466	364.739553	0.004221	10.3
270	-1.283679	83.965364	367.596241	0.004421	7.5
271	-1.323068	83.143260	370.498033	0.004824	8.7
272	-1.292173	84.143260	366.974288	0.003786	7.5
273	-1.294113	83.387792	369.630130	0.004667	8.3
274	-1.300316	84.387540	366.123670	0.004830	8.6
275	-1.355582	83.565513	369.001900	0.005098	10.0
276	-1.335211	84.565513	365.506422	0.004800	7.5
277	-1.310759	83.743410	368.375185	0.004672	8.2
278	-1.308088	82.937474	371.231583	0.004496	8.3
279	-1.320024	83.937360	367.694336	0.005173	8.3
280	-1.259993	84.937343	364.223531	0.004871	7.9
281	-1.295468	85.617402	361.900330	0.004076	9.7
282	-1.297247	86.617402	358.537488	0.005032	8.1
283	-1.286396	85.795434	361.297028	0.004256	7.6
284	-1.298956	84.975337	364.092952	0.004240	8.0
285	-1.280261	84.153233	366.939483	0.004267	8.0
286	-1.316175	83.331130	369.830875	0.005172	8.5
287	-1.279736	82.509027	372.768195	0.004403	9.7
288	-1.300271	83.509027	369.201344	0.005034	8.2
289	-1.307750	82.686924	372.128632	0.005151	7.6
290	-1.273532	83.686924	368.573951	0.004080	8.3
291	-1.312714	82.864820	371.491261	0.004251	7.5
292	-1.336075	82.043772	374.451287	0.005524	7.8
293	-1.296719	81.221669	377.462758	0.005469	10.3
294	-1.317279	80.399566	380.523061	0.004650	9.6
295	-1.284597	81.399523	376.807157	0.004419	8.6
296	-1.325024	82.399523	373.162971	0.005395	10.6
297	-1.276878	81.628166	375.967676	0.006148	7.8
298	-1.329766	80.806063	379.003687	0.005388	11.5
299	-1.305698	81.806063	375.317098	0.004387	8.0
300	-1.318941	80.983965	378.342549	0.004818	8.5
301	-1.262712	81.983965	374.668749	0.005171	8.1
302	-1.312680	82.983963	371.065614	0.004747	9.1
303	-1.273939	82.161860	374.022658	0.004597	8.9
304	-1.296358	83.161860	370.431875	0.004800	12.5
305	-1.293964	82.339757	373.378788	0.004006	8.3
306	-1.317846	82.242694	373.729818	0.004621	7.7
307	-1.301818	83.242694	370.144628	0.005153	8.9
308	-1.321910	84.242674	366.627640	0.004691	7.6
309	-1.304396	83.420570	369.514100	0.004792	15.1
310	-1.338755	82.598826	372.445079	0.004862	11.4
311	-1.316482	83.598826	368.884381	0.005169	8.4
312	-1.281198	82.776722	371.806627	0.004831	8.1
313	-1.274673	81.954619	374.775541	0.004265	8.0
314	-1.322764	81.132516	377.792251	0.004697	13.2
315	-1.303056	80.313877	380.844899	0.004066	9.9
316	-1.318042	81.313877	377.122580	0.004967	7.7
317	-1.304410	80.491890	380.176911	0.004173	9.4
318	-1.343387	79.669787	383.281560	0.005358	7.5
319	-1.289382	78.847684	386.437336	0.005863	9.3
320	-1.323042	78.025581	389.645511	0.004559	10.3
321	-1.322684	79.025060	385.752063	0.004860	7.6
322	-1.283928	79.873311	382.508244	0.004228	7.9
323	-1.289213	79.051208	385.651247	0.004426	7.5
324	-1.270259	79.277612	384.780534	0.004271	8.0
325	-1.320392	78.455509	387.961145	0.004215	7.9
326	-1.300413	79.455509	384.099126	0.004613	11.4
327	-1.317804	78.633406	387.268436	0.005031	8.3
328	-1.327657	79.633406	383.420127	0.005116	8.9
329	-1.332352	80.633405	379.647549	0.004783	8.9
330	-1.333400	80.597573	379.781447	0.004198	10.1
331	-1.316838	79.775469	382.879617	0.004610	9.3
332	-1.271957	79.118587	385.391708	0.004762	14.2
333	-1.336620	80.118587	381.580423	0.004834	15.3
334	-1.345161	81.118587	377.843783	0.004510	15.6
335	-1.326686	82.118587	374.179615	0.005351	19.7
336	-1.322412	81.296483	377.186701	0.004494	14.2
337	-1.308837	82.296483	373.535205	0.005220	15.8
338	-1.319493	83.296483	369.953730	0.004455	18.4
339	-1.348055	84.296483	366.440282	0.005060	14.0
340	-1.357565	83.487225	369.278378	0.005580	14.7
341	-1.297206	82.665122	372.206894	0.004951	19.3
342	-1.323456	83.665122	368.650725	0.005117	14.1
343	-1.297569	82.843019	371.569255	0.004481	13.8
344	-1.301894	83.843019	368.025202	0.004668	13.7
345	-1.303492	84.843018	364.548118	0.004531	17.6
346	-1.332450	85.843018	361.136120	0.004747	15.1
347	-1.309674	85.020915	363.936428	0.004673	18.5
348	-1.329340	84.198815	366.780492	0.004741	16.3
349	-1.304758	85.198815	363.326777	0.004413	14.5
350	-1.307423	86.192092	359.960073	0.006037	15.3
351	-1.299271	87.192092	356.633027	0.003988	15.9
352	-1.320819	88.191821	353.367796	0.005095	14.3
353	-1.313208	87.369760	356.048340	0.005275	11.8
354	-1.326084	88.173803	353.426115	0.004398	15.9
355	-1.322823	89.173803	350.218219	0.005514	27.0
356	-1.308442	88.351761	352.850953	0.004088	17.8
357	-1.313990	87.530037	355.522526	0.004649	14.0
358	-1.323444	88.530018	352.276699	0.005173	17.4
359	-1.323641	87.707915	354.940790	0.004592	11.8
360	-1.308668	86.892715	357.622597	0.003930	13.1
361	-1.355097	87.725332	354.883928	0.005422	16.3
362	-1.291836	88.725332	351.649635	0.003942	12.8
363	-1.298352	89.725332	348.473762	0.005447	13.6
364	-1.345285	90.725332	345.354740	0.004903	14.8
365	-1.309465	91.725332	342.291056	0.004486	13.1
366	-1.319120	92.725332	339.281251	0.005206	8.6
367	-1.301044	93.725332	336.323916	0.004041	16.1
368	-1.318291	92.903994	338.749079	0.004874	9.2
369	-1.323961	92.081891	341.211778	0.004703	9.6
370	-1.346810	93.081849	338.220966	0.005208	10.4
371	-1.322611	94.081849	335.282006	0.005047	9.7
372	-1.329103	93.259746	337.694373	0.004800	8.7
373	-1.287729	94.259746	334.764517	0.004908	8.2
374	-1.342512	93.437702	337.169241	0.005129	8.7
375	-1.327526	92.615599	339.608939	0.005125	11.0
376	-1.287149	93.615599	336.645914	0.005241	13.2
377	-1.331734	94.615599	333.734145	0.005082	9.0
378	-1.328862	95.612826	330.880182	0.005165	13.8
379	-1.317898	94.790723	333.229401	0.005637	16.8
380	-1.320897	93.968619	335.612216	0.004804	9.5
381	-1.301214	93.146516	338.029354	0.004684	11.3
382	-1.311144	94.082607	335.279797	0.004185	8.9
383	-1.320088	93.260504	337.692132	0.005179	9.8
384	-1.313988	94.260504	334.762316	0.004740	13.7
385	-1.304247	95.260504	331.882900	0.004421	8.2
386	-1.354249	96.260504	329.052596	0.005536	9.2
387	-1.312732	95.485978	331.240496	0.005406	8.1
388	-1.320447	96.485978	328.421092	0.004809	9.2
389	-1.325189	97.485978	325.649278	0.004690	10.9
390	-1.316951	98.485978	322.923860	0.004157	9.0
391	-1.295935	97.663875	325.161076	0.004481	9.0
392	-1.303685	96.841771	327.429507	0.005167	9.1
393	-1.327359	97.841771	324.674335	0.004770	8.5
394	-1.301014	98.841771	321.965144	0.004363	7.9
395	-1.351672	98.019670	324.189045	0.004931	11.8
396	-1.297390	99.019669	321.487914	0.004960	8.7
397	-1.320382	100.019669	318.831421	0.005645	9.0
398	-1.323493	99.197566	321.012100	0.005538	8.0
399	-1.318135	100.197566	318.363433	0.005240	8.2
400	-1.315719	101.197566	315.758115	0.005890	8.0
401	-1.311944	100.375463	317.896816	0.004664	12.9
402	-1.352845	101.375463	315.299099	0.005641	11.1
403	-1.334651	100.558312	317.418633	0.005199	7.7
404	-1.332145	101.558312	314.828694	0.004606	9.1
405	-1.325097	100.736208	316.954780	0.004686	7.8
406	-1.332597	99.914931	319.107597	0.004930	10.9
407	-1.340292	100.914931	316.490136	0.004758	7.7
408	-1.333348	100.109321	318.595404	0.005349	8.9
409	-1.326626	99.287218	320.772845	0.004820	7.9
410	-1.313993	100.287218	318.128108	0.005190	9.3
411	-1.294011	99.465115	320.299144	0.004942	8.0
412	-1.334652	100.465115	317.662180	0.004491	11.2
413	-1.327630	101.465115	315.068281	0.004842	9.0
414	-1.281566	100.643011	317.197615	0.004675	7.9
415	-1.317324	101.643011	314.611266	0.004100	8.7
416	-1.342255	100.820908	316.734407	0.004344	8.6
417	-1.308813	100.116427	318.576711	0.004544	8.2
418	-1.333369	101.111871	315.979707	0.005209	9.5
419	-1.326680	102.111871	313.413101	0.004720	8.8
420	-1.329782	101.289767	315.520047	0.004664	7.9
421	-1.320861	102.289767	312.960872	0.004994	8.0
422	-1.292296	101.467664	315.061721	0.004325	7.8
423	-1.360592	100.645561	317.190966	0.004960	8.0
424	-1.311067	101.645561	314.604726	0.005192	10.4
425	-1.319520	102.645561	312.060318	0.004746	8.0
426	-1.334355	103.645561	309.556736	0.004336	14.2
427	-1.319050	104.645065	307.094218	0.004981	14.2
428	-1.332417	105.645065	304.669377	0.004361	15.9
429	-1.334471	104.822962	306.660028	0.004289	14.3
430	-1.318563	105.822668	304.242718	0.004800	9.2
431	-1.315405	106.821955	301.864207	0.005275	8.0
432	-1.310722	107.821955	299.520941	0.004325	7.9
433	-1.321574	108.821955	297.213773	0.004688	9.0
434	-1.301757	109.821802	294.942222	0.004080	10.5
435	-1.330394	110.821790	292.704819	0.004705	8.0
436	-1.302050	111.821790	290.501078	0.004394	7.8
437	-1.327356	110.999728	292.310246	0.004964	9.6
438	-1.341410	110.177625	294.142183	0.005294	7.8
439	-1.305632	111.177625	291.916828	0.004244	8.5
440	-1.340254	112.133631	289.820632	0.004524	10.6
441	-1.314360	111.311528	291.621401	0.003838	12.3
442	-1.317150	112.311528	289.433883	0.004512	13.4
443	-1.316718	113.311528	287.278939	0.005561	15.0
444	-1.324359	112.489424	289.048165	0.004709	15.7
445	-1.302194	111.667321	290.839317	0.004398	13.4
446	-1.317725	112.592850	288.824388	0.004349	12.2
447	-1.343899	113.592850	286.678477	0.005841	12.8
448	-1.320461	114.592850	284.564217	0.004516	16.5
449	-1.306488	115.362970	282.957119	0.004195	15.5
450	-1.318903	116.315873	280.993539	0.004502	11.4
451	-1.338268	117.207115	279.181525	0.004275	17.4
452	-1.333751	118.200959	277.188272	0.005110	13.8
453	-1.316949	119.200124	275.212831	0.004223	16.0
454	-1.336027	120.200124	273.263733	0.005112	13.4
455	-1.307416	119.380796	274.858630	0.005050	12.2
456	-1.308012	118.558692	276.477749	0.004364	28.3
457	-1.338338	119.558687	274.510768	0.004732	19.4
458	-1.332781	118.736584	276.125779	0.005432	17.0
459	-1.313612	117.914481	277.759906	0.004971	15.0
460	-1.331839	117.092377	279.413490	0.004010	12.1
461	-1.354555	116.270274	281.086880	0.005205	21.8
462	-1.303032	115.454645	282.767018	0.005502	15.9
463	-1.352407	116.454645	280.709852	0.004602	22.4
464	-1.315725	117.454645	278.682402	0.005268	15.4
465	-1.305335	118.454645	276.684029	0.005098	17.1
466	-1.329849	119.454645	274.714112	0.004819	21.0
467	-1.328392	118.632542	276.331524	0.004731	17.9
468	-1.306280	118.390965	276.810432	0.004262	19.6
469	-1.293542	119.390964	274.838722	0.004324	20.3
470	-1.280762	118.568861	276.457606	0.004353	16.2
471	-1.329563	118.854077	275.893802	0.004328	14.9
472	-1.324542	119.853090	273.937000	0.004567	17.7
473	-1.316859	119.030987	275.545248	0.004721	15.4
474	-1.332709	120.030987	273.591456	0.004680	17.7
475	-1.318899	121.030987	271.665176	0.005449	19.3
476	-1.317760	122.030987	269.765831	0.004940	15.3
477	-1.341935	123.030987	267.892861	0.005327	16.2
478	-1.343993	122.208885	269.430721	0.005048	23.6
479	-1.307561	123.146170	267.678796	0.004305	18.3
480	-1.338178	124.146170	265.834594	0.004466	19.1
481	-1.364172	123.324071	267.348841	0.004955	22.3
482	-1.318860	124.324071	265.509168	0.004897	15.8
483	-1.321090	124.506579	265.176141	0.005188	17.6
484	-1.309239	125.506579	263.366146	0.004691	21.2
485	-1.324502	126.506570	261.580708	0.004566	16.8
486	-1.341971	125.684524	263.046654	0.004776	20.8
487	-1.309264	124.862432	264.529204	0.005506	18.4
488	-1.277774	124.043704	266.022392	0.003767	17.0
489	-1.320827	125.038073	264.211054	0.004351	25.7
490	-1.327781	126.037993	262.414307	0.004275	22.1
491	-1.282080	125.215890	263.889739	0.004056	17.2
492	-1.320401	126.215809	262.097348	0.004235	16.6
493	-1.324200	125.506583	263.366139	0.004616	17.6
494	-1.324627	124.685382	264.850684	0.004396	17.5
495	-1.339678	123.866908	266.347047	0.004530	15.5
496	-1.320771	124.866892	264.521117	0.004551	19.5
497	-1.304870	124.044790	266.020399	0.005185	25.0
498	-1.317964	123.222687	267.536778	0.004341	27.6
499	-1.324001	124.222687	265.694526	0.004918	22.9
500	-1.310052	125.222687	263.877473	0.005100	16.2
501	-1.340881	124.400583	265.369452	0.004830	15.0
502	-1.300646	123.578480	266.878398	0.004726	37.0
503	-1.346593	124.578480	265.045171	0.004713	22.1
504	-1.328082	125.578454	263.237004	0.005153	19.3
505	-1.308363	126.478141	261.631133	0.004081	17.0
506	-1.324899	125.656037	263.097747	0.004484	18.8
507	-1.350185	126.650937	261.324945	0.004656	32.4
508	-1.336011	125.936640	262.595314	0.005049	34.3
509	-1.305611	126.936640	260.820262	0.004648	19.8
510	-1.340682	127.936495	259.069298	0.004418	28.7
511	-1.344492	128.936494	257.341439	0.004817	25.7
512	-1.312058	129.045140	257.155100	0.004693	12.6
513	-1.309263	130.045140	255.452595	0.004631	20.6
514	-1.308913	129.223037	256.850573	0.005017	10.4
515	-1.327474	128.400934	258.263935	0.004877	8.4
516	-1.315054	129.400934	256.546766	0.004991	8.9
517	-1.295303	128.578831	257.956777	0.004871	15.7
518	-1.316607	129.578831	256.243676	0.004085	12.6
519	-1.313487	128.756727	257.650349	0.005457	13.3
520	-1.336505	129.658604	256.107996	0.004904	13.7
521	-1.318382	130.658604	254.419282	0.004224	19.0
522	-1.332782	129.836513	255.805920	0.004620	15.2
523	-1.303277	129.014618	257.207422	0.004917	14.9
524	-1.304938	128.192515	258.624725	0.004460	13.6
525	-1.343554	129.192515	256.902770	0.005066	10.9
526	-1.326922	129.860350	255.765501	0.004914	15.1
527	-1.336638	130.860350	254.081286	0.004852	20.1
528	-1.315416	131.860350	252.419107	0.004087	13.1
529	-1.285157	131.123369	253.641984	0.004362	9.8
530	-1.340866	130.576409	254.557245	0.005074	7.8
531	-1.336808	131.576409	252.888854	0.005206	11.7
532	-1.336244	130.754306	254.258836	0.004233	10.4
533	-1.335963	131.754306	252.594341	0.004962	10.1
534	-1.312173	130.932202	253.961126	0.004364	12.7
535	-1.293581	130.110099	255.342782	0.004506	12.3
536	-1.363482	131.106292	253.670460	0.005170	11.3
537	-1.344273	132.106292	252.013634	0.004732	10.8
538	-1.339902	133.106292	250.378311	0.005225	9.4
539	-1.348627	134.105466	248.765398	0.005160	7.6
540	-1.326025	135.105466	247.171825	0.004878	8.2
541	-1.311101	136.105444	245.598574	0.005049	8.5
542	-1.321083	135.283341	246.890505	0.005565	14.4
543	-1.336863	136.283341	245.320787	0.004556	9.1
544	-1.328568	135.461238	246.609790	0.005373	12.5
545	-1.345632	136.461238	245.043629	0.004526	7.6
546	-1.328140	135.686810	246.254762	0.004681	7.5
547	-1.332159	136.686444	244.693660	0.004281	8.8
548	-1.342306	135.868206	245.970003	0.004570	10.0
549	-1.303419	136.868206	244.411931	0.004272	7.5
550	-1.336727	137.830162	242.931648	0.004212	7.8
551	-1.326912	137.008066	244.195591	0.005119	8.3
552	-1.318929	136.185963	245.472766	0.004850	7.5
553	-1.324224	137.185961	243.920970	0.004344	8.7
554	-1.341763	138.185961	242.388668	0.005279	10.8
555	-1.324998	139.185961	240.875498	0.005401	7.9
556	-1.349682	139.960753	239.716032	0.005595	7.9
557	-1.317565	140.960753	238.235945	0.004503	7.7
558	-1.333850	140.138650	239.451386	0.005603	7.8
559	-1.311248	141.138650	237.974555	0.004616	7.5
560	-1.332262	141.991130	236.729895	0.003852	10.9
561	-1.333622	141.169027	237.929978	0.004836	7.5
562	-1.325002	140.346924	239.142291	0.004325	8.1
563	-1.342796	141.346892	237.669305	0.004803	8.1
564	-1.329639	142.346892	236.214308	0.004947	9.3
565	-1.317385	143.346892	234.777017	0.005185	8.1
566	-1.340979	144.346892	233.357111	0.005035	12.5
567	-1.332253	145.341823	231.961346	0.005482	11.9
568	-1.329627	144.519719	233.113452	0.005621	8.2
569	-1.346529	143.697616	234.277059	0.004941	9.3
570	-1.340151	144.697616	232.863176	0.004625	8.2
571	-1.356420	143.875522	234.024266	0.004972	11.1
572	-1.324348	143.053419	235.197007	0.004615	37.6
573	-1.304470	144.053419	233.772032	0.004400	18.3
574	-1.356555	143.231316	234.942240	0.004877	14.2
575	-1.320864	144.231316	233.520341	0.004519	15.0
576	-1.348925	145.231316	232.115549	0.005277	14.0
577	-1.369853	144.738318	232.805990	0.004913	10.8
578	-1.323480	145.738314	231.409760	0.004877	8.0
579	-1.345423	146.738314	230.030172	0.005194	7.7
580	-1.374277	145.916210	231.163127	0.004927	8.0
581	-1.331431	145.916459	231.162783	0.005540	8.4
582	-1.284492	146.916459	229.786129	0.004475	10.6
583	-1.359847	147.916459	228.425776	0.005704	8.3
584	-1.314167	147.094356	229.542943	0.004795	7.7
585	-1.299785	148.092428	228.188060	0.004488	7.6
586	-1.311206	149.092428	226.846506	0.004266	8.3
587	-1.325457	148.270330	227.948236	0.004898	8.2
588	-1.316307	147.448227	229.060726	0.005125	10.6
589	-1.320512	148.448119	227.709067	0.004672	7.9
590	-1.345138	147.626016	228.819219	0.004479	7.5
591	-1.355228	148.425617	227.739310	0.005104	7.6
592	-1.362544	149.425617	226.403013	0.004940	13.9
593	-1.315770	150.425616	225.082307	0.004626	7.7
594	-1.298151	149.603513	226.166932	0.004590	11.3
595	-1.323420	148.781410	227.262061	0.004419	7.7
596	-1.332902	147.959306	228.367847	0.004703	7.5
597	-1.311787	148.959132	227.024418	0.005353	7.7
598	-1.316727	148.137029	228.127888	0.005048	7.9
599	-1.337873	147.314925	229.242136	0.005063	8.4
600	-1.312581	148.314925	227.888197	0.004597	9.7
601	-1.332815	147.492822	229.000100	0.005549	8.7
602	-1.315672	146.670719	230.122906	0.004663	7.6
603	-1.342922	147.670719	228.758574	0.004911	7.7
604	-1.314473	146.852328	229.873923	0.004739	7.5
605	-1.334769	147.852327	228.512534	0.004545	7.6
606	-1.313360	148.852319	227.167185	0.004381	11.1
607	-1.306145	148.030215	228.272046	0.004989	7.6
608	-1.333538	149.030215	226.929508	0.004452	7.7
609	-1.341226	150.030215	225.602669	0.004472	7.9
610	-1.344409	149.208112	226.692328	0.004057	7.6
611	-1.364184	150.190434	225.391525	0.005523	7.6
612	-1.341875	151.189843	224.083329	0.004279	10.6
613	-1.301951	150.583699	224.874935	0.003876	7.6
614	-1.343431	149.761595	225.957558	0.004310	7.5
615	-1.325251	150.761595	224.642028	0.004854	8.7
616	-1.280182	151.761591	223.341733	0.003806	7.5
617	-1.325884	152.761264	222.056817	0.005015	8.7
618	-1.328247	153.761205	220.786261	0.004718	10.2
619	-1.310127	154.761205	219.530090	0.004890	7.5
620	-1.345199	155.761205	218.288131	0.004249	7.5
621	-1.317772	156.761205	217.060146	0.004760	8.4
622	-1.365083	155.939102	218.068662	0.004909	8.1
623	-1.319174	156.939102	216.843138	0.004827	7.5
624	-1.344105	156.451993	217.438375	0.004342	10.0
625	-1.335098	157.451993	216.219905	0.004521	7.8
626	-1.346144	158.451993	215.015015	0.005024	7.5
627	-1.342589	157.636574	215.996490	0.004838	8.3
628	-1.306790	158.636574	214.794082	0.004595	8.2
629	-1.331704	159.636572	213.604990	0.005364	8.9
630	-1.338806	158.886819	214.495277	0.004670	8.4
631	-1.275630	159.886819	213.309479	0.004163	12.4
632	-1.338239	159.064726	214.283352	0.005075	12.0
633	-1.346281	159.973587	213.207207	0.005444	16.9
634	-1.347044	160.973587	212.035569	0.004390	16.9
635	-1.340099	160.151484	212.997830	0.004330	13.9
636	-1.333736	159.329381	213.968866	0.004331	12.0
637	-1.331049	160.193819	212.948065	0.004835	10.3
638	-1.322390	161.193795	211.779293	0.004762	15.8
639	-1.314416	160.371692	212.739225	0.004570	26.6
640	-1.344783	161.371692	211.572710	0.005458	18.8
641	-1.335281	160.549589	212.530766	0.005063	20.2
642	-1.290589	161.549589	211.366530	0.004836	15.3
643	-1.341033	162.549589	210.214980	0.004441	15.5
644	-1.293181	161.727485	211.160751	0.004508	19.4
645	-1.368278	160.905459	212.114981	0.004603	14.4
646	-1.295451	161.905459	210.955284	0.004611	14.0
647	-1.284041	162.903980	209.809887	0.004296	14.3
648	-1.338504	162.081876	210.752008	0.004255	11.7
649	-1.337215	161.259773	211.702629	0.005064	10.6
650	-1.318317	162.259773	210.547424	0.004644	9.4
651	-1.341138	161.437670	211.496195	0.004762	7.5
652	-1.339989	160.619164	212.449349	0.004868	9.9
653	-1.361773	161.619164	211.286003	0.004868	7.8
654	-1.319501	160.863692	212.163697	0.004728	8.0
655	-1.324014	160.042366	213.126208	0.005236	8.2
656	-1.326505	161.042366	211.955458	0.004060	8.1
657	-1.310508	162.042325	210.797547	0.005240	8.2
658	-1.304837	162.264550	210.541936	0.004719	9.1
659	-1.320037	163.212709	209.458258	0.004772	10.1
660	-1.304975	164.212708	208.327353	0.004829	9.4
661	-1.318268	163.392965	209.253499	0.004772	12.3
662	-1.330406	164.392965	208.124796	0.004889	9.0
663	-1.328292	163.570862	209.051812	0.005122	10.6
664	-1.324942	164.570862	207.925278	0.004194	13.1
665	-1.331251	164.970514	207.478445	0.004705	9.3
666	-1.323852	165.968488	206.370996	0.004559	11.3
667	-1.338735	165.146385	207.282419	0.004663	12.5
668	-1.329997	164.324282	208.201930	0.005271	15.5
669	-1.310164	163.502179	209.129634	0.004951	11.4
670	-1.326037	162.680284	210.065404	0.004503	10.0
671	-1.309571	163.329042	209.326065	0.005342	12.2
672	-1.364803	164.329035	208.196590	0.005354	12.9
673	-1.317530	163.506932	209.124247	0.005009	13.6
674	-1.296324	162.730376	210.008132	0.004742	9.9
675	-1.359641	163.730356	208.871319	0.005392	9.4
676	-1.367407	164.730302	207.746785	0.005277	8.9
677	-1.284183	165.725183	206.639900	0.004585	15.0
678	-1.365648	164.903079	207.553706	0.005350	12.9
679	-1.358238	164.080976	208.475630	0.005073	8.0
680	-1.363258	165.080976	207.355281	0.005350	14.9
681	-1.328099	164.258873	208.275439	0.005434	17.8
682	-1.317285	163.436806	209.203759	0.005228	12.0
683	-1.314618	162.614977	210.140119	0.004881	10.2
684	-1.381922	161.792874	211.085215	0.004994	8.5
685	-1.313459	162.792873	209.936721	0.004660	10.0
686	-1.313142	163.792873	208.800656	0.004924	10.1
687	-1.337028	162.970770	209.733715	0.004524	8.5
688	-1.333067	162.162878	210.658805	0.004630	8.6
689	-1.307342	161.340818	211.608534	0.004492	7.9
690	-1.327545	162.340818	210.454353	0.004878	7.6
691	-1.310234	163.340818	209.312694	0.004821	8.5
692	-1.351231	164.340817	208.183355	0.005305	9.7
693	-1.296334	163.518714	209.110893	0.004874	8.3
694	-1.355714	162.699993	210.042867	0.004403	7.9
695	-1.349533	163.531346	209.096578	0.004964	8.0
696	-1.355222	164.530938	207.970022	0.005124	7.5
697	-1.354786	164.334304	208.190671	0.005524	9.3
698	-1.351474	165.334304	207.073374	0.005110	12.7
699	-1.338275	164.512201	207.991026	0.005009	8.0
700	-1.340616	163.927243	208.648939	0.004641	8.6
701	-1.320859	164.927243	207.526732	0.005144	8.0
702	-1.329809	165.563589	206.818884	0.005477	7.9
703	-1.322818	166.563442	205.716384	0.004750	8.8
704	-1.351541	167.563442	204.625418	0.004928	15.5
705	-1.327067	166.741339	205.521455	0.005485	9.0
706	-1.350755	167.741339	204.432549	0.004629	7.8
707	-1.318361	168.741339	203.355122	0.004849	8.0
708	-1.368906	169.741339	202.288991	0.004974	8.0
709	-1.328154	170.741339	201.233982	0.005124	8.1
710	-1.335594	171.741339	200.189919	0.004294	10.9
711	-1.361194	171.280153	200.670077	0.005072	7.9
712	-1.356166	172.280138	199.631858	0.005507	7.9
713	-1.318873	171.964816	199.958075	0.004729	7.9
714	-1.317471	171.142713	200.813617	0.004569	7.9
715	-1.331754	170.320610	201.676511	0.004459	8.0
716	-1.340464	171.320610	200.627864	0.005151	10.0
717	-1.354250	170.498506	201.489160	0.005295	7.9
718	-1.356999	169.676410	202.357874	0.004513	7.9
719	-1.328121	168.854307	203.234120	0.005295	8.3
720	-1.316605	169.854307	202.169255	0.005259	7.9
721	-1.345023	169.032204	203.043865	0.004432	7.9
722	-1.338953	169.890533	202.130889	0.005422	10.0
723	-1.338533	170.890531	201.077525	0.004673	8.1
724	-1.341807	170.068428	201.942694	0.005109	7.9
725	-1.347288	171.068428	200.891284	0.004786	8.7
726	-1.318929	170.246324	201.754848	0.005264	8.6
727	-1.330583	169.424252	202.625836	0.004476	7.8
728	-1.351793	168.602148	203.504409	0.004400	9.8
729	-1.336284	169.602148	202.436717	0.005012	7.7
730	-1.312080	168.787550	203.305607	0.004823	9.3
731	-1.330607	169.787550	202.239995	0.004960	7.8
732	-1.366101	170.702626	201.274620	0.005284	8.4
733	-1.324970	171.702626	200.230137	0.005064	8.1
734	-1.340235	172.701914	199.197170	0.004866	10.1
735	-1.347907	173.191914	198.694540	0.004594	7.8
736	-1.345080	172.587197	199.315211	0.004457	8.0
737	-1.329305	173.587197	198.290914	0.005357	7.9
738	-1.309539	174.586393	197.277901	0.004773	7.8
739	-1.344783	175.586393	196.274383	0.004546	8.5
740	-1.323997	176.586393	195.281024	0.004990	9.9
741	-1.376567	175.764290	196.096930	0.004892	7.9
742	-1.330770	176.764165	195.105484	0.005039	7.9
743	-1.324320	175.953024	195.909015	0.004682	7.8
744	-1.337104	176.953024	194.919341	0.005413	7.9
745	-1.355510	176.130921	195.732221	0.005216	8.0
746	-1.335767	177.130921	194.744328	0.004878	8.6
747	-1.348308	176.308818	195.555746	0.004982	8.5
748	-1.333420	175.486715	196.373954	0.004657	8.0
749	-1.361393	176.486699	195.379604	0.005328	7.6
750	-1.319181	177.486699	194.395258	0.004947	7.8
751	-1.354552	178.486699	193.420781	0.004651	7.9
752	-1.334502	179.486699	192.456025	0.004790	7.9
753	-1.356760	178.665860	193.247224	0.005442	9.0
754	-1.341250	179.665860	192.284194	0.004795	8.9
755	-1.352681	178.843757	193.075199	0.005035	8.7
756	-1.332278	179.194096	192.737318	0.005028	8.3
757	-1.321686	180.194096	191.779351	0.004848	8.8
758	-1.352854	181.020791	190.994565	0.004495	9.2
759	-1.326761	180.198687	191.774974	0.004749	8.9
760	-1.318081	179.376584	192.561787	0.004529	12.9
761	-1.334153	180.376584	191.605560	0.004844	12.1
762	-1.322585	181.376584	190.658783	0.004541	9.2
763	-1.337544	180.554480	191.436444	0.004184	12.0
764	-1.372722	181.554103	190.491689	0.004809	13.4
765	-1.306199	182.330279	189.764521	0.004774	11.5
766	-1.339387	181.508176	190.534890	0.005027	9.1
767	-1.355588	182.436119	189.665794	0.004476	11.2
768	-1.345379	181.614016	190.435360	0.004266	10.9
769	-1.368669	180.791912	191.211197	0.004889	8.5
770	-1.327115	181.791911	190.268304	0.006116	12.9
771	-1.328955	182.791911	189.334664	0.004827	9.3
772	-1.342640	181.969808	190.101540	0.004871	8.1
773	-1.337409	181.147705	190.874653	0.005185	8.6
774	-1.323361	180.325602	191.654081	0.004746	9.9
775	-1.348196	181.325602	190.706825	0.004854	14.6
776	-1.312063	180.503498	191.484879	0.004248	9.9
777	-1.338501	181.503497	190.539293	0.004671	9.0
778	-1.326065	180.681394	191.315978	0.004618	11.3
779	-1.319580	180.975302	191.037581	0.004594	8.8
780	-1.358768	181.718409	190.337292	0.004672	13.6
781	-1.349844	180.896306	191.112328	0.005389	10.7
782	-1.349104	181.896301	190.170411	0.004580	10.1
783	-1.320424	182.896301	189.237729	0.004542	9.0
784	-1.330654	182.074198	190.003819	0.004354	10.4
785	-1.349977	181.252097	190.776134	0.005418	8.8
786	-1.324616	180.429997	191.554752	0.004924	12.6
787	-1.328051	179.607893	192.339755	0.004650	10.0
788	-1.334423	180.607893	191.385726	0.004423	7.9
789	-1.364722	181.607893	190.441115	0.004349	9.9
790	-1.338049	182.607880	189.505795	0.004596	7.9
791	-1.326172	181.786217	190.273647	0.004710	14.6
792	-1.336767	180.964128	191.048151	0.005525	13.4
793	-1.335511	181.964128	190.106860	0.004785	11.8
794	-1.363539	182.964043	189.174878	0.004583	10.3
795	-1.332453	182.519093	189.588468	0.004909	15.4
796	-1.348859	181.696990	190.357406	0.005103	9.9
797	-1.322948	180.874887	191.132606	0.004650	8.5
798	-1.319994	180.052786	191.914143	0.004442	8.6
799	-1.318559	179.230682	192.702101	0.004744	8.3
800	-1.367903	178.408579	193.496555	0.004984	10.4
801	-1.292539	179.028414	192.896961	0.004858	8.2
802	-1.318461	180.023790	191.941825	0.005103	7.9
803	-1.332825	181.013017	191.001915	0.004242	7.9
804	-1.339940	182.013017	190.061079	0.005138	9.8
805	-1.361803	181.190914	190.833863	0.004773	8.3
806	-1.357609	182.190914	189.894678	0.005146	12.4
807	-1.335275	181.368837	190.666081	0.004634	7.9
808	-1.340736	180.546734	191.443803	0.005030	8.0
809	-1.325488	181.546734	190.498619	0.004743	8.1
810	-1.317078	180.724632	191.274971	0.004352	8.4
811	-1.304914	181.724627	190.331454	0.005212	8.0
812	-1.315768	182.724349	189.397454	0.004662	11.2
813	-1.343677	181.902246	190.164840	0.004794	8.8
814	-1.322866	181.080151	190.938462	0.004365	8.5
815	-1.353857	180.258048	191.718411	0.004620	7.9
816	-1.356106	179.435983	192.504722	0.005543	7.8
817	-1.327390	180.435983	191.549060	0.004949	8.7
818	-1.336703	181.435983	190.602840	0.004529	9.9
819	-1.339265	182.435983	189.665922	0.003970	8.0
820	-1.321679	183.435983	188.738169	0.004469	8.6
821	-1.333836	182.613879	189.500211	0.004882	7.7
822	-1.338554	181.791776	190.268431	0.004856	7.9
823	-1.347155	182.791776	189.334790	0.004672	8.0
824	-1.322062	181.969673	190.101667	0.005834	10.8
825	-1.352477	181.636933	190.413824	0.005485	13.3
826	-1.321225	180.814829	191.189484	0.004912	8.3
827	-1.323009	181.814829	190.246804	0.004296	8.0
828	-1.358078	182.814829	189.313375	0.004766	7.8
829	-1.332153	183.814811	188.389076	0.004044	8.6
830	-1.354560	184.810907	187.477300	0.004727	9.8
831	-1.348578	183.988804	188.229174	0.004832	7.9
832	-1.355464	184.753585	187.529530	0.004637	8.6
833	-1.314741	185.753585	186.622510	0.004280	8.2
834	-1.324452	184.931483	187.367529	0.004335	8.1
835	-1.313695	184.109380	188.118520	0.004902	8.8
836	-1.360994	185.109380	187.205809	0.004500	9.7
837	-1.358065	186.109380	186.301910	0.005385	7.6
838	-1.330616	187.109380	185.406699	0.004076	7.6
839	-1.318417	188.109380	184.520050	0.004806	9.1
840	-1.367717	189.047034	183.696348	0.004972	8.7
841	-1.349150	188.224931	184.418142	0.004369	9.2
842	-1.360897	189.224931	183.540900	0.004974	10.4
843	-1.333926	188.681380	184.016688	0.005109	8.3
844	-1.345991	189.681380	183.143253	0.005041	8.2
845	-1.355684	190.681380	182.278069	0.005255	8.0
846	-1.334353	189.859276	182.988739	0.004480	8.5
847	-1.359229	190.859276	182.125011	0.005066	10.2
848	-1.358647	191.859276	181.269399	0.004304	8.3
849	-1.354343	192.859276	180.421788	0.005168	8.9
850	-1.337734	193.859276	179.582068	0.004331	8.0
851	-1.326602	194.859276	178.750127	0.004117	8.2
852	-1.340548	194.037283	179.433410	0.005183	8.4
853	-1.333548	193.215585	180.121689	0.004581	9.7
854	-1.328235	194.215585	179.284753	0.004616	9.5
855	-1.330585	193.393482	179.972230	0.004946	8.0
856	-1.342227	194.391722	179.138143	0.005854	7.9
857	-1.365871	193.569619	179.824494	0.005690	8.2
858	-1.338548	194.550299	179.006354	0.004577	10.0
859	-1.342805	195.550299	178.179727	0.004454	11.1
860	-1.367985	196.550299	177.360699	0.005026	8.5
861	-1.363320	197.487123	176.600216	0.004915	8.2
862	-1.330790	196.665020	177.267221	0.004604	8.2
863	-1.317659	197.665020	176.456541	0.004901	8.0
864	-1.345489	198.665020	175.653243	0.004248	8.2
865	-1.359982	197.842917	176.313100	0.005142	11.2
866	-1.346529	198.842917	175.511104	0.004448	8.0
867	-1.345967	198.155991	176.061229	0.005224	8.1
868	-1.307347	199.150929	175.265548	0.004282	8.0
869	-1.340515	198.328825	175.922490	0.005256	8.1
870	-1.342983	199.327251	175.125287	0.004599	8.4
871	-1.374946	198.619692	175.689496	0.005978	10.8
872	-1.345376	199.619692	174.893151	0.004792	8.0
873	-1.341879	198.797589	175.547299	0.004645	8.1
874	-1.333333	199.797589	174.752239	0.004502	8.1
875	-1.340762	198.995903	175.389053	0.004650	8.1
876	-1.293614	198.173800	176.046923	0.004860	8.2
877	-1.323039	199.169030	175.251138	0.004544	10.7
878	-1.361770	200.169030	174.458753	0.004828	8.3
879	-1.341071	199.639747	174.877254	0.004910	8.0
880	-1.339851	200.560330	174.150639	0.004827	10.4
881	-1.362147	199.738245	174.799220	0.004897	8.3
882	-1.320828	200.738245	174.010907	0.004435	10.2
883	-1.323866	199.916142	174.658460	0.004769	8.5
884	-1.320910	199.094039	175.310850	0.005221	9.1
885	-1.340123	198.271936	175.968133	0.004783	8.0
886	-1.348410	199.271936	175.169265	0.005377	8.3
887	-1.303920	198.449832	175.825485	0.004209	12.3
888	-1.345091	197.627748	176.486624	0.005551	11.6
889	-1.331405	198.612525	175.695230	0.004536	8.2
890	-1.339880	199.610958	174.900075	0.004803	9.0
891	-1.356197	200.396854	174.279230	0.004342	8.3
892	-1.322343	201.381442	173.507613	0.005283	8.3
893	-1.323024	200.559339	174.151419	0.004592	8.4
894	-1.325826	201.559339	173.368924	0.004108	9.4
895	-1.317351	202.508060	172.633027	0.004660	8.1
896	-1.368031	203.501817	171.868868	0.004567	8.3
897	-1.320447	202.679714	172.500548	0.004223	7.7
898	-1.335173	201.859045	173.135773	0.004874	10.1
899	-1.349527	202.859036	172.362366	0.004671	9.4
900	-1.330873	203.859018	171.595845	0.004645	11.9
901	-1.330188	204.859018	170.836097	0.004451	8.6
902	-1.346490	205.859018	170.083048	0.004577	8.9
903	-1.300635	206.490558	169.610878	0.004154	8.5
904	-1.345726	205.668455	170.226039	0.005082	9.0
905	-1.322447	204.846359	170.845673	0.004830	9.5
906	-1.352216	205.846349	170.092546	0.004743	9.1
907	-1.326669	205.024246	170.711213	0.004594	9.0
908	-1.362696	205.619470	170.262833	0.005321	8.7
909	-1.350003	206.614740	169.518341	0.005318	8.9
910	-1.360151	205.792639	170.132828	0.004727	10.0
911	-1.338120	206.792610	169.385974	0.005219	13.1
912	-1.338261	207.792539	168.645679	0.004096	10.6
913	-1.321869	207.246197	169.049358	0.004329	9.9
914	-1.361598	208.162791	168.373203	0.005263	9.9
915	-1.314438	208.690015	167.986724	0.004652	10.1
916	-1.337681	207.867912	168.590139	0.004377	11.4
917	-1.328178	207.045808	169.197905	0.004915	13.8
918	-1.317648	206.223706	169.810069	0.004535	12.6
919	-1.313278	207.223706	169.066018	0.004098	9.9
920	-1.353212	206.401603	169.677226	0.004250	9.7
921	-1.359947	207.304570	169.006136	0.004615	8.4
922	-1.359471	208.242328	168.314785	0.005333	7.7
923	-1.350240	207.420225	168.920564	0.005304	8.4
924	-1.342323	208.420174	168.184308	0.005348	8.8
925	-1.344356	207.598070	168.789146	0.003838	8.4
926	-1.356254	208.587790	168.061520	0.004246	9.2
927	-1.342364	207.765687	168.665474	0.004711	9.8
928	-1.330837	208.765687	167.931398	0.004437	8.1
929	-1.306972	207.943643	168.534372	0.004598	8.0
930	-1.355994	207.121587	169.141700	0.004738	8.0
931	-1.350077	208.121587	168.403482	0.004691	8.3
932	-1.349024	209.120424	167.672527	0.004773	8.9
933	-1.314105	208.298323	168.273682	0.004417	9.7
934	-1.325794	209.298323	167.543005	0.004264	9.3
935	-1.341476	208.476220	168.143231	0.004848	9.3
936	-1.355817	208.657557	168.010465	0.005939	9.1
937	-1.333412	209.657557	167.282068	0.005137	8.5
938	-1.355398	208.835454	167.880422	0.004580	11.6
939	-1.319603	208.013351	168.483073	0.005166	13.2
940	-1.330960	209.013346	167.750584	0.004556	11.3
941	-1.360602	210.013346	167.024433	0.005177	13.6
942	-1.309953	211.013346	166.304542	0.004843	14.6
943	-1.376654	212.013346	165.590829	0.004820	8.6
944	-1.326495	211.527521	165.936802	0.004116	9.9
945	-1.341950	210.705417	166.525555	0.004400	10.7
946	-1.337287	211.705407	165.809955	0.005356	11.9
947	-1.361239	212.703630	165.101728	0.005375	17.1
948	-1.384176	211.881526	165.684559	0.005558	14.0
949	-1.334176	211.059423	166.271520	0.005859	15.4
950	-1.341275	212.059423	165.558091	0.004346	17.4
951	-1.350982	212.955224	164.924178	0.005586	16.0
952	-1.312034	213.955224	164.222239	0.004680	14.5
953	-1.342185	213.133121	164.798867	0.005133	12.6
954	-1.348378	212.314244	165.377272	0.004396	19.7
955	-1.363045	213.314244	164.671479	0.005099	13.7
956	-1.310946	212.492153	165.251263	0.004571	13.9
957	-1.333451	213.476897	164.557249	0.005089	18.0
958	-1.382713	212.933535	164.939469	0.005637	12.9
959	-1.358350	213.933535	164.237400	0.004651	11.6
960	-1.352784	214.933535	163.541283	0.005084	13.8
961	-1.356964	214.111432	164.113131	0.004302	12.9
962	-1.345972	215.109650	163.419297	0.004674	11.1
963	-1.347844	216.109650	162.730083	0.004052	10.9
964	-1.331003	215.305470	163.283876	0.004323	10.0
965	-1.370743	214.483534	163.853805	0.004940	10.2
966	-1.326864	213.661431	164.427844	0.004319	8.3
967	-1.345939	212.839328	165.005919	0.005389	8.0
968	-1.378402	212.017224	165.588073	0.004783	8.2
969	-1.350572	213.016649	164.880889	0.004415	9.1
970	-1.319661	212.194578	165.462137	0.004637	8.5
971	-1.364718	213.169860	164.773012	0.004904	10.4
972	-1.325109	212.347757	165.353520	0.005332	8.6
973	-1.323916	211.525654	165.938134	0.004884	8.0
974	-1.353528	210.719577	166.515379	0.004393	7.7
975	-1.341063	209.897474	167.108251	0.004795	7.7
976	-1.357222	209.075371	167.705361	0.004992	7.7
977	-1.360671	208.253277	168.306747	0.004252	9.9
978	-1.351827	207.491812	168.867640	0.005099	11.0
979	-1.390832	206.669709	169.477412	0.004891	9.6
980	-1.307975	207.669709	168.736267	0.004834	8.1
981	-1.323633	206.847606	169.345089	0.004267	8.0
982	-1.309369	206.025503	169.958320	0.004681	7.9
983	-1.356727	207.025503	169.212972	0.005111	10.7
984	-1.376766	206.203399	169.825246	0.005218	8.0
985	-1.355522	207.203399	169.081062	0.004936	7.9
986	-1.375039	206.381296	169.692379	0.006165	7.9
987	-1.361563	207.381296	168.949357	0.005026	7.9
988	-1.347671	208.381296	168.212813	0.004455	7.9
989	-1.327388	208.067309	168.443385	0.004882	10.8
990	-1.321766	209.067309	167.711237	0.004741	7.8
991	-1.317610	208.245206	168.312672	0.004771	7.8
992	-1.338583	207.423103	168.918435	0.004049	8.6
993	-1.345094	208.422753	168.182417	0.005592	8.1
994	-1.328233	209.417487	167.456358	0.004867	8.0
995	-1.324234	210.417487	166.732746	0.004802	11.1
996	-1.321918	211.417487	166.015362	0.005326	7.7
997	-1.341504	212.417487	165.304124	0.004674	7.8
998	-1.359384	211.595383	165.888388	0.004996	7.6
999	-1.342408	212.595383	165.178235	0.004178	8.8
