1:ItNr	2:Metric	3a:Time	3b:StepSize	4:||Gradient||	Time[ms]
0	-1.082985	0.000000	3.277164	0.023597	2686.7
1	-1.098504	0.000000	3.277164	0.041915	10.2
2	-1.081913	0.936113	3.137312	0.080195	9.6
3	-1.059696	1.936113	3.000527	0.053560	12.3
4	-1.071791	2.936113	2.875172	0.033854	11.0
5	-1.081902	2.643440	2.910762	0.065458	9.7
6	-1.078717	3.643440	2.792647	0.048433	9.7
7	-1.079632	4.643440	2.683744	0.030763	12.6
8	-1.086965	5.393019	2.607524	0.038062	9.5
9	-1.088749	6.392740	2.512360	0.049919	12.0
10	-1.081983	7.392740	2.423874	0.078003	10.0
11	-1.071026	8.392740	2.341409	0.062869	12.1
12	-1.086850	9.392740	2.264371	0.053139	10.8
13	-1.072567	10.392719	2.192242	0.030933	9.9
14	-1.092398	11.392719	2.124565	0.034290	9.8
15	-1.072365	11.100131	2.143930	0.030165	12.5
16	-1.079745	12.099986	2.079168	0.051759	11.3
17	-1.090990	13.099986	2.018195	0.052218	9.8
18	-1.089374	14.099986	1.960697	0.042572	9.8
19	-1.099513	15.099986	1.906384	0.044742	14.0
20	-1.063259	16.099986	1.854999	0.039411	9.9
21	-1.095320	17.099985	1.806311	0.039463	9.8
22	-1.106696	18.099985	1.760114	0.040542	9.8
23	-1.067110	19.099985	1.716221	0.041778	13.1
24	-1.098465	20.099984	1.674464	0.029210	11.0
25	-1.087610	21.099984	1.634690	0.019686	9.9
26	-1.087339	20.807374	1.646131	0.037887	9.9
27	-1.087306	20.613734	1.653791	0.034616	12.5
28	-1.099012	21.611128	1.615081	0.045731	10.8
29	-1.086127	22.611128	1.578048	0.055071	9.9
30	-1.095514	23.611128	1.542674	0.050425	9.8
31	-1.083869	24.611128	1.508852	0.029686	13.0
32	-1.101683	25.609422	1.476535	0.024394	10.0
33	-1.104625	25.328790	1.485479	0.035909	11.1
34	-1.092997	25.288214	1.486781	0.028084	10.7
35	-1.102953	26.198968	1.458092	0.032546	15.4
36	-1.089949	27.153380	1.429192	0.031372	10.2
37	-1.116238	27.174146	1.428576	0.034373	10.2
38	-1.111797	26.885846	1.437177	0.032703	13.0
39	-1.082162	27.874724	1.408099	0.040831	10.0
40	-1.098999	28.872576	1.379925	0.035656	11.4
41	-1.117531	29.710579	1.357122	0.028581	10.6
42	-1.088849	29.554074	1.361323	0.037853	12.0
43	-1.099321	30.553706	1.334927	0.029487	10.8
44	-1.104535	30.298371	1.341572	0.049770	9.8
45	-1.091473	31.298370	1.315919	0.034502	10.1
46	-1.083706	32.298370	1.291230	0.029050	12.7
47	-1.087266	32.005697	1.298359	0.036412	10.7
48	-1.133618	32.956926	1.275470	0.036964	10.6
49	-1.111192	33.953233	1.252346	0.034713	11.0
50	-1.087964	34.953115	1.229966	0.031126	12.1
51	-1.095343	34.660454	1.236433	0.032980	9.9
52	-1.074990	35.520127	1.217627	0.025334	11.2
53	-1.081370	36.519108	1.196480	0.026228	9.8
54	-1.100652	36.261711	1.201858	0.024932	12.9
55	-1.089572	37.056811	1.185398	0.023420	11.1
56	-1.089414	36.883682	1.188944	0.036033	10.1
57	-1.119260	36.701343	1.192701	0.037565	11.1
58	-1.107979	37.701320	1.172383	0.054510	11.9
59	-1.130987	38.701320	1.152746	0.069720	11.5
60	-1.099524	39.701320	1.133755	0.046547	9.9
61	-1.079025	40.701320	1.115380	0.028091	9.8
62	-1.085531	40.408648	1.120696	0.028237	12.3
63	-1.090407	41.373003	1.103369	0.021263	9.8
64	-1.121186	41.336849	1.104009	0.026667	11.3
65	-1.080698	41.044561	1.109210	0.027565	9.8
66	-1.123500	40.908226	1.111653	0.023179	12.6
67	-1.071800	41.277998	1.105052	0.038339	10.8
68	-1.108694	41.681043	1.097947	0.025675	10.5
69	-1.112645	41.692968	1.097738	0.022817	9.9
70	-1.118762	41.401701	1.102862	0.024863	12.2
71	-1.087015	41.111376	1.108017	0.024846	10.6
72	-1.113103	40.847015	1.112753	0.030371	10.6
73	-1.094950	40.554598	1.118039	0.038889	10.5
74	-1.095225	40.805717	1.113496	0.040960	12.0
75	-1.097848	41.293208	1.104782	0.035138	9.9
76	-1.101475	41.867896	1.094683	0.031296	10.7
77	-1.125162	41.575375	1.099801	0.050938	10.7
78	-1.122579	42.570993	1.082576	0.040515	12.0
79	-1.144426	43.570993	1.065810	0.035604	15.4
80	-1.111053	43.278347	1.070663	0.034119	12.4
81	-1.103360	44.278343	1.054261	0.045755	12.8
82	-1.116749	45.120589	1.040832	0.038176	10.4
83	-1.101257	46.120589	1.025325	0.036875	11.5
84	-1.113198	47.119554	1.010289	0.031400	10.0
85	-1.099908	46.851392	1.014282	0.036095	12.8
86	-1.109182	47.850360	0.999565	0.025439	10.3
87	-1.107015	47.562289	1.003765	0.034188	10.0
88	-1.110792	47.280601	1.007906	0.070826	9.8
89	-1.109269	48.280601	0.993358	0.023026	13.2
90	-1.120200	49.280601	0.979224	0.035644	11.7
91	-1.115956	48.987928	0.983319	0.029187	9.9
92	-1.107097	48.696118	0.987436	0.028305	9.7
93	-1.099041	48.410745	0.991495	0.026215	12.4
94	-1.124507	48.121510	0.995644	0.032095	10.1
95	-1.129692	48.157745	0.995123	0.032265	11.0
96	-1.084244	47.865114	0.999351	0.037649	10.1
97	-1.110833	48.864756	0.985052	0.033312	12.9
98	-1.116829	48.604095	0.988741	0.044470	10.0
99	-1.100901	49.579010	0.975084	0.043349	11.0
100	-1.109613	50.579010	0.961461	0.021024	9.8
101	-1.104021	50.292102	0.965330	0.046933	12.6
102	-1.115827	50.001057	0.969287	0.039583	11.1
103	-1.118920	51.001057	0.955825	0.038727	9.8
104	-1.110235	51.931081	0.943637	0.030795	9.7
105	-1.098921	52.931078	0.930873	0.025891	13.1
106	-1.095165	52.641012	0.934540	0.039992	9.8
107	-1.139761	53.569069	0.922909	0.032237	10.8
108	-1.104375	54.568554	0.910702	0.025554	10.4
109	-1.115186	54.275926	0.914242	0.030417	13.7
110	-1.112367	53.986004	0.917777	0.037145	9.9
111	-1.117083	54.057391	0.916904	0.023652	10.5
112	-1.133915	54.812542	0.907771	0.040036	10.2
113	-1.135838	54.520311	0.911284	0.024066	12.4
114	-1.126462	55.515110	0.899436	0.031032	11.2
115	-1.103642	56.349702	0.889731	0.027495	10.2
116	-1.117072	57.106192	0.881114	0.032885	10.5
117	-1.105549	56.813571	0.884427	0.032533	12.0
118	-1.128712	57.812068	0.873222	0.029216	10.1
119	-1.112217	57.553566	0.876096	0.029087	10.3
120	-1.108681	57.303064	0.878898	0.027616	10.1
121	-1.099614	57.010545	0.882194	0.024472	13.0
122	-1.120695	56.765257	0.884977	0.021974	10.3
123	-1.128074	56.474355	0.888300	0.035614	13.2
124	-1.124936	56.200884	0.891446	0.028472	13.3
125	-1.126311	55.919475	0.894708	0.028588	10.4
126	-1.095596	56.891120	0.883547	0.044589	11.9
127	-1.105180	57.370893	0.878138	0.035467	10.0
128	-1.132417	58.370893	0.867074	0.025452	14.0
129	-1.122240	59.299362	0.857048	0.029588	10.0
130	-1.101606	59.018737	0.860054	0.035374	11.4
131	-1.111858	59.939777	0.850267	0.028517	10.1
132	-1.096887	59.649829	0.853324	0.036140	12.2
133	-1.109648	59.391496	0.856066	0.032548	11.9
134	-1.122892	60.058375	0.849023	0.025143	10.0
135	-1.135594	60.051685	0.849093	0.042480	9.9
136	-1.154444	61.048979	0.838773	0.024164	12.1
137	-1.111494	60.756986	0.841768	0.030994	11.3
138	-1.105566	60.464967	0.844786	0.025984	10.7
139	-1.131108	60.172297	0.847832	0.036050	10.6
140	-1.126433	59.880726	0.850888	0.022697	13.2
141	-1.120335	60.539299	0.844016	0.032286	9.8
142	-1.120655	60.317388	0.846319	0.030423	10.1
143	-1.090037	60.098423	0.848604	0.048766	9.8
144	-1.131669	60.927473	0.840017	0.031781	11.7
145	-1.136071	61.927413	0.829888	0.030646	12.5
146	-1.112689	62.323243	0.825945	0.033659	10.0
147	-1.098610	62.030570	0.828857	0.038057	10.7
148	-1.118513	63.030521	0.818993	0.031279	12.4
149	-1.121981	62.737848	0.821856	0.030622	10.8
150	-1.123753	62.445175	0.824738	0.033437	9.9
151	-1.130764	62.210430	0.827065	0.036424	12.5
152	-1.119323	62.545189	0.823751	0.023403	11.2
153	-1.132023	62.252860	0.826643	0.029437	11.2
154	-1.110591	61.967480	0.829487	0.027473	9.7
155	-1.140016	61.674808	0.832423	0.030714	12.8
156	-1.104780	61.390187	0.835299	0.043021	9.8
157	-1.124418	61.097514	0.838277	0.036889	9.7
158	-1.125148	62.097144	0.828193	0.036926	9.8
159	-1.128861	62.044550	0.828717	0.025054	12.8
160	-1.123578	61.751877	0.831648	0.063599	11.2
161	-1.118463	62.750919	0.821728	0.034224	10.0
162	-1.106712	63.750919	0.812032	0.039687	10.2
163	-1.106365	63.458246	0.814846	0.033957	12.1
164	-1.130895	64.126268	0.808451	0.043440	10.9
165	-1.138324	63.836546	0.811212	0.038630	9.9
166	-1.117088	64.836477	0.801762	0.031911	10.8
167	-1.129940	64.543804	0.804505	0.049521	17.7
168	-1.144295	65.543804	0.795209	0.032110	11.2
169	-1.134100	66.536893	0.786188	0.025347	10.1
170	-1.142637	66.246332	0.788806	0.028015	10.3
171	-1.126729	66.544999	0.786115	0.052299	13.8
172	-1.116557	67.543839	0.777247	0.035693	10.0
173	-1.124997	68.543839	0.768567	0.034972	9.9
174	-1.136389	68.251167	0.771087	0.042732	9.7
175	-1.146746	69.251135	0.762544	0.030031	13.0
176	-1.126768	68.974161	0.764891	0.038738	11.2
177	-1.127578	69.973851	0.756486	0.030280	9.8
178	-1.124018	69.721324	0.758592	0.025878	10.2
179	-1.108651	69.444796	0.760911	0.027862	12.6
180	-1.123556	69.152294	0.763380	0.035149	10.9
181	-1.120757	68.869755	0.765780	0.019286	10.2
182	-1.122297	68.577328	0.768280	0.031926	10.4
183	-1.131204	68.286503	0.770782	0.037303	13.3
184	-1.133873	69.103862	0.763790	0.024630	9.9
185	-1.132080	68.811189	0.766279	0.019535	9.8
186	-1.137530	68.539635	0.768603	0.033459	10.7
187	-1.143924	68.332137	0.770388	0.033437	13.3
188	-1.140450	68.039527	0.772920	0.049730	11.9
189	-1.132928	69.039526	0.764336	0.031723	9.7
190	-1.151630	70.034928	0.755978	0.043904	9.8
191	-1.131701	71.034915	0.747764	0.027775	12.3
192	-1.122053	72.034909	0.739727	0.034041	11.2
193	-1.128012	71.742582	0.742059	0.033606	10.1
194	-1.128596	71.449940	0.744408	0.031745	10.2
195	-1.151614	71.157322	0.746771	0.046516	13.4
196	-1.141572	70.864649	0.749150	0.052940	9.8
197	-1.133739	71.864649	0.741083	0.031256	10.0
198	-1.131952	72.487104	0.736149	0.037689	10.1
199	-1.103694	73.366775	0.729287	0.030021	13.2
200	-1.134478	74.363461	0.721665	0.022719	11.1
201	-1.135961	74.231717	0.722663	0.021455	10.0
202	-1.111288	73.986537	0.724528	0.032323	9.9
203	-1.137489	74.037107	0.724143	0.022687	12.8
204	-1.155355	75.000273	0.716877	0.024213	11.9
205	-1.141217	74.708714	0.719061	0.030550	9.9
206	-1.126245	74.535612	0.720364	0.033572	9.8
207	-1.115057	74.243832	0.722571	0.025032	13.5
208	-1.110526	74.053995	0.724014	0.025711	10.2
209	-1.133882	73.761335	0.726250	0.020213	9.7
210	-1.118079	73.634141	0.727226	0.030025	9.9
211	-1.132512	73.341549	0.729482	0.026460	12.0
212	-1.143466	73.049375	0.731748	0.037413	14.3
213	-1.154378	73.208238	0.730514	0.023922	12.3
214	-1.124565	72.916478	0.732783	0.039621	11.5
215	-1.127655	72.627283	0.735047	0.026946	10.5
216	-1.140171	73.627166	0.727280	0.021789	11.9
217	-1.145481	73.785686	0.726064	0.029562	10.5
218	-1.142370	73.527410	0.728047	0.036663	12.1
219	-1.133650	74.527384	0.720426	0.041811	10.9
220	-1.121857	75.524974	0.712981	0.025924	11.1
221	-1.131742	75.278695	0.714804	0.030434	10.3
222	-1.137454	75.385757	0.714010	0.038117	12.8
223	-1.156525	75.093084	0.716185	0.033239	10.7
224	-1.133573	76.065518	0.709010	0.027995	9.8
225	-1.119975	77.011304	0.702168	0.041477	9.7
226	-1.134964	77.983635	0.695271	0.034458	13.3
227	-1.132288	78.970630	0.688407	0.033136	9.9
228	-1.146309	79.909180	0.682004	0.029101	16.2
229	-1.147137	79.617061	0.683984	0.029060	17.8
230	-1.137158	80.616555	0.677256	0.029623	12.4
231	-1.159921	80.325631	0.679201	0.035618	10.5
232	-1.135637	80.490319	0.678099	0.037655	9.9
233	-1.143782	81.490318	0.671482	0.033302	13.1
234	-1.135521	82.490313	0.664994	0.024607	11.2
235	-1.136529	82.197641	0.666880	0.024950	9.9
236	-1.117452	82.181176	0.666986	0.020737	9.8
237	-1.145242	81.889910	0.668874	0.019033	12.6
238	-1.138625	81.614006	0.670673	0.030471	9.9
239	-1.135658	81.323130	0.672579	0.039206	12.4
240	-1.117660	82.145238	0.667219	0.034340	9.8
241	-1.132976	83.144215	0.660819	0.029814	13.5
242	-1.124035	82.854744	0.662660	0.018858	10.1
243	-1.144604	82.586459	0.664377	0.031473	12.1
244	-1.113730	82.322525	0.666074	0.024466	10.6
245	-1.132132	82.030582	0.667961	0.033687	12.5
246	-1.126707	82.334028	0.666000	0.018352	10.5
247	-1.157392	82.041423	0.667891	0.028121	10.0
248	-1.145368	82.917961	0.662257	0.028132	10.4
249	-1.133641	82.625297	0.664128	0.032379	13.3
250	-1.138745	83.623444	0.657792	0.024642	10.2
251	-1.123949	83.330983	0.659636	0.022731	10.9
252	-1.112781	83.038313	0.661491	0.029038	10.0
253	-1.140166	82.821012	0.662876	0.032236	12.7
254	-1.130495	82.528417	0.664749	0.026207	10.8
255	-1.130046	82.883521	0.662477	0.021754	13.2
256	-1.135484	82.726816	0.663478	0.018551	13.2
257	-1.141148	82.451821	0.665241	0.041296	11.6
258	-1.131146	82.165106	0.667090	0.033671	11.5
259	-1.131132	83.164982	0.660687	0.026180	9.9
260	-1.147507	84.085915	0.654897	0.026622	13.8
261	-1.146453	85.081903	0.648748	0.025476	10.4
262	-1.132603	86.058549	0.642830	0.031732	9.7
263	-1.134379	85.767831	0.644580	0.024650	10.5
264	-1.145249	86.378983	0.640912	0.023027	12.8
265	-1.136780	86.086487	0.642662	0.031823	11.2
266	-1.129801	85.877494	0.643919	0.021977	10.1
267	-1.131052	85.585721	0.645682	0.023204	11.0
268	-1.132095	85.512408	0.646126	0.023311	12.6
269	-1.141557	85.219905	0.647905	0.025880	11.0
270	-1.120767	85.012025	0.649176	0.016764	9.7
271	-1.142812	84.958886	0.649501	0.041402	10.1
272	-1.127701	85.951749	0.643472	0.031761	13.7
273	-1.147428	86.951749	0.637511	0.022615	9.9
274	-1.135701	87.947282	0.631686	0.021373	9.9
275	-1.145762	87.994481	0.631412	0.027656	10.2
276	-1.163265	87.701915	0.633112	0.025102	13.7
277	-1.115947	87.910094	0.631901	0.019488	11.3
278	-1.146989	87.776191	0.632679	0.030296	10.0
279	-1.142565	88.529702	0.628327	0.024306	9.9
280	-1.134369	89.529520	0.622643	0.031318	12.6
281	-1.124005	89.236887	0.624296	0.030464	11.1
282	-1.132841	90.219673	0.618779	0.019072	9.8
283	-1.154024	90.256529	0.618574	0.017577	9.9
284	-1.141696	89.976387	0.620136	0.035525	13.9
285	-1.168790	89.689972	0.621740	0.039208	10.3
286	-1.129685	90.556592	0.616911	0.024289	9.9
287	-1.153337	91.351547	0.612546	0.028562	9.8
288	-1.137091	91.058880	0.614145	0.023232	13.2
289	-1.128609	92.025399	0.608894	0.025160	11.2
290	-1.117651	92.957988	0.603911	0.021422	9.9
291	-1.152248	92.676550	0.605406	0.031340	9.7
292	-1.136606	93.587154	0.600595	0.021128	12.7
293	-1.133815	93.522188	0.600935	0.038122	10.0
294	-1.145445	94.494878	0.595874	0.021181	10.6
295	-1.139981	94.210089	0.597347	0.031347	9.8
296	-1.168001	95.121983	0.592656	0.048601	13.8
297	-1.147394	94.942081	0.593576	0.024790	9.9
298	-1.129963	94.660727	0.595020	0.037661	9.9
299	-1.138062	95.633346	0.590058	0.012781	13.0
300	-1.121822	96.484037	0.585785	0.026324	11.9
301	-1.127827	96.206574	0.587172	0.031438	13.1
302	-1.132548	97.205904	0.582208	0.021726	13.0
303	-1.142536	96.914257	0.583648	0.026399	11.7
304	-1.147175	97.911310	0.578754	0.027761	10.3
305	-1.149672	98.777268	0.574570	0.014870	11.6
306	-1.125592	98.519390	0.575810	0.031413	9.7
307	-1.148141	98.366981	0.576545	0.046365	12.4
308	-1.137350	99.326645	0.571947	0.023398	11.3
309	-1.148875	100.101264	0.568288	0.018771	10.0
310	-1.130913	99.833846	0.569546	0.022375	9.8
311	-1.117269	99.625235	0.570531	0.033586	13.0
312	-1.159211	99.337212	0.571897	0.046325	10.8
313	-1.160538	100.337212	0.567183	0.028042	10.0
314	-1.144587	101.242384	0.562983	0.020914	10.2
315	-1.152344	102.000764	0.559512	0.031390	13.1
316	-1.138545	101.710793	0.560834	0.032325	9.9
317	-1.116897	101.768432	0.560571	0.026912	10.0
318	-1.127074	102.516429	0.557176	0.028744	9.8
319	-1.138682	103.511376	0.552724	0.014306	13.2
320	-1.153064	103.580979	0.552415	0.024321	11.7
321	-1.145796	104.335236	0.549091	0.024348	11.1
322	-1.122664	104.043536	0.550372	0.022851	10.0
323	-1.156981	103.825069	0.551335	0.027366	12.3
324	-1.135297	103.532936	0.552628	0.036148	10.9
325	-1.139861	104.525621	0.548258	0.036909	10.2
326	-1.154696	105.522700	0.543937	0.014529	9.9
327	-1.127328	105.238299	0.545163	0.018688	12.5
328	-1.135449	105.081202	0.545842	0.026592	9.8
329	-1.150798	105.512229	0.543982	0.046802	11.5
330	-1.122273	106.512229	0.539716	0.035877	10.5
331	-1.119138	107.512229	0.535517	0.026094	12.2
332	-1.133221	107.219557	0.536739	0.026583	11.5
333	-1.140844	106.932536	0.537943	0.022830	9.9
334	-1.162243	106.737059	0.538766	0.043274	9.9
335	-1.140206	106.684248	0.538989	0.045759	12.3
336	-1.133094	107.684248	0.534801	0.023007	13.2
337	-1.133694	107.395612	0.536003	0.039648	11.1
338	-1.138299	108.389772	0.531885	0.016908	11.4
339	-1.135686	108.134599	0.532936	0.014356	12.4
340	-1.161240	108.212564	0.532614	0.011608	11.0
341	-1.137856	108.004023	0.533475	0.031959	12.7
342	-1.152516	108.349759	0.532049	0.022952	13.3
343	-1.146829	109.330254	0.528047	0.020017	16.6
344	-1.148264	109.055271	0.529163	0.025679	13.1
345	-1.145925	109.216329	0.528508	0.018360	15.8
346	-1.140929	109.311698	0.528122	0.035809	12.9
347	-1.137553	109.268338	0.528297	0.025524	10.9
348	-1.149651	109.004895	0.529368	0.023800	12.5
349	-1.134772	108.982221	0.529460	0.035990	35.1
350	-1.140080	109.982175	0.525418	0.028368	30.6
351	-1.157321	110.573286	0.523058	0.028622	25.3
352	-1.146575	111.404135	0.519776	0.020627	27.4
353	-1.161628	111.877044	0.517926	0.051476	21.3
354	-1.144059	111.599120	0.519011	0.039664	28.4
355	-1.151086	112.599120	0.515126	0.018710	25.1
356	-1.151221	112.306964	0.516255	0.017011	30.4
357	-1.146635	112.174494	0.516769	0.021088	27.5
358	-1.136036	113.133472	0.513074	0.030490	31.6
359	-1.130674	114.129931	0.509291	0.025507	28.8
360	-1.142015	115.119655	0.505588	0.027315	37.5
361	-1.142487	114.929181	0.506296	0.021109	24.5
362	-1.163066	114.636775	0.507388	0.028649	32.6
363	-1.153752	114.369205	0.508391	0.030408	27.8
364	-1.149489	115.324046	0.504830	0.022278	22.0
365	-1.129756	116.171900	0.501709	0.027351	29.8
366	-1.158999	115.935691	0.502575	0.021116	29.6
367	-1.156367	116.908421	0.499030	0.046673	23.8
368	-1.137716	117.906611	0.495444	0.033595	32.5
369	-1.139810	118.906611	0.491903	0.027747	26.8
370	-1.166999	118.616172	0.492926	0.026154	16.0
371	-1.146422	118.323499	0.493961	0.028538	13.0
372	-1.173631	119.322875	0.490443	0.041534	10.7
373	-1.162839	120.322864	0.486973	0.023611	12.4
374	-1.131074	120.212637	0.487353	0.013071	21.2
375	-1.143354	119.931798	0.488324	0.021053	29.0
376	-1.126931	119.696185	0.489142	0.047283	25.2
377	-1.145244	119.403626	0.490161	0.037439	30.6
378	-1.134064	120.390208	0.486741	0.022714	24.7
379	-1.138656	121.354687	0.483443	0.024094	28.4
380	-1.133202	121.065945	0.484426	0.027620	25.2
381	-1.148893	121.039721	0.484515	0.023644	26.3
382	-1.133555	120.837490	0.485206	0.027894	25.2
383	-1.128545	120.579597	0.486090	0.028350	31.1
384	-1.148146	121.572543	0.482705	0.038434	24.1
385	-1.155553	122.570455	0.479350	0.035897	30.1
386	-1.136189	123.570453	0.476034	0.029435	23.7
387	-1.150579	123.277780	0.477000	0.047980	28.3
388	-1.139000	124.277780	0.473716	0.019158	13.2
389	-1.138925	123.985154	0.474672	0.029537	11.8
390	-1.116848	124.081537	0.474357	0.025939	13.8
391	-1.137661	123.869474	0.475051	0.023860	13.6
392	-1.150292	123.577194	0.476012	0.020077	10.9
393	-1.118822	124.569954	0.472765	0.032477	12.8
394	-1.154387	125.333510	0.470299	0.026569	11.5
395	-1.143813	125.040837	0.471241	0.031062	13.6
396	-1.141651	124.748576	0.472186	0.025696	13.2
397	-1.142177	124.592857	0.472691	0.032278	13.0
398	-1.142829	125.584271	0.469494	0.035325	11.3
399	-1.149602	125.291599	0.470433	0.023120	11.1
400	-1.152538	126.287755	0.467252	0.032010	14.5
401	-1.151714	127.285574	0.464107	0.028467	12.1
402	-1.138044	128.285574	0.460999	0.022964	10.8
403	-1.152411	129.285180	0.457932	0.026812	11.4
404	-1.147172	128.996681	0.458813	0.024678	15.5
405	-1.149911	129.785297	0.456413	0.021208	11.1
406	-1.141289	129.517955	0.457224	0.016723	10.5
407	-1.136136	130.431423	0.454466	0.027002	13.5
408	-1.156145	130.340508	0.454739	0.035810	12.0
409	-1.139887	130.197282	0.455170	0.023609	10.6
410	-1.143502	131.197145	0.452180	0.022162	10.1
411	-1.157877	131.238141	0.452058	0.025029	12.3
412	-1.139043	132.235098	0.449117	0.022868	11.0
413	-1.125306	133.223484	0.446238	0.028332	10.2
414	-1.114642	133.555360	0.445280	0.029727	11.2
415	-1.148625	133.278206	0.446080	0.022033	13.5
416	-1.143398	132.985563	0.446928	0.024267	10.2
417	-1.155025	133.215928	0.446260	0.044262	10.1
418	-1.133821	134.215887	0.443385	0.026742	14.4
419	-1.126516	135.201590	0.440587	0.020539	14.2
420	-1.124298	134.912993	0.441403	0.023170	10.7
421	-1.146202	134.620700	0.442232	0.020079	14.8
422	-1.139617	134.329869	0.443060	0.035479	11.7
423	-1.133265	135.327469	0.440233	0.023820	11.7
424	-1.146546	135.759508	0.439019	0.041450	9.9
425	-1.154118	136.710232	0.436373	0.020366	10.0
426	-1.146195	136.417668	0.437184	0.050188	13.3
427	-1.112953	136.124995	0.437998	0.022117	10.4
428	-1.141275	135.846834	0.438775	0.031256	11.3
429	-1.127694	136.845150	0.436000	0.035711	10.3
430	-1.138610	136.556803	0.436798	0.021388	12.2
431	-1.137237	136.269788	0.437595	0.033311	12.0
432	-1.151608	135.990805	0.438372	0.029247	10.2
433	-1.139388	136.989395	0.435602	0.017478	9.9
434	-1.140259	137.043737	0.435452	0.028295	12.7
435	-1.158977	136.979604	0.435629	0.039919	11.2
436	-1.158633	137.857254	0.433222	0.017984	11.2
437	-1.130657	137.578121	0.433984	0.029050	11.6
438	-1.142815	138.438672	0.431642	0.022945	12.1
439	-1.147715	139.438117	0.428953	0.025744	11.9
440	-1.147085	139.145503	0.429737	0.030194	10.8
441	-1.158943	139.893164	0.427740	0.025213	10.3
442	-1.146178	139.602064	0.428515	0.025220	14.1
443	-1.144601	140.593139	0.425887	0.021132	10.8
444	-1.144455	140.334495	0.426570	0.027420	10.7
445	-1.138529	141.281631	0.424080	0.026468	10.7
446	-1.127895	141.554951	0.423367	0.045540	13.5
447	-1.142941	141.262576	0.424130	0.022715	12.1
448	-1.138974	142.120125	0.421900	0.031023	10.7
449	-1.131275	142.489110	0.420948	0.024213	10.8
450	-1.128205	143.481497	0.418408	0.024421	12.7
451	-1.135000	143.189393	0.419153	0.022841	11.3
452	-1.141502	143.743613	0.417743	0.020659	11.4
453	-1.131563	143.495612	0.418372	0.009456	13.8
454	-1.142563	143.284039	0.418911	0.018378	10.1
455	-1.146571	143.828658	0.417527	0.039533	10.2
456	-1.130532	144.823224	0.415023	0.029165	10.7
457	-1.135769	145.810525	0.412567	0.029881	12.9
458	-1.152076	146.734436	0.410294	0.021847	11.6
459	-1.160033	146.442195	0.411010	0.023728	10.3
460	-1.141663	146.168579	0.411683	0.034772	10.9
461	-1.146997	147.083044	0.409443	0.022283	17.7
462	-1.151160	146.824992	0.410073	0.026463	12.1
463	-1.144606	146.532941	0.410787	0.033066	11.0
464	-1.146248	147.532332	0.408352	0.050349	11.5
465	-1.147726	147.239659	0.409062	0.026449	12.4
466	-1.123700	148.239659	0.406645	0.021560	10.9
467	-1.137106	149.105336	0.404575	0.024236	10.8
468	-1.162743	148.814798	0.405268	0.024486	13.8
469	-1.132084	149.787042	0.402961	0.030096	12.1
470	-1.150647	149.494423	0.403652	0.019831	10.4
471	-1.120433	149.205528	0.404337	0.020988	10.2
472	-1.137305	148.913613	0.405032	0.022114	12.7
473	-1.156523	148.662654	0.405631	0.021532	12.2
474	-1.140381	148.445649	0.406150	0.030861	10.9
475	-1.138151	149.444779	0.403770	0.040630	10.7
476	-1.141416	149.152107	0.404464	0.016719	12.7
477	-1.153916	148.957306	0.404928	0.032751	12.1
478	-1.143262	149.936274	0.402609	0.022237	10.3
479	-1.143333	149.646214	0.403293	0.040459	14.0
480	-1.142924	149.354660	0.403983	0.027391	11.8
481	-1.143944	150.354655	0.401626	0.034876	11.1
482	-1.141516	150.061982	0.402313	0.024130	10.4
483	-1.133707	149.772311	0.402995	0.028375	13.4
484	-1.155725	150.772294	0.400649	0.031417	11.8
485	-1.141458	150.832517	0.400509	0.025957	11.3
486	-1.146113	151.726129	0.398437	0.031695	10.7
487	-1.144129	151.454830	0.399064	0.027410	17.3
488	-1.139219	151.163439	0.399739	0.016088	11.5
489	-1.135191	150.871661	0.400418	0.029115	10.6
490	-1.145577	150.849701	0.400469	0.024951	12.8
491	-1.153475	150.579329	0.401100	0.031627	11.6
492	-1.146331	151.579092	0.398776	0.032312	11.0
493	-1.135538	152.577883	0.396482	0.022571	12.3
494	-1.146076	152.285231	0.397151	0.035976	12.9
495	-1.143519	153.283693	0.394876	0.025016	16.7
496	-1.115957	154.248783	0.392701	0.032906	15.6
497	-1.128969	155.210102	0.390559	0.028786	12.1
498	-1.140527	155.804880	0.389245	0.025131	11.0
499	-1.133051	156.296327	0.388166	0.019792	10.6
