1:ItNr	2:Metric	3a:Time	3b:StepSize	4:||Gradient||	Time[ms]
0	-1.193862	0.000000	439.012038	0.035602	50900.7
1	-1.208782	0.000000	439.012038	0.024046	31.9
2	-1.219589	0.000000	439.012038	0.020476	28.5
3	-1.189472	0.999997	419.057006	0.024028	29.2
4	-1.184679	0.040324	438.170666	0.024437	26.8
5	-1.217575	0.487387	429.054166	0.036505	29.4
6	-1.222005	0.000000	439.012038	0.030225	28.4
7	-1.221660	1.000000	419.056945	0.026555	34.6
8	-1.175339	2.000000	400.837078	0.021229	28.1
9	-1.195615	1.637958	407.247549	0.020701	34.7
10	-1.192373	0.691573	425.015418	0.021887	31.8
11	-1.211576	1.583792	408.224298	0.025113	35.4
12	-1.176678	0.616004	426.501246	0.022452	29.6
13	-1.189846	0.000000	439.012038	0.028295	32.3
14	-1.179630	0.982057	419.398998	0.023163	29.9
15	-1.181149	0.014162	438.716175	0.028481	35.3
16	-1.201670	1.014162	418.787368	0.027505	27.1
17	-1.196828	2.013036	400.610017	0.028691	30.8
18	-1.199047	2.823813	386.976376	0.023110	24.7
19	-1.216360	3.823812	371.387467	0.026808	34.9
20	-1.196798	2.856452	386.446938	0.027476	24.2
21	-1.210703	1.888745	402.785429	0.019352	28.8
22	-1.201564	1.274794	413.887239	0.024072	23.6
23	-1.186072	2.274794	396.104601	0.025659	28.4
24	-1.199038	3.262739	379.975764	0.025875	25.4
25	-1.200067	4.262739	364.934808	0.029431	31.5
26	-1.195207	3.294844	379.473641	0.027670	25.0
27	-1.189649	2.326948	395.218981	0.026020	31.7
28	-1.171951	1.383747	411.872630	0.026358	25.1
29	-1.193526	0.415852	430.487325	0.029112	32.3
30	-1.197041	1.415852	411.282732	0.024739	26.0
31	-1.193967	0.447957	429.842943	0.027956	30.9
32	-1.196623	1.390561	411.747298	0.024215	25.6
33	-1.187866	2.390561	394.144159	0.028906	31.4
34	-1.176344	3.385863	378.057264	0.021203	32.0
35	-1.192932	2.417968	393.682863	0.030916	37.4
36	-1.173903	3.417968	377.560193	0.026231	30.1
37	-1.181589	2.524406	391.901618	0.024029	36.1
38	-1.228630	3.524406	375.921552	0.026657	31.6
39	-1.183161	4.524406	361.193631	0.024871	42.7
40	-1.199130	5.524406	347.576224	0.025391	41.9
41	-1.178279	4.562179	360.659896	0.026185	40.4
42	-1.159623	5.403143	349.172551	0.028629	34.8
43	-1.156949	4.435248	362.459721	0.032841	35.2
44	-1.183307	5.435198	348.749152	0.023989	26.7
45	-1.155907	6.433668	336.056152	0.027665	31.5
46	-1.215854	7.433666	324.237220	0.028389	24.4
47	-1.174640	8.433666	313.221357	0.023072	33.0
48	-1.181301	9.433666	302.929421	0.031353	25.8
49	-1.202252	8.465771	312.880084	0.023324	30.4
50	-1.203857	9.465771	302.610195	0.026148	27.6
51	-1.178618	8.648787	310.948731	0.019628	30.5
52	-1.183987	7.718555	321.020773	0.024336	25.7
53	-1.217844	8.718495	310.219374	0.025294	32.8
54	-1.201860	9.718495	300.120593	0.033938	24.5
55	-1.213045	10.718495	290.658586	0.028046	30.7
56	-1.199098	11.718155	281.777890	0.025813	26.2
57	-1.177104	12.718155	273.421030	0.027431	31.0
58	-1.155025	13.718155	265.545582	0.024222	25.6
59	-1.181622	14.718155	258.111112	0.023665	31.2
60	-1.185737	15.699928	251.206290	0.029495	23.3
61	-1.189526	15.093745	255.425219	0.031623	31.4
62	-1.196915	16.093585	248.540356	0.028716	25.1
63	-1.172844	17.093585	242.015889	0.032276	30.5
64	-1.208612	16.125690	248.325429	0.027518	24.9
65	-1.182023	15.391660	253.334221	0.027782	31.3
66	-1.212802	15.678452	251.353380	0.023196	25.3
67	-1.179593	14.719961	258.098067	0.025761	30.4
68	-1.213232	13.752066	265.286468	0.024606	24.0
69	-1.157740	12.784171	272.886759	0.026741	31.6
70	-1.167803	13.042318	270.817423	0.031080	24.8
71	-1.203990	13.909877	264.087235	0.024741	33.1
72	-1.176126	14.909877	256.733069	0.020672	24.5
73	-1.177145	15.909877	249.777395	0.024415	30.5
74	-1.189716	16.909877	243.188679	0.026602	24.9
75	-1.190398	17.909870	236.938670	0.020746	32.4
76	-1.176332	18.909870	231.001826	0.023989	26.3
77	-1.166594	19.897578	225.422953	0.032526	31.5
78	-1.157796	20.897396	220.043576	0.025460	24.4
79	-1.190716	21.897388	214.914081	0.034361	31.6
80	-1.193656	22.897388	210.018253	0.022550	24.0
81	-1.213157	21.934425	214.728689	0.028152	32.4
82	-1.175851	22.934403	209.841310	0.025699	24.1
83	-1.195269	22.056126	214.121745	0.026793	32.7
84	-1.181552	21.088233	219.045851	0.023051	24.6
85	-1.206908	22.088233	213.962193	0.032270	30.5
86	-1.178902	23.088233	209.109148	0.030318	24.4
87	-1.185453	23.364574	207.806636	0.022517	30.6
88	-1.167629	24.037942	204.699691	0.023177	24.7
89	-1.188942	23.070047	209.195440	0.023738	32.6
90	-1.208007	24.065960	204.572425	0.029147	24.9
91	-1.155073	25.065960	200.131566	0.024963	30.5
92	-1.169482	26.065939	195.879503	0.036748	25.4
93	-1.177703	25.099392	199.986431	0.024255	31.5
94	-1.185918	24.131747	204.274230	0.025297	24.1
95	-1.200386	25.131747	199.846168	0.022209	32.2
96	-1.201362	26.038015	195.995786	0.034185	25.0
97	-1.177198	26.953418	192.254343	0.019007	31.5
98	-1.176629	27.953411	188.327075	0.023276	24.0
99	-1.163576	26.985533	192.125673	0.019545	31.3
100	-1.172203	26.020381	196.069290	0.026474	24.4
101	-1.174146	27.019382	191.990243	0.027579	33.4
102	-1.195886	27.785702	188.974483	0.024622	24.8
103	-1.193955	28.784298	185.183948	0.024516	31.0
104	-1.186587	29.784298	181.537467	0.023258	25.5
105	-1.190619	29.937878	180.990124	0.021390	30.4
106	-1.181386	29.104172	184.001700	0.023353	24.3
107	-1.159711	28.136277	187.626199	0.021059	31.8
108	-1.178606	29.136026	183.884792	0.027473	26.0
109	-1.166801	28.168131	187.504641	0.025039	32.1
110	-1.182580	29.168131	183.767116	0.024163	26.0
111	-1.174961	28.216029	187.322160	0.023006	31.6
112	-1.205443	29.213119	183.602474	0.028099	24.5
113	-1.196722	30.213119	180.017406	0.045362	29.7
114	-1.189776	29.245223	183.485159	0.032280	25.6
115	-1.144133	28.277330	187.089131	0.020174	30.0
116	-1.196031	27.309434	190.837523	0.023329	25.3
117	-1.169334	28.298640	187.008257	0.023186	30.1
118	-1.199425	29.298640	183.290298	0.023510	26.1
119	-1.181174	28.688195	185.542116	0.023305	29.5
120	-1.186946	27.720790	189.226260	0.031181	24.3
121	-1.187895	26.803374	192.857785	0.026921	29.9
122	-1.180348	25.835479	196.843356	0.020521	24.7
123	-1.173887	26.835470	192.728382	0.030617	30.7
124	-1.147185	27.834402	188.786027	0.032882	24.8
125	-1.168593	26.887514	192.518928	0.022149	33.4
126	-1.186167	25.919618	196.490362	0.019060	24.1
127	-1.184883	26.841594	192.703712	0.022927	31.7
128	-1.206361	27.838027	188.772017	0.022637	29.4
129	-1.201119	26.870134	192.588825	0.030577	29.4
130	-1.201523	27.763623	189.060047	0.025209	25.1
131	-1.209973	28.643002	185.711025	0.026577	31.1
132	-1.186604	27.676268	189.399336	0.025552	25.1
133	-1.196172	26.708373	193.241821	0.025900	31.5
134	-1.183433	27.706766	189.280742	0.026602	27.1
135	-1.160485	28.532540	186.125179	0.025887	30.8
136	-1.187781	29.532358	182.442560	0.025171	24.5
137	-1.192182	30.532357	178.902216	0.026574	31.7
138	-1.167492	29.564461	182.326728	0.027179	26.0
139	-1.177315	29.220437	183.575718	0.024855	32.6
140	-1.182377	29.428687	182.817627	0.022358	25.8
141	-1.195307	28.460791	186.395174	0.025957	31.0
142	-1.196483	29.460766	182.701404	0.020752	23.9
143	-1.167630	28.492878	186.274331	0.029946	30.9
144	-1.215143	27.524983	189.989820	0.025567	26.2
145	-1.176796	26.691285	193.311058	0.026473	31.1
146	-1.213704	25.723390	197.315580	0.028327	26.3
147	-1.176811	26.723390	193.181013	0.021321	32.7
148	-1.160712	27.723365	189.216260	0.023393	25.9
149	-1.177814	26.887074	192.520696	0.022820	34.7
150	-1.175612	25.919286	196.491754	0.020254	29.5
151	-1.213425	24.951424	200.630404	0.025030	34.6
152	-1.185479	25.951424	196.357256	0.026637	26.1
153	-1.189573	26.951423	192.262342	0.031583	31.2
154	-1.180269	25.983528	196.223085	0.021639	27.3
155	-1.175209	26.983528	192.133701	0.031993	29.8
156	-1.174566	27.926613	188.430227	0.021026	25.5
157	-1.206641	28.921046	184.676674	0.027949	28.9
158	-1.214873	28.518220	186.179004	0.025925	26.6
159	-1.180509	27.706461	189.281929	0.025762	31.2
160	-1.232418	26.738565	193.119603	0.026169	29.0
161	-1.188327	25.770670	197.116115	0.025057	32.4
162	-1.163813	26.770670	192.989815	0.021216	26.5
163	-1.174686	25.905409	196.549884	0.021708	33.4
164	-1.191174	24.937608	200.690744	0.023409	29.8
165	-1.188296	23.969713	205.010265	0.028016	33.0
166	-1.189661	24.964195	200.574662	0.026396	136.6
167	-1.187504	25.959849	196.322029	0.023655	32.9
168	-1.183263	24.991953	200.453603	0.026039	40.7
169	-1.199138	24.024058	204.762813	0.022904	28.1
170	-1.201281	23.134521	208.889834	0.025341	33.8
171	-1.164398	24.127329	204.294226	0.021995	26.4
172	-1.187463	23.171975	208.712712	0.027893	34.5
173	-1.216533	22.249687	213.163456	0.022163	29.4
174	-1.172308	23.249687	208.346169	0.021987	33.5
175	-1.188821	22.281795	213.005326	0.023234	27.2
176	-1.183111	23.281532	208.196339	0.028687	31.2
177	-1.177195	22.313637	212.848734	0.029819	26.1
178	-1.180513	23.313637	208.045501	0.021509	31.8
179	-1.182554	24.313312	203.455727	0.023344	25.9
180	-1.193228	23.345505	207.895991	0.025271	34.0
181	-1.203802	22.390189	212.473212	0.022223	27.4
182	-1.193060	23.389854	207.688289	0.023717	31.6
183	-1.166702	24.389854	203.112634	0.029390	27.0
184	-1.217468	23.421959	207.538188	0.021036	34.3
185	-1.195190	24.421959	202.969072	0.035585	25.6
186	-1.162321	25.421937	198.596902	0.019524	34.2
187	-1.202292	24.586811	202.235090	0.029878	28.6
188	-1.170512	25.586811	197.894053	0.023191	31.3
189	-1.162098	24.619880	202.088491	0.029283	26.6
190	-1.173125	25.619833	197.753878	0.019570	31.8
191	-1.196659	26.618746	193.605534	0.025331	29.7
192	-1.205826	27.618265	189.625293	0.025720	31.2
193	-1.197070	26.650370	193.477045	0.023297	32.8
194	-1.172779	25.682493	197.488441	0.019549	34.3
195	-1.187777	26.444471	194.316697	0.030649	26.4
196	-1.190902	25.476578	198.363418	0.024729	32.1
197	-1.187900	26.476556	194.185374	0.023520	25.7
198	-1.179593	25.508677	198.226510	0.024939	31.9
199	-1.203864	24.596719	202.191143	0.023127	30.4
200	-1.194240	23.631600	206.563351	0.025185	35.4
201	-1.183737	24.631600	202.036590	0.028651	27.9
202	-1.171443	23.663747	206.414676	0.020468	34.5
203	-1.197308	22.697870	210.977165	0.019375	29.3
204	-1.191128	21.831412	215.245130	0.021673	33.5
205	-1.195882	22.831411	210.334381	0.031443	30.1
206	-1.198683	23.831395	205.642784	0.032050	31.9
207	-1.202383	24.831395	201.155843	0.027799	28.9
208	-1.168450	24.775167	201.402933	0.023570	33.3
209	-1.164888	23.856878	205.525959	0.020901	28.9
210	-1.194698	24.491788	202.657519	0.026412	32.4
211	-1.206105	23.523892	207.063047	0.028110	29.3
212	-1.209107	22.555997	211.664372	0.025177	34.5
213	-1.166581	23.555997	206.913848	0.025508	27.7
214	-1.207631	24.555738	202.373030	0.038905	32.2
215	-1.174211	23.587843	206.766064	0.024514	26.3
216	-1.195636	24.553859	202.381377	0.037520	31.5
217	-1.193777	23.585964	206.774777	0.027945	26.5
218	-1.170326	22.618069	211.363158	0.020572	31.9
219	-1.195331	23.618061	206.626029	0.027039	25.2
220	-1.190961	23.952704	205.087836	0.027305	32.5
221	-1.190624	22.984809	209.600838	0.021755	25.4
222	-1.164232	23.947585	205.111193	0.024253	32.1
223	-1.196421	23.067338	209.208300	0.024972	25.8
224	-1.200766	24.058251	204.607428	0.035493	32.0
225	-1.204647	23.090356	209.099080	0.027467	30.8
226	-1.196990	24.090355	204.461747	0.020950	33.3
227	-1.174853	25.090312	200.025826	0.022447	29.1
228	-1.170207	24.435077	202.910469	0.027089	33.6
229	-1.174535	25.435077	198.540702	0.027034	30.3
230	-1.183207	24.642263	201.989387	0.028256	36.7
231	-1.221362	25.642263	197.658778	0.026133	32.0
232	-1.174050	26.642261	193.509978	0.028911	33.8
233	-1.191840	25.674369	197.522816	0.022109	27.6
234	-1.225357	24.706482	201.705585	0.029646	35.5
235	-1.167867	23.744911	206.040252	0.024022	28.6
236	-1.186031	24.744232	201.539132	0.034758	31.8
237	-1.208907	25.744232	197.227602	0.030549	27.0
238	-1.217297	26.263996	195.058682	0.019975	30.8
239	-1.191782	25.323043	199.020879	0.026031	25.5
240	-1.166399	26.323035	194.815332	0.025544	30.3
241	-1.209085	25.355140	198.883076	0.025240	25.0
242	-1.214119	24.388842	203.117161	0.025120	29.2
243	-1.197509	23.420947	207.542914	0.020061	25.1
244	-1.198358	22.453208	212.165069	0.031023	32.4
245	-1.188406	23.453208	207.392296	0.021159	27.0
246	-1.195990	22.525633	211.812035	0.023077	30.7
247	-1.182691	21.558020	216.627861	0.026627	26.0
248	-1.191309	22.558020	211.654544	0.025153	31.4
249	-1.165686	21.590124	216.464566	0.024639	26.7
250	-1.201881	22.580062	211.547493	0.020370	30.8
251	-1.186653	22.349826	212.671043	0.030409	25.3
252	-1.201874	21.381931	217.527907	0.026010	31.0
253	-1.180547	22.377459	212.535565	0.026587	25.8
254	-1.207076	21.409564	217.386173	0.027552	32.5
255	-1.187429	20.441669	222.463359	0.026528	26.7
256	-1.206335	19.473773	227.783377	0.023619	31.2
257	-1.167317	18.506214	233.362095	0.026550	26.2
258	-1.184384	19.487938	227.703687	0.031144	32.4
259	-1.196020	20.487938	222.215256	0.028579	28.5
260	-1.193276	21.487938	216.985177	0.033242	30.4
261	-1.212078	21.410322	217.382288	0.032032	25.9
262	-1.220061	22.410322	212.374670	0.030059	30.0
263	-1.191825	21.442427	217.217853	0.022092	25.1
264	-1.175278	22.442427	212.217722	0.025928	30.0
265	-1.171790	21.474553	217.053557	0.028483	24.1
266	-1.181270	22.474553	212.060900	0.023838	30.9
267	-1.207007	23.474553	207.292761	0.025311	24.8
268	-1.175426	24.474553	202.734327	0.023013	31.8
269	-1.181174	25.474553	198.372061	0.025644	25.4
270	-1.182758	25.092802	200.015021	0.027302	32.5
271	-1.187532	26.081464	195.814914	0.024456	25.8
272	-1.197553	27.081428	191.742491	0.040119	30.7
273	-1.195460	28.081428	187.835873	0.022927	30.0
274	-1.196712	29.081428	184.085263	0.024792	33.0
275	-1.164331	28.113535	187.713076	0.022995	31.0
276	-1.183948	27.151159	191.464815	0.022169	31.8
277	-1.182023	28.151159	187.569386	0.022603	27.0
278	-1.198804	27.183264	191.337241	0.031090	31.5
279	-1.187421	28.183264	187.446949	0.026540	27.6
280	-1.167933	29.183263	183.711704	0.023271	31.2
281	-1.206136	28.215368	187.324675	0.024725	26.6
282	-1.216697	29.210870	183.610695	0.022221	30.8
283	-1.171870	28.254792	187.174739	0.020429	24.3
284	-1.162605	29.254792	183.450224	0.016155	29.5
285	-1.175581	30.254583	179.871773	0.035169	25.7
286	-1.200291	31.254309	176.430479	0.035990	31.6
287	-1.168711	32.254308	173.117502	0.022887	25.9
288	-1.173905	31.286417	176.322138	0.031039	43.3
289	-1.222848	32.286353	173.013395	0.031064	34.1
290	-1.178037	31.318479	176.214081	0.022641	35.2
291	-1.197566	30.638989	178.532789	0.031343	26.6
292	-1.179987	29.726581	181.744019	0.025332	34.4
293	-1.194121	30.530944	178.907120	0.024592	26.5
294	-1.227555	31.488506	175.643270	0.032098	34.0
295	-1.191040	32.470309	172.418170	0.028182	27.5
296	-1.189247	31.502413	175.596743	0.030365	32.4
297	-1.156294	30.549633	178.842258	0.025217	27.7
298	-1.164681	31.549633	175.438956	0.031051	33.5
299	-1.181331	32.549633	172.162763	0.026211	27.9
300	-1.193703	31.581738	175.331839	0.042257	33.9
301	-1.194671	30.614700	178.616806	0.035603	27.8
302	-1.187324	31.614700	175.221998	0.026760	33.6
303	-1.189538	30.654819	178.478077	0.025983	29.0
304	-1.193500	31.653555	175.092695	0.030937	31.5
305	-1.186404	32.236995	173.173801	0.026892	25.6
306	-1.164169	33.236995	169.980892	0.026389	33.1
307	-1.211526	32.269106	173.069410	0.023545	24.9
308	-1.197827	33.259615	169.910028	0.031284	34.2
309	-1.197458	32.291720	172.995970	0.027991	26.6
310	-1.187893	31.323825	176.196079	0.024940	94.5
311	-1.190135	32.323769	172.891995	0.030014	36.9
312	-1.186219	33.323769	169.709373	0.024219	34.0
313	-1.204194	34.323590	166.642345	0.028197	33.4
314	-1.192702	34.491790	166.137240	0.024934	29.5
315	-1.197669	35.491790	163.196330	0.024302	29.8
316	-1.182871	36.472624	160.411203	0.028135	27.7
317	-1.187170	35.504729	163.158959	0.023932	33.3
318	-1.215567	36.451537	160.470082	0.026231	26.1
319	-1.194383	36.442351	160.495743	0.040628	34.8
320	-1.219285	37.441955	157.750590	0.027144	30.4
321	-1.201926	38.436739	155.110340	0.029998	34.8
322	-1.191135	39.436739	152.543850	0.023798	30.0
323	-1.173464	38.468857	155.026568	0.025723	31.2
324	-1.209954	39.025504	153.588928	0.024003	26.7
325	-1.205925	40.025504	151.072129	0.026670	32.1
326	-1.204845	41.020498	148.648482	0.023786	28.7
327	-1.189038	40.052602	151.005075	0.022923	34.2
328	-1.199576	39.085575	153.435376	0.031226	29.9
329	-1.175475	40.085575	150.923566	0.024507	53.0
330	-1.195255	39.122372	153.341469	0.026240	65.9
331	-1.188959	38.154477	155.850466	0.027537	34.1
332	-1.175156	37.186582	158.442936	0.021242	34.7
333	-1.171221	38.186582	155.765928	0.026889	33.6
334	-1.208805	37.218689	158.355554	0.019064	25.6
335	-1.187313	36.250794	161.032750	0.025238	31.9
336	-1.206892	35.282929	163.801937	0.024296	26.0
337	-1.178332	36.176127	161.243044	0.028389	33.7
338	-1.222385	35.213145	164.005283	0.021307	33.3
339	-1.167426	35.905715	162.009262	0.027127	31.7
340	-1.168183	34.942001	164.800198	0.027808	25.8
341	-1.236688	33.974105	167.701734	0.023237	29.6
342	-1.193864	33.006210	170.707272	0.024570	30.0
343	-1.202666	32.936134	170.929062	0.024375	30.2
344	-1.194303	31.968239	174.052470	0.029412	26.8
345	-1.194843	32.443957	172.503186	0.022267	31.0
346	-1.212565	31.476061	175.684923	0.031874	26.2
347	-1.200351	30.508166	178.986237	0.029939	32.3
348	-1.176018	31.508166	175.577505	0.030605	25.7
349	-1.189411	32.508166	172.296183	0.025632	31.2
350	-1.209737	31.540271	175.470219	0.022206	26.4
351	-1.201764	30.572376	178.763392	0.021812	30.4
352	-1.187238	29.604480	182.182541	0.023906	26.3
353	-1.193902	29.361524	183.061433	0.022703	30.5
354	-1.233277	28.393631	186.648616	0.023838	25.2
355	-1.207063	29.393630	182.944805	0.023306	31.1
356	-1.163467	30.393630	179.385127	0.024047	30.9
357	-1.191904	31.393630	175.961330	0.026282	36.8
358	-1.186331	32.321998	172.897739	0.022764	27.3
359	-1.213165	33.321998	169.714908	0.024436	31.5
360	-1.182850	32.354102	172.793701	0.028136	25.8
361	-1.186182	31.386563	175.985067	0.023002	31.2
362	-1.191149	32.386563	172.688637	0.026145	24.9
363	-1.178403	31.419185	175.875546	0.028105	34.1
364	-1.178105	31.856978	174.418841	0.019695	25.0
365	-1.201603	31.706970	174.915250	0.020861	30.9
366	-1.172915	32.706927	171.658544	0.024465	43.7
367	-1.192519	31.755765	174.753467	0.029867	28.0
368	-1.178658	30.788027	178.019002	0.022558	30.2
369	-1.199417	29.820153	181.409385	0.027271	27.9
370	-1.176288	30.820153	177.908637	0.022802	46.5
371	-1.199058	29.852583	181.293699	0.038432	31.4
372	-1.170404	28.884687	184.811277	0.030057	32.9
373	-1.214850	27.916965	188.467393	0.028863	31.7
374	-1.188281	26.949069	192.271777	0.026624	34.0
375	-1.184394	27.906874	188.506278	0.024204	27.1
376	-1.212143	28.906874	184.729117	0.025535	30.8
377	-1.197252	27.938979	188.382615	0.027321	30.4
378	-1.212769	26.986441	192.122035	0.026190	45.8
379	-1.213969	26.018546	196.076943	0.030690	25.9
380	-1.182198	25.050651	200.198100	0.034481	35.9
381	-1.178250	24.284398	203.585632	0.024820	34.8
382	-1.164810	25.284398	199.187052	0.022813	31.9
383	-1.193483	26.284398	194.974520	0.025224	35.2
384	-1.195035	25.622828	197.741175	0.024054	45.6
385	-1.195981	24.800929	201.289646	0.022916	33.5
386	-1.167734	25.721878	197.321967	0.021966	32.3
387	-1.176102	24.754492	201.493939	0.031064	26.6
388	-1.224027	23.786597	205.848479	0.028441	30.1
389	-1.149233	23.386838	207.702400	0.025043	25.8
390	-1.197120	24.386838	203.126130	0.025920	31.9
391	-1.163889	23.419262	207.550785	0.028164	27.8
392	-1.172849	24.418841	202.983004	0.022875	33.2
393	-1.173848	25.418841	198.610146	0.024966	46.0
394	-1.190950	26.418841	194.421726	0.024986	24.8
395	-1.188983	27.418841	190.406311	0.030204	31.2
396	-1.179476	28.418841	186.553401	0.024469	25.0
397	-1.176974	27.450945	190.280143	0.027529	37.0
398	-1.169200	28.450945	186.432287	0.023849	30.4
399	-1.190121	29.450945	182.736969	0.019167	30.0
400	-1.184984	29.016137	184.325568	0.023260	25.7
401	-1.192747	29.528361	182.456994	0.026976	31.3
402	-1.186752	30.528359	178.916096	0.033412	28.4
403	-1.183644	29.615952	182.141252	0.023501	45.6
404	-1.174685	30.615952	178.612474	0.022363	36.8
405	-1.178599	29.648059	182.025787	0.020333	32.1
406	-1.191232	28.680525	185.570759	0.022665	34.6
407	-1.185934	29.678544	181.916293	0.022290	24.8
408	-1.195384	30.678119	178.397607	0.022421	33.2
409	-1.206286	31.678119	175.011047	0.026228	24.6
410	-1.221484	31.466171	175.718042	0.025330	36.4
411	-1.181875	30.498276	179.020612	0.029196	46.8
412	-1.201423	29.530380	182.449701	0.026894	25.3
413	-1.210917	30.530380	178.909077	0.027158	30.2
414	-1.195790	30.424196	179.278501	0.025248	25.7
415	-1.178472	29.456307	182.717551	0.030023	42.0
416	-1.179148	28.488411	186.291145	0.024514	27.2
417	-1.164382	29.274845	183.377051	0.030826	32.4
418	-1.218931	28.306950	186.976742	0.025279	28.0
419	-1.175024	29.304859	183.267639	0.023308	29.6
420	-1.180421	28.337587	186.860633	0.036609	25.8
421	-1.182172	29.335704	183.155338	0.025623	46.2
422	-1.185045	30.335704	179.587541	0.027525	26.2
423	-1.179621	31.335704	176.156088	0.026896	33.5
424	-1.191142	30.367808	179.475300	0.023328	47.7
425	-1.191873	31.365439	176.056060	0.029632	30.7
426	-1.212664	30.422212	179.285419	0.026654	30.8
427	-1.203059	31.417161	175.882337	0.025676	25.6
428	-1.192786	30.449641	179.189835	0.021886	32.3
429	-1.183406	30.873432	177.725906	0.030394	27.5
430	-1.191914	31.869236	174.378400	0.026018	30.4
431	-1.216618	32.869236	171.141333	0.022515	51.3
432	-1.190493	33.869236	168.022257	0.024533	27.0
433	-1.203714	33.414759	169.425593	0.026925	40.8
434	-1.192652	32.446864	172.493804	0.025852	42.9
435	-1.199432	33.446863	169.325693	0.024956	28.9
436	-1.208714	34.446863	166.271856	0.025537	34.6
437	-1.175377	33.478968	169.225906	0.024517	29.3
438	-1.211641	32.801200	171.357753	0.025805	30.5
439	-1.181716	31.833305	174.496992	0.027762	25.3
440	-1.173500	30.865414	177.753383	0.021341	39.7
441	-1.174475	31.864814	174.392987	0.020841	25.9
442	-1.204916	32.863440	171.159748	0.025794	33.9
443	-1.170616	33.863440	168.040007	0.022423	31.2
444	-1.189663	34.312952	166.674393	0.028317	30.8
445	-1.205495	33.345706	169.640869	0.025960	28.1
446	-1.160816	34.345706	166.575756	0.023709	48.2
447	-1.173227	33.377820	169.540685	0.022361	26.5
448	-1.186611	34.377820	166.479158	0.028358	39.0
449	-1.195452	33.409924	169.440647	0.025991	41.2
450	-1.190760	32.456219	172.463616	0.024447	28.7
451	-1.192590	31.498182	175.610897	0.028644	31.5
452	-1.203815	32.498175	172.328359	0.025609	28.6
453	-1.201674	33.498175	169.166265	0.028558	36.2
454	-1.164283	34.497916	166.118899	0.026883	34.4
455	-1.174750	35.497916	163.178633	0.030225	36.3
456	-1.188369	36.305270	160.879668	0.023533	24.9
457	-1.174179	37.177071	158.468837	0.025667	33.4
458	-1.194639	36.209196	161.149840	0.028296	27.2
459	-1.203634	35.241301	163.923179	0.024256	30.6
460	-1.210833	35.643094	162.760404	0.019494	24.9
461	-1.197113	36.643018	159.937026	0.028363	32.3
462	-1.194424	37.643018	157.209727	0.021617	28.1
463	-1.200029	38.643003	154.573920	0.027876	37.3
464	-1.199716	39.643003	152.025004	0.037823	26.7
465	-1.163748	40.643002	149.558789	0.023399	30.6
466	-1.207856	39.675107	151.944566	0.029289	25.7
467	-1.217502	38.710768	154.398497	0.033002	34.2
468	-1.202483	39.710232	151.856655	0.023865	25.8
469	-1.208518	38.742837	154.315617	0.026577	32.1
470	-1.181846	38.432661	155.120982	0.025022	30.8
471	-1.198648	39.430386	152.559887	0.029163	29.2
472	-1.186356	40.430385	150.076428	0.024470	34.4
473	-1.169508	41.430346	147.672620	0.027927	32.3
474	-1.213978	42.430032	145.345233	0.023280	30.9
475	-1.189513	43.430032	143.089371	0.028381	27.8
476	-1.194749	42.462142	145.271694	0.019339	34.9
477	-1.217054	43.462141	143.018097	0.027392	27.8
478	-1.200110	44.462141	140.833352	0.028141	46.1
479	-1.216758	43.494246	142.946904	0.023603	27.0
480	-1.204650	42.526731	145.123992	0.027111	33.7
481	-1.182549	43.526731	142.874940	0.021596	27.6
482	-1.223462	44.526731	140.694533	0.026205	35.8
483	-1.182754	45.484987	138.666687	0.023802	32.3
484	-1.179272	44.668209	140.391416	0.026007	42.3
485	-1.171370	43.893913	142.066526	0.025663	30.7
486	-1.183201	42.926018	144.217536	0.025014	40.3
487	-1.196505	43.925568	141.997260	0.026662	42.8
488	-1.185993	42.957673	144.146157	0.029787	40.3
489	-1.197897	41.989778	146.361094	0.023859	34.4
490	-1.225024	41.021884	148.645160	0.023763	36.2
491	-1.217598	40.169344	150.716883	0.028098	30.1
492	-1.185429	39.949213	151.261229	0.026156	35.8
493	-1.154635	38.986702	153.688277	0.022230	29.8
494	-1.174019	39.986698	151.168255	0.030219	35.7
495	-1.194061	40.156636	150.748201	0.027823	33.1
496	-1.206194	39.188747	153.172366	0.027658	37.8
497	-1.200371	40.188747	150.669090	0.026115	31.5
498	-1.187974	39.220852	153.090708	0.022212	43.9
499	-1.178657	40.220852	150.590077	0.025588	42.4
500	-1.184887	39.264227	152.980520	0.026384	38.4
501	-1.194064	38.296332	155.477624	0.022577	42.7
502	-1.190521	39.296328	152.899076	0.032371	26.2
503	-1.213185	38.328432	155.393501	0.023729	35.4
504	-1.170204	37.394667	157.878336	0.025073	30.2
505	-1.208231	36.426878	160.538987	0.027708	36.3
506	-1.205336	35.459037	163.291003	0.038616	28.9
507	-1.194344	36.459037	160.449135	0.027509	34.3
508	-1.196010	37.459037	157.704493	0.031304	27.9
509	-1.187292	36.491143	160.359531	0.020478	52.2
510	-1.171373	35.867607	162.117825	0.031989	32.4
511	-1.194914	36.867607	159.316295	0.028643	33.5
512	-1.214899	37.867530	156.610150	0.031601	26.8
513	-1.187607	38.867420	153.994490	0.022821	32.8
514	-1.208611	37.899525	156.525080	0.033669	29.3
515	-1.185386	36.931685	159.140077	0.021210	32.0
516	-1.196648	35.963790	161.844092	0.022382	29.0
517	-1.187622	36.963790	159.051933	0.019629	77.9
518	-1.197379	35.995895	161.752927	0.033045	64.0
519	-1.200368	36.995719	158.964368	0.027501	43.4
520	-1.194798	36.027823	161.662365	0.026581	32.4
521	-1.201770	35.059928	164.453525	0.029578	33.9
522	-1.196952	36.059927	161.571409	0.021225	46.9
523	-1.174295	37.059926	158.788574	0.018141	37.5
524	-1.221389	36.092032	161.480552	0.025424	53.3
525	-1.174379	35.124137	164.265381	0.028283	58.5
526	-1.155365	34.156242	167.147949	0.022536	72.0
527	-1.217343	35.156242	164.171469	0.022830	60.0
528	-1.196753	34.192365	167.038555	0.024293	29.5
529	-1.182336	34.897540	164.931279	0.022985	41.3
530	-1.202128	35.879050	162.085210	0.026494	28.7
531	-1.179524	36.879037	159.284833	0.025308	30.8
532	-1.173865	35.917942	161.974458	0.025606	26.5
533	-1.166593	36.917942	159.177839	0.023142	54.5
534	-1.185844	35.950107	161.882975	0.029277	42.6
535	-1.171115	36.950107	159.089486	0.023893	25.4
536	-1.168121	35.982212	161.791767	0.019624	31.7
537	-1.178533	36.978304	159.012115	0.019050	26.8
538	-1.171829	36.010418	161.711720	0.034122	31.6
539	-1.199943	37.000691	158.950740	0.024165	30.0
540	-1.196063	38.000691	156.256692	0.028294	31.1
541	-1.209861	38.674089	154.493398	0.028680	28.1
542	-1.159668	39.674089	151.947116	0.025820	31.2
543	-1.197335	38.706196	154.410321	0.023915	25.7
544	-1.192448	37.738300	156.954709	0.023559	34.1
545	-1.209594	38.738300	154.327337	0.030439	25.1
546	-1.203201	37.770738	156.868079	0.022868	37.8
547	-1.214426	36.802843	159.494799	0.024244	50.6
548	-1.194621	35.834948	162.210985	0.031707	29.6
549	-1.166910	36.834947	159.406262	0.032813	34.6
550	-1.189218	37.834947	156.696883	0.026739	31.8
551	-1.197577	38.834947	154.078065	0.027239	37.4
552	-1.208971	39.751667	151.753084	0.024084	30.7
553	-1.205013	40.751665	149.295615	0.024141	36.4
554	-1.192341	41.751665	146.916465	0.026762	27.0
555	-1.220903	41.998201	146.341525	0.024909	32.1
556	-1.162949	41.076804	148.513652	0.020377	25.8
557	-1.217606	42.076793	146.159188	0.026882	32.2
558	-1.170560	41.109602	148.435226	0.028418	26.2
559	-1.199627	41.857309	146.669544	0.037752	33.5
560	-1.210864	41.112365	148.428624	0.033498	27.7
561	-1.164400	42.112365	146.076808	0.030190	32.4
562	-1.176713	41.144469	148.351943	0.021229	26.3
563	-1.159424	40.176577	150.699062	0.024498	32.0
564	-1.197432	41.176575	148.275339	0.024063	29.9
565	-1.211756	42.175688	145.930389	0.026214	34.6
566	-1.197930	43.175688	143.656469	0.023645	27.5
567	-1.211303	44.175688	141.452327	0.022842	36.4
568	-1.225153	45.174768	139.316738	0.026285	26.4
569	-1.186213	46.174767	137.242795	0.030923	34.4
570	-1.206501	45.206872	139.249182	0.024429	26.2
571	-1.189931	44.239418	141.314149	0.024869	32.6
572	-1.207034	43.271522	143.442266	0.028471	31.5
573	-1.206494	42.303627	145.635459	0.023794	35.9
574	-1.216518	41.335732	147.896760	0.026658	27.6
575	-1.191419	40.367837	150.229392	0.019784	60.2
576	-1.191286	41.367762	147.820806	0.026407	51.3
577	-1.217541	40.404071	150.140743	0.025067	39.6
578	-1.189222	40.286069	150.429827	0.024535	47.6
579	-1.194227	39.357792	152.743374	0.035394	41.3
580	-1.185427	38.389897	155.232680	0.029411	52.4
581	-1.213518	37.422005	157.804457	0.025587	40.7
582	-1.163367	36.454122	160.462861	0.019820	37.9
583	-1.192255	37.454122	157.717753	0.034359	41.5
584	-1.182362	38.453333	155.067047	0.027277	27.7
585	-1.166855	37.485438	157.633304	0.021737	49.4
586	-1.194448	36.517543	160.285930	0.025664	34.3
587	-1.176771	35.622073	162.820828	0.029586	34.6
588	-1.196150	36.616510	160.010609	0.024389	36.0
589	-1.197986	35.648615	162.744541	0.024015	26.0
590	-1.194246	36.641330	159.941709	0.024908	32.3
591	-1.183721	35.681297	162.650703	0.022596	27.0
592	-1.210403	35.262760	163.860658	0.025805	40.4
593	-1.200546	34.295283	166.727653	0.022457	50.4
594	-1.204192	33.327389	169.698065	0.025389	27.3
595	-1.183539	34.327336	166.631063	0.027146	31.1
596	-1.201067	33.359447	169.597986	0.023858	25.2
597	-1.206326	34.356584	166.543022	0.024045	31.9
598	-1.186450	35.356584	163.587857	0.026552	27.2
599	-1.194057	34.388689	166.446489	0.031750	33.2
600	-1.213543	33.420794	169.406805	0.029166	33.0
601	-1.161793	32.452909	172.474294	0.018973	37.1
602	-1.208713	33.451026	169.312748	0.022878	32.6
603	-1.182412	32.484858	172.371267	0.031862	37.9
604	-1.180528	31.516963	175.548094	0.018794	28.2
605	-1.203983	30.549177	178.843841	0.024260	35.0
606	-1.215601	29.588813	182.238961	0.025917	31.2
607	-1.172137	30.588727	178.706730	0.017677	49.8
608	-1.192386	31.588704	175.308615	0.022857	69.0
609	-1.185207	32.318385	172.909455	0.024889	83.3
610	-1.192650	31.371896	176.034352	0.024161	35.0
611	-1.197248	32.371896	172.736093	0.029059	39.7
612	-1.166548	31.404001	175.926507	0.037774	37.9
613	-1.219344	32.404001	172.632249	0.023967	30.1
614	-1.216393	31.439936	175.805952	0.029943	33.8
615	-1.197989	32.439936	172.516166	0.031957	31.7
616	-1.214378	33.439936	169.347239	0.016016	36.4
617	-1.172169	32.472041	172.412586	0.023915	46.2
618	-1.207499	33.472041	169.247428	0.029836	50.3
619	-1.205219	34.472041	166.196388	0.026847	28.3
620	-1.174574	33.504145	169.147736	0.028970	39.0
621	-1.186381	34.504145	166.100257	0.024788	27.1
622	-1.170407	35.504145	163.160646	0.025336	32.5
623	-1.176944	36.504145	160.323274	0.022231	26.3
624	-1.172401	37.499539	157.595307	0.026948	34.6
625	-1.211007	36.544137	160.211852	0.024933	28.4
626	-1.192391	37.544137	157.475253	0.020825	35.8
627	-1.184453	38.358759	155.314109	0.029045	33.6
628	-1.209827	37.390891	157.888544	0.024256	32.8
629	-1.171219	37.719945	157.003770	0.023986	34.3
630	-1.182760	38.719945	154.374770	0.025213	38.6
631	-1.194422	37.752081	156.917895	0.026780	32.2
632	-1.212173	37.155679	158.527130	0.021801	28.3
633	-1.183863	38.155679	155.847300	0.021073	36.8
634	-1.183226	37.190879	158.431234	0.021742	33.6
635	-1.159369	38.190878	155.754621	0.021936	40.2
636	-1.173515	37.222986	158.343867	0.024672	41.9
637	-1.197002	36.255326	161.020002	0.019680	31.0
638	-1.175895	36.202027	161.170038	0.020826	34.8
639	-1.179011	37.174423	158.476051	0.025716	28.7
640	-1.235652	38.144793	155.875985	0.044403	32.4
641	-1.226540	39.144745	153.284427	0.023631	28.4
642	-1.204969	38.176850	155.791543	0.020695	34.8
643	-1.204029	37.208955	158.382036	0.024114	30.5
644	-1.208895	38.107845	155.973421	0.034721	33.0
645	-1.187657	37.492138	157.615246	0.032437	28.6
646	-1.183385	36.524249	160.267242	0.023176	32.5
647	-1.164307	35.556354	163.010027	0.034952	27.3
648	-1.180789	34.588879	165.847071	0.027038	40.2
649	-1.198225	33.620984	168.785916	0.029190	40.6
650	-1.217499	32.653089	171.830793	0.024656	30.0
651	-1.190792	33.653089	168.686766	0.028264	34.5
652	-1.199531	34.385826	166.455094	0.028992	28.7
653	-1.185990	33.417930	169.415719	0.029877	30.8
654	-1.193347	32.450035	172.483568	0.027533	27.2
655	-1.193926	32.046255	173.796489	0.024059	36.6
656	-1.193897	33.046255	170.580790	0.021430	28.8
657	-1.168128	34.046255	167.481927	0.027201	36.2
658	-1.167298	33.079737	170.475178	0.028795	73.2
659	-1.160463	33.600797	168.848320	0.021045	31.1
660	-1.168609	34.600720	165.811753	0.025988	32.2
661	-1.218813	34.102600	167.310667	0.027769	27.2
662	-1.187961	34.568709	165.907271	0.030113	31.2
663	-1.191645	35.568078	162.976243	0.022488	26.8
664	-1.207454	36.568016	160.145398	0.025404	31.7
665	-1.220908	37.565353	157.418207	0.032489	26.3
666	-1.227142	38.565308	154.775542	0.025521	32.6
667	-1.185727	39.565302	152.220040	0.034296	26.6
668	-1.170632	40.473090	149.972170	0.024117	31.6
669	-1.188165	41.473090	147.571582	0.029927	25.7
670	-1.185603	42.473090	145.246635	0.028538	43.7
671	-1.222016	41.592602	147.289815	0.024234	26.2
672	-1.194992	42.549847	145.071204	0.028637	31.1
673	-1.182189	41.581999	147.314771	0.024810	29.2
674	-1.200403	40.656930	149.525007	0.025618	31.9
675	-1.202973	41.656929	147.138599	0.028670	26.8
676	-1.188835	42.656929	144.827168	0.021308	38.3
677	-1.166201	41.689034	147.063244	0.031695	77.4
678	-1.188222	40.721139	149.369453	0.033279	43.9
679	-1.198800	41.721139	146.987968	0.025445	53.4
680	-1.164480	42.720819	144.681957	0.016514	53.8
681	-1.178915	43.401965	143.151732	0.026692	38.3
682	-1.191282	44.401788	140.963315	0.022378	28.8
683	-1.212995	45.362595	138.922428	0.023649	39.2
684	-1.219075	46.278129	137.031944	0.023690	38.7
685	-1.161257	45.310234	139.032126	0.021597	33.3
686	-1.189417	46.303421	136.980449	0.026482	37.1
687	-1.203947	47.303228	134.975360	0.027906	31.0
688	-1.184918	48.303228	133.027754	0.022067	34.8
689	-1.200604	49.227873	131.276264	0.023185	42.9
690	-1.187556	50.158557	129.559299	0.022683	33.3
691	-1.182679	49.190736	131.345720	0.025820	35.0
692	-1.199717	50.190584	129.501014	0.018901	28.2
693	-1.161788	49.318235	131.107568	0.027015	33.2
694	-1.200224	50.261052	129.372954	0.027418	29.4
695	-1.178872	51.261052	127.582599	0.024470	32.8
696	-1.208948	50.293157	129.314695	0.023398	25.9
697	-1.198502	49.325261	131.094469	0.025926	31.6
698	-1.193948	50.325261	129.256488	0.028854	26.9
699	-1.197181	51.325230	127.469387	0.026095	32.9
700	-1.191608	50.357335	129.198390	0.023616	29.2
701	-1.208186	49.409377	130.937855	0.024260	30.0
702	-1.206096	48.441504	132.762863	0.031612	27.5
703	-1.177019	47.492285	134.602792	0.021537	31.2
704	-1.196966	47.920771	133.765956	0.029493	26.1
705	-1.207648	46.952876	135.671268	0.025140	32.4
706	-1.203116	47.951931	133.705505	0.021845	26.4
707	-1.217016	48.951931	131.794114	0.023630	31.3
708	-1.193669	49.629462	130.529847	0.025197	26.9
709	-1.165319	50.629462	128.707554	0.022067	32.6
710	-1.221564	49.661580	130.470515	0.023970	27.2
711	-1.201398	48.693685	132.282470	0.028401	32.4
712	-1.180446	49.693685	130.411263	0.029110	37.5
713	-1.197401	50.693685	128.592257	0.024270	43.4
714	-1.178042	49.725791	130.352064	0.026414	36.2
715	-1.210061	50.725791	128.534697	0.023795	32.4
716	-1.187298	49.758089	130.292564	0.026232	34.6
717	-1.202527	50.757747	128.477456	0.032995	31.8
718	-1.180770	49.829188	130.161774	0.028275	32.0
719	-1.188895	48.871393	131.946029	0.028964	33.2
720	-1.206154	49.871393	130.084262	0.025992	38.9
721	-1.185495	50.871393	128.274303	0.029378	26.9
722	-1.182894	49.905898	130.020957	0.021890	34.6
723	-1.215347	48.938003	131.820361	0.025600	44.9
724	-1.207756	49.768810	130.272825	0.028100	29.0
725	-1.208534	50.768810	128.457652	0.027072	30.8
726	-1.189149	49.800914	130.213753	0.026979	25.5
727	-1.183673	50.202048	129.480163	0.023361	31.5
728	-1.159280	51.201271	127.688234	0.032193	25.0
729	-1.181607	50.233376	129.423219	0.025195	30.2
730	-1.194959	50.962402	128.112076	0.024394	25.3
731	-1.194862	51.937590	126.399198	0.023292	31.3
732	-1.196259	52.470412	125.482526	0.031668	27.7
733	-1.230978	51.502516	127.157694	0.019623	29.6
734	-1.179306	50.570900	128.812867	0.024585	26.0
735	-1.194572	51.570856	127.037950	0.024404	32.1
736	-1.197906	52.552475	125.342523	0.027297	28.8
737	-1.177415	53.412183	123.894401	0.025255	34.3
738	-1.209017	52.444287	125.527160	0.023774	33.0
739	-1.194010	51.478717	127.199449	0.028024	38.6
740	-1.186924	51.496469	127.168301	0.026177	33.7
741	-1.185166	52.496469	125.438037	0.030561	36.8
742	-1.172601	51.528574	127.112010	0.029553	29.2
743	-1.184704	52.528315	125.383708	0.018841	35.1
744	-1.181573	53.528312	123.701349	0.023755	31.9
745	-1.183656	54.334310	122.377876	0.024248	34.9
746	-1.202780	55.334310	120.774693	0.022380	30.2
747	-1.202075	54.366419	122.325737	0.024220	36.1
748	-1.183572	53.414670	123.890260	0.021201	31.2
749	-1.196550	54.414669	122.247474	0.026372	35.5
750	-1.200561	53.446774	123.836835	0.031083	30.0
751	-1.178696	54.443856	122.200180	0.033100	36.1
752	-1.176417	53.475964	123.788298	0.029692	29.2
753	-1.184626	52.508068	125.418243	0.022890	35.3
754	-1.198669	52.510314	125.414412	0.021334	32.3
755	-1.191849	53.510314	123.731230	0.027914	38.1
756	-1.196049	54.510314	122.092630	0.023984	28.8
757	-1.190885	53.573802	123.625892	0.032465	37.9
758	-1.189622	52.605907	125.251535	0.027504	29.9
759	-1.188841	51.638012	126.920500	0.031016	35.1
760	-1.199236	52.638012	125.196927	0.023967	29.8
761	-1.227492	51.877642	126.503170	0.023397	35.7
762	-1.181689	52.877642	124.790837	0.024316	29.8
763	-1.230364	53.877642	123.124240	0.029060	37.0
764	-1.193520	52.913176	124.730844	0.030135	32.3
765	-1.175454	53.885696	123.110998	0.026022	32.7
766	-1.181733	54.885696	121.488676	0.024439	26.2
767	-1.185528	53.919349	123.055699	0.022575	30.8
768	-1.194422	54.147108	122.682735	0.023512	26.8
769	-1.191481	53.179213	124.283508	0.026857	34.0
770	-1.215570	54.177381	122.633333	0.027418	32.1
771	-1.193605	53.447833	123.835073	0.028143	33.5
772	-1.194744	52.479937	125.466258	0.020760	38.2
773	-1.202942	51.512053	127.140971	0.025575	41.3
774	-1.196820	52.245815	125.867297	0.021870	43.6
775	-1.193647	51.613286	126.963718	0.025822	25.7
776	-1.206865	50.645395	128.678931	0.024435	33.2
777	-1.174220	49.677500	130.441128	0.022640	26.3
778	-1.172560	50.567510	128.818968	0.025809	34.2
779	-1.184914	49.599615	130.585029	0.024749	47.7
780	-1.196682	50.023570	129.805539	0.023900	53.8
781	-1.208511	49.055675	131.598944	0.026079	33.2
782	-1.203588	50.055675	129.746890	0.027548	52.1
783	-1.186301	49.116583	131.484627	0.024237	53.9
784	-1.189566	48.161408	133.300537	0.033879	31.1
785	-1.201319	47.193512	135.192520	0.024449	38.6
786	-1.204111	48.032579	133.549304	0.025088	27.5
787	-1.205587	47.085820	135.406356	0.029138	36.9
788	-1.184412	46.117925	137.359026	0.020608	32.1
789	-1.199544	45.150601	139.367635	0.023711	38.7
790	-1.212330	46.147544	137.298436	0.027345	29.7
791	-1.184375	45.180694	139.304264	0.024034	37.6
792	-1.211118	46.057818	137.482148	0.028765	40.2
793	-1.181230	45.089922	139.495591	0.022809	47.0
794	-1.175491	44.122027	141.568885	0.027179	39.9
795	-1.195906	45.121754	139.428436	0.020935	41.3
796	-1.207983	46.091768	137.412578	0.029154	40.7
797	-1.196069	45.904530	137.797138	0.027865	39.8
798	-1.222086	46.904530	135.767860	0.021337	37.0
799	-1.220273	47.904440	133.797659	0.019690	40.7
800	-1.185873	48.903904	131.884663	0.024260	38.7
801	-1.210718	49.903760	130.024878	0.022861	40.7
802	-1.198143	50.903705	128.216659	0.032473	38.2
803	-1.208834	51.877799	126.502898	0.025595	36.2
804	-1.220926	52.850657	124.836436	0.029175	39.8
805	-1.194111	51.882762	126.494284	0.030046	31.6
806	-1.230132	52.882762	124.782189	0.023351	30.6
807	-1.212130	53.882762	123.115823	0.022761	31.7
808	-1.210190	53.310885	124.063288	0.026860	32.4
809	-1.191323	54.310688	122.416260	0.022026	37.3
810	-1.190242	53.344459	124.007262	0.027353	28.9
811	-1.192911	52.377223	125.641888	0.025857	42.1
812	-1.193759	51.409691	127.320704	0.029788	32.3
813	-1.199130	52.409691	125.586318	0.026758	40.1
814	-1.212896	51.441796	127.264278	0.021891	35.4
815	-1.208931	50.918067	128.191055	0.021726	42.4
816	-1.186565	51.786029	126.662396	0.028782	41.5
817	-1.189955	50.818134	128.369429	0.027735	45.5
818	-1.225046	51.818134	126.606552	0.023465	40.6
819	-1.174880	52.691250	125.106479	0.024690	39.4
820	-1.184133	53.237707	124.185582	0.022782	36.8
821	-1.202428	52.269812	125.826075	0.028927	41.3
822	-1.187242	51.307239	127.501104	0.022112	39.7
823	-1.223218	50.651445	128.668065	0.026906	29.6
824	-1.197193	51.651445	126.897033	0.019108	25.4
825	-1.213467	52.651376	125.174209	0.035921	30.8
826	-1.191551	51.683481	126.841102	0.022764	25.3
827	-1.195643	50.715586	128.552987	0.027255	31.7
828	-1.199211	51.715586	126.785100	0.024293	26.4
829	-1.182173	50.747778	128.495307	0.023769	30.6
830	-1.209411	51.747775	126.729000	0.022629	25.4
831	-1.187157	52.747730	125.010666	0.020220	30.3
832	-1.178033	53.747728	123.338234	0.027409	24.7
833	-1.171115	52.779833	124.956270	0.028501	31.7
834	-1.173237	51.811938	126.617324	0.030225	25.5
835	-1.224487	52.733346	125.035053	0.028144	30.7
836	-1.177012	51.765451	126.698216	0.034070	25.2
837	-1.183599	50.947506	128.138602	0.036144	31.1
838	-1.213538	49.979610	129.885931	0.026818	25.4
839	-1.184670	49.011715	131.681573	0.022594	30.6
840	-1.185722	48.093399	133.431745	0.021728	25.5
841	-1.189229	47.125504	135.327481	0.028676	29.9
842	-1.211363	48.125504	133.369774	0.035860	23.9
843	-1.200465	47.157608	135.263737	0.027651	30.4
844	-1.187607	46.190789	137.210068	0.022784	24.1
845	-1.199830	45.225292	139.210452	0.034790	30.7
846	-1.165998	44.698652	140.326362	0.026205	24.6
847	-1.207885	43.730765	142.424593	0.041152	29.0
848	-1.180094	44.730764	140.257806	0.020396	25.8
849	-1.212960	45.727384	138.162959	0.025987	33.0
850	-1.177204	46.726101	136.125552	0.021996	42.9
851	-1.196413	47.726101	134.144855	0.027090	39.9
852	-1.190734	46.758205	136.061054	0.027395	36.1
853	-1.202159	47.464203	134.658003	0.024815	42.4
854	-1.198658	47.966733	133.676809	0.028202	40.4
855	-1.208715	48.966733	131.766232	0.023134	56.4
856	-1.201294	47.998838	133.614610	0.029904	31.9
857	-1.197816	47.036757	135.504001	0.022040	34.6
858	-1.197434	48.033827	133.546888	0.033287	25.4
859	-1.200282	48.894508	131.902392	0.029206	39.8
860	-1.166616	47.926613	133.754618	0.023662	24.9
861	-1.207302	47.766473	134.066099	0.025847	37.5
862	-1.181021	48.766473	132.144458	0.024948	29.9
863	-1.199420	49.766400	130.277261	0.025498	32.7
864	-1.192145	48.798505	132.083815	0.022521	24.6
865	-1.187138	47.830944	133.940525	0.033847	31.9
866	-1.178026	46.882530	135.811863	0.026392	24.6
867	-1.192983	45.914643	137.776313	0.021016	33.8
868	-1.187044	46.247512	137.094333	0.023419	27.8
869	-1.180089	45.282517	139.090265	0.018172	35.7
870	-1.167929	44.314622	141.151438	0.028451	29.1
871	-1.197414	43.534687	142.857325	0.020043	35.7
872	-1.228702	43.567920	142.783797	0.022747	28.6
873	-1.187402	42.600025	144.956749	0.026746	41.4
874	-1.225181	43.599004	142.715092	0.022750	24.8
875	-1.215152	44.428180	140.906454	0.030296	32.9
876	-1.183624	43.564285	142.791837	0.021247	25.2
877	-1.187396	42.596404	144.965001	0.018740	30.4
878	-1.232115	43.096115	143.834813	0.030401	23.7
879	-1.201594	44.044452	141.737727	0.032644	31.3
880	-1.202525	45.044452	139.591631	0.026951	24.5
881	-1.194140	44.076557	141.667803	0.022828	44.8
882	-1.189931	43.229642	143.535796	0.022291	40.4
883	-1.195857	44.229641	141.335329	0.022252	44.2
884	-1.227471	45.229641	139.201310	0.028444	40.0
885	-1.196291	46.229641	137.130775	0.035128	58.1
886	-1.205985	47.229641	135.120933	0.023633	30.4
887	-1.213677	48.058211	133.499735	0.025483	33.4
888	-1.193669	49.036817	131.634378	0.025727	25.3
889	-1.196703	50.036817	129.781334	0.026310	31.3
890	-1.179936	49.068969	131.573975	0.024097	25.6
891	-1.189428	48.785316	132.108777	0.020422	30.3
892	-1.211053	47.821863	133.958198	0.028909	25.6
893	-1.199683	46.857044	135.862872	0.021855	31.8
894	-1.213410	47.857044	133.889757	0.026008	23.9
895	-1.199532	48.857044	131.973132	0.030265	33.5
896	-1.186768	47.889391	133.826888	0.023561	25.3
897	-1.204690	46.921496	135.733948	0.024771	29.9
898	-1.191347	47.921496	133.764549	0.023421	25.0
899	-1.178327	48.860756	131.966119	0.024313	31.1
900	-1.202622	49.860751	130.103797	0.020694	25.7
901	-1.202346	48.892856	131.905510	0.025850	30.7
902	-1.193097	49.892632	130.045289	0.024702	106.3
903	-1.192155	50.892632	128.236407	0.020468	119.9
904	-1.184862	51.892632	126.477156	0.023912	48.3
905	-1.185926	52.848102	124.840754	0.023383	60.2
906	-1.210825	53.848102	123.172834	0.022559	81.9
907	-1.174567	54.848100	121.548895	0.023760	27.6
908	-1.166863	53.880205	123.120026	0.019696	32.9
909	-1.179298	54.675796	121.825647	0.023861	32.9
910	-1.201738	54.678413	121.821434	0.026110	38.3
911	-1.151232	55.678413	120.232702	0.024729	50.2
912	-1.230315	54.710518	121.769776	0.023817	68.2
913	-1.193044	53.742623	123.346659	0.025698	60.7
914	-1.201953	54.742623	121.718161	0.022500	31.0
915	-1.206613	55.742623	120.132104	0.026351	68.8
916	-1.177550	54.774728	121.666591	0.021157	60.6
917	-1.204172	55.774037	120.082949	0.026288	58.9
918	-1.188179	54.935554	121.408909	0.028588	85.2
919	-1.203506	53.967659	122.976399	0.025518	81.6
920	-1.242671	53.135390	124.356974	0.024103	29.9
921	-1.174343	54.133443	122.705048	0.026349	48.6
922	-1.223714	53.165620	124.306286	0.027259	65.0
923	-1.205553	52.197725	125.949991	0.033174	41.1
924	-1.219398	51.229829	127.637748	0.029510	34.8
925	-1.199672	50.261934	129.371352	0.033939	62.2
926	-1.214785	50.645638	128.678494	0.024534	65.3
927	-1.201577	51.644879	126.908502	0.020355	67.7
928	-1.190925	52.644844	125.185312	0.028335	49.4
929	-1.201929	51.676949	126.852501	0.029194	48.3
930	-1.190848	52.676949	125.130762	0.028112	31.4
931	-1.182176	51.709054	126.796490	0.025996	41.2
932	-1.210101	50.741265	128.506972	0.029594	30.6
933	-1.206967	49.773370	130.264431	0.033097	35.0
934	-1.174608	50.771323	128.453154	0.022776	27.5
935	-1.208258	50.051980	129.753636	0.026251	38.1
936	-1.207257	50.840661	128.329175	0.035403	27.6
937	-1.177166	49.893006	130.044602	0.021517	35.0
938	-1.201224	48.925367	131.844182	0.028497	30.0
939	-1.199153	47.957471	133.694763	0.022315	33.2
940	-1.179991	46.989603	135.597980	0.022566	27.5
941	-1.167710	47.989512	133.632672	0.028076	33.2
942	-1.175445	47.021617	135.534161	0.030361	27.8
943	-1.209996	48.021617	133.570513	0.021979	37.6
944	-1.215191	47.053722	135.470222	0.033261	36.3
945	-1.201362	47.913892	133.779308	0.024721	32.7
946	-1.162951	47.091870	135.394325	0.019301	30.8
947	-1.212863	48.090935	133.436503	0.027999	25.3
948	-1.217756	47.987308	133.636941	0.026619	30.5
949	-1.170009	48.987160	131.727775	0.025212	23.7
950	-1.210901	48.019264	133.575066	0.022697	30.7
951	-1.179786	49.019264	131.667376	0.024922	25.0
952	-1.219821	48.260546	133.109732	0.025803	33.1
953	-1.192328	47.302277	134.977240	0.027762	24.8
954	-1.201096	46.338394	136.909306	0.024893	30.6
955	-1.184920	47.338394	134.905904	0.026779	24.0
956	-1.185084	48.338394	132.960288	0.025256	32.1
957	-1.200170	49.338394	131.069993	0.028071	24.6
958	-1.224722	50.327236	129.252910	0.024771	31.7
959	-1.199811	51.327236	127.465853	0.028257	38.4
960	-1.207952	50.521156	128.902458	0.038748	32.3
961	-1.207811	50.563134	128.826846	0.024297	30.4
962	-1.236525	49.596474	130.590839	0.026036	30.4
963	-1.192279	50.596474	128.766855	0.022776	32.9
964	-1.201522	49.636560	130.516729	0.020014	24.3
965	-1.203904	50.634741	128.698068	0.025697	41.9
966	-1.209281	49.666850	130.460786	0.025357	26.2
967	-1.207103	50.632450	128.702184	0.027264	36.9
968	-1.203366	51.623675	126.945557	0.028330	40.9
969	-1.189609	52.554203	125.339578	0.021419	30.2
970	-1.227603	53.552860	123.660619	0.021320	31.2
971	-1.192728	52.586151	125.285162	0.025960	24.6
972	-1.177676	51.760820	126.706279	0.033294	34.3
973	-1.178778	52.760067	124.989756	0.025651	25.0
974	-1.214541	51.792172	126.651707	0.026224	31.3
975	-1.183742	50.824277	128.358450	0.022379	30.4
976	-1.214582	49.859607	130.105898	0.031050	28.5
977	-1.168474	49.597596	130.588764	0.028129	26.4
978	-1.220144	48.632341	132.399007	0.023833	40.1
979	-1.210477	49.632341	130.524525	0.022743	26.2
980	-1.190023	48.664446	132.337991	0.026004	34.1
981	-1.214474	49.664440	130.465235	0.019854	31.5
982	-1.198821	50.491599	128.955750	0.032141	30.4
983	-1.197718	49.568334	130.642915	0.023838	24.0
984	-1.211661	48.600461	132.459651	0.029869	31.7
985	-1.181995	49.459178	130.845307	0.023735	25.4
986	-1.218297	48.494133	132.662319	0.027763	33.1
987	-1.182366	47.548785	134.491849	0.026097	25.7
988	-1.193823	48.548785	132.558072	0.026112	30.0
989	-1.218790	49.548783	130.679118	0.025830	28.4
990	-1.199501	48.580888	132.496912	0.024186	35.6
991	-1.229886	47.612993	134.365991	0.028278	25.5
992	-1.217294	46.645098	136.288558	0.022126	34.1
993	-1.183192	45.677202	138.266941	0.019938	26.6
994	-1.152541	44.709343	140.303531	0.026315	29.7
995	-1.203282	45.709343	138.200325	0.024440	24.0
996	-1.175816	44.741449	140.235011	0.025900	32.4
997	-1.184784	45.741449	138.133843	0.029291	26.0
998	-1.199563	46.741449	136.094710	0.027036	31.7
999	-1.200521	45.773553	138.067428	0.023032	32.8
