1:ItNr	2:Metric	3a:Time	3b:StepSize	4:||Gradient||	Time[ms]
0	-1.173078	0.000000	1253.108866	0.005264	1283.9
1	-1.132027	0.000000	1253.108866	0.005087	11.2
2	-1.108626	1.000000	1196.149372	0.004286	8.0
3	-1.132791	1.946080	1146.831432	0.003970	10.1
4	-1.146470	2.946080	1098.939192	0.003958	8.1
5	-1.131782	3.875720	1057.870353	0.005130	8.1
6	-1.153418	4.875720	1016.987612	0.004726	9.3
7	-1.130814	5.875714	979.147433	0.004510	7.7
8	-1.137042	5.149599	1006.336145	0.005093	10.0
9	-1.188894	4.423297	1035.085502	0.005589	9.5
10	-1.167354	5.423297	995.912287	0.004373	11.1
11	-1.153842	6.423297	959.596001	0.004342	15.2
12	-1.171288	5.702681	985.492292	0.005661	7.7
13	-1.195272	4.976548	1013.040170	0.004154	8.2
14	-1.132403	5.976412	975.492446	0.004770	7.8
15	-1.212486	6.976412	940.624056	0.004901	8.1
16	-1.199701	6.252977	965.593083	0.005314	9.9
17	-1.172938	7.250965	931.482732	0.004610	10.1
18	-1.179451	8.250965	899.638219	0.004155	9.6
19	-1.163289	7.525104	922.530761	0.004564	8.5
20	-1.161093	7.119093	935.851185	0.004663	9.0
21	-1.211943	8.119093	903.712437	0.005451	8.0
22	-1.203423	9.119093	873.707800	0.004516	7.8
23	-1.191935	10.119093	845.631538	0.004739	8.4
24	-1.141226	11.119093	819.303536	0.004666	8.3
25	-1.188398	12.085438	795.373671	0.003908	10.7
26	-1.222279	11.372297	812.895243	0.005725	7.7
27	-1.155612	10.646001	831.551702	0.004896	7.6
28	-1.169870	9.919700	851.084790	0.004564	7.6
29	-1.152057	10.910236	824.665991	0.004051	12.0
30	-1.199386	10.183980	843.871952	0.004510	11.0
31	-1.198325	11.183980	817.651703	0.004250	7.7
32	-1.172179	12.183980	793.011758	0.004761	8.0
33	-1.157341	13.183974	769.813544	0.004636	7.8
34	-1.220978	14.159258	748.459648	0.005354	10.4
35	-1.206665	15.159258	727.760673	0.004533	8.3
36	-1.181577	14.432957	742.678244	0.004954	8.2
37	-1.196854	15.432957	722.293453	0.005057	7.7
38	-1.202528	16.371652	704.151005	0.005362	7.7
39	-1.199782	17.371652	685.800192	0.004993	12.4
40	-1.165421	18.371652	668.381563	0.004922	7.8
41	-1.186976	19.371652	651.825848	0.005169	7.5
42	-1.197747	20.269450	637.645665	0.005035	8.0
43	-1.176416	21.269450	622.560405	0.004758	7.7
44	-1.203668	22.269450	608.172415	0.004658	10.2
45	-1.193124	23.269450	594.434444	0.004938	7.8
46	-1.197338	24.269450	581.303416	0.004643	12.6
47	-1.181619	23.543149	590.781900	0.003681	8.6
48	-1.191615	24.539117	577.861137	0.004638	8.8
49	-1.184767	24.471954	578.714660	0.004787	8.1
50	-1.225988	23.745902	588.104944	0.004200	7.8
51	-1.200981	24.745902	575.249040	0.004755	7.5
52	-1.147651	24.019600	584.529536	0.004165	7.6
53	-1.206624	25.019600	571.827784	0.004938	11.3
54	-1.208127	24.293299	580.997338	0.006129	9.2
55	-1.211758	25.293299	568.446983	0.004030	10.3
56	-1.199690	24.567228	577.504657	0.004694	9.5
57	-1.216159	25.557236	565.224405	0.005225	13.7
58	-1.177220	24.830935	574.181745	0.005155	8.0
59	-1.212962	24.104638	583.427495	0.004081	7.8
60	-1.178812	25.104638	570.773074	0.005346	8.2
61	-1.247680	26.104638	558.655943	0.005853	7.8
62	-1.211798	27.104052	547.049267	0.005366	10.6
63	-1.196682	28.104052	535.908654	0.004983	8.9
64	-1.197786	29.104023	525.213035	0.004236	9.6
65	-1.210529	30.104023	514.935702	0.004754	11.1
66	-1.208845	29.377722	522.359590	0.005084	13.1
67	-1.207625	28.805527	528.360764	0.005167	8.7
68	-1.202217	28.100211	535.950575	0.004767	7.6
69	-1.205981	29.100211	525.253003	0.005513	8.7
70	-1.220436	28.476229	531.877358	0.004891	7.7
71	-1.217318	29.476229	521.340173	0.004857	10.0
72	-1.234039	30.476229	511.212388	0.003880	7.6
73	-1.228867	31.476229	501.470598	0.005196	7.5
74	-1.196749	31.469289	501.536928	0.003659	7.6
75	-1.206306	32.468456	492.164694	0.006063	9.5
76	-1.233929	33.468456	483.128920	0.006130	11.5
77	-1.187798	34.468456	474.418944	0.004685	8.6
78	-1.216068	35.468456	466.017458	0.005624	7.8
79	-1.207291	36.468456	457.908358	0.004672	7.6
80	-1.191605	37.468456	450.076641	0.005380	7.8
81	-1.202119	36.742156	455.737856	0.004658	10.9
82	-1.199883	36.015854	461.543313	0.004157	7.7
83	-1.203917	37.010300	453.631270	0.004912	7.8
84	-1.185319	38.010283	445.944075	0.003978	8.4
85	-1.213651	39.010235	438.513299	0.004624	7.6
86	-1.194682	40.010235	431.325762	0.004808	10.5
87	-1.223267	39.284063	436.521442	0.005304	10.9
88	-1.199464	40.284063	429.398523	0.004790	11.3
89	-1.236153	39.560246	434.530699	0.005209	7.9
90	-1.224442	38.833952	439.805251	0.005095	10.6
91	-1.208833	38.107650	445.209479	0.005092	7.9
92	-1.208173	39.107650	437.802610	0.003700	7.8
93	-1.186249	38.389697	443.095142	0.004559	7.6
94	-1.191221	39.286135	436.506441	0.004185	7.8
95	-1.220468	40.198865	429.996312	0.005227	11.7
96	-1.248817	39.472563	435.160753	0.005435	10.2
97	-1.191577	40.472563	428.081810	0.005820	10.5
98	-1.209220	41.472563	421.229493	0.004430	8.0
99	-1.214772	42.472563	414.593090	0.004777	10.2
100	-1.222262	41.746262	419.392094	0.004440	9.2
101	-1.205130	42.746262	412.813009	0.004009	7.5
102	-1.208622	42.019960	417.570656	0.005145	7.6
103	-1.192997	43.019938	411.048289	0.004232	7.5
104	-1.190749	43.963717	405.076673	0.005549	10.4
105	-1.209129	43.237415	409.656679	0.004728	8.2
106	-1.221131	44.236619	403.382129	0.005531	9.0
107	-1.202651	45.131263	397.925051	0.004387	8.6
108	-1.248792	46.131263	391.997484	0.005093	10.1
109	-1.214744	45.404961	396.284940	0.004834	8.9
110	-1.181967	46.404961	390.405775	0.004187	7.7
111	-1.189987	47.404961	384.698502	0.004477	13.6
112	-1.207160	46.678660	388.826939	0.005167	9.3
113	-1.249475	45.954007	393.035272	0.006110	7.9
114	-1.228721	45.227708	397.345566	0.004285	7.7
115	-1.219150	46.227708	391.435122	0.005569	7.7
116	-1.250400	47.227708	385.697936	0.004357	7.5
117	-1.204162	48.227708	380.126498	0.004789	10.1
118	-1.248497	49.227708	374.713727	0.004369	8.1
119	-1.230578	48.501972	378.626468	0.005485	9.0
120	-1.203396	49.501972	373.256030	0.004665	9.2
121	-1.223384	48.775671	377.141287	0.005472	9.1
122	-1.199991	49.758358	371.903572	0.004485	9.3
123	-1.233184	50.758358	366.720851	0.004632	8.1
124	-1.219013	50.066704	370.289950	0.003685	8.4
125	-1.234261	51.066704	365.151794	0.005392	10.2
126	-1.241228	52.066704	360.154281	0.004089	13.8
127	-1.199995	53.066704	355.291714	0.005082	8.2
128	-1.244845	52.340727	358.808637	0.005103	7.9
129	-1.205494	53.340719	353.982131	0.005285	7.9
130	-1.208138	54.340719	349.283714	0.005018	10.9
131	-1.268718	53.614418	352.683664	0.005320	7.5
132	-1.261144	54.614418	348.019426	0.004371	7.6
133	-1.273222	55.614418	343.476946	0.004880	7.5
134	-1.231678	56.614418	339.051519	0.005119	10.6
135	-1.221196	55.888116	342.254272	0.004930	13.1
136	-1.239499	56.888116	337.860094	0.005082	7.7
137	-1.214482	57.888116	333.577318	0.004561	7.9
138	-1.224421	58.878854	329.439957	0.004930	8.4
139	-1.239498	59.878854	325.366705	0.003952	10.0
140	-1.230731	60.878663	321.393697	0.003875	7.5
141	-1.221186	61.870744	317.546157	0.005066	10.5
142	-1.233733	61.144591	320.353245	0.004911	9.4
143	-1.204357	62.144586	316.500297	0.004012	9.7
144	-1.249158	61.935328	317.298876	0.004723	9.1
145	-1.226126	61.210466	320.096544	0.004723	7.7
146	-1.220179	60.484165	322.949694	0.004426	7.5
147	-1.210444	61.095468	320.544931	0.004288	7.5
148	-1.217825	62.088222	316.715000	0.004633	10.1
149	-1.223788	63.088222	312.948539	0.004327	8.9
150	-1.238362	64.088222	309.270609	0.004896	7.9
151	-1.227696	63.361920	311.933229	0.005842	7.9
152	-1.209461	64.361920	308.278985	0.004845	8.9
153	-1.236872	65.361920	304.709368	0.005114	9.9
154	-1.183534	66.361920	301.221471	0.004088	8.4
155	-1.219017	67.361899	297.812593	0.004631	7.6
156	-1.216783	67.806873	296.320379	0.004617	7.8
157	-1.234908	67.080571	298.763800	0.004388	9.0
158	-1.239897	67.335121	297.902872	0.004849	9.6
159	-1.245693	66.608819	300.372570	0.005611	9.4
160	-1.219939	67.608819	296.982699	0.004723	8.4
161	-1.202235	67.092763	298.722452	0.004761	9.8
162	-1.197543	66.376567	301.170980	0.004056	9.1
163	-1.224972	66.386456	301.136897	0.004700	7.5
164	-1.207779	67.363295	297.807887	0.004507	7.6
165	-1.232028	66.636994	300.276003	0.004867	9.6
166	-1.204990	67.636994	296.888298	0.004228	13.7
167	-1.240189	66.910692	299.341133	0.006076	7.6
168	-1.236417	67.910692	295.974371	0.005066	8.4
169	-1.236150	68.910692	292.682500	0.004277	8.0
170	-1.211086	68.192667	295.038674	0.004101	7.7
171	-1.237761	67.466366	297.460916	0.005610	11.0
172	-1.281071	68.466366	294.136081	0.005210	7.7
173	-1.255900	69.466366	290.884751	0.004801	7.8
174	-1.242569	70.466366	287.704513	0.004595	7.6
175	-1.259653	69.740064	290.007357	0.004358	7.6
176	-1.211406	69.013763	292.347364	0.005129	10.1
177	-1.250046	70.013763	289.135241	0.004373	8.7
178	-1.246674	69.287461	291.461138	0.005265	9.5
179	-1.243633	70.200092	288.544514	0.005436	8.1
180	-1.245615	71.200092	285.414968	0.005965	9.8
181	-1.242600	72.200091	282.352580	0.005668	14.9
182	-1.228521	71.474297	284.568653	0.004345	7.7
183	-1.232635	70.747996	286.821374	0.004251	8.4
184	-1.245445	71.702836	283.867111	0.005308	8.2
185	-1.221886	72.702836	280.837671	0.005356	9.8
186	-1.229209	72.134056	282.552778	0.004487	7.6
187	-1.226664	71.407754	284.773571	0.004541	7.7
188	-1.204927	72.407754	281.724858	0.004121	7.5
189	-1.226201	72.108652	282.629869	0.004240	11.2
190	-1.189457	73.108652	279.626640	0.004141	9.6
191	-1.215108	74.035235	276.900312	0.004825	7.7
192	-1.203403	73.308934	279.032804	0.004542	8.3
193	-1.231147	74.308934	276.105137	0.005076	7.6
194	-1.230432	73.582632	278.225353	0.005012	12.7
195	-1.206624	74.582632	275.314517	0.004334	8.5
196	-1.197047	75.582632	272.463958	0.004069	9.5
197	-1.256228	76.571432	269.702778	0.004538	7.7
198	-1.223510	77.571432	266.966663	0.004022	10.3
199	-1.214433	78.571429	264.285514	0.004236	7.6
200	-1.202577	78.095608	265.554514	0.004828	7.5
201	-1.200180	77.369308	267.515210	0.004128	8.4
202	-1.239636	76.752460	269.203315	0.005429	8.4
203	-1.231650	76.026168	271.218444	0.004632	11.7
204	-1.213822	75.299866	273.263996	0.005273	7.8
205	-1.232358	76.299866	270.455523	0.004888	7.6
206	-1.224233	77.299866	267.704192	0.004142	7.6
207	-1.207262	78.299864	265.008280	0.004815	7.7
208	-1.227986	79.299864	262.366120	0.004058	10.9
209	-1.225274	78.573564	264.279845	0.004766	7.8
210	-1.233510	79.572029	261.656112	0.005120	13.1
211	-1.203780	78.845865	263.559099	0.004819	8.2
212	-1.201902	79.845755	260.945898	0.004024	9.0
213	-1.246763	80.845755	258.383731	0.005561	7.9
214	-1.243704	81.845714	255.871492	0.004967	7.6
215	-1.239592	82.845635	253.407725	0.003913	7.7
216	-1.260254	83.845635	250.990765	0.004464	7.7
217	-1.265193	83.119334	252.741591	0.004625	11.5
218	-1.257777	84.118841	250.338436	0.005087	9.8
219	-1.208968	85.094814	248.035557	0.004820	7.8
220	-1.194269	86.094814	245.719520	0.005395	7.7
221	-1.249796	87.094814	243.446335	0.003750	7.8
222	-1.227099	88.094814	241.214823	0.005473	11.0
223	-1.245946	89.094814	239.023850	0.005115	7.6
224	-1.235568	88.368518	240.611161	0.004592	7.8
225	-1.234425	87.668897	242.160240	0.004922	7.5
226	-1.229810	88.668897	239.952138	0.005285	9.1
227	-1.209099	89.668897	237.783939	0.004812	7.9
228	-1.244754	90.668897	235.654573	0.004894	7.8
229	-1.232821	91.668897	233.563006	0.004413	7.7
230	-1.245564	92.668897	231.508240	0.004566	7.8
231	-1.235301	93.667851	229.491404	0.005246	13.5
232	-1.253230	93.012938	230.809648	0.004873	8.6
233	-1.255792	92.289958	232.282602	0.005668	10.3
234	-1.243086	93.108938	230.615469	0.005211	9.1
235	-1.215948	92.382636	232.092735	0.004740	8.5
236	-1.194621	93.382636	230.063645	0.003827	8.9
237	-1.261791	92.656378	231.533739	0.005554	7.6
238	-1.275632	91.930077	233.022831	0.004679	7.5
239	-1.248688	92.930077	230.977517	0.005134	7.7
240	-1.243835	92.203775	232.459440	0.004681	10.7
241	-1.206948	93.203775	230.423961	0.004188	7.7
242	-1.204734	94.201121	228.429080	0.005417	8.0
243	-1.236098	93.474820	229.878381	0.004890	8.3
244	-1.223745	92.748518	231.346189	0.004490	7.7
245	-1.232565	93.748518	229.330074	0.004863	11.7
246	-1.201287	93.022217	230.790866	0.004818	7.6
247	-1.253030	93.983265	228.861881	0.005095	8.6
248	-1.236718	93.258138	230.314328	0.004804	7.5
249	-1.233604	94.258138	228.316080	0.004607	8.2
250	-1.247397	95.258136	226.352211	0.004768	10.3
251	-1.243461	94.531835	227.775195	0.005388	12.3
252	-1.259572	95.510026	225.862847	0.004891	10.9
253	-1.263785	96.510026	223.940774	0.004321	7.8
254	-1.193459	97.510026	222.051139	0.003994	11.2
255	-1.240693	98.510026	220.193126	0.004763	7.8
256	-1.221752	97.783768	221.539413	0.005280	7.6
257	-1.246800	98.783768	219.689919	0.005047	7.6
258	-1.225245	98.057466	221.030121	0.004963	8.2
259	-1.243123	99.057466	219.189085	0.004646	14.8
260	-1.296480	98.335220	220.515672	0.004985	7.8
261	-1.228623	97.611858	221.860501	0.004313	9.5
262	-1.222985	98.202601	220.761007	0.005933	7.9
263	-1.221649	99.202601	218.924433	0.004017	7.7
264	-1.236808	100.202601	217.118164	0.004751	9.9
265	-1.230672	99.476299	218.427079	0.004845	7.6
266	-1.229181	98.749998	219.751872	0.004356	7.6
267	-1.243397	99.748792	217.934157	0.004590	7.7
268	-1.227393	100.748792	216.144126	0.003998	7.5
269	-1.256767	101.748790	214.383263	0.004433	10.0
270	-1.236908	101.022489	215.659313	0.005215	10.7
271	-1.232950	100.446199	216.682666	0.003965	9.7
272	-1.263774	99.720308	217.985579	0.004949	13.0
273	-1.237100	98.994006	219.305006	0.004947	15.6
274	-1.248395	99.994006	217.492478	0.004727	7.6
275	-1.226638	99.267705	218.805923	0.004309	9.2
276	-1.246878	100.267703	217.001605	0.004273	8.2
277	-1.231558	101.139758	215.452254	0.004018	11.0
278	-1.236778	100.413458	216.741098	0.004595	7.8
279	-1.223684	101.413445	214.970554	0.005982	7.6
280	-1.278912	101.016687	215.669568	0.005558	8.4
281	-1.248504	102.016687	213.916394	0.004769	11.5
282	-1.251671	101.290386	215.186877	0.004145	9.5
283	-1.239587	100.564084	216.472541	0.005136	7.5
284	-1.249329	101.564084	214.706342	0.005480	8.8
285	-1.211568	102.564084	212.968731	0.004831	7.6
286	-1.191458	103.564084	211.259019	0.004128	12.2
287	-1.225852	104.564084	209.576539	0.005100	33.6
288	-1.203309	103.837783	210.795847	0.004615	25.5
289	-1.239862	103.111481	212.029426	0.004505	22.8
290	-1.211748	102.385180	213.277528	0.004430	17.8
291	-1.264960	101.658879	214.540410	0.005508	17.9
292	-1.225054	102.658879	212.805473	0.005345	15.1
293	-1.238845	103.658879	211.098370	0.004417	7.7
294	-1.249230	104.439754	209.784261	0.004640	8.5
295	-1.218348	105.439754	208.125097	0.004908	10.3
296	-1.235677	104.713614	209.327258	0.004431	19.8
297	-1.247004	103.987313	210.543659	0.004744	59.3
298	-1.233143	104.781217	209.214752	0.005672	19.0
299	-1.231995	104.054932	210.429814	0.004546	14.4
300	-1.235383	103.328663	211.659046	0.006081	12.3
301	-1.263292	104.328663	209.970214	0.004860	9.4
302	-1.229777	105.328643	208.308153	0.004768	10.2
303	-1.257807	104.602366	209.512663	0.004805	17.1
304	-1.219421	105.602365	207.857777	0.004034	18.2
305	-1.249106	104.915397	208.991806	0.004393	17.1
306	-1.207135	104.189095	210.204300	0.004939	15.2
307	-1.221375	105.189095	208.538512	0.004583	13.1
308	-1.233199	106.189095	206.898918	0.004164	10.5
309	-1.213673	107.188906	205.285208	0.004354	11.5
310	-1.245182	108.188906	203.696177	0.004376	17.5
311	-1.223177	109.188105	202.132800	0.004752	10.6
312	-1.247705	110.187947	200.592255	0.004600	16.3
313	-1.242495	111.187947	199.074778	0.004477	10.3
314	-1.231607	110.462657	200.173089	0.004512	9.7
315	-1.275444	111.462657	198.661923	0.004595	11.0
316	-1.262073	111.988934	197.875758	0.004796	13.7
317	-1.240926	111.262633	198.962365	0.004627	12.4
318	-1.199473	110.536331	200.060971	0.004266	10.0
319	-1.244029	109.810077	201.171705	0.004349	11.4
320	-1.237626	109.086108	202.291287	0.004173	15.2
321	-1.252446	110.086108	200.748093	0.004433	9.3
322	-1.235962	111.081528	199.235174	0.004038	11.4
323	-1.274831	112.081253	197.738490	0.004746	15.0
324	-1.228294	111.354952	198.823586	0.006696	17.4
325	-1.259117	110.628651	199.920656	0.005228	17.6
326	-1.250716	109.902349	201.029900	0.004241	23.6
327	-1.225973	109.176048	202.151522	0.005087	15.9
328	-1.225529	108.449746	203.285730	0.004264	14.7
329	-1.215475	107.723445	204.432738	0.004398	19.1
330	-1.244678	108.673878	202.934366	0.004863	18.1
331	-1.230948	109.673878	201.381383	0.004222	14.1
332	-1.251408	110.673878	199.851988	0.003847	8.2
333	-1.281594	111.345739	198.837427	0.005332	9.8
334	-1.267899	110.619437	199.934651	0.003946	17.2
335	-1.268156	110.415849	200.244387	0.004759	8.1
336	-1.251469	109.689548	201.357236	0.004256	14.2
337	-1.206388	108.963247	202.482524	0.005265	21.8
338	-1.238301	109.951511	200.954430	0.004533	26.6
339	-1.271664	110.951435	199.431603	0.005195	19.1
340	-1.258342	111.951435	197.931570	0.005937	9.0
341	-1.259222	111.225133	199.018791	0.004993	9.6
342	-1.239029	110.506005	200.107107	0.004868	14.0
343	-1.246018	109.779995	201.217978	0.004521	17.6
344	-1.307574	109.053700	202.341695	0.005074	16.6
345	-1.283280	108.328572	203.476198	0.005052	14.6
346	-1.228706	109.328151	201.915595	0.005360	14.4
347	-1.244329	108.612672	203.030196	0.004870	13.1
348	-1.232921	108.355503	203.433836	0.003971	13.6
349	-1.246933	109.308714	201.945712	0.005300	15.1
350	-1.207159	108.582468	203.077519	0.004527	12.9
351	-1.269505	107.885896	204.175065	0.003885	12.7
352	-1.257159	108.885738	202.603354	0.004902	11.0
353	-1.244148	108.159437	203.742652	0.004930	13.1
354	-1.238327	109.159437	202.177321	0.004610	9.2
355	-1.233664	110.159437	200.635858	0.004951	12.6
356	-1.239924	109.482644	201.676525	0.004634	15.3
357	-1.263527	108.756343	202.805394	0.005195	14.5
358	-1.233421	109.756343	201.254376	0.004977	20.5
359	-1.260268	109.030041	202.378512	0.004591	19.8
360	-1.270064	110.030041	200.833992	0.005061	14.2
361	-1.212504	109.303740	201.953423	0.003834	16.2
362	-1.239911	108.577438	203.085403	0.004509	11.6
363	-1.267798	107.851144	204.230132	0.004599	13.1
364	-1.245445	107.124843	205.387852	0.005151	16.3
365	-1.265769	108.124843	203.797237	0.004665	8.2
366	-1.270931	109.124843	202.231070	0.005926	9.9
367	-1.244223	110.124843	200.688791	0.004843	12.4
368	-1.221549	111.124843	199.169858	0.005509	16.4
369	-1.264108	112.124828	197.673767	0.004575	10.5
370	-1.235375	111.431187	198.709132	0.005230	12.1
371	-1.249682	112.431187	197.219907	0.004451	15.1
372	-1.255191	113.431178	195.752850	0.003937	21.1
373	-1.254468	112.704876	196.816204	0.005021	13.0
374	-1.232336	113.234460	196.039722	0.004746	14.2
375	-1.259263	112.516020	197.094598	0.004737	11.6
376	-1.244773	111.789838	198.172440	0.005105	14.7
377	-1.264416	111.063629	199.262176	0.004583	15.6
378	-1.224182	112.063619	197.764696	0.004944	14.1
379	-1.274403	111.337318	198.850080	0.005551	12.0
380	-1.252089	110.966687	199.408554	0.004541	12.1
381	-1.237501	111.966687	197.908866	0.004268	15.3
382	-1.251386	112.890143	196.543866	0.004641	12.5
383	-1.280329	112.163841	197.615854	0.004939	13.8
384	-1.219809	111.437540	198.699600	0.005615	10.5
385	-1.259067	112.437539	197.210519	0.006124	13.4
386	-1.233467	113.437539	195.743588	0.004259	10.1
387	-1.227797	113.018845	196.355118	0.004288	11.9
388	-1.246596	112.934364	196.478972	0.004374	9.4
389	-1.247975	113.934364	195.022864	0.004451	8.7
390	-1.229935	114.934364	193.588180	0.005077	11.9
391	-1.278914	115.934341	192.174483	0.004378	11.6
392	-1.250796	116.934341	190.781251	0.005528	8.4
393	-1.262251	117.934341	189.408076	0.004619	10.5
394	-1.246156	117.208040	190.403440	0.004635	11.7
395	-1.245997	118.208040	189.035678	0.004229	8.4
396	-1.257961	117.481738	190.027122	0.004343	12.0
397	-1.237233	116.755437	191.029021	0.004388	9.2
398	-1.256813	116.029135	192.041540	0.004991	10.8
399	-1.253652	115.302834	193.064850	0.004654	11.3
400	-1.291891	116.302834	191.658726	0.004445	10.3
401	-1.208760	116.747743	191.039691	0.005212	9.4
402	-1.256077	116.347016	191.597072	0.004823	11.9
403	-1.252974	117.347016	190.212170	0.005375	8.1
404	-1.246639	118.347016	188.847145	0.004932	11.1
405	-1.251711	117.655786	189.788591	0.005419	8.9
406	-1.230185	118.655786	188.429617	0.003911	14.1
407	-1.251240	118.188147	189.062695	0.005640	9.6
408	-1.286067	119.188147	187.714060	0.005268	12.3
409	-1.251653	120.188147	186.384529	0.005041	7.6
410	-1.251057	119.461845	187.348288	0.004918	17.6
411	-1.270164	120.461845	186.023915	0.004199	9.9
412	-1.260894	121.461845	184.718134	0.004825	8.6
413	-1.263882	120.735544	185.664693	0.005202	9.8
414	-1.279267	121.735523	184.363960	0.004608	13.4
415	-1.245284	122.735466	183.081371	0.005002	9.4
416	-1.225233	122.009230	184.011103	0.004511	9.2
417	-1.260232	121.282929	184.950411	0.005854	8.5
418	-1.258676	120.556627	185.899358	0.004591	11.7
419	-1.235599	121.556627	184.595320	0.005001	42.4
420	-1.239055	122.556627	183.309448	0.004714	17.3
421	-1.270383	121.830326	184.241589	0.004596	15.5
422	-1.240946	121.104024	185.183258	0.004345	15.2
423	-1.281936	121.037831	185.269558	0.004302	12.5
424	-1.235986	122.037831	183.974309	0.003919	13.5
425	-1.249584	123.037831	182.697045	0.004457	13.9
426	-1.261490	123.751188	181.796685	0.004866	16.5
427	-1.227488	124.751187	180.549378	0.004478	12.7
428	-1.261000	124.024901	181.453571	0.004573	8.0
429	-1.264170	125.023117	180.213152	0.005711	8.6
430	-1.245706	124.392829	180.994389	0.004398	9.3
431	-1.261211	123.666527	181.903075	0.005030	8.1
432	-1.262580	122.940412	182.820696	0.004443	11.6
433	-1.275505	122.214126	183.747839	0.004792	10.4
434	-1.269195	123.214126	182.473707	0.004288	8.2
435	-1.254162	122.487851	183.397312	0.004300	15.4
436	-1.251810	121.766484	184.323977	0.005502	71.1
437	-1.242512	122.766484	183.041871	0.005023	27.0
438	-1.266396	123.766484	181.777477	0.004646	19.6
439	-1.235506	124.766484	180.530431	0.004111	12.8
440	-1.266311	124.040182	181.434453	0.005192	66.0
441	-1.255306	125.040182	180.192093	0.004221	21.9
442	-1.239602	126.040182	178.966632	0.004236	17.7
443	-1.289147	125.313881	179.855021	0.005988	9.3
444	-1.224214	124.588472	180.751166	0.003924	11.9
445	-1.252985	125.012696	180.226014	0.004256	22.6
446	-1.251088	125.984539	179.034383	0.003810	12.3
447	-1.258597	125.258237	179.923447	0.003718	13.2
448	-1.239531	126.258237	178.701624	0.005157	24.6
449	-1.259957	126.085965	178.910926	0.005157	14.5
450	-1.232710	125.359667	179.798756	0.004844	16.8
451	-1.220682	126.359667	178.578621	0.004040	16.3
452	-1.277931	125.638131	179.457321	0.004869	16.2
453	-1.258588	124.911830	180.350601	0.004078	14.2
454	-1.255157	124.187774	181.250015	0.003857	17.2
455	-1.235051	123.461472	182.161277	0.004847	17.6
456	-1.301291	122.735171	183.081747	0.004628	22.8
457	-1.263049	123.735171	181.816804	0.005243	16.0
458	-1.258637	124.734344	180.570245	0.004101	27.6
459	-1.251002	125.734344	179.339652	0.004246	15.0
460	-1.248234	126.734344	178.125718	0.005435	16.6
461	-1.237678	126.008043	179.005758	0.004856	15.6
462	-1.273780	125.283286	179.892637	0.005508	11.3
463	-1.262786	126.283286	178.671232	0.005109	14.2
464	-1.255814	125.556985	179.556684	0.005175	19.0
465	-1.256937	126.556912	178.339909	0.004323	14.3
466	-1.297524	125.830613	179.222069	0.005318	16.9
467	-1.268234	125.104311	180.113002	0.004846	17.8
468	-1.275532	124.378010	181.012838	0.003924	14.9
469	-1.262980	125.377995	179.776244	0.004957	14.0
470	-1.225796	126.371601	178.564160	0.004875	25.5
471	-1.249468	127.371601	177.360668	0.005193	17.2
472	-1.247937	128.359884	176.187109	0.005004	19.4
473	-1.235755	127.633582	177.048052	0.003808	18.7
474	-1.238325	128.633582	175.864841	0.004388	17.1
475	-1.221402	129.633442	174.697503	0.004237	20.3
476	-1.265430	130.633442	173.545399	0.005066	13.2
477	-1.244747	130.713212	173.454150	0.004872	17.9
478	-1.231629	131.713212	172.318333	0.004245	16.5
479	-1.266888	130.991449	173.136623	0.004682	13.6
480	-1.265759	131.991449	172.004947	0.004829	21.2
481	-1.246194	132.991449	170.887970	0.004724	16.2
482	-1.242904	133.991449	169.785406	0.004973	14.6
483	-1.287730	134.991449	168.696979	0.004757	20.4
484	-1.263514	134.347167	169.396628	0.004421	13.3
485	-1.257190	133.620866	170.192335	0.004685	13.9
486	-1.294672	132.894564	170.995553	0.004990	17.0
487	-1.260973	133.887952	169.898858	0.004374	13.0
488	-1.254148	133.161651	170.699302	0.005147	12.7
489	-1.251166	134.160735	169.600164	0.005475	16.0
490	-1.277172	133.434441	170.397782	0.004709	14.5
491	-1.267660	134.434441	169.301514	0.004432	15.2
492	-1.229186	133.712434	170.091605	0.003414	20.3
493	-1.220584	132.998236	170.880439	0.005010	14.9
494	-1.261829	132.271944	171.690170	0.004674	14.7
495	-1.253750	131.545643	172.507623	0.004428	19.4
496	-1.230846	132.545642	171.384129	0.004170	31.9
497	-1.281588	133.411216	170.423411	0.004119	42.4
498	-1.270492	132.684929	171.228801	0.005196	22.9
499	-1.250838	131.958628	172.041856	0.004111	18.9
500	-1.268758	132.958042	170.925050	0.004114	16.4
501	-1.260089	133.958042	169.822010	0.005130	16.5
502	-1.270289	134.949780	168.742054	0.004950	16.2
503	-1.221510	135.949780	167.666920	0.003908	30.0
504	-1.270006	135.226891	168.442744	0.004367	15.8
505	-1.241309	134.503320	169.226523	0.005080	26.3
506	-1.270099	135.503320	168.145226	0.004285	19.4
507	-1.249075	136.402748	167.184414	0.004689	13.4
508	-1.260497	137.395051	166.137048	0.003889	17.2
509	-1.271060	137.447459	166.082096	0.005075	14.9
510	-1.239519	138.447459	165.040486	0.004201	19.1
511	-1.274243	137.721158	165.795705	0.004688	17.2
512	-1.274176	136.999223	166.553263	0.004814	21.7
513	-1.277671	136.440418	167.144413	0.004872	16.7
514	-1.238835	137.029049	166.521829	0.004765	12.7
515	-1.261010	138.029049	165.474713	0.004345	13.2
516	-1.291151	139.029049	164.440684	0.005031	15.8
517	-1.220194	140.025037	163.423569	0.004633	17.8
518	-1.259272	139.298735	164.164029	0.004500	14.3
519	-1.220902	138.572434	164.911229	0.004878	14.7
520	-1.284105	139.572434	163.884208	0.005101	14.4
521	-1.251614	138.847682	164.627262	0.004921	8.6
522	-1.234754	139.847553	163.603895	0.004698	13.9
523	-1.249801	140.847553	162.593043	0.004883	15.6
524	-1.235431	140.121251	163.325979	0.004328	14.8
525	-1.299144	139.890700	163.560021	0.005855	18.1
526	-1.265320	139.854969	163.596353	0.004715	16.3
527	-1.262640	140.854969	162.585594	0.004144	25.0
528	-1.240887	141.854969	161.587248	0.004803	15.2
529	-1.222244	142.854969	160.601088	0.004362	22.9
530	-1.267073	143.854529	159.627317	0.004611	15.0
531	-1.259979	144.854529	158.664864	0.004711	19.7
532	-1.275013	145.854521	157.713954	0.005231	14.3
533	-1.255986	146.854521	156.774367	0.004601	28.8
534	-1.218132	147.854521	155.845908	0.003735	18.7
535	-1.251583	148.843689	154.938263	0.004561	11.5
536	-1.260266	148.769129	155.006310	0.004550	17.5
537	-1.284299	148.042827	155.672303	0.004668	23.7
538	-1.270783	147.316526	156.344043	0.005720	17.6
539	-1.230486	148.310686	155.426021	0.004892	9.8
540	-1.246478	147.584408	156.095611	0.004823	11.4
541	-1.290632	146.891387	156.739941	0.004361	12.8
542	-1.280713	147.891387	155.811890	0.004793	20.0
543	-1.274947	148.129644	155.592393	0.005184	11.4
544	-1.297232	149.129644	154.677842	0.005380	17.0
545	-1.231178	148.408465	155.336312	0.005227	12.8
546	-1.254684	149.402127	154.430503	0.005039	17.2
547	-1.250553	150.402127	153.529519	0.004836	15.8
548	-1.281962	151.402117	152.638996	0.004564	26.2
549	-1.288679	150.675816	153.284760	0.005104	18.3
550	-1.266736	151.675816	152.397057	0.005184	15.7
551	-1.279158	150.949514	153.040770	0.004488	20.9
552	-1.252290	150.223213	153.689945	0.004480	17.6
553	-1.281095	151.223213	152.797557	0.005219	18.5
554	-1.240800	152.223213	151.915472	0.003780	20.1
555	-1.275246	153.223213	151.043513	0.004382	24.5
556	-1.266111	153.635162	150.687215	0.004435	13.7
557	-1.237198	152.908861	151.316535	0.004582	14.9
558	-1.257586	152.305190	151.843613	0.004588	14.8
559	-1.263427	153.305190	150.972476	0.005443	29.3
560	-1.264002	154.305190	150.111278	0.004709	12.0
561	-1.283063	153.578889	150.735787	0.005252	10.3
562	-1.257373	154.578889	149.877279	0.004711	13.3
563	-1.265978	153.852587	150.499839	0.004942	12.2
564	-1.253514	153.126303	151.127577	0.004971	15.2
565	-1.242704	152.400228	151.760389	0.004613	14.2
566	-1.266566	153.396761	150.893205	0.005048	13.3
567	-1.259970	152.670460	151.524250	0.004373	9.8
568	-1.271751	153.670460	150.656764	0.004431	8.7
569	-1.258788	152.944158	151.285829	0.005055	9.7
570	-1.246001	152.410480	151.751417	0.005048	9.7
571	-1.268405	151.710145	152.366765	0.005227	8.7
572	-1.256357	150.983845	153.010221	0.005455	8.8
573	-1.301573	150.571120	153.378297	0.005343	9.6
574	-1.250082	151.571120	152.489514	0.004181	10.4
575	-1.284688	152.571119	151.610972	0.004508	11.5
576	-1.282988	153.571119	150.742496	0.005150	9.8
577	-1.283241	154.571119	149.883912	0.004910	11.1
578	-1.223644	155.571119	149.035053	0.004167	12.1
579	-1.272911	154.844818	149.650621	0.005144	9.4
580	-1.236841	155.844818	148.804395	0.003975	12.1
581	-1.290108	155.164632	149.378941	0.004518	14.4
582	-1.290772	156.164479	148.535905	0.005199	8.8
583	-1.253605	157.164426	147.702247	0.005120	12.9
584	-1.273671	158.164426	146.877852	0.004355	13.1
585	-1.293569	158.487576	146.613414	0.005922	12.4
586	-1.274314	159.459089	145.824111	0.004826	9.2
587	-1.223215	160.358979	145.100542	0.004218	11.3
588	-1.263131	159.632678	145.683973	0.005163	12.2
589	-1.256324	160.632677	144.881894	0.005048	8.3
590	-1.229342	159.906375	145.463565	0.004218	13.0
591	-1.233283	159.180074	146.049925	0.004461	10.1
592	-1.286922	158.453780	146.641025	0.004517	14.4
593	-1.240270	159.453412	145.828698	0.004888	10.9
594	-1.239812	158.727111	146.418011	0.004769	11.6
595	-1.278258	158.001615	147.011446	0.004083	8.2
596	-1.264455	157.275313	147.610377	0.005264	11.5
597	-1.286125	158.275131	146.787153	0.005260	8.4
598	-1.274046	159.275131	145.972914	0.004937	8.6
599	-1.225871	158.665308	146.468378	0.004697	8.1
600	-1.241785	157.939007	147.062883	0.004593	8.0
601	-1.267255	157.212846	147.662117	0.004689	18.3
602	-1.275083	156.514925	148.242669	0.005456	9.7
603	-1.230994	155.788668	148.851657	0.004992	9.4
604	-1.281031	156.788668	148.014418	0.004342	13.2
605	-1.264502	156.062367	148.621566	0.004524	10.7
606	-1.270046	155.336065	149.233715	0.005178	10.6
607	-1.246765	154.610157	149.850593	0.004304	10.7
608	-1.253515	153.883856	150.472930	0.004121	13.4
609	-1.271784	153.158368	151.099752	0.004760	11.4
610	-1.278088	154.158368	150.237106	0.003990	9.9
611	-1.245404	155.158367	149.384254	0.004577	11.7
612	-1.241610	156.158366	148.541030	0.005271	12.6
613	-1.253780	157.158366	147.707271	0.004301	11.3
614	-1.284320	158.089455	146.939339	0.005307	10.8
615	-1.265271	157.363192	147.537650	0.004499	14.9
616	-1.307261	158.363192	146.715087	0.004683	15.0
617	-1.279320	157.636890	147.311601	0.004592	20.7
618	-1.239579	158.636890	146.491548	0.004154	20.0
619	-1.256086	159.466473	145.818144	0.004765	22.7
620	-1.266678	160.466473	145.014590	0.004669	11.3
621	-1.226541	161.466473	144.219843	0.004819	10.5
622	-1.252177	162.441649	143.453171	0.004229	10.5
623	-1.254266	163.441614	142.675428	0.004722	14.3
624	-1.243625	162.733564	143.225253	0.004432	9.7
625	-1.270730	163.665867	142.502167	0.004374	11.5
626	-1.242518	162.939568	143.064847	0.004423	10.5
627	-1.281541	162.231374	143.617796	0.005717	10.9
628	-1.251538	163.165163	142.889598	0.004042	8.9
629	-1.277761	163.389086	142.716073	0.004886	8.0
630	-1.253610	164.389086	141.946254	0.005420	8.5
631	-1.287972	165.389085	141.184695	0.005296	13.6
632	-1.270090	166.389085	140.431264	0.004539	12.0
633	-1.229472	165.662784	140.977680	0.004155	8.3
634	-1.272401	164.936483	141.528364	0.006149	13.7
635	-1.271442	165.936477	140.771275	0.004510	16.4
636	-1.212611	166.922244	140.032844	0.004086	13.9
637	-1.258521	166.195942	140.576157	0.004196	15.5
638	-1.281181	166.969969	139.997289	0.005549	17.3
639	-1.269211	166.266856	140.522924	0.003961	9.8
640	-1.261582	165.540586	141.070031	0.004728	9.7
641	-1.262634	165.404061	141.173353	0.004025	12.6
642	-1.263986	165.063995	141.431373	0.004833	7.8
643	-1.247542	164.412786	141.928109	0.004858	9.3
644	-1.259105	165.412785	141.166745	0.004793	7.7
645	-1.268209	164.688565	141.717322	0.004867	11.1
646	-1.265398	163.962264	142.273811	0.004698	8.0
647	-1.217719	164.962264	141.508743	0.004113	9.0
648	-1.260751	165.961877	140.752150	0.004325	8.0
649	-1.235628	165.235576	141.301070	0.004057	9.1
650	-1.268747	164.511395	141.852667	0.003989	11.5
651	-1.248579	165.399469	141.176830	0.004494	8.4
652	-1.218406	164.673168	141.729074	0.005110	9.3
653	-1.261289	165.531806	141.076671	0.004784	7.8
654	-1.297501	164.805505	141.628130	0.005641	10.9
655	-1.246459	165.805505	140.869972	0.006178	7.8
656	-1.268807	166.805505	140.119887	0.005546	7.9
657	-1.272704	166.079203	140.663878	0.005208	7.8
658	-1.270586	167.079203	139.915981	0.004954	7.8
659	-1.259092	168.079203	139.175995	0.004795	11.0
660	-1.263189	167.353053	139.712554	0.004580	8.6
661	-1.255295	166.789016	140.132190	0.004021	8.2
662	-1.240305	167.708759	139.449204	0.004956	7.7
663	-1.239219	168.477363	138.883536	0.004720	8.2
664	-1.248949	169.477312	138.154439	0.004340	11.9
665	-1.241962	170.477312	137.432920	0.004740	8.2
666	-1.268797	171.477173	136.718998	0.004885	9.6
667	-1.258068	170.750871	137.236853	0.004673	9.0
668	-1.264523	171.750871	136.524862	0.004259	11.1
669	-1.266604	172.750870	135.820222	0.005199	10.4
670	-1.245947	173.744396	135.127309	0.004620	8.9
671	-1.276101	174.744393	134.436986	0.004432	10.3
672	-1.254649	174.028236	134.930647	0.003933	12.5
673	-1.262323	173.301944	135.435012	0.004878	9.0
674	-1.230382	172.575643	135.943168	0.004811	8.7
675	-1.246497	173.575643	135.244503	0.004809	9.9
676	-1.266634	172.853767	135.748129	0.005077	10.3
677	-1.273472	172.127737	136.258450	0.004473	9.2
678	-1.292333	171.401436	136.772816	0.005476	9.0
679	-1.222079	172.401436	136.065620	0.004839	9.8
680	-1.279343	171.675134	136.578528	0.005683	10.0
681	-1.305626	170.948833	137.095318	0.005409	10.7
682	-1.228272	171.948826	136.384796	0.004141	9.3
683	-1.295433	171.222551	136.900098	0.004974	8.6
684	-1.289350	172.222551	136.191589	0.004907	11.2
685	-1.294833	173.222551	135.490374	0.005339	11.0
686	-1.278507	172.496250	135.998947	0.004396	8.7
687	-1.261646	171.769948	136.511351	0.005747	10.1
688	-1.248004	171.043647	137.027632	0.005736	9.4
689	-1.311277	172.043647	136.317805	0.005872	10.4
690	-1.273858	171.317345	136.832620	0.004722	9.5
691	-1.255535	172.317345	136.124806	0.004625	9.1
692	-1.266195	173.310361	135.429146	0.004026	10.5
693	-1.260982	173.767289	135.111426	0.004508	9.8
694	-1.255659	173.040987	135.617153	0.004514	8.9
695	-1.251343	174.040987	134.921826	0.004490	9.4
696	-1.227726	175.040987	134.233594	0.004501	9.7
697	-1.283011	174.325827	134.725072	0.005335	11.5
698	-1.248708	175.325827	134.038840	0.004804	8.5
699	-1.266246	174.599526	134.536554	0.004952	9.3
700	-1.262188	174.396763	134.676163	0.004072	8.5
701	-1.279744	173.670461	135.178630	0.005170	12.5
702	-1.309960	173.582163	135.239971	0.004897	8.2
703	-1.286884	174.582163	134.548497	0.005257	8.4
704	-1.267155	173.855988	135.049923	0.005471	8.8
705	-1.275072	174.855988	134.360386	0.005081	11.1
706	-1.245193	174.130706	134.859791	0.004638	8.5
707	-1.255989	173.404405	135.363631	0.005284	8.1
708	-1.271951	173.799863	135.088833	0.004883	7.9
709	-1.265575	174.799442	134.399189	0.004719	8.1
710	-1.281974	175.799442	133.716264	0.004953	10.3
711	-1.289612	176.799442	133.040245	0.004311	8.0
712	-1.270663	177.799442	132.371026	0.004968	8.2
713	-1.288257	178.799442	131.708507	0.004247	7.6
714	-1.281222	178.580190	131.853198	0.004203	7.7
715	-1.263089	179.580187	131.195840	0.005551	10.6
716	-1.285658	180.580187	130.545003	0.005221	8.0
717	-1.307994	181.580187	129.900592	0.005822	8.9
718	-1.262470	182.580187	129.262511	0.004828	7.7
719	-1.212560	181.854198	129.725125	0.004309	7.8
720	-1.269740	181.127896	130.191263	0.004336	10.5
721	-1.262982	180.401595	130.660764	0.006705	7.8
722	-1.278323	181.401595	130.015211	0.004391	7.6
723	-1.296756	180.675293	130.483441	0.004907	7.6
724	-1.263288	181.664226	129.846726	0.004772	7.7
725	-1.259480	182.659693	129.212049	0.004675	10.3
726	-1.264170	181.933392	129.674500	0.005098	8.5
727	-1.271092	181.893315	129.700115	0.004940	7.7
728	-1.293578	182.893315	129.063997	0.004810	7.7
729	-1.242645	182.167013	129.525388	0.004936	7.5
730	-1.299082	181.455530	129.980575	0.004974	11.0
731	-1.255429	180.729228	130.448554	0.004715	7.5
732	-1.264511	181.729228	129.805092	0.004271	7.7
733	-1.285346	182.729228	129.167947	0.004465	7.8
734	-1.263573	183.729208	128.537039	0.005144	7.8
735	-1.269151	183.003165	128.994500	0.004355	10.4
736	-1.261883	184.003165	128.365268	0.004828	7.8
737	-1.269841	183.276864	128.821667	0.005569	7.5
738	-1.265761	184.276864	128.194117	0.005242	7.8
739	-1.280155	183.550562	128.649298	0.005247	7.6
740	-1.267092	184.548719	128.024569	0.004612	10.3
741	-1.264734	183.822418	128.478545	0.004866	7.5
742	-1.287918	183.096172	128.935717	0.005211	7.7
743	-1.262620	182.369871	129.396189	0.004446	8.6
744	-1.252328	181.656568	129.851633	0.005186	8.0
745	-1.286065	180.930671	130.318421	0.005281	10.8
746	-1.286257	180.204370	130.788840	0.004230	7.6
747	-1.272215	181.204370	130.142025	0.004731	7.6
748	-1.261984	182.204370	129.501576	0.004038	7.8
749	-1.263774	183.204369	128.867400	0.004853	7.6
750	-1.276000	184.204369	128.239405	0.004964	10.3
751	-1.282534	183.478068	128.694908	0.005148	7.6
752	-1.274071	182.751766	129.153659	0.004937	7.8
753	-1.263018	182.025465	129.615692	0.005150	7.5
754	-1.275890	183.025465	128.980401	0.003910	7.5
755	-1.259407	184.025465	128.351306	0.005020	10.2
756	-1.293872	185.011706	127.736849	0.005235	9.0
757	-1.294040	186.011410	127.119979	0.004780	7.6
758	-1.287714	187.011395	126.508868	0.004502	7.6
759	-1.267397	186.293412	126.947045	0.004490	7.6
760	-1.274339	185.567111	127.393398	0.004919	10.6
761	-1.243103	186.567111	126.779653	0.004466	7.6
762	-1.271868	187.409975	126.266923	0.005049	7.9
763	-1.286233	186.689435	126.704982	0.004171	7.7
764	-1.267047	185.963140	127.149628	0.004791	7.7
765	-1.213226	185.236839	127.597409	0.004820	9.8
766	-1.277452	184.653775	127.959169	0.005120	7.6
767	-1.267099	185.645610	127.345004	0.005499	7.6
768	-1.270741	184.919309	127.794165	0.003955	7.7
769	-1.298344	184.309470	128.173757	0.005326	7.7
770	-1.261821	185.309470	127.552488	0.004379	10.3
771	-1.265920	184.583980	128.002611	0.004384	7.6
772	-1.301010	185.583980	127.382996	0.004881	7.8
773	-1.277227	186.576388	126.773986	0.004426	7.4
774	-1.298419	185.850086	127.219121	0.004368	7.7
775	-1.271306	186.850086	126.607049	0.005371	10.7
776	-1.278751	186.487343	126.828393	0.004089	7.6
777	-1.281621	187.487343	126.220066	0.004645	7.5
778	-1.284248	186.778591	126.650614	0.005672	7.5
779	-1.254787	186.052290	127.094881	0.004134	7.6
780	-1.272759	185.325988	127.542276	0.005102	9.9
781	-1.249475	184.599687	127.992832	0.004371	7.7
782	-1.257087	184.772338	127.885441	0.004583	7.8
783	-1.271879	184.046045	128.338424	0.004682	7.6
784	-1.256031	183.319743	128.794632	0.004393	7.7
785	-1.292908	184.319743	128.167344	0.005385	10.3
786	-1.279701	185.319264	127.546433	0.005682	8.8
787	-1.260283	186.319255	126.931221	0.004514	7.9
788	-1.269735	187.319255	126.321910	0.003808	7.7
789	-1.248949	186.592954	126.763870	0.004655	7.6
790	-1.305265	187.548476	126.183066	0.005755	10.3
791	-1.228859	188.548476	125.580900	0.004231	7.7
792	-1.290030	189.548476	124.984453	0.004778	7.6
793	-1.280391	190.548476	124.393646	0.004819	7.6
794	-1.257645	191.521503	123.824111	0.004822	7.6
795	-1.279143	192.521503	123.244197	0.004827	10.3
796	-1.260713	193.521503	122.669689	0.003983	7.6
797	-1.266547	194.344204	122.201042	0.004882	7.6
798	-1.283458	193.617903	122.614590	0.005961	7.8
799	-1.278209	192.891601	123.030947	0.005519	7.7
800	-1.259390	193.891601	122.458421	0.004853	10.3
801	-1.293977	194.846048	121.916924	0.005661	7.7
802	-1.271846	195.824011	121.367030	0.004848	7.6
803	-1.256483	196.824011	120.809851	0.004818	8.7
804	-1.253733	197.611616	120.374601	0.004971	7.7
805	-1.290879	196.885315	120.775860	0.005077	10.6
806	-1.238544	196.915825	120.758950	0.004797	7.7
807	-1.271346	197.915825	120.207327	0.005462	7.7
808	-1.273275	198.915825	119.660721	0.004286	7.6
809	-1.243584	198.338436	119.975717	0.005062	7.5
810	-1.284045	199.308096	119.447658	0.005073	10.7
811	-1.300285	200.308052	118.907947	0.005030	7.9
812	-1.255212	199.581751	119.299471	0.005543	7.6
813	-1.282747	198.855449	119.693582	0.004907	7.5
814	-1.250658	198.129148	120.090305	0.004172	7.6
815	-1.258920	197.703432	120.324066	0.004976	10.4
816	-1.252033	198.703432	119.776400	0.005575	8.5
817	-1.238592	197.977133	120.173672	0.004928	7.8
818	-1.286259	198.976966	119.627462	0.004867	7.7
819	-1.258946	198.250664	120.023747	0.004195	7.8
820	-1.290596	197.524363	120.422665	0.004612	10.5
821	-1.283993	198.524246	119.874167	0.005865	7.6
822	-1.250062	197.797944	120.272091	0.004188	7.6
823	-1.271790	197.071648	120.672662	0.005447	7.9
824	-1.282840	196.345351	121.075910	0.004079	7.7
825	-1.248398	197.345351	120.521394	0.003822	10.5
826	-1.277918	196.619050	120.923633	0.004231	7.7
827	-1.269920	195.893197	121.328315	0.004966	7.8
828	-1.292217	196.893197	120.771490	0.004715	7.6
829	-1.245498	197.889664	120.221694	0.004991	7.6
830	-1.300581	197.163362	120.621932	0.004751	10.3
831	-1.237285	198.163360	120.071559	0.004604	7.8
832	-1.260724	199.163360	119.526184	0.004852	7.6
833	-1.281697	200.163359	118.985741	0.004698	7.6
834	-1.266122	199.437057	119.377778	0.004241	7.7
835	-1.268059	200.437049	118.838678	0.004922	10.5
836	-1.275247	199.710748	119.229745	0.004420	7.7
837	-1.291839	200.153969	118.990793	0.005305	7.8
838	-1.256817	201.153969	118.455170	0.004631	7.7
839	-1.260636	200.427668	118.843713	0.005045	7.7
840	-1.237425	199.701476	119.234754	0.005074	10.2
841	-1.291334	198.975174	119.628437	0.004937	8.0
842	-1.293951	198.251338	120.023378	0.004867	7.6
843	-1.274960	197.629061	120.364996	0.004612	7.7
844	-1.255315	198.629061	119.816959	0.005307	7.5
845	-1.290072	199.628672	119.274100	0.005276	10.9
846	-1.288795	200.628672	118.735929	0.006107	8.1
847	-1.300338	201.628672	118.202592	0.004807	7.9
848	-1.261860	202.628672	117.674026	0.005297	7.5
849	-1.273711	203.628672	117.150166	0.004948	7.6
850	-1.280649	202.902370	117.530181	0.005406	10.6
851	-1.282569	202.176069	117.912670	0.005014	7.6
852	-1.283334	203.176069	117.386688	0.004854	7.6
853	-1.277299	204.176069	116.865377	0.004731	7.6
854	-1.317200	203.449767	117.243544	0.005047	7.6
855	-1.253642	204.449767	116.723501	0.004387	10.3
856	-1.271377	205.160376	116.356749	0.004176	7.6
857	-1.277475	206.068058	115.891625	0.004978	7.7
858	-1.284420	207.068058	115.383480	0.004639	7.6
859	-1.254537	208.067879	114.879862	0.005236	7.7
860	-1.262084	209.067878	114.380531	0.004438	10.6
861	-1.265201	210.067878	113.885523	0.004753	7.7
862	-1.295429	209.341577	114.244621	0.004803	8.8
863	-1.288354	208.615275	114.605991	0.004460	7.6
864	-1.268102	207.888974	114.969654	0.004572	7.6
865	-1.301371	208.888768	114.469647	0.004777	10.3
866	-1.285361	209.888767	113.973869	0.004691	7.6
867	-1.309778	210.888728	113.482386	0.005455	7.6
868	-1.220597	210.193001	113.823888	0.004138	7.6
869	-1.280563	211.192999	113.333676	0.005426	7.5
870	-1.301296	210.466697	113.689297	0.004846	11.0
871	-1.291483	209.740396	114.047157	0.004814	8.2
872	-1.270214	209.014094	114.407277	0.005630	7.7
873	-1.244983	210.012865	113.912644	0.003999	7.9
874	-1.240410	209.286564	114.271913	0.004400	8.0
875	-1.287802	208.560477	114.633349	0.005237	11.1
876	-1.303420	209.560477	114.136154	0.004789	8.8
877	-1.281397	209.367026	114.232000	0.005063	8.4
878	-1.273455	208.640779	114.593263	0.004095	8.2
879	-1.244993	209.640779	114.096416	0.005195	8.2
880	-1.273369	208.922090	114.453057	0.004843	11.2
881	-1.224276	208.195790	114.815748	0.003921	7.6
882	-1.275207	208.924808	114.451705	0.004668	8.5
883	-1.262803	209.924808	113.956081	0.004039	9.0
884	-1.277768	210.924807	113.464732	0.005704	10.6
885	-1.258316	211.858310	113.009865	0.005058	7.8
886	-1.299609	211.166914	113.346410	0.004893	7.8
887	-1.268194	212.166914	112.860293	0.004585	8.2
888	-1.265714	211.440614	113.212944	0.004864	7.9
889	-1.251842	210.714312	113.567806	0.005934	10.8
890	-1.261659	209.988011	113.924901	0.003868	8.0
891	-1.283678	210.988011	113.433820	0.004748	8.5
892	-1.252615	210.261709	113.790070	0.005251	8.1
893	-1.293668	209.535408	114.148566	0.004437	8.2
894	-1.268797	208.809106	114.509327	0.005502	9.7
895	-1.256092	209.809106	114.013206	0.004964	8.3
896	-1.291579	210.806728	113.522530	0.004908	8.0
897	-1.263648	210.080427	113.879339	0.005015	7.8
898	-1.268797	211.067228	113.395099	0.004613	8.2
899	-1.268061	210.340930	113.751104	0.004822	10.5
900	-1.250111	211.340930	113.261517	0.004413	8.1
901	-1.285173	212.340930	112.776126	0.005535	9.7
902	-1.260515	211.614628	113.128252	0.004547	7.9
903	-1.265506	212.580540	112.660439	0.004576	7.6
904	-1.276022	213.580432	112.180227	0.004201	11.6
905	-1.273485	212.854131	112.528635	0.004679	8.0
906	-1.273698	213.854131	112.049493	0.004339	7.8
907	-1.283052	214.853958	111.574495	0.004800	7.9
908	-1.259696	214.127749	111.919101	0.004512	10.2
909	-1.280573	213.401447	112.265886	0.005082	8.1
910	-1.244650	214.401445	111.788975	0.005589	8.0
911	-1.293903	213.675144	112.134953	0.004815	8.0
912	-1.261476	214.675140	111.659151	0.004525	8.0
913	-1.278933	215.675140	111.187369	0.004953	10.4
914	-1.300760	214.948839	111.529628	0.005943	8.3
915	-1.280484	215.923404	111.070860	0.004959	8.0
916	-1.286937	216.923404	110.604025	0.004487	8.1
917	-1.275267	216.199106	110.941759	0.005191	7.8
918	-1.265499	217.199106	110.476007	0.004807	10.9
919	-1.294452	218.199106	110.014149	0.005261	8.2
920	-1.237372	219.198146	109.556575	0.004606	8.7
921	-1.256584	218.471847	109.888851	0.004477	8.2
922	-1.293658	219.414944	109.457781	0.004968	10.1
923	-1.248220	219.477360	109.429371	0.004358	13.9
924	-1.257307	218.751877	109.760501	0.004420	10.4
925	-1.292433	219.751671	109.304688	0.004626	10.8
926	-1.298735	220.751671	108.852552	0.005034	15.1
927	-1.281591	221.309652	108.601890	0.004515	10.5
928	-1.278986	220.591768	108.924598	0.005861	12.6
929	-1.269755	221.500837	108.516269	0.005699	19.2
930	-1.277881	220.774536	108.842257	0.004169	19.5
931	-1.276930	221.774536	108.393931	0.004769	17.8
932	-1.265269	222.392634	108.118663	0.004870	19.8
933	-1.262837	223.392634	107.676266	0.003888	13.9
934	-1.249318	224.392547	107.237512	0.003755	12.8
935	-1.281320	225.166254	106.900462	0.005036	9.1
936	-1.277409	224.467234	107.204883	0.004668	9.5
937	-1.293873	224.186454	107.327651	0.005602	10.6
938	-1.254777	225.186454	106.891690	0.003814	13.2
939	-1.248954	224.460153	107.207976	0.004864	11.1
940	-1.293829	223.733879	107.526127	0.005156	10.5
941	-1.271344	223.007585	107.846181	0.004779	11.3
942	-1.278638	224.007347	107.406111	0.004052	13.4
943	-1.296671	225.007347	106.969513	0.004767	12.3
944	-1.253375	224.281046	107.286261	0.005326	8.1
945	-1.275300	225.280641	106.850811	0.005055	11.3
946	-1.271597	226.280641	106.418708	0.004986	8.3
947	-1.252492	227.280641	105.990085	0.005000	10.1
948	-1.280998	228.280641	105.564901	0.003903	8.3
949	-1.275869	229.277091	105.144606	0.003939	10.5
950	-1.298292	228.550790	105.450623	0.004311	9.9
951	-1.269178	229.507332	105.047968	0.005488	8.2
952	-1.292239	228.781031	105.353421	0.005215	9.2
953	-1.301805	229.781031	104.933320	0.005410	9.1
954	-1.264916	230.781031	104.516556	0.005128	11.7
955	-1.285641	231.779946	104.103536	0.005700	9.7
956	-1.288505	231.053645	104.403514	0.005294	8.3
957	-1.258233	232.048852	103.992909	0.005507	9.5
958	-1.254018	231.322550	104.292249	0.005491	10.5
959	-1.294745	230.596257	104.593314	0.004464	9.0
960	-1.319206	231.596257	104.179241	0.005562	8.4
961	-1.255572	230.869957	104.479655	0.004952	8.8
962	-1.252949	230.143656	104.781807	0.004367	11.9
963	-1.319179	231.143656	104.366244	0.005269	8.6
964	-1.271464	232.143656	103.953963	0.004233	9.2
965	-1.275000	231.417354	104.253078	0.004422	11.1
966	-1.297630	232.409096	103.845073	0.004934	13.2
967	-1.258530	233.286094	103.486926	0.005096	10.1
968	-1.288149	234.286094	103.081550	0.004839	8.7
969	-1.264474	235.286094	102.679337	0.004409	9.1
970	-1.315526	234.559793	102.971151	0.005381	10.4
971	-1.270790	233.833492	103.264630	0.004117	11.2
972	-1.243981	233.117631	103.555531	0.004779	16.7
973	-1.309135	232.391330	103.852354	0.004572	13.1
974	-1.304297	231.665030	104.150884	0.004947	10.0
975	-1.265419	230.938728	104.451135	0.005410	7.8
976	-1.299956	230.212427	104.753123	0.004041	8.7
977	-1.268896	231.212427	104.337786	0.006032	8.8
978	-1.253414	232.212427	103.925729	0.003816	10.9
979	-1.271233	231.505963	104.216494	0.005329	7.7
980	-1.274881	230.779661	104.517124	0.005055	8.4
981	-1.293510	231.779661	104.103653	0.004822	7.7
982	-1.291563	232.779654	103.693443	0.004362	11.1
983	-1.309006	232.053361	103.991056	0.004984	9.1
984	-1.297457	232.991285	103.607044	0.004462	7.8
985	-1.272093	232.268423	103.902752	0.004858	8.8
986	-1.265652	231.542121	104.201573	0.003685	7.6
987	-1.257046	232.535973	103.793106	0.004659	10.5
988	-1.295244	233.535973	103.385333	0.005420	7.7
989	-1.312019	234.535973	102.980750	0.004264	8.7
990	-1.305431	233.809671	103.274283	0.004588	7.7
991	-1.292162	233.083370	103.569495	0.005372	8.9
992	-1.297998	234.083370	103.163472	0.006463	10.4
993	-1.301647	235.083370	102.760621	0.004447	8.7
994	-1.258452	234.357068	103.052899	0.004091	8.1
995	-1.258327	235.343067	102.656516	0.005179	8.5
996	-1.265697	234.616766	102.948201	0.005189	7.8
997	-1.282858	233.890464	103.241548	0.004215	11.3
998	-1.264286	234.890464	102.838088	0.005629	8.7
999	-1.274250	235.890464	102.437770	0.005421	9.9
