1:ItNr	2:Metric	3a:Time	3b:StepSize	4:||Gradient||	Time[ms]
0	-1.097110	0.000000	1263.412942	0.016549	54116.6
1	-1.120507	0.000000	1263.412942	0.011190	34.9
2	-1.108702	1.000000	1205.985081	0.012826	28.9
3	-1.114115	2.000000	1153.550960	0.010583	35.5
4	-1.099651	3.000000	1105.486336	0.012803	32.8
5	-1.121042	3.999277	1061.297560	0.012968	37.9
6	-1.103822	4.999277	1020.477289	0.012298	33.9
7	-1.106846	5.999277	982.680821	0.014575	44.3
8	-1.091029	6.999277	947.584172	0.014486	35.3
9	-1.102293	7.999277	914.908041	0.010958	35.0
10	-1.101417	8.999277	884.410371	0.010472	35.8
11	-1.103350	8.645244	894.972287	0.012695	32.3
12	-1.110052	9.645244	865.768015	0.012670	45.0
13	-1.105251	8.692469	893.548854	0.014585	35.0
14	-1.110783	7.740401	923.148967	0.013433	38.1
15	-1.099734	6.787627	954.801645	0.012486	38.5
16	-1.110205	7.787623	921.634670	0.011667	47.1
17	-1.084990	7.787848	921.627487	0.012518	36.6
18	-1.102206	6.835073	953.174132	0.012998	36.9
19	-1.099703	5.882299	986.956958	0.016776	34.4
20	-1.071922	6.878466	951.690513	0.009159	34.5
21	-1.123580	7.878466	918.735490	0.013688	33.0
22	-1.127868	8.878466	887.986405	0.013006	42.2
23	-1.097796	7.955174	916.301578	0.013133	36.2
24	-1.093166	7.015361	947.040157	0.010752	35.9
25	-1.109034	6.062586	980.381971	0.010470	42.2
26	-1.081248	7.062563	945.447201	0.020843	36.1
27	-1.093113	8.062004	912.933313	0.010935	36.5
28	-1.105783	7.109613	943.864714	0.016820	34.0
29	-1.069016	6.157394	976.959407	0.011784	33.4
30	-1.090790	5.211684	1012.207814	0.011862	33.7
31	-1.081916	6.211684	975.010271	0.009163	54.1
32	-1.105281	7.211684	940.449758	0.018606	39.4
33	-1.130932	8.211684	908.255461	0.013814	37.0
34	-1.109012	9.211684	878.192408	0.014106	34.8
35	-1.072061	8.258910	906.789487	0.016371	47.2
36	-1.104225	7.306135	937.311701	0.015982	36.7
37	-1.116337	8.306135	905.328237	0.015079	33.8
38	-1.089060	9.296304	875.739569	0.010747	38.1
39	-1.082554	10.296304	847.757365	0.011611	35.0
40	-1.085087	11.296180	821.511143	0.017144	31.9
41	-1.093661	12.291051	796.961080	0.014069	29.1
42	-1.089606	11.338276	820.441744	0.013609	27.5
43	-1.087890	12.338276	795.832142	0.015088	28.2
44	-1.088189	11.753411	810.043006	0.014662	28.9
45	-1.100533	10.800637	834.312593	0.017918	28.3
46	-1.085280	11.800637	808.876727	0.012522	27.1
47	-1.101922	12.800637	784.945914	0.013061	26.8
48	-1.076788	13.800634	762.390474	0.011495	35.5
49	-1.119781	14.771315	741.702451	0.013092	36.5
50	-1.090131	13.818540	761.998397	0.012601	27.8
51	-1.096925	14.818540	740.724543	0.013227	28.7
52	-1.097754	15.818540	720.606294	0.012712	28.1
53	-1.090397	16.817712	701.567343	0.013419	26.7
54	-1.109436	17.817711	683.493973	0.012904	29.2
55	-1.100801	18.817711	666.328396	0.017187	26.9
56	-1.109649	17.864973	682.662821	0.014959	27.7
57	-1.120617	16.912697	699.809669	0.017401	32.4
58	-1.088170	17.912697	681.825574	0.009285	27.1
59	-1.108599	16.960031	698.937033	0.019973	35.8
60	-1.112158	16.007257	716.931595	0.013553	26.9
61	-1.119211	16.059954	715.912162	0.017718	25.3
62	-1.112749	17.059954	697.102049	0.013242	28.7
63	-1.081543	18.059948	679.255181	0.011111	27.9
64	-1.100788	17.107173	696.238258	0.010853	26.8
65	-1.117355	18.107173	678.434919	0.012618	28.0
66	-1.109914	19.107173	661.519368	0.012738	34.5
67	-1.110843	18.154620	677.612801	0.018106	26.7
68	-1.106183	17.544614	688.336685	0.017005	26.7
69	-1.089394	18.088273	678.762960	0.012257	29.7
70	-1.103973	19.088262	661.831438	0.010816	25.7
71	-1.097512	18.138059	677.899534	0.011770	27.9
72	-1.099875	17.185358	694.812709	0.018114	30.4
73	-1.097861	16.232583	712.592831	0.018176	34.3
74	-1.093455	15.279809	731.306828	0.012762	48.2
75	-1.100352	14.330799	750.950228	0.012458	40.2
76	-1.119206	13.378025	771.762542	0.012294	29.9
77	-1.100141	14.378025	749.947798	0.014314	28.2
78	-1.074477	15.376583	729.361292	0.012724	27.4
79	-1.098873	14.423809	748.978518	0.014598	30.7
80	-1.104797	15.423807	728.415665	0.011833	25.2
81	-1.081816	16.423807	708.951700	0.012356	29.8
82	-1.076891	17.404495	690.848077	0.014230	26.4
83	-1.112516	16.454721	708.366564	0.015620	37.8
84	-1.074395	17.454721	689.945768	0.012705	27.6
85	-1.118895	16.634871	704.975768	0.013297	28.9
86	-1.101789	15.682096	723.286688	0.013936	27.6
87	-1.109836	14.729322	742.574184	0.011844	28.9
88	-1.091032	15.725444	722.432975	0.011561	25.4
89	-1.083118	16.725444	703.283221	0.011994	31.6
90	-1.103985	17.725444	685.122468	0.011200	36.0
91	-1.117959	16.772787	702.401748	0.014645	34.6
92	-1.095120	15.820013	720.577475	0.016984	35.8
93	-1.093829	14.867238	739.718839	0.016975	31.2
94	-1.115367	15.867238	719.654443	0.011708	41.2
95	-1.103361	16.867231	700.649900	0.018819	37.1
96	-1.088454	17.867231	682.623149	0.010715	47.6
97	-1.078803	18.867231	665.500740	0.012023	36.6
98	-1.079062	19.866727	649.224284	0.013238	40.0
99	-1.098429	20.866721	633.717450	0.011852	36.5
100	-1.107415	19.995445	647.185839	0.011610	34.6
101	-1.101662	20.954002	632.399072	0.014098	35.4
102	-1.122405	21.954002	617.676368	0.012565	41.3
103	-1.096941	22.954002	603.623577	0.016151	34.7
104	-1.089603	22.001227	616.998013	0.010320	40.2
105	-1.089137	22.996201	603.044603	0.011164	76.1
106	-1.114204	22.093356	615.678942	0.012335	46.3
107	-1.123411	23.093356	601.715864	0.016229	44.4
108	-1.097269	24.091101	588.401508	0.015278	41.4
109	-1.088239	25.087476	575.680735	0.013897	38.3
110	-1.076694	26.087476	563.454963	0.013414	43.6
111	-1.113590	27.087476	551.737672	0.011564	38.3
112	-1.092487	26.532380	558.181007	0.011552	37.0
113	-1.073405	25.579606	569.598463	0.014150	43.0
114	-1.106627	24.658580	581.088418	0.012980	37.2
115	-1.066910	25.658580	568.634365	0.012904	33.6
116	-1.081693	26.658576	556.702987	0.014284	39.2
117	-1.109128	27.658576	545.261983	0.011601	34.6
118	-1.086735	28.658576	534.281765	0.011905	36.4
119	-1.093289	27.705802	544.733293	0.018449	36.6
120	-1.085117	26.754088	555.589541	0.011466	33.8
121	-1.078855	27.754088	544.193788	0.012278	36.1
122	-1.118295	27.228802	550.120900	0.013213	42.6
123	-1.093896	26.276027	561.207728	0.014515	43.3
124	-1.102256	27.275860	549.584650	0.015016	39.4
125	-1.088705	28.265063	538.549429	0.012847	36.3
126	-1.082442	27.317392	549.112245	0.014279	35.5
127	-1.106139	26.364618	560.158047	0.011295	35.4
128	-1.088982	25.411843	571.657359	0.015008	36.8
129	-1.091751	24.459920	583.627767	0.013563	39.6
130	-1.112288	23.507146	596.121619	0.011929	34.8
131	-1.112656	22.554371	609.162089	0.011823	32.0
132	-1.092383	21.603350	622.760222	0.015869	37.2
133	-1.094423	22.603350	608.477829	0.012199	43.4
134	-1.107456	23.603350	594.835853	0.011718	35.6
135	-1.105008	24.594582	581.904051	0.011751	34.7
136	-1.095986	25.594581	569.415391	0.011755	30.1
137	-1.095493	26.594581	557.451521	0.013071	38.3
138	-1.098766	27.594451	545.981514	0.011999	37.9
139	-1.087575	26.642258	556.893662	0.013523	39.5
140	-1.108868	27.642258	545.444900	0.011832	34.2
141	-1.100843	28.642258	534.457388	0.016940	32.5
142	-1.110290	27.689485	544.915841	0.014720	39.6
143	-1.114126	27.428946	547.847396	0.011602	42.9
144	-1.097078	28.411152	536.957156	0.015397	32.4
145	-1.111077	29.410362	526.313857	0.016045	28.8
146	-1.115835	30.314445	517.040993	0.013965	51.9
147	-1.095591	29.361672	526.822699	0.011768	36.4
148	-1.108033	30.361658	516.565717	0.012673	35.0
149	-1.110994	29.410957	526.307636	0.011910	36.9
150	-1.096597	28.523311	535.741079	0.012162	35.7
151	-1.123077	29.523311	525.137239	0.012636	36.4
152	-1.086210	28.570536	535.230682	0.011474	37.8
153	-1.102304	29.570536	524.646838	0.011988	33.2
154	-1.125052	28.619639	534.701028	0.010735	33.5
155	-1.113675	29.619639	524.137913	0.016502	34.9
156	-1.124294	28.666864	534.192610	0.018356	28.1
157	-1.084513	29.666864	523.649376	0.011760	38.6
158	-1.102663	30.666864	513.514265	0.012918	28.9
159	-1.121456	31.666864	503.764031	0.014292	27.3
160	-1.085429	32.666864	494.377158	0.019992	32.8
161	-1.104310	33.666860	485.333743	0.012741	28.2
162	-1.104131	32.744809	493.660179	0.011948	27.1
163	-1.108491	33.554880	486.329941	0.011656	31.1
164	-1.093696	34.554880	477.575896	0.013455	28.9
165	-1.104155	34.278343	479.965032	0.013870	31.4
166	-1.115118	35.278342	471.436629	0.015231	34.7
167	-1.111879	36.278342	463.206003	0.012326	30.6
168	-1.117593	36.374947	462.426082	0.013774	33.6
169	-1.115076	37.374947	454.504429	0.011423	30.9
170	-1.107158	38.374947	446.849610	0.014601	26.7
171	-1.110119	37.422172	454.137031	0.014393	27.0
172	-1.109565	38.391566	446.724571	0.012836	28.7
173	-1.117585	37.438791	454.007880	0.012614	30.5
174	-1.093667	36.486017	461.532617	0.010645	24.9
175	-1.094226	35.533242	469.310988	0.010428	28.0
176	-1.113981	35.974186	465.678817	0.014929	28.5
177	-1.099069	36.974186	457.646297	0.011250	28.4
178	-1.111018	37.973136	449.894202	0.013784	29.2
179	-1.115163	38.973126	442.392678	0.012509	34.1
180	-1.119274	39.972371	435.142532	0.017631	28.0
181	-1.104581	40.972371	428.120975	0.013590	33.9
182	-1.104937	41.972371	421.322422	0.010841	30.9
183	-1.107957	41.538537	424.245164	0.015694	25.5
184	-1.099147	40.585762	430.808531	0.011228	27.5
185	-1.101202	39.632988	437.578169	0.013247	29.2
186	-1.103402	38.680213	444.563958	0.013873	24.7
187	-1.106144	37.727439	451.776416	0.011779	31.6
188	-1.127676	38.727439	444.212448	0.014795	32.3
189	-1.122593	39.727439	436.897593	0.011468	29.0
190	-1.126172	38.774669	443.861455	0.013326	29.9
191	-1.096542	38.864727	443.193731	0.013705	38.2
192	-1.120353	39.864727	435.912113	0.012905	29.5
193	-1.115552	40.864727	428.865899	0.013342	30.1
194	-1.099966	39.911953	435.574147	0.013889	38.6
195	-1.107654	40.911953	428.538766	0.011865	46.4
196	-1.125396	41.911953	421.727044	0.016374	25.9
197	-1.094241	42.911953	415.128481	0.010494	26.8
198	-1.117179	41.959178	421.410708	0.012829	35.9
199	-1.124407	42.953688	414.857572	0.012942	28.1
200	-1.114054	43.953688	408.470597	0.013262	25.8
201	-1.107144	44.953512	402.278378	0.013199	28.7
202	-1.092051	45.953512	396.270054	0.011489	30.0
203	-1.095017	45.002126	401.982076	0.014748	40.1
204	-1.092020	45.960327	396.229725	0.016077	33.9
205	-1.107052	45.007553	401.949030	0.012400	37.6
206	-1.146403	44.054778	407.835866	0.015531	29.9
207	-1.101764	43.102004	413.897699	0.016723	36.2
208	-1.108833	42.149229	420.142449	0.017821	44.5
209	-1.100748	43.149229	413.592995	0.011963	33.9
210	-1.119205	43.842204	409.172887	0.015263	40.4
211	-1.100325	43.112125	413.832356	0.013410	33.3
212	-1.117277	42.159351	420.075120	0.011944	37.3
213	-1.106746	41.209064	426.492061	0.011789	36.8
214	-1.104536	42.209064	419.744737	0.015241	36.5
215	-1.123566	43.209064	413.207579	0.018054	42.6
216	-1.096911	44.209062	406.870931	0.017567	34.9
217	-1.088642	45.209062	400.725686	0.015069	38.5
218	-1.081076	46.209062	394.763310	0.011394	36.0
219	-1.091576	45.469052	399.158267	0.012947	38.5
220	-1.118021	44.627655	404.275784	0.013105	35.1
221	-1.103871	43.674881	410.231476	0.014144	38.5
222	-1.103845	44.674881	403.985077	0.012030	30.9
223	-1.077800	43.722170	409.931741	0.012151	36.7
224	-1.117426	43.913130	408.725814	0.012638	39.8
225	-1.124692	42.960357	414.814318	0.012832	33.7
226	-1.123736	43.960357	408.428665	0.014552	52.1
227	-1.096052	43.007582	414.508264	0.010797	56.3
228	-1.105184	42.054808	420.771589	0.014769	44.8
229	-1.103182	41.102034	427.227101	0.014254	39.4
230	-1.102928	42.095382	420.501012	0.011764	35.3
231	-1.129309	43.095382	413.940461	0.013360	36.8
232	-1.110514	44.092956	407.596665	0.013248	39.7
233	-1.125941	44.895040	402.635337	0.015074	37.6
234	-1.105119	43.942273	408.542394	0.013246	42.3
235	-1.099550	44.941759	402.350074	0.011240	37.3
236	-1.113866	45.211239	400.712509	0.013333	32.2
237	-1.124769	46.211233	394.750561	0.011364	35.4
238	-1.106070	45.258458	400.426942	0.012833	37.1
239	-1.108563	44.306071	406.266544	0.011561	38.8
240	-1.114533	43.365427	412.203773	0.010677	37.2
241	-1.106713	42.415337	418.379419	0.010794	35.4
242	-1.118718	43.410777	411.913547	0.012595	41.7
243	-1.083197	44.410763	405.616304	0.009097	30.3
244	-1.123450	44.502415	405.048755	0.013664	33.5
245	-1.118020	45.502415	398.958017	0.013412	37.9
246	-1.100863	46.502415	393.047740	0.014680	28.0
247	-1.101360	45.549641	398.674905	0.011789	24.7
248	-1.115550	44.596866	404.465537	0.010779	35.5
249	-1.088577	45.596866	398.392195	0.010877	32.5
250	-1.126015	46.511849	392.992819	0.012862	28.4
251	-1.115956	45.559074	398.618401	0.012536	28.8
252	-1.113011	44.606300	404.407380	0.013705	27.7
253	-1.109927	43.653529	410.366953	0.013194	34.6
254	-1.112786	44.653529	404.116459	0.017315	25.9
255	-1.107080	45.653529	398.053518	0.013229	34.8
256	-1.101616	46.653517	392.169884	0.011948	29.7
257	-1.104632	45.700743	397.771759	0.010329	27.1
258	-1.120244	44.747968	403.535994	0.012341	28.0
259	-1.091129	43.869346	409.001682	0.011280	37.0
260	-1.095840	44.868978	402.794649	0.012434	33.1
261	-1.118467	45.868952	396.771161	0.013481	35.1
262	-1.117229	46.868952	390.925026	0.013155	34.6
263	-1.121706	45.916177	396.491145	0.010906	43.9
264	-1.094408	45.569795	398.554203	0.014583	34.8
265	-1.103051	44.617021	404.341304	0.016077	33.8
266	-1.098466	45.617010	398.271732	0.020271	34.7
267	-1.118729	46.617010	392.381621	0.017671	38.2
268	-1.083069	45.664247	397.989523	0.015826	47.7
269	-1.111358	46.664247	392.107694	0.011157	38.3
270	-1.113926	47.664234	386.397258	0.015046	34.7
271	-1.111722	48.664234	380.850692	0.011999	36.7
272	-1.084091	47.711460	386.131686	0.012762	37.4
273	-1.099757	48.711460	380.592688	0.011797	34.5
274	-1.116994	47.759674	385.860930	0.012492	40.0
275	-1.117152	48.759674	380.329642	0.013618	32.4
276	-1.090324	49.759674	374.954692	0.012800	40.7
277	-1.110267	50.752073	369.768713	0.011619	36.8
278	-1.107157	51.752073	364.686127	0.012534	30.4
279	-1.116684	50.799299	369.525500	0.017371	39.4
280	-1.115583	49.846524	374.495038	0.012980	35.1
281	-1.103717	50.846524	369.282607	0.010925	38.4
282	-1.105433	51.846281	364.214498	0.014338	35.2
283	-1.101296	50.893507	369.041280	0.013308	33.0
284	-1.101020	49.940733	373.997713	0.011369	30.2
285	-1.107770	50.940733	368.799021	0.018040	35.3
286	-1.125364	51.866736	364.112257	0.013623	38.4
287	-1.092057	52.866218	359.185465	0.012058	36.7
288	-1.104322	53.624741	355.534524	0.016651	45.8
289	-1.121959	54.624741	350.833225	0.011754	33.9
290	-1.097699	53.671966	355.309670	0.013538	41.7
291	-1.113787	52.726433	359.866480	0.010935	33.0
292	-1.127171	53.726431	355.050702	0.012010	35.1
293	-1.131130	52.780746	359.601565	0.013785	33.4
294	-1.088768	51.827972	364.306065	0.018133	37.8
295	-1.096232	50.875197	369.135291	0.016663	40.6
296	-1.119188	51.875197	364.069983	0.013562	38.1
297	-1.137408	50.970802	368.644938	0.014116	35.1
298	-1.134977	51.970802	363.592987	0.014709	34.6
299	-1.109912	51.018027	368.403201	0.012464	42.3
300	-1.106961	51.297549	366.978855	0.012708	27.3
301	-1.105892	50.344777	371.879664	0.020230	30.6
302	-1.109848	50.629653	370.400676	0.012510	28.8
303	-1.100747	50.947599	368.763824	0.013598	34.3
304	-1.121986	51.947599	363.708636	0.014286	26.0
305	-1.109143	50.996650	368.512588	0.014125	30.4
306	-1.136804	51.956980	363.661869	0.018538	29.1
307	-1.114159	51.004206	368.473918	0.011703	28.2
308	-1.122362	51.985131	363.521602	0.014620	31.3
309	-1.119803	52.985113	358.608246	0.012113	43.1
310	-1.092942	53.985070	353.826060	0.013909	69.1
311	-1.099465	53.032295	358.379700	0.014173	47.2
312	-1.114234	52.115987	362.871006	0.017489	41.0
313	-1.115939	51.163213	367.662010	0.012269	44.8
314	-1.074890	50.210438	372.581218	0.017403	42.0
315	-1.116327	51.210438	367.421560	0.010672	51.3
316	-1.089550	50.261008	372.316820	0.011405	33.0
317	-1.122330	49.308233	377.362232	0.011621	53.9
318	-1.125424	50.308233	372.070246	0.011993	49.8
319	-1.107136	51.308233	366.924632	0.010452	35.2
320	-1.113521	52.308233	361.919401	0.012891	40.5
321	-1.140570	53.308233	357.048886	0.014754	37.1
322	-1.121896	53.123563	357.938431	0.012408	32.0
323	-1.102255	52.170788	362.599234	0.015014	38.3
324	-1.099394	53.170788	357.710527	0.012891	37.0
325	-1.145077	54.063952	353.454237	0.012116	38.7
326	-1.113854	55.058431	348.832752	0.013910	36.4
327	-1.100794	55.899621	345.016939	0.015918	37.6
328	-1.113891	56.899621	340.587945	0.015118	44.7
329	-1.102203	57.899621	336.271220	0.013066	37.4
330	-1.125587	57.769609	336.826248	0.012365	38.5
331	-1.134481	56.835694	340.867671	0.018890	34.5
332	-1.107755	55.882920	345.091887	0.010541	39.2
333	-1.127263	56.882915	340.661002	0.016242	34.9
334	-1.109406	57.882915	336.342437	0.011142	38.1
335	-1.117595	56.930227	340.454183	0.012236	38.0
336	-1.112342	55.977453	344.668093	0.014595	33.6
337	-1.119548	56.977453	340.247994	0.016152	29.4
338	-1.145300	56.024687	344.456729	0.015453	37.1
339	-1.129611	55.071913	348.770931	0.015891	42.8
340	-1.132929	56.071913	344.245665	0.013860	40.7
341	-1.106789	57.065354	339.864874	0.013109	31.1
342	-1.135386	56.112580	344.064117	0.011740	34.1
343	-1.103600	55.295677	347.748037	0.018487	34.4
344	-1.116087	56.295677	343.249104	0.013455	33.9
345	-1.085071	56.545565	342.142993	0.012834	33.5
346	-1.121123	55.592791	346.399074	0.011936	34.0
347	-1.124574	56.592340	341.936738	0.012472	37.5
348	-1.106929	57.592340	337.585974	0.013609	44.0
349	-1.126476	58.592340	333.344536	0.015351	37.4
350	-1.119377	57.639566	337.383243	0.015314	35.6
351	-1.131428	58.599800	333.313296	0.012517	39.3
352	-1.129319	57.647026	337.351241	0.010959	28.7
353	-1.122436	57.681021	337.205486	0.012921	30.1
354	-1.103424	56.728246	341.338871	0.013100	32.4
355	-1.123461	55.775472	345.574846	0.012216	29.6
356	-1.096130	56.775472	341.131609	0.015232	25.0
357	-1.120378	57.775472	336.801180	0.012844	28.9
358	-1.108481	58.772875	332.590142	0.015009	28.0
359	-1.111529	57.820115	336.610419	0.014435	27.0
360	-1.119421	56.908060	340.551051	0.012745	33.8
361	-1.104764	55.955298	344.767321	0.013291	26.0
362	-1.110147	56.919584	340.500684	0.013017	29.8
363	-1.121726	55.966821	344.715701	0.013504	26.0
364	-1.115554	56.942638	340.399972	0.011621	31.6
365	-1.122388	57.942638	336.087981	0.013766	31.3
366	-1.123469	58.942638	331.883866	0.011399	28.5
367	-1.110041	57.989863	335.887044	0.012051	29.8
368	-1.111992	58.989863	331.687924	0.012915	27.5
369	-1.105397	58.038780	335.679168	0.011372	30.2
370	-1.113072	59.029341	331.524306	0.013780	37.5
371	-1.103588	59.061701	331.390310	0.013870	31.0
372	-1.119058	60.061580	327.302673	0.012957	37.9
373	-1.116934	59.109730	331.191628	0.018758	40.5
374	-1.121990	58.156955	335.178024	0.011727	43.7
375	-1.104024	57.204181	339.261553	0.013600	39.1
376	-1.112965	58.204176	334.978192	0.012196	31.5
377	-1.101437	57.251402	339.056824	0.016722	39.7
378	-1.129656	58.251402	334.778581	0.012890	38.4
379	-1.152725	57.298627	338.852323	0.014309	38.6
380	-1.114014	58.298627	334.579206	0.014291	31.4
381	-1.121468	59.296226	330.422403	0.011242	34.6
382	-1.108421	58.500287	333.730516	0.014339	36.8
383	-1.126361	59.500287	329.584811	0.013093	33.6
384	-1.105688	60.478171	325.629201	0.014411	38.0
385	-1.100114	59.525397	329.482037	0.014794	37.3
386	-1.105015	60.525397	325.440572	0.012430	31.7
387	-1.074198	61.525019	321.498522	0.014194	27.8
388	-1.139163	62.524995	317.649487	0.011533	33.5
389	-1.120531	61.572232	321.314699	0.011738	31.6
390	-1.121551	62.572232	317.469945	0.013026	33.2
391	-1.118013	63.572232	313.716113	0.019634	41.6
392	-1.115565	62.619457	317.290648	0.012725	34.2
393	-1.120788	63.619457	313.541031	0.012710	41.3
394	-1.117508	64.619365	309.879335	0.014380	39.0
395	-1.139746	63.666590	313.366485	0.013798	34.9
396	-1.114243	62.713816	316.933013	0.011545	36.6
397	-1.113478	63.700790	313.239956	0.012923	33.7
398	-1.108777	64.700790	309.584914	0.010171	38.5
399	-1.113323	65.700506	306.015190	0.011441	37.6
400	-1.134312	64.758229	309.377561	0.012529	35.9
401	-1.117129	63.806676	312.848857	0.013146	34.0
402	-1.112388	62.865780	316.358730	0.013975	30.1
403	-1.110648	63.690948	313.276360	0.013407	35.5
404	-1.112224	62.738173	316.840825	0.012109	33.9
405	-1.105838	63.733008	313.120854	0.013323	49.3
406	-1.113542	64.731968	309.472329	0.012867	34.9
407	-1.100229	63.786467	312.923426	0.011883	34.9
408	-1.160112	62.888105	316.274541	0.012130	35.0
409	-1.113931	63.888105	312.548760	0.012986	36.6
410	-1.111421	64.888105	308.909737	0.015985	38.6
411	-1.133052	63.935345	312.374922	0.011667	32.7
412	-1.116670	63.579083	313.690702	0.011410	29.0
413	-1.133766	64.579083	310.025195	0.010518	36.6
414	-1.118691	63.626308	313.515648	0.014410	28.7
415	-1.127606	64.626308	309.854207	0.010326	36.4
416	-1.104265	63.999347	312.139712	0.015720	30.1
417	-1.130449	63.046574	315.678206	0.011740	29.5
418	-1.129374	62.093800	319.297852	0.012551	28.3
419	-1.133794	61.141027	323.001463	0.016066	24.2
420	-1.127986	60.188252	326.792006	0.013976	29.1
421	-1.117419	59.806320	328.336592	0.012956	29.8
422	-1.121277	58.853546	332.254147	0.014747	33.5
423	-1.113414	59.853546	328.144814	0.013461	29.9
424	-1.103498	60.853542	324.135903	0.012878	35.3
425	-1.109280	61.853542	320.223748	0.012886	50.5
426	-1.109210	62.823946	316.516617	0.013094	46.8
427	-1.123888	63.822787	312.789436	0.013097	46.6
428	-1.136514	64.615054	309.894937	0.012031	36.4
429	-1.110231	63.662442	313.381838	0.013190	36.4
430	-1.104476	64.662442	309.723504	0.011697	35.8
431	-1.121314	63.709668	313.207128	0.012397	42.8
432	-1.103762	62.771177	316.715996	0.011058	34.7
433	-1.107811	63.771177	312.979867	0.013740	38.6
434	-1.115592	62.818403	316.537548	0.012248	32.3
435	-1.125335	63.818208	312.806322	0.015325	36.5
436	-1.103954	63.347716	314.551158	0.012262	49.0
437	-1.134121	64.347716	310.865633	0.011829	36.0
438	-1.120522	65.347716	307.265473	0.013610	31.2
439	-1.115556	66.347716	303.747745	0.014630	35.5
440	-1.114916	67.347716	300.309651	0.012159	41.7
441	-1.113404	66.957087	301.643367	0.012046	35.3
442	-1.119317	66.004312	304.946630	0.015385	37.0
443	-1.127854	67.004312	301.481497	0.009558	34.5
444	-1.139559	66.051539	304.781193	0.012274	38.7
445	-1.117469	67.051537	301.319803	0.015530	40.0
446	-1.131379	67.532619	299.682445	0.013440	39.0
447	-1.111321	68.532619	296.335259	0.014397	37.4
448	-1.131364	67.579845	299.522672	0.012324	33.0
449	-1.113988	66.627505	302.777898	0.013668	38.6
450	-1.119310	65.675322	306.104103	0.011430	32.4
451	-1.106899	64.725125	309.497034	0.014202	34.0
452	-1.104996	64.862303	309.002565	0.017000	33.9
453	-1.118578	63.921371	312.426324	0.012704	36.6
454	-1.121686	64.921371	308.790135	0.010120	38.7
455	-1.121738	65.921371	305.237612	0.018360	35.7
456	-1.114301	64.968598	308.620501	0.010362	34.3
457	-1.117216	64.744234	309.428056	0.022617	30.5
458	-1.126004	65.727994	305.918198	0.013126	42.3
459	-1.131008	66.727994	302.431076	0.012080	33.5
460	-1.129436	67.727994	299.022557	0.014492	35.0
461	-1.132601	68.594938	296.129137	0.013856	42.4
462	-1.128000	67.642231	299.311870	0.013541	33.6
463	-1.127607	66.712316	302.485137	0.011619	41.1
464	-1.128920	66.442168	303.419648	0.015019	37.4
465	-1.117981	67.436289	300.008879	0.014604	37.0
466	-1.118838	68.436289	296.654437	0.012323	35.7
467	-1.121835	67.483523	299.848729	0.011797	27.2
468	-1.113678	68.416058	296.721555	0.012441	25.7
469	-1.116659	69.416045	293.439863	0.013435	26.6
470	-1.131161	70.416045	290.229925	0.017290	25.1
471	-1.136543	71.416045	287.089454	0.015936	26.2
472	-1.132929	72.416045	284.016219	0.011918	24.4
473	-1.128500	73.411746	281.020879	0.014963	28.0
474	-1.134121	74.411746	278.075530	0.012008	29.1
475	-1.127847	75.411746	275.191281	0.013406	25.5
476	-1.106799	74.684834	277.281891	0.015140	27.6
477	-1.116309	73.739219	280.049509	0.011953	28.6
478	-1.109304	74.739216	277.124391	0.013491	26.5
479	-1.110202	73.786442	279.909986	0.012125	33.4
480	-1.137063	74.784293	276.993972	0.013031	29.9
481	-1.138840	75.784293	274.131999	0.011910	27.7
482	-1.118064	74.831519	276.857470	0.013164	25.3
483	-1.111386	73.878744	279.637679	0.012534	30.5
484	-1.101537	72.925970	282.474292	0.014217	36.6
485	-1.125564	72.320754	284.306229	0.011689	37.4
486	-1.138189	73.139050	281.834922	0.014082	37.0
487	-1.142370	73.353708	281.193736	0.013261	35.7
488	-1.111586	72.400934	284.062168	0.011446	31.7
489	-1.127367	73.400934	281.053065	0.010134	38.5
490	-1.133373	72.448159	283.918613	0.013247	36.6
491	-1.136110	71.495801	286.841905	0.013760	36.5
492	-1.131965	72.472231	283.845498	0.019398	36.0
493	-1.125203	71.526423	286.746973	0.015299	32.4
494	-1.115967	72.526423	283.681027	0.014073	33.2
495	-1.100917	73.526423	280.679951	0.012633	32.4
496	-1.146623	72.573649	283.537857	0.009765	32.6
497	-1.149955	73.573644	280.539806	0.015506	36.6
498	-1.125054	74.407367	278.088292	0.011120	31.4
499	-1.126181	73.454739	280.892966	0.011621	33.6
