1:ItNr	2:Metric	3a:Time	3b:StepSize	4:||Gradient||	Time[ms]
0	-1.427434	0.000000	771.972318	0.016341	8486.5
1	-1.420790	0.000000	771.972318	0.015850	51.2
2	-1.425881	0.000000	771.972318	0.015998	50.8
3	-1.408281	0.106592	768.073715	0.012200	54.8
4	-1.412967	0.000000	771.972318	0.016056	51.8
5	-1.413448	1.000000	736.882668	0.015357	54.6
6	-1.455540	2.000000	704.844291	0.015196	62.9
7	-1.408141	1.117211	732.977532	0.015193	67.9
8	-1.406473	0.231059	763.570885	0.019207	68.5
9	-1.424183	0.000000	771.972318	0.014486	57.6
10	-1.417202	1.000000	736.882675	0.017058	56.1
11	-1.422796	2.000000	704.844297	0.014264	48.1
12	-1.409761	3.000000	675.475785	0.013613	50.4
13	-1.418537	3.999983	648.457175	0.014199	52.3
14	-1.420757	3.113832	672.287126	0.018329	80.3
15	-1.444410	2.227680	697.935335	0.014876	129.0
16	-1.422511	3.227679	669.128023	0.017437	78.7
17	-1.416984	2.341527	694.531194	0.016904	63.5
18	-1.425278	1.455375	721.939331	0.014808	63.3
19	-1.419602	0.569224	751.599544	0.012881	63.5
20	-1.410995	1.568776	718.311814	0.015159	60.5
21	-1.419821	2.568776	687.834550	0.014247	70.7
22	-1.431258	3.568725	659.839632	0.014758	82.3
23	-1.435013	4.568725	634.033121	0.015800	66.0
24	-1.413182	5.553136	610.527454	0.014014	64.6
25	-1.404708	6.553136	588.369270	0.012729	66.5
26	-1.403414	7.553136	567.763153	0.012314	80.1
27	-1.411737	6.666985	585.948159	0.014946	141.0
28	-1.417608	5.780833	605.336613	0.012839	112.2
29	-1.422626	5.980077	600.866283	0.017585	70.5
30	-1.433948	5.093926	621.271727	0.014234	65.5
31	-1.418690	6.093926	598.341437	0.016844	70.3
32	-1.421465	7.093926	577.043544	0.014457	63.5
33	-1.427144	6.211070	595.765570	0.014549	63.0
34	-1.412940	7.211070	574.647421	0.015250	83.6
35	-1.414705	8.211070	554.975173	0.017539	77.9
36	-1.432652	9.211070	536.605246	0.018511	72.8
37	-1.418175	8.324918	552.820590	0.016317	67.0
38	-1.424391	7.438767	570.046474	0.015820	71.2
39	-1.419476	8.438767	550.682671	0.012845	64.8
40	-1.424604	7.552687	567.772079	0.014629	66.6
41	-1.426324	8.552687	548.559881	0.014319	80.2
42	-1.428551	9.552687	530.605327	0.015016	73.3
43	-1.435661	8.667674	546.433759	0.015090	68.9
44	-1.410797	9.667674	528.615852	0.014956	67.3
45	-1.402785	10.667674	511.923251	0.014456	69.7
46	-1.431883	9.781522	526.660718	0.015721	70.2
47	-1.431548	10.781522	510.089431	0.015181	64.8
48	-1.422824	11.781522	494.529158	0.013250	79.4
49	-1.439895	10.895371	508.268703	0.012176	76.4
50	-1.432814	10.009219	522.793518	0.012776	64.6
51	-1.440144	9.123072	538.172815	0.014627	68.9
52	-1.422690	8.237318	554.476941	0.016024	69.6
53	-1.444505	7.351166	571.807822	0.013301	84.6
54	-1.412231	7.982070	559.360284	0.012884	73.3
55	-1.448045	7.174938	575.384363	0.017567	74.7
56	-1.398781	8.174938	555.662492	0.015321	77.2
57	-1.430836	9.174938	537.247790	0.014723	63.0
58	-1.443138	10.174938	520.014469	0.017478	64.1
59	-1.433778	9.288786	535.228407	0.014029	66.9
60	-1.414261	8.402634	551.359395	0.014964	46.4
61	-1.449668	9.402634	533.224145	0.014671	50.4
62	-1.453573	10.402634	516.243920	0.015477	49.1
63	-1.418832	11.402634	500.311761	0.016740	66.5
64	-1.415961	10.516482	514.379071	0.012939	66.0
65	-1.451303	11.515894	498.569062	0.015890	66.4
66	-1.442702	10.629755	512.536961	0.015978	49.6
67	-1.425540	9.743604	527.310294	0.013313	47.7
68	-1.413998	10.743604	510.698750	0.015157	48.9
69	-1.441656	11.521295	498.486261	0.016707	51.6
70	-1.433332	10.635143	512.449670	0.016558	49.9
71	-1.421141	11.635143	496.747282	0.015344	52.7
72	-1.416053	12.143801	489.123706	0.015014	60.9
73	-1.420458	13.143801	474.798303	0.013815	62.3
74	-1.427477	14.143801	461.288145	0.014805	52.2
75	-1.442979	15.143799	448.525583	0.014706	46.5
76	-1.439710	14.257648	459.798647	0.012562	46.9
77	-1.437030	13.371496	471.652986	0.013118	50.7
78	-1.422330	12.489461	484.075236	0.014987	45.7
79	-1.428768	13.489461	470.039782	0.014128	53.6
80	-1.436864	12.603309	482.435185	0.016312	53.0
81	-1.448299	11.717157	495.502052	0.013781	60.1
82	-1.427166	12.717157	480.806209	0.014741	64.9
83	-1.430468	11.831006	493.783790	0.015091	56.9
84	-1.435177	12.831006	479.188192	0.014656	49.9
85	-1.433635	11.945484	492.068013	0.013548	46.8
86	-1.435147	12.945484	477.572181	0.012848	48.2
87	-1.448129	13.943432	463.933216	0.012728	48.3
88	-1.437434	14.943430	451.025919	0.014327	48.1
89	-1.451696	14.057279	462.426615	0.015635	50.3
90	-1.445853	15.057278	449.601838	0.013251	52.2
91	-1.440965	14.171127	460.929750	0.012637	64.0
92	-1.438063	15.171127	448.186720	0.015542	61.5
93	-1.437982	16.171127	436.129331	0.015156	51.8
94	-1.436394	15.284975	446.780482	0.017989	48.5
95	-1.433214	16.282636	434.824907	0.013563	49.5
96	-1.445931	17.276890	423.530198	0.013374	47.5
97	-1.446625	16.390738	433.567760	0.015428	47.0
98	-1.455920	15.504587	444.092651	0.015219	51.7
99	-1.447274	14.618435	455.141239	0.014659	47.6
100	-1.419664	14.739560	453.598724	0.017644	58.2
101	-1.435314	15.739560	441.252395	0.015002	63.7
102	-1.443330	16.739560	429.560356	0.011586	56.9
103	-1.463591	15.853410	439.889241	0.012934	47.2
104	-1.440554	16.853410	428.268380	0.013745	49.7
105	-1.445349	15.968194	438.523418	0.018749	44.7
106	-1.464333	15.082043	449.293261	0.015070	48.9
107	-1.449715	14.195892	460.605428	0.016014	46.7
108	-1.437670	15.195892	447.880077	0.014275	51.4
109	-1.452900	14.309740	459.120309	0.016624	50.6
110	-1.437245	15.286480	446.761957	0.012121	56.5
111	-1.451802	16.286480	434.780081	0.015493	61.5
112	-1.454743	15.400329	445.364625	0.013006	48.0
113	-1.461660	14.514177	456.477388	0.015036	49.8
114	-1.442719	15.514177	443.976014	0.015188	49.5
115	-1.447519	16.514177	432.141128	0.013527	46.6
116	-1.439061	15.628025	442.596034	0.012894	47.7
117	-1.458458	14.741875	453.569345	0.015488	50.5
118	-1.433125	15.741875	441.224593	0.013534	65.1
119	-1.457020	16.741875	429.534008	0.015995	56.7
120	-1.458171	17.741611	418.449785	0.014859	63.7
121	-1.428521	16.855459	428.245201	0.014815	60.4
122	-1.445332	17.855457	417.223725	0.017307	55.1
123	-1.444493	17.053196	426.019893	0.014836	52.2
124	-1.456564	16.167045	436.177232	0.013994	52.9
125	-1.452624	17.167045	424.749121	0.016082	69.6
126	-1.480623	16.777593	429.127882	0.016995	76.6
127	-1.440727	15.891442	439.435758	0.012990	84.6
128	-1.458795	16.885669	427.903719	0.017589	83.8
129	-1.446378	17.885669	416.899569	0.014010	67.2
130	-1.446660	16.999517	426.621699	0.014275	66.9
131	-1.455343	17.999517	415.682546	0.013911	68.2
132	-1.448086	18.999517	405.290357	0.015514	65.1
133	-1.448887	19.999517	395.405110	0.014066	68.2
134	-1.455261	20.999517	385.990595	0.014330	79.0
135	-1.442249	20.113366	394.310181	0.014303	79.1
136	-1.434858	19.227214	402.996307	0.019036	46.0
137	-1.453426	18.341062	412.073740	0.014555	50.1
138	-1.445507	17.454911	421.569533	0.014366	46.5
139	-1.474347	18.454818	410.885651	0.013207	48.5
140	-1.444750	17.603976	419.941687	0.013476	54.3
141	-1.443260	17.271571	423.589058	0.013633	54.2
142	-1.465252	16.385419	433.629447	0.013326	54.0
143	-1.436907	15.499268	444.157370	0.012789	64.8
144	-1.454073	14.613230	455.207764	0.015526	70.2
145	-1.451032	15.613230	442.774888	0.011276	57.4
146	-1.464150	14.742819	453.557361	0.014412	51.5
147	-1.451713	15.742819	441.213252	0.016714	48.1
148	-1.460732	14.856667	452.117273	0.016989	46.3
149	-1.472248	13.970516	463.573910	0.014627	61.2
150	-1.442910	14.970516	450.686302	0.016095	57.2
151	-1.463555	14.084364	462.069619	0.014496	58.5
152	-1.453284	15.002418	450.286941	0.016489	78.1
153	-1.446840	14.116266	461.649838	0.011996	69.7
154	-1.453648	15.116266	448.867514	0.015115	65.7
155	-1.446449	14.230115	460.157989	0.013476	59.2
156	-1.439457	15.230114	447.457010	0.013881	57.6
157	-1.449217	15.275633	446.895548	0.015184	49.2
158	-1.460063	14.389481	458.085801	0.015018	54.9
159	-1.442130	15.389481	445.497388	0.012673	52.1
160	-1.462800	16.295627	434.673450	0.016027	47.9
161	-1.458520	15.409798	445.248789	0.014970	49.4
162	-1.455842	14.529421	456.281533	0.016187	46.0
163	-1.443381	13.643269	467.952910	0.014250	52.0
164	-1.467640	12.757118	480.237053	0.013312	51.4
165	-1.458592	11.870966	493.183520	0.016844	50.9
166	-1.449954	12.870966	478.622863	0.013929	52.7
167	-1.424987	13.870965	464.897328	0.014793	42.5
168	-1.462015	14.870965	451.937066	0.014477	45.8
169	-1.449488	15.870965	439.679804	0.013382	51.2
170	-1.456443	14.984813	450.507233	0.012875	48.8
171	-1.457189	14.098687	461.881058	0.015595	67.2
172	-1.459812	13.212535	473.844413	0.013257	69.7
173	-1.448063	14.212535	460.387716	0.016292	49.8
174	-1.457010	15.212309	447.677025	0.013864	57.2
175	-1.448887	16.212309	435.646677	0.013736	48.4
176	-1.469740	15.326157	446.273979	0.012971	63.4
177	-1.458582	15.151178	448.434031	0.010939	50.0
178	-1.468393	14.265027	459.702435	0.018752	48.2
179	-1.448280	15.264694	447.030340	0.015548	61.8
180	-1.458190	14.378543	458.227430	0.015155	57.3
181	-1.448829	15.378543	445.631339	0.013068	51.5
182	-1.479036	14.663062	454.571694	0.014566	49.1
183	-1.465553	13.776911	466.154651	0.013405	50.6
184	-1.485719	14.776911	453.125168	0.016813	56.5
185	-1.488255	13.890762	464.633552	0.016264	62.2
186	-1.471574	14.890762	451.687781	0.012736	48.5
187	-1.461227	15.835311	440.105385	0.014007	53.0
188	-1.448039	14.949159	450.954042	0.014759	61.5
189	-1.452535	14.063008	462.351059	0.018556	51.5
190	-1.452963	13.176856	474.339089	0.015292	46.3
191	-1.475201	12.306984	486.727314	0.013245	81.7
192	-1.456386	13.227005	473.644087	0.014012	49.5
193	-1.461450	13.391822	471.374230	0.014425	64.0
194	-1.456213	12.505671	483.841037	0.014892	47.8
195	-1.473937	11.619519	496.985209	0.016402	47.9
196	-1.458417	12.619519	482.202570	0.014438	58.8
197	-1.456787	11.733382	495.256454	0.014698	45.9
198	-1.464572	12.733382	480.574959	0.014416	49.4
199	-1.468632	11.847238	493.539780	0.012937	45.6
200	-1.469077	12.847181	478.959194	0.018040	47.3
201	-1.476114	13.847181	465.214633	0.012642	61.1
202	-1.442837	14.847181	452.236914	0.015638	49.3
203	-1.443627	13.961030	463.699692	0.014579	58.1
204	-1.466611	13.182591	474.259507	0.012265	49.9
205	-1.484667	12.439104	484.804212	0.014778	63.7
206	-1.478296	13.438713	470.732425	0.016921	55.4
207	-1.466593	12.552561	483.164863	0.016418	46.6
208	-1.453683	13.552561	469.181389	0.014868	63.6
209	-1.445810	14.552561	455.984551	0.013305	52.4
210	-1.463268	13.666410	467.640544	0.013702	68.2
211	-1.488120	12.780258	479.908078	0.013296	48.0
212	-1.472620	11.899689	492.752949	0.015740	64.8
213	-1.459921	11.013540	506.392572	0.014475	51.9
214	-1.468576	12.013540	491.053636	0.014888	55.8
215	-1.453696	11.127707	504.593075	0.013995	53.9
216	-1.481017	12.127707	489.361321	0.013651	48.7
217	-1.481196	13.127707	475.022201	0.013987	48.3
218	-1.453242	12.241556	487.685318	0.016427	47.8
219	-1.469147	11.355635	501.038500	0.015602	69.8
220	-1.473277	10.469483	515.147284	0.013655	48.6
221	-1.463163	11.469483	499.281700	0.017593	49.2
222	-1.467583	10.583358	513.289907	0.013164	55.0
223	-1.457947	11.583358	497.536776	0.013849	59.7
224	-1.443098	11.792685	494.360826	0.015344	57.9
225	-1.480546	10.906533	508.090888	0.015441	56.7
226	-1.470307	10.031935	522.410816	0.013128	63.8
227	-1.463325	9.709620	527.893818	0.014861	59.4
228	-1.457028	8.823468	543.579251	0.013143	47.8
229	-1.480500	9.823466	525.944057	0.016429	54.1
230	-1.462202	8.937314	541.512128	0.014160	52.7
231	-1.470521	8.051162	558.029949	0.016071	56.3
232	-1.493119	8.972421	540.877853	0.012635	49.1
233	-1.470645	8.086343	557.354998	0.015023	48.4
234	-1.471081	9.086343	538.829815	0.015171	76.5
235	-1.470655	10.086343	521.496486	0.015990	58.7
236	-1.472177	9.200191	536.798540	0.014187	62.0
237	-1.463198	10.200191	519.593565	0.015703	49.6
238	-1.475673	11.200191	503.457214	0.016779	57.5
239	-1.463284	12.200154	488.293480	0.014544	48.0
240	-1.474660	13.200154	474.015957	0.015622	47.5
241	-1.471695	12.314002	486.624770	0.013222	52.4
242	-1.463967	11.427850	499.922703	0.016147	61.6
243	-1.473195	12.427850	484.967428	0.012872	65.8
244	-1.477884	13.427850	470.880942	0.013946	49.8
245	-1.461968	12.541699	483.321336	0.016738	46.3
246	-1.482743	13.541699	469.328934	0.015222	58.0
247	-1.484332	14.541699	456.123912	0.015927	69.3
248	-1.486869	15.541699	443.641627	0.015173	73.7
249	-1.494775	16.540488	431.838251	0.015153	46.4
250	-1.480714	15.654336	442.278331	0.013653	55.4
251	-1.463505	14.931268	451.178588	0.014077	92.8
252	-1.473420	15.931268	438.961878	0.015394	95.3
253	-1.480494	16.931268	427.389317	0.015500	73.5
254	-1.482830	16.045116	437.612845	0.013121	60.9
255	-1.462539	15.158964	448.337471	0.017191	63.0
256	-1.485277	16.158964	436.272079	0.014557	58.4
257	-1.476940	17.158964	424.839062	0.016696	55.2
258	-1.481691	16.272813	434.939503	0.015806	62.6
259	-1.480603	15.386661	445.531912	0.012888	46.7
260	-1.481276	16.384085	433.644923	0.012746	47.9
261	-1.476185	15.497943	444.173494	0.013410	61.4
262	-1.461465	14.611907	455.224678	0.016339	49.0
263	-1.476053	15.611907	442.790890	0.012603	50.8
264	-1.488317	16.611907	431.018264	0.016334	45.4
265	-1.478820	15.725755	441.418257	0.015314	48.8
266	-1.471335	15.267629	446.994163	0.011480	46.8
267	-1.453214	14.381478	458.189417	0.014881	65.1
268	-1.499535	15.381478	445.595387	0.015126	61.3
269	-1.493056	14.501556	456.639672	0.014952	64.8
270	-1.484925	13.669626	467.597166	0.014847	55.8
271	-1.498035	14.669363	454.491404	0.015470	56.0
272	-1.476659	15.669363	442.097095	0.016657	49.7
273	-1.463916	14.783211	453.045388	0.014578	49.2
274	-1.482633	13.897059	464.549708	0.013081	47.0
275	-1.494912	13.010907	476.653517	0.014713	50.1
276	-1.481005	14.010907	463.039088	0.015156	51.6
277	-1.470045	15.010907	450.180787	0.013209	51.4
278	-1.466016	14.124756	461.538259	0.013304	54.4
279	-1.485927	15.124755	448.762041	0.016342	50.9
280	-1.481283	16.124017	436.682768	0.016589	44.2
281	-1.487797	15.237866	447.361299	0.014371	59.0
282	-1.484878	15.878090	439.594854	0.016727	70.1
283	-1.474745	16.878090	427.989336	0.015056	61.2
284	-1.485828	15.991939	438.241927	0.016402	50.1
285	-1.508667	16.991939	426.706800	0.013271	48.4
286	-1.468922	16.105787	436.897311	0.013644	55.0
287	-1.488888	17.105713	425.432766	0.013850	47.0
288	-1.486738	18.105713	414.553722	0.012839	48.7
289	-1.482040	17.219561	424.165488	0.014387	47.8
290	-1.483811	16.333409	434.233546	0.014930	63.3
291	-1.503779	17.333409	422.905737	0.015226	67.5
292	-1.471918	16.447404	432.911687	0.012467	63.3
293	-1.485169	17.447404	421.651845	0.016028	49.5
294	-1.462169	18.430589	411.138134	0.015818	62.9
295	-1.491638	17.544437	420.590361	0.015248	45.2
296	-1.485181	18.544437	409.954469	0.014458	52.6
297	-1.488777	19.544437	399.843230	0.015890	47.5
298	-1.499426	18.660617	408.753565	0.017477	48.9
299	-1.465938	19.660617	398.700753	0.013250	48.9
300	-1.492449	20.660617	389.130545	0.013416	62.6
301	-1.479903	19.774469	397.587485	0.015915	66.1
302	-1.503835	20.774469	388.070009	0.014963	52.0
303	-1.497489	21.774469	378.997541	0.013633	51.8
304	-1.484121	20.888318	387.015273	0.015484	48.9
305	-1.478271	21.888318	377.991481	0.015991	50.3
306	-1.493418	22.887327	369.387241	0.014376	49.5
307	-1.489373	23.887327	361.158031	0.013273	50.3
308	-1.499600	23.001175	368.431491	0.014830	48.6
309	-1.488345	22.123823	375.927213	0.014267	49.6
310	-1.481347	21.304760	383.205543	0.015158	60.0
311	-1.488512	20.418738	391.403009	0.013731	67.6
312	-1.497677	19.653937	398.766265	0.015277	50.3
313	-1.483348	18.767785	407.652036	0.018917	50.1
314	-1.493813	19.767785	397.652669	0.015039	47.7
315	-1.498129	20.767785	388.132110	0.017696	52.9
316	-1.473873	19.881634	396.545275	0.013404	50.8
317	-1.490039	18.995482	405.331249	0.014881	50.5
318	-1.480402	18.109330	414.515374	0.015957	51.0
319	-1.482124	19.109330	404.180737	0.015632	66.4
320	-1.466684	20.109330	394.348888	0.013905	64.4
321	-1.467362	21.109235	384.984879	0.015854	48.2
322	-1.485082	20.223083	393.260703	0.014879	53.4
323	-1.484369	21.223083	383.946829	0.016202	51.8
324	-1.495924	22.183810	375.405015	0.015518	50.5
325	-1.485033	23.183646	366.909936	0.012398	47.8
326	-1.490233	24.183646	358.789521	0.014163	52.2
327	-1.494846	23.298851	365.955738	0.012420	52.4
328	-1.514035	22.412699	373.425725	0.015090	64.0
329	-1.490529	21.526553	381.206977	0.013124	65.7
330	-1.508339	22.526553	372.448945	0.016435	53.6
331	-1.493721	23.526552	364.084303	0.016036	49.0
332	-1.483738	24.526552	356.087117	0.014341	50.3
333	-1.492065	25.526552	348.433700	0.015073	49.5
334	-1.491893	24.885942	353.298156	0.015448	50.8
335	-1.474210	25.885942	345.762890	0.013608	49.6
336	-1.484936	24.999790	352.423755	0.015811	51.9
337	-1.495154	24.113638	359.346293	0.016055	60.6
338	-1.505458	23.227487	366.546235	0.017072	65.8
339	-1.492800	24.227487	358.441734	0.012784	57.6
340	-1.512600	23.353848	365.501970	0.016705	51.2
341	-1.492581	24.353848	357.443074	0.013787	61.5
342	-1.485747	25.353848	349.731889	0.015239	60.2
343	-1.495870	26.353848	342.346388	0.015245	55.3
344	-1.500652	27.353848	335.266364	0.014272	50.7
345	-1.494390	28.119605	330.039680	0.014602	53.4
346	-1.479281	27.381102	335.077501	0.012296	65.0
347	-1.494562	28.381102	328.291960	0.014611	67.4
348	-1.505203	27.494950	334.290862	0.013505	55.0
349	-1.497971	26.608798	340.513082	0.014499	47.8
350	-1.482694	25.722649	346.971306	0.014170	49.5
351	-1.497234	24.841825	353.638158	0.014702	49.4
352	-1.469109	25.841825	346.088535	0.013717	48.6
353	-1.501664	24.955774	352.761304	0.017173	50.8
354	-1.492598	24.069622	359.697240	0.017408	49.2
355	-1.480104	25.069622	351.889552	0.014572	59.8
356	-1.501609	24.183470	358.790915	0.016623	65.8
357	-1.502103	23.297319	365.968397	0.016091	58.4
358	-1.500253	24.178647	358.829221	0.014068	48.4
359	-1.499171	25.176588	351.074416	0.015415	48.9
360	-1.489061	26.176588	343.632708	0.014211	51.0
361	-1.507825	27.176588	336.499934	0.014680	50.1
362	-1.492233	28.176588	329.657248	0.016421	50.8
363	-1.516157	29.176588	323.087307	0.016048	51.4
364	-1.490122	28.290436	328.895824	0.015255	57.3
365	-1.501204	27.404285	334.917018	0.017014	64.6
366	-1.501193	28.374889	328.333269	0.013405	61.1
367	-1.495234	29.374889	321.815473	0.012544	49.2
368	-1.499014	30.374865	315.551557	0.014924	49.9
369	-1.487380	29.488713	321.089954	0.018473	47.9
370	-1.505287	28.602562	326.826239	0.013804	51.7
371	-1.504072	29.602562	320.367549	0.012766	48.9
372	-1.497141	30.596638	314.195254	0.016160	46.8
373	-1.491763	31.596638	308.221579	0.012562	48.9
374	-1.531707	32.596636	302.470826	0.014637	64.5
375	-1.510901	33.596636	296.930726	0.015968	64.8
376	-1.508307	34.596635	291.589927	0.014831	48.3
377	-1.506552	33.710485	296.312833	0.013264	50.8
378	-1.500152	32.824611	301.189703	0.015394	48.8
379	-1.503805	33.818040	295.731456	0.013730	51.6
380	-1.505133	34.818032	290.433362	0.015116	50.8
381	-1.469476	33.931880	295.118583	0.016973	49.1
382	-1.477542	34.931880	289.842190	0.017638	50.3
383	-1.512712	35.931880	284.751155	0.012563	58.0
384	-1.503749	36.931880	279.835880	0.014525	65.6
385	-1.498138	37.931880	275.087416	0.015797	61.3
386	-1.509822	37.045728	279.287022	0.013836	50.8
387	-1.504964	36.159577	283.616842	0.014960	49.1
388	-1.496412	37.159577	278.740313	0.015529	49.2
389	-1.485284	36.273425	283.053068	0.015164	51.3
390	-1.514626	35.387274	287.501374	0.014145	48.7
391	-1.509330	36.387274	282.491529	0.012878	50.1
392	-1.497383	35.509153	286.881290	0.015271	52.9
393	-1.507877	34.623001	291.451707	0.013178	64.5
394	-1.485710	35.623001	286.304476	0.013434	64.6
395	-1.495277	36.623001	281.335896	0.012946	48.8
396	-1.487410	37.623001	276.536826	0.014848	51.8
397	-1.493506	38.623001	271.898736	0.016035	47.7
398	-1.499350	37.736850	276.000821	0.016800	49.4
399	-1.517653	38.736850	271.380543	0.015538	48.8
400	-1.498740	37.850698	275.466889	0.014096	50.3
401	-1.499795	38.726236	271.428768	0.015310	51.3
402	-1.479899	39.726236	266.959057	0.014960	66.5
403	-1.515269	40.599139	263.176060	0.015932	65.3
404	-1.501703	39.713335	267.015782	0.016636	51.0
405	-1.497297	40.708208	262.710895	0.013280	50.6
406	-1.505206	39.822057	266.538482	0.015587	56.7
407	-1.510457	39.845033	266.437832	0.019214	49.7
408	-1.502859	38.958881	270.375603	0.012724	50.0
409	-1.516437	38.072730	274.431515	0.013761	48.7
410	-1.488325	37.201782	278.538184	0.014590	65.9
411	-1.509541	38.201774	273.833325	0.012647	60.6
412	-1.503590	39.201774	269.284733	0.014601	73.1
413	-1.503830	38.319581	273.289500	0.016237	63.6
414	-1.503571	39.319581	268.758807	0.014999	48.9
415	-1.524301	38.433430	272.765997	0.013238	47.0
416	-1.501288	39.433430	268.252502	0.014325	48.1
417	-1.508837	40.433416	263.886005	0.014587	44.0
418	-1.513033	39.547278	267.748100	0.015055	44.8
419	-1.504635	40.547278	263.397817	0.017311	54.5
420	-1.514085	39.661126	267.245593	0.015392	73.2
421	-1.478360	40.661126	262.911491	0.013006	49.8
422	-1.532974	41.661126	258.715726	0.016238	45.8
423	-1.503300	40.776031	262.422472	0.015662	43.0
424	-1.499992	39.889879	266.241598	0.015699	75.1
425	-1.509015	40.889879	261.939738	0.014792	47.5
426	-1.477188	41.889879	257.774684	0.013934	47.2
427	-1.504869	42.889879	253.740013	0.014024	42.4
428	-1.502973	42.004691	257.304946	0.012781	43.7
429	-1.506232	43.004691	253.284851	0.012693	43.7
430	-1.522337	42.118597	256.840607	0.015250	54.4
431	-1.520411	41.232445	260.497858	0.013587	44.8
432	-1.512167	40.376811	264.129372	0.013315	42.5
433	-1.508792	39.490660	267.998708	0.015525	44.2
434	-1.497805	38.604508	271.983097	0.013840	42.3
435	-1.510049	37.726351	276.050162	0.016462	52.3
436	-1.511457	38.726351	271.428246	0.016010	61.5
437	-1.501256	39.726351	266.958552	0.015404	45.3
438	-1.513513	38.840199	270.911844	0.014421	43.8
439	-1.513027	37.954047	274.983981	0.015793	45.1
440	-1.498660	37.067896	279.180406	0.016555	46.0
441	-1.489266	38.067896	274.453973	0.014281	44.9
442	-1.503583	39.067896	269.884911	0.013028	58.4
443	-1.492423	38.181744	273.926004	0.016902	49.4
444	-1.513862	37.412462	277.533561	0.016193	42.4
445	-1.524366	38.412462	272.862259	0.014494	62.1
446	-1.515239	39.412462	268.345604	0.013810	50.8
447	-1.521546	40.412462	263.976041	0.015309	45.8
448	-1.513800	39.526488	267.840068	0.014521	47.3
449	-1.510211	40.526488	263.486820	0.015452	46.2
450	-1.499376	40.140953	265.148280	0.016616	44.4
451	-1.529601	41.140953	260.881396	0.013972	47.1
452	-1.497995	40.278234	264.554272	0.013472	53.5
453	-1.516551	39.392083	268.436158	0.016934	45.8
454	-1.505410	40.392083	264.063670	0.013903	58.5
455	-1.520811	39.513114	267.899265	0.015172	46.5
456	-1.521007	40.513114	263.544108	0.015213	48.0
457	-1.518493	39.626962	267.396191	0.015032	60.6
458	-1.500565	38.740810	271.362551	0.013596	57.0
459	-1.505222	38.439036	272.740268	0.016418	52.5
460	-1.508546	39.439017	268.227704	0.016797	46.2
461	-1.522960	38.552865	272.218955	0.012412	45.7
462	-1.514150	37.666713	276.330781	0.015312	43.5
463	-1.507360	36.780620	280.568443	0.017201	54.5
464	-1.517080	37.780620	275.795297	0.013296	44.2
465	-1.519474	36.894469	280.016710	0.016119	45.6
466	-1.538779	36.008317	284.369361	0.016514	45.1
467	-1.508075	37.008317	279.467144	0.014289	65.3
468	-1.537324	38.008317	274.731080	0.015187	55.1
469	-1.507339	37.122165	278.919730	0.013736	49.1
470	-1.514313	36.236282	283.236755	0.015609	55.2
471	-1.516820	37.236282	278.373176	0.016464	47.2
472	-1.493386	38.236279	273.673819	0.016928	59.0
473	-1.512046	39.236279	269.130480	0.013211	44.3
474	-1.516344	40.236279	264.735529	0.013129	48.2
475	-1.516500	41.236174	260.482249	0.017662	49.7
476	-1.513955	42.236165	256.363092	0.017436	56.4
477	-1.516463	41.350013	260.006661	0.014046	43.7
478	-1.522627	40.463861	263.755292	0.015161	46.8
479	-1.512752	41.463861	259.532766	0.013559	45.6
480	-1.513965	40.598400	263.179218	0.012734	50.6
481	-1.511293	39.712248	267.020564	0.014086	50.6
482	-1.520323	40.662234	262.906770	0.013504	45.9
483	-1.500356	39.776082	266.740108	0.013448	62.5
484	-1.523251	40.351201	264.239629	0.013790	55.7
485	-1.526336	39.465050	268.112220	0.014942	49.4
486	-1.527479	38.578898	272.100009	0.016310	49.4
487	-1.522529	39.578898	267.608346	0.016302	51.0
488	-1.506702	38.692746	271.581050	0.015345	44.0
489	-1.515571	39.692746	267.106363	0.014546	43.6
490	-1.497819	40.692746	262.776739	0.017075	43.7
491	-1.533238	41.692746	258.585238	0.015328	54.8
492	-1.541978	40.807264	262.289859	0.012992	46.0
493	-1.521984	39.921113	266.105098	0.016746	53.1
494	-1.496224	40.921113	261.807612	0.016749	43.9
495	-1.493933	40.034961	265.608733	0.013021	58.5
496	-1.533859	39.148809	269.521855	0.013491	53.8
497	-1.517415	38.262658	273.552003	0.015405	44.5
498	-1.508653	39.262658	269.012674	0.013665	55.5
499	-1.502055	38.376506	273.027495	0.014967	59.4
