1:ItNr	2:Metric	3a:Time	3b:StepSize	4:||Gradient||	Time[ms]
0	-1.349953	0.000000	824.736239	0.024801	39336.8
1	-1.332686	0.000000	824.736239	0.023404	45.8
2	-1.388786	0.000000	824.736239	0.019811	48.3
3	-1.356652	0.999971	787.249278	0.019755	47.9
4	-1.342396	0.058365	822.450415	0.020256	46.6
5	-1.361872	0.000000	824.736239	0.020468	45.4
6	-1.349378	0.000000	824.736239	0.025064	46.8
7	-1.344316	1.000000	787.248243	0.027957	48.7
8	-1.334317	2.000000	753.020058	0.022910	46.4
9	-1.368206	3.000000	721.644222	0.028137	45.4
10	-1.359982	2.058394	751.113070	0.028608	48.0
11	-1.345474	1.116803	783.090608	0.021145	47.2
12	-1.343725	2.116803	749.215224	0.021821	50.6
13	-1.341644	3.116803	718.149116	0.026573	46.0
14	-1.347096	2.175740	747.309948	0.022082	45.6
15	-1.345472	1.234134	778.958192	0.023030	44.9
16	-1.348091	2.234134	745.431736	0.019526	48.3
17	-1.354216	3.234134	714.672162	0.019968	47.6
18	-1.355268	4.234134	686.350518	0.021879	48.7
19	-1.360161	5.234119	660.188394	0.023452	47.6
20	-1.349002	4.292513	684.766305	0.024786	45.8
21	-1.353124	5.292511	658.722220	0.018871	52.1
22	-1.335106	6.292304	634.591397	0.022603	45.9
23	-1.341537	7.059783	617.234311	0.022073	48.3
24	-1.321988	8.059576	595.998408	0.021323	46.1
25	-1.339261	7.117970	615.957014	0.018410	45.7
26	-1.340510	8.117970	594.803169	0.028913	49.5
27	-1.335886	9.116306	575.085829	0.017859	53.4
28	-1.349116	8.174701	593.646558	0.021450	48.0
29	-1.331320	7.314952	611.671926	0.024820	47.7
30	-1.342219	8.314952	590.806399	0.019173	47.6
31	-1.338460	7.374091	610.397045	0.021726	46.4
32	-1.330866	8.374091	589.616928	0.022257	48.3
33	-1.338491	7.432485	609.143419	0.026143	46.5
34	-1.323489	6.490888	630.007328	0.031652	45.4
35	-1.337672	7.490888	607.894738	0.025645	47.6
36	-1.332391	6.549283	628.671945	0.019504	46.5
37	-1.357847	7.549283	606.651358	0.022440	50.8
38	-1.321088	6.607677	627.342211	0.019810	44.9
39	-1.348506	5.666071	649.494293	0.017643	44.7
40	-1.346544	5.230248	660.285836	0.028504	47.7
41	-1.337867	4.288642	684.871138	0.021864	46.4
42	-1.348317	5.288642	658.819160	0.025457	49.9
43	-1.344030	4.347036	683.293337	0.024120	44.7
44	-1.329308	5.347036	657.358985	0.027173	44.6
45	-1.337639	4.566394	677.430721	0.022247	46.3
46	-1.347296	5.566394	651.931185	0.024761	46.0
47	-1.361768	6.566394	628.281695	0.023770	45.1
48	-1.351778	7.566394	606.287960	0.021254	49.9
49	-1.342551	8.566394	585.781978	0.024075	47.3
50	-1.346290	9.566394	566.617729	0.019075	44.9
51	-1.315798	10.540814	549.112681	0.024343	48.1
52	-1.343859	9.599208	566.010099	0.026682	49.1
53	-1.338670	10.525592	549.377823	0.020258	48.0
54	-1.321811	9.583994	566.291674	0.026322	54.8
55	-1.350951	8.665222	583.830479	0.021859	50.3
56	-1.329635	7.738368	602.659856	0.022795	48.9
57	-1.332163	6.796763	623.074749	0.022024	44.8
58	-1.347725	7.243795	613.212959	0.021494	49.6
59	-1.326658	6.302313	634.358756	0.020948	48.1
60	-1.336839	5.360707	657.018081	0.018488	47.2
61	-1.319513	6.360707	633.004883	0.024375	47.5
62	-1.330468	5.419101	655.565870	0.018570	46.8
63	-1.347518	4.494179	679.349627	0.026133	45.6
64	-1.335074	3.553144	705.386689	0.023763	47.3
65	-1.331146	2.611538	733.516839	0.025010	46.6
66	-1.343543	1.669933	763.983785	0.020019	48.2
67	-1.343253	2.669930	731.707325	0.021626	47.3
68	-1.339957	1.728324	762.021034	0.024516	45.0
69	-1.349219	0.821353	793.693285	0.022752	45.2
70	-1.323914	0.000000	824.736239	0.021311	48.2
71	-1.339895	0.000000	824.736239	0.022363	48.1
72	-1.333608	1.000000	787.248228	0.024816	48.6
73	-1.335666	2.000000	753.020044	0.019316	49.6
74	-1.324545	2.999998	721.644266	0.023565	48.0
75	-1.350954	2.058392	751.113117	0.020095	48.3
76	-1.334843	3.058370	719.893370	0.025964	44.3
77	-1.324232	3.821897	697.749283	0.022146	47.2
78	-1.333936	2.880292	725.261704	0.024532	46.3
79	-1.339519	1.938712	755.031960	0.024787	44.6
80	-1.341030	2.459242	738.278800	0.025113	46.4
81	-1.327508	1.517636	769.150936	0.022959	45.5
82	-1.332414	2.517636	736.445653	0.025323	53.1
83	-1.333937	3.517636	706.408269	0.020408	47.2
84	-1.364575	4.517636	678.725131	0.024944	47.6
85	-1.330660	5.517636	653.129896	0.020665	49.4
86	-1.340813	6.517636	629.394939	0.025503	44.6
87	-1.327087	5.576031	651.694803	0.025920	44.7
88	-1.311101	6.572289	628.147366	0.024615	51.6
89	-1.344822	5.630684	650.357353	0.021300	46.5
90	-1.334829	4.689095	674.195053	0.021401	46.8
91	-1.343858	5.687651	648.969106	0.026311	45.2
92	-1.336725	5.050814	664.833787	0.023939	44.4
93	-1.319134	4.109270	689.763633	0.026380	47.8
94	-1.339654	5.109270	663.345290	0.020746	46.7
95	-1.336232	6.109269	638.875979	0.023030	52.3
96	-1.327811	7.109269	616.147676	0.021508	47.9
97	-1.333504	8.107953	595.007858	0.024880	46.7
98	-1.340753	8.726132	582.634194	0.024478	49.8
99	-1.338221	7.784526	601.693451	0.026241	47.3
100	-1.330158	6.842921	622.041818	0.023398	46.4
101	-1.323259	5.901315	643.814661	0.021317	45.0
102	-1.331427	4.960952	667.135060	0.026538	45.8
103	-1.324688	5.960952	642.390567	0.020325	45.0
104	-1.349077	6.960716	619.421235	0.022319	47.8
105	-1.345424	6.019110	641.007829	0.023042	47.6
106	-1.347208	7.018862	618.135773	0.025202	45.4
107	-1.342239	6.077445	639.626857	0.019695	45.2
108	-1.336318	7.077445	616.846055	0.030674	45.8
109	-1.340870	8.077445	595.632153	0.020263	45.8
110	-1.327550	9.077445	575.828870	0.024890	46.6
111	-1.325963	10.077397	557.300891	0.018680	46.7
112	-1.345210	9.178380	573.902939	0.020972	47.6
113	-1.314029	10.178302	555.497246	0.019899	48.1
114	-1.342846	9.236696	572.796073	0.021320	48.6
115	-1.331157	10.236696	554.458792	0.020293	46.1
116	-1.349947	11.233135	537.318536	0.022526	45.6
117	-1.323504	11.709204	529.498096	0.020297	46.2
118	-1.333606	12.709204	513.790277	0.020332	73.3
119	-1.319380	11.767598	528.554491	0.028628	62.4
120	-1.346972	10.825992	544.192336	0.024579	60.2
121	-1.340564	9.884386	560.783716	0.021526	50.8
122	-1.341388	10.884386	543.195681	0.020156	51.1
123	-1.350157	9.942781	559.725420	0.024740	52.6
124	-1.329820	10.942781	542.202669	0.030657	50.0
125	-1.337903	11.942781	525.743746	0.020356	54.3
126	-1.349453	12.942781	510.254628	0.022822	51.1
127	-1.332454	12.021966	524.483043	0.017981	52.4
128	-1.342789	11.084224	539.812377	0.025654	55.5
129	-1.322651	12.084110	523.497863	0.025971	54.0
130	-1.318252	11.142505	538.833586	0.031130	53.4
131	-1.340450	10.200899	555.094937	0.025946	55.5
132	-1.335516	10.895023	543.014525	0.021958	51.9
133	-1.352783	9.953418	559.533075	0.021516	51.6
134	-1.323437	9.253924	572.469904	0.024198	52.2
135	-1.326023	10.250353	554.216489	0.019368	52.8
136	-1.343008	11.250353	537.031670	0.029759	52.5
137	-1.342908	10.318663	553.007671	0.024235	54.5
138	-1.314988	11.318487	535.899500	0.023744	50.3
139	-1.327104	12.318487	519.815351	0.020438	52.4
140	-1.336933	13.318473	504.668760	0.024407	54.9
141	-1.318614	12.380266	518.853296	0.024614	55.2
142	-1.320598	11.438660	533.914190	0.027145	49.6
143	-1.336125	10.497055	549.875576	0.024961	47.2
144	-1.348159	11.497055	532.954794	0.033752	47.9
145	-1.312042	10.560579	548.768805	0.026870	48.4
146	-1.339803	11.560579	531.915026	0.025373	49.2
147	-1.350645	10.618973	547.755328	0.025299	51.9
148	-1.339442	10.953133	542.027011	0.023988	51.1
149	-1.316833	11.953133	525.578590	0.023301	48.0
150	-1.334895	12.953133	510.099058	0.025828	55.6
151	-1.323376	13.953133	495.505257	0.024203	50.2
152	-1.322254	14.953133	481.723280	0.020939	48.1
153	-1.318992	14.011528	494.678804	0.019951	49.8
154	-1.342521	14.967284	481.533747	0.026262	47.3
155	-1.320467	15.967284	468.507804	0.018210	47.4
156	-1.325041	15.026076	480.747911	0.024145	47.9
157	-1.332513	16.026075	467.763896	0.026431	50.1
158	-1.333839	15.084469	479.969955	0.020423	46.1
159	-1.342270	16.084393	467.028302	0.023753	47.5
160	-1.341685	17.084393	454.765318	0.026849	47.9
161	-1.336194	16.142787	466.294060	0.021396	48.3
162	-1.337156	17.142787	454.069100	0.028773	47.1
163	-1.329710	16.343165	463.792000	0.019669	46.1
164	-1.322058	17.342966	451.698522	0.026895	47.7
165	-1.338479	18.342966	440.217473	0.022592	48.5
166	-1.335740	17.401360	451.011655	0.023406	50.0
167	-1.341848	16.459779	462.348191	0.020821	47.1
168	-1.349321	15.518173	474.269644	0.026035	47.5
169	-1.334267	16.517994	461.630789	0.019672	47.0
170	-1.347428	15.576388	473.514800	0.020797	45.2
171	-1.336483	14.634782	486.026851	0.022220	46.7
172	-1.360397	13.693271	499.216721	0.021033	45.7
173	-1.326092	14.693271	485.230423	0.025845	48.9
174	-1.324278	13.751665	498.377872	0.018228	51.2
175	-1.319983	12.810073	512.257424	0.024256	47.0
176	-1.338343	11.868468	526.932417	0.020613	47.5
177	-1.325467	10.930854	542.405191	0.022772	49.7
178	-1.337366	9.989248	558.886127	0.020857	46.9
179	-1.352880	9.047644	576.399961	0.023717	44.2
180	-1.346851	8.106039	595.047002	0.024487	44.8
181	-1.330690	9.106039	575.281963	0.026534	47.7
182	-1.328906	8.167425	593.794661	0.024249	48.0
183	-1.338002	7.874352	599.821624	0.021906	46.3
184	-1.351895	6.932747	620.041455	0.020927	45.6
185	-1.339936	7.932747	598.611016	0.028536	45.4
186	-1.322271	8.932321	578.620709	0.022039	47.4
187	-1.336059	7.990716	597.414055	0.020123	46.8
188	-1.358330	8.990716	577.494088	0.022993	45.4
189	-1.330774	9.990023	558.872154	0.024022	49.6
190	-1.335275	10.990023	541.401952	0.025606	44.5
191	-1.350819	10.054987	557.703055	0.017367	46.2
192	-1.331388	9.113381	575.141692	0.022974	46.7
193	-1.352206	10.113381	556.656343	0.026257	48.2
194	-1.321659	9.171776	574.028565	0.026829	46.4
195	-1.333022	10.171747	555.614055	0.021334	49.2
196	-1.333208	9.230473	572.913988	0.017917	47.9
197	-1.332737	10.230473	554.569277	0.023551	47.0
198	-1.339115	9.288868	571.809459	0.020848	50.5
199	-1.348015	8.347262	590.155942	0.019439	46.4
200	-1.349283	9.347262	570.709181	0.021250	48.0
201	-1.324920	8.421383	588.669160	0.021731	45.1
202	-1.324591	7.481905	608.086462	0.018664	61.7
203	-1.334365	8.481905	587.460711	0.023207	47.2
204	-1.352316	7.540300	606.842299	0.021450	47.9
205	-1.326004	8.488678	587.325789	0.021592	45.4
206	-1.330637	9.428472	569.186025	0.016723	45.8
207	-1.317671	10.428234	551.079679	0.022975	48.4
208	-1.334075	11.428234	534.085855	0.021283	49.9
209	-1.337356	10.486628	550.057660	0.021641	47.3
210	-1.320202	9.556154	566.807620	0.017399	47.5
211	-1.305434	10.556154	548.845748	0.022307	47.3
212	-1.340826	11.556154	531.987314	0.021599	49.7
213	-1.329590	12.530133	516.534223	0.019750	48.4
214	-1.335231	13.530133	501.575282	0.025129	48.9
215	-1.337804	12.588533	515.636119	0.020519	47.9
216	-1.341653	13.588533	500.728401	0.021519	45.1
217	-1.330771	14.588533	486.658466	0.016612	49.0
218	-1.330717	13.646928	499.884470	0.023496	47.2
219	-1.326302	14.646928	485.861256	0.020195	47.4
220	-1.355523	13.705322	499.043374	0.027865	49.8
221	-1.334587	14.705322	485.066651	0.024033	50.7
222	-1.341533	13.763716	498.205106	0.022398	46.2
223	-1.331198	13.745475	498.466660	0.021239	50.0
224	-1.331251	12.806436	512.312544	0.022571	45.4
225	-1.341549	13.806436	497.593642	0.021201	46.6
226	-1.344174	14.806436	483.696876	0.021725	46.1
227	-1.352162	15.806429	470.555325	0.020829	48.3
228	-1.314336	16.806429	458.108889	0.017504	50.9
229	-1.322340	15.864823	469.809959	0.015231	45.2
230	-1.329236	16.843060	457.665452	0.021608	47.7
231	-1.332234	17.843053	445.883104	0.020705	47.4
232	-1.339690	16.901447	456.960413	0.017918	51.9
233	-1.335630	17.901447	445.213796	0.022924	47.9
234	-1.322462	16.959842	456.257463	0.023482	50.0
235	-1.341784	16.018238	467.862923	0.018635	46.6
236	-1.351518	15.076661	480.073832	0.020980	48.7
237	-1.342566	16.076661	467.125695	0.024341	47.9
238	-1.331221	17.076661	454.857663	0.024788	48.0
239	-1.350469	16.135384	466.387014	0.019764	49.0
240	-1.316425	17.135384	454.157243	0.025931	46.8
241	-1.344896	18.135384	442.552470	0.021819	46.7
242	-1.342114	17.193779	453.462884	0.018279	46.5
243	-1.335407	16.252173	464.924852	0.020836	51.8
244	-1.342817	16.032310	467.685141	0.024284	45.4
245	-1.338014	17.032310	455.388093	0.020230	49.3
246	-1.333517	18.032310	443.721141	0.019175	46.0
247	-1.327713	19.032301	432.637157	0.023224	45.6
248	-1.324637	18.090699	443.058358	0.022114	49.0
249	-1.347551	17.213523	453.228586	0.025077	46.8
250	-1.340169	16.271917	464.678563	0.020650	46.4
251	-1.331989	15.333158	476.684717	0.022221	45.6
252	-1.337055	15.736455	471.451612	0.023271	47.4
253	-1.335623	14.795246	483.848076	0.023837	46.9
254	-1.329144	13.853642	496.919686	0.019958	46.7
255	-1.342589	12.912037	510.717218	0.025780	45.3
256	-1.346026	11.970431	525.302840	0.021056	50.5
257	-1.337170	11.029320	540.737702	0.027985	50.7
258	-1.329402	12.029320	524.366257	0.023504	52.2
259	-1.328464	11.087715	539.753648	0.019508	53.8
260	-1.342913	12.087715	523.440837	0.028906	50.1
261	-1.324706	11.167879	538.408555	0.022801	48.7
262	-1.337766	12.167878	522.175732	0.020720	46.1
263	-1.337192	13.167878	506.893082	0.025095	46.3
264	-1.339216	14.167878	492.479557	0.022330	50.4
265	-1.349647	13.226272	506.028259	0.019311	46.6
266	-1.338013	12.285397	520.332120	0.023477	48.2
267	-1.332295	11.343791	535.480242	0.023221	45.9
268	-1.344675	12.044080	524.132043	0.024402	46.5
269	-1.326036	11.103664	539.485491	0.023028	47.8
270	-1.326325	12.103664	523.188639	0.021110	48.2
271	-1.339962	13.103664	507.847515	0.018914	48.3
272	-1.336611	12.162058	522.267372	0.025176	48.3
273	-1.339815	11.220453	537.530035	0.023115	69.0
274	-1.329121	10.279081	553.707469	0.020948	67.7
275	-1.337269	11.279081	536.553713	0.024200	122.7
276	-1.337622	12.276356	520.473483	0.026694	76.0
277	-1.329647	13.276356	505.288862	0.022545	66.4
278	-1.340387	14.276356	490.965136	0.020363	60.0
279	-1.341450	13.334750	504.429500	0.022742	61.6
280	-1.335026	14.261227	491.175783	0.021908	62.7
281	-1.313605	13.319623	504.651836	0.023732	54.8
282	-1.339806	14.319623	490.363694	0.019544	58.3
283	-1.353831	13.378025	503.794526	0.019329	47.1
284	-1.327174	14.378025	489.554202	0.019042	47.4
285	-1.334799	13.436420	502.940234	0.020551	45.3
286	-1.326915	12.494814	517.078882	0.024592	47.4
287	-1.318786	11.553208	532.035455	0.018014	46.1
288	-1.341916	10.611604	547.883015	0.022058	45.1
289	-1.334445	9.670144	564.701008	0.023981	48.9
290	-1.334687	10.642850	547.342007	0.021838	47.7
291	-1.355762	11.616092	531.009701	0.020662	45.5
292	-1.321145	12.616091	515.213419	0.025419	45.5
293	-1.327211	13.616091	500.329779	0.024852	47.0
294	-1.329955	12.674485	514.319997	0.022627	46.4
295	-1.319486	11.732879	529.115110	0.019207	50.9
296	-1.335226	10.863553	543.550848	0.022137	44.5
297	-1.350438	9.921947	560.102541	0.021682	45.2
298	-1.330307	10.921947	542.556539	0.024200	47.8
299	-1.322831	9.980341	559.046813	0.021477	47.8
300	-1.346096	10.961813	541.879801	0.019993	45.1
301	-1.339717	11.961785	525.440631	0.023327	45.4
302	-1.329618	11.020179	540.892071	0.022276	48.4
303	-1.341446	11.821495	527.686533	0.018629	48.5
304	-1.344293	12.821495	512.084428	0.022282	50.0
305	-1.360116	11.879890	526.749368	0.021877	48.1
306	-1.344580	10.938284	542.279012	0.020421	48.6
307	-1.339910	9.996678	558.752164	0.022335	48.9
308	-1.329770	9.080995	575.760916	0.020626	48.3
309	-1.341027	8.139389	594.365964	0.020307	45.8
310	-1.325353	7.606635	605.435096	0.020267	49.3
311	-1.324744	8.606631	584.985875	0.017354	47.2
312	-1.348441	9.606631	565.872832	0.025608	47.6
313	-1.358471	8.744226	582.279774	0.019345	47.9
314	-1.318609	7.802620	601.315471	0.021604	49.4
315	-1.341455	6.861014	621.637849	0.022538	46.2
316	-1.325367	7.861014	600.098846	0.020867	47.1
317	-1.336329	8.861014	580.002447	0.020295	49.0
318	-1.309949	9.788193	562.535816	0.024609	47.5
319	-1.342519	8.850379	580.209089	0.026334	47.3
320	-1.354683	9.845551	561.489764	0.019170	53.1
321	-1.344170	8.903945	579.169771	0.031051	46.6
322	-1.334916	9.903914	560.429369	0.020005	49.1
323	-1.336099	8.962309	578.041607	0.021851	50.3
324	-1.341771	9.962309	559.372404	0.023060	45.3
325	-1.347853	10.962309	541.871403	0.022770	48.4
326	-1.329071	11.962309	525.432281	0.018427	49.8
327	-1.319809	11.059672	540.225770	0.022462	76.3
328	-1.331061	12.058753	523.899411	0.023074	55.1
329	-1.330578	11.117147	539.259015	0.020481	45.3
330	-1.334990	12.117147	522.975638	0.022496	47.6
331	-1.335502	13.114826	507.681353	0.022149	46.6
332	-1.329551	14.114826	493.223603	0.027717	47.5
333	-1.325226	15.069138	480.173970	0.023587	48.5
334	-1.352747	15.849770	470.001870	0.021760	46.1
335	-1.326338	14.908184	482.326280	0.020713	54.4
336	-1.338502	13.966579	495.314714	0.024496	46.2
337	-1.331316	14.966579	481.543192	0.020556	51.8
338	-1.324164	14.024977	494.488865	0.021631	48.3
339	-1.342965	13.083371	508.149882	0.019807	49.8
340	-1.320235	12.141765	522.587159	0.017521	46.4
341	-1.333524	11.200160	537.868792	0.021547	48.6
342	-1.307294	12.200160	521.668003	0.021265	54.0
343	-1.337890	11.258554	536.895141	0.027225	46.8
344	-1.340963	10.316949	553.037950	0.023691	49.2
345	-1.326853	9.375394	570.180621	0.022797	52.0
346	-1.331664	10.375394	552.007762	0.026403	47.6
347	-1.315837	9.433788	569.086597	0.022362	49.1
348	-1.347231	8.496828	587.163511	0.021152	45.1
349	-1.345497	9.321803	571.188354	0.024499	47.9
350	-1.334531	8.380198	589.494364	0.021016	47.8
351	-1.332977	9.380198	570.090463	0.019114	49.9
352	-1.334274	8.438592	588.325045	0.023451	45.9
353	-1.345766	7.496986	607.764652	0.021478	46.8
354	-1.312701	6.555381	628.532815	0.024894	45.8
355	-1.336620	5.613778	650.770480	0.017825	45.9
356	-1.335678	4.672172	674.639484	0.020375	46.5
357	-1.340686	5.671773	649.355456	0.025189	48.5
358	-1.334583	4.730167	673.118877	0.019285	49.8
359	-1.346283	5.730167	647.936884	0.025635	46.8
360	-1.339360	4.788561	671.594700	0.018316	48.5
361	-1.338176	3.846955	697.045601	0.020153	48.3
362	-1.339708	4.846856	670.080002	0.026999	49.0
363	-1.335476	3.905250	695.414064	0.019036	47.8
364	-1.336129	4.905250	668.569542	0.025391	46.6
365	-1.341949	3.963644	693.787370	0.020631	49.4
366	-1.322963	3.022038	720.982153	0.024814	50.0
367	-1.340223	4.022038	692.168267	0.027038	49.5
368	-1.330622	5.022038	665.568957	0.022096	46.7
369	-1.342468	6.022038	640.938360	0.026656	49.4
370	-1.326718	6.933113	620.033329	0.027237	45.6
371	-1.326198	7.088048	616.613202	0.016089	46.6
372	-1.318624	8.088048	595.415038	0.023040	49.7
373	-1.336109	9.085999	575.665143	0.023470	46.5
374	-1.348352	8.144393	594.263903	0.022907	46.7
375	-1.346170	9.144393	574.549994	0.024014	45.8
376	-1.340770	10.144393	556.102051	0.025769	47.7
377	-1.352432	11.144393	538.801925	0.027215	49.2
378	-1.305231	10.202788	555.061336	0.021913	50.4
379	-1.328190	11.202788	537.824901	0.020533	48.0
380	-1.334420	10.261182	554.024512	0.021023	52.0
381	-1.338662	10.355297	552.361571	0.025494	49.1
382	-1.340752	9.413691	569.462646	0.022473	47.2
383	-1.340816	10.413691	551.334797	0.020403	48.3
384	-1.330312	11.413689	534.325517	0.022186	51.7
385	-1.339622	12.413689	518.334301	0.024654	47.2
386	-1.319739	11.472083	533.364644	0.021220	45.4
387	-1.336670	12.472083	517.430032	0.020593	47.4
388	-1.330903	13.472083	502.419914	0.028001	50.5
389	-1.339322	12.535829	516.446488	0.017341	45.4
390	-1.337594	13.535829	501.492554	0.021440	48.4
391	-1.353458	14.023897	494.504110	0.021004	47.0
392	-1.326200	15.023897	480.776997	0.020073	50.1
393	-1.330522	16.023897	467.791411	0.019961	46.1
394	-1.323447	15.662637	472.400856	0.022500	48.4
395	-1.341725	14.721031	484.853333	0.014902	46.7
396	-1.345968	15.721031	471.649637	0.020245	50.0
397	-1.334483	14.791671	483.896409	0.020097	46.6
398	-1.343744	15.791670	470.744083	0.022511	49.0
399	-1.338956	16.791655	458.287977	0.017885	47.3
400	-1.331102	17.791655	446.473890	0.023015	49.8
401	-1.345943	18.791654	435.253605	0.019098	47.2
402	-1.351887	17.850049	445.802813	0.023376	47.9
403	-1.335718	16.919980	456.737076	0.024947	63.7
404	-1.339232	17.919978	445.001819	0.023802	49.7
405	-1.329254	18.919977	433.854485	0.021083	48.5
406	-1.350321	19.919977	423.251974	0.017516	46.2
407	-1.325459	20.919977	413.155309	0.027752	47.4
408	-1.323838	19.978371	422.648839	0.019194	49.0
409	-1.356484	20.978338	412.580908	0.022712	46.5
410	-1.329974	21.977779	402.986409	0.020449	47.2
411	-1.329448	21.036174	412.013261	0.022513	47.3
412	-1.318739	20.094571	421.453749	0.022924	45.2
413	-1.343044	21.094571	411.441680	0.022102	49.5
414	-1.333050	22.094489	401.895034	0.023431	46.7
415	-1.344223	23.094393	392.781486	0.022392	45.6
416	-1.320638	22.152787	401.352086	0.022311	46.0
417	-1.344984	21.211188	410.304989	0.014896	46.2
418	-1.326121	22.211188	400.809648	0.023499	47.7
419	-1.355804	21.269623	409.737766	0.020006	46.8
420	-1.348464	22.269623	400.268357	0.023943	46.0
421	-1.344714	21.328018	409.172506	0.020010	48.3
422	-1.334319	20.386455	418.481385	0.017703	48.0
423	-1.331814	21.116042	411.231929	0.023075	49.8
424	-1.316419	20.207827	420.295425	0.019299	48.6
425	-1.336602	21.207826	410.337667	0.020599	47.4
426	-1.328356	22.162161	401.264919	0.025831	51.0
427	-1.345391	21.220654	410.212997	0.025534	46.0
428	-1.344309	20.279048	419.570259	0.022861	50.5
429	-1.340266	19.337443	429.364379	0.017578	47.8
430	-1.331155	18.395853	439.626496	0.026674	56.6
431	-1.361561	19.395853	428.743535	0.019728	46.7
432	-1.323312	20.395853	418.386374	0.018543	46.2
433	-1.329841	19.454252	428.124615	0.025941	46.8
434	-1.322638	20.451169	417.828044	0.024594	55.2
435	-1.322895	19.509564	427.540053	0.019604	54.5
436	-1.347356	20.509564	417.240257	0.019283	48.4
437	-1.342826	21.509561	407.425072	0.021096	46.4
438	-1.359613	20.567971	416.653996	0.021018	49.8
439	-1.350572	21.567971	406.866026	0.019293	48.3
440	-1.345628	20.626365	416.069505	0.022127	60.7
441	-1.337979	21.626365	406.308656	0.024667	48.6
442	-1.331740	22.626365	396.995282	0.023230	47.7
443	-1.340211	23.626365	388.099301	0.024594	50.1
444	-1.329236	24.626362	379.593293	0.018942	48.6
445	-1.334166	23.684865	387.591211	0.030219	48.6
446	-1.341108	24.684865	379.107194	0.019539	48.3
447	-1.328083	23.743259	387.085367	0.025579	47.6
448	-1.324293	22.882819	394.675217	0.024735	46.3
449	-1.352178	23.882819	385.881758	0.027460	49.3
450	-1.328043	24.882819	377.471600	0.021581	50.6
451	-1.347140	25.882819	369.420216	0.019910	46.3
452	-1.351812	24.941224	376.991719	0.026299	47.0
453	-1.345096	25.941224	368.960575	0.025764	48.7
454	-1.341305	24.999618	376.513146	0.019408	49.5
455	-1.337289	24.071077	384.269962	0.019385	45.3
456	-1.313540	25.071077	375.929155	0.018404	47.3
457	-1.344612	26.071077	367.942740	0.023932	49.0
458	-1.332404	25.129503	375.453017	0.023471	47.9
459	-1.336032	24.188804	383.268848	0.020641	45.9
460	-1.330642	25.086038	375.807115	0.021540	50.5
461	-1.362183	24.144432	383.645560	0.019996	45.2
462	-1.348510	23.202859	391.817663	0.032729	51.0
463	-1.333592	22.270472	400.260507	0.020190	46.0
464	-1.335996	23.270472	391.219255	0.023202	47.9
465	-1.315358	22.329210	399.717902	0.021512	49.0
466	-1.324221	21.387605	408.597305	0.027787	48.7
467	-1.358742	20.445999	417.880168	0.022639	45.8
468	-1.324751	19.504393	427.594629	0.019743	48.2
469	-1.353594	20.504393	417.292235	0.022111	49.0
470	-1.340659	21.504393	407.474609	0.022817	48.0
471	-1.328242	20.562788	416.705953	0.028948	48.3
472	-1.317324	21.562788	406.915571	0.023250	47.0
473	-1.327351	22.562788	397.574673	0.024506	48.0
474	-1.339353	21.621182	406.358065	0.021600	47.4
475	-1.335162	22.621182	397.042452	0.021512	47.0
476	-1.323024	23.621182	388.144381	0.024855	47.3
477	-1.357564	24.621158	379.636591	0.019199	46.4
478	-1.323441	23.679553	387.637297	0.020482	46.9
479	-1.340910	22.737947	395.982487	0.026335	47.2
480	-1.333578	23.737947	387.131333	0.027992	46.4
481	-1.345807	22.796341	395.454518	0.023974	48.4
482	-1.319011	21.854736	404.143458	0.024426	48.4
483	-1.335451	20.913130	413.222803	0.019010	48.1
484	-1.321001	21.913129	403.593523	0.017094	46.3
485	-1.325763	21.755642	405.080131	0.023204	48.1
486	-1.329453	20.814099	414.201461	0.021728	47.8
487	-1.343062	21.814085	404.527180	0.022680	47.1
488	-1.336211	22.814085	395.294369	0.019844	45.8
489	-1.360472	21.874117	403.960762	0.024413	50.7
490	-1.345316	20.932511	413.031808	0.025118	47.2
491	-1.343104	21.932511	403.411318	0.021433	48.4
492	-1.348364	20.990908	412.457411	0.020158	46.3
493	-1.332824	20.049302	421.918528	0.027222	46.9
494	-1.336063	19.107741	431.823393	0.020251	46.4
495	-1.354433	18.166136	442.204998	0.022182	48.2
496	-1.334541	17.224530	453.098075	0.025731	47.5
497	-1.339237	18.224530	441.546679	0.021099	46.7
498	-1.341996	19.224526	430.569672	0.019189	46.5
499	-1.338899	20.224520	420.125231	0.022577	48.1
