1:ItNr	2:Metric	3a:Time	3b:StepSize	4:||Gradient||	Time[ms]
0	-1.182095	0.000000	1.196728	0.070000	2488.0
1	-1.199638	0.000000	1.196728	0.083372	24.6
2	-1.190407	0.673588	1.159536	0.102387	23.8
3	-1.201687	1.605220	1.111747	0.119812	26.2
4	-1.206676	2.605220	1.064650	0.076143	23.8
5	-1.183159	3.601064	1.021553	0.113739	27.5
6	-1.227525	4.600365	0.981677	0.066486	24.7
7	-1.213473	4.174386	0.998288	0.065106	28.8
8	-1.197262	3.724114	1.016469	0.097972	22.1
9	-1.217365	3.275063	1.035272	0.102286	24.9
10	-1.217084	4.108748	1.000898	0.080790	22.0
11	-1.223517	4.106592	1.000984	0.066920	26.1
12	-1.240398	5.059259	0.964390	0.105652	24.4
13	-1.225535	5.825766	0.936834	0.064009	26.6
14	-1.236077	5.375648	0.952822	0.095486	23.3
15	-1.213499	4.925524	0.969365	0.175986	28.6
16	-1.233765	5.925140	0.933377	0.111998	35.8
17	-1.229950	6.925140	0.899952	0.067548	41.7
18	-1.244202	6.497528	0.913947	0.126929	38.3
19	-1.249119	6.047517	0.929154	0.087200	21.6
20	-1.244191	5.603386	0.944665	0.142556	24.5
21	-1.242984	5.153121	0.960929	0.097751	23.8
22	-1.242356	6.153121	0.925540	0.110599	26.8
23	-1.241910	5.712905	0.940792	0.105351	24.8
24	-1.255119	6.710007	0.906939	0.083269	26.1
25	-1.228884	6.266079	0.921706	0.084289	23.9
26	-1.235900	7.263573	0.889176	0.128088	29.5
27	-1.259174	6.813296	0.903571	0.123436	23.7
28	-1.253241	7.813296	0.872212	0.082933	28.6
29	-1.267701	7.585465	0.879163	0.075030	22.0
30	-1.263135	7.839394	0.871422	0.103718	26.9
31	-1.247204	8.839380	0.842219	0.107329	23.4
32	-1.245312	9.839380	0.814909	0.089940	31.3
33	-1.281879	10.827203	0.789617	0.108854	24.6
34	-1.259133	11.042973	0.784300	0.159707	29.9
35	-1.267159	12.042973	0.760564	0.168136	23.3
36	-1.275720	13.042973	0.738223	0.156536	27.2
37	-1.281978	14.042973	0.717156	0.161643	24.8
38	-1.276362	15.042973	0.697259	0.101293	27.5
39	-1.275880	16.042973	0.678436	0.120629	24.0
40	-1.266158	15.595417	0.686733	0.134275	27.1
41	-1.267998	16.595417	0.668467	0.109147	24.5
42	-1.274202	17.595417	0.651147	0.098202	25.9
43	-1.297390	17.145248	0.658832	0.169944	24.9
44	-1.275600	18.144817	0.642008	0.071598	28.0
45	-1.270679	17.791159	0.647861	0.077794	24.0
46	-1.271561	18.141445	0.642064	0.116537	27.1
47	-1.292650	17.691167	0.649536	0.106438	24.7
48	-1.275931	18.690584	0.633180	0.068005	29.0
49	-1.322280	18.240356	0.640445	0.131595	24.9
50	-1.294590	19.240354	0.624530	0.093509	26.9
51	-1.273492	20.240354	0.609386	0.048754	23.3
52	-1.284943	19.791148	0.616097	0.115810	27.9
53	-1.316645	19.340872	0.622974	0.195389	25.3
54	-1.274488	20.340872	0.607904	0.125666	26.8
55	-1.300870	21.340872	0.593547	0.105422	24.1
56	-1.287637	22.340872	0.579852	0.192870	29.2
57	-1.283966	23.340872	0.566775	0.139936	20.7
58	-1.314960	24.340872	0.554275	0.262226	25.6
59	-1.296942	25.340872	0.542314	0.187422	22.4
60	-1.290316	26.340872	0.530858	0.193713	26.8
61	-1.283407	27.340041	0.519886	0.157523	24.0
62	-1.301170	28.340041	0.509349	0.230681	29.3
63	-1.278002	29.340041	0.499231	0.164440	22.6
64	-1.322070	30.340041	0.489507	0.169291	28.4
65	-1.308815	29.889771	0.493838	0.166249	28.5
66	-1.293374	30.889771	0.484321	0.222329	28.9
67	-1.281749	31.889771	0.475164	0.159855	24.2
68	-1.307973	32.889771	0.466346	0.173737	26.7
69	-1.284600	33.889771	0.457850	0.163356	24.2
70	-1.293306	34.889771	0.449658	0.216798	28.4
71	-1.284831	35.889771	0.441754	0.104862	24.6
72	-1.313267	36.889771	0.434123	0.219277	29.6
73	-1.299777	36.439494	0.437526	0.218046	21.4
74	-1.298575	37.439494	0.430040	0.212925	25.7
75	-1.294346	38.439494	0.422805	0.203601	24.2
76	-1.297849	39.439494	0.415809	0.145934	29.9
77	-1.319074	40.439494	0.409041	0.186701	20.4
78	-1.284740	41.439494	0.402490	0.230667	25.7
79	-1.294875	42.439494	0.396146	0.209315	22.6
80	-1.324728	43.439494	0.389998	0.131914	29.3
81	-1.283075	44.439494	0.384039	0.232951	23.9
82	-1.294347	45.439494	0.378258	0.117927	27.6
83	-1.285564	46.439494	0.372650	0.124196	23.2
84	-1.287848	45.989217	0.375154	0.259655	26.6
85	-1.294574	46.989217	0.369636	0.141641	24.6
86	-1.302721	47.989217	0.364279	0.218622	27.3
87	-1.309308	47.538940	0.366672	0.165154	25.4
88	-1.303082	48.538940	0.361399	0.233702	26.1
89	-1.301871	49.538940	0.356275	0.211920	24.3
90	-1.315781	50.538940	0.351295	0.222560	28.3
91	-1.289434	51.538940	0.346452	0.151767	24.4
92	-1.301892	52.538940	0.341741	0.190612	27.7
93	-1.304570	53.100786	0.339150	0.250160	24.6
94	-1.300785	54.100786	0.334634	0.144721	30.3
95	-1.320671	55.100786	0.330237	0.198667	21.4
96	-1.285626	56.100786	0.325954	0.186427	26.3
97	-1.328046	57.100786	0.321780	0.248532	23.2
98	-1.330876	58.100786	0.317712	0.147409	30.0
99	-1.302944	59.100786	0.313746	0.135810	21.0
100	-1.318802	58.650523	0.315520	0.286731	26.2
101	-1.295296	59.650523	0.311607	0.148946	23.3
102	-1.296314	60.650523	0.307791	0.156502	28.7
103	-1.295289	60.200246	0.309498	0.197403	23.9
104	-1.285702	61.200246	0.305733	0.231315	27.7
105	-1.308650	62.200246	0.302058	0.236956	24.5
106	-1.305996	63.200246	0.298471	0.226381	28.2
107	-1.280928	64.200246	0.294967	0.160746	23.8
108	-1.316442	65.200246	0.291546	0.234518	28.5
109	-1.293486	66.200246	0.288202	0.174192	23.4
110	-1.291006	67.200246	0.284935	0.191752	30.2
111	-1.291255	68.200158	0.281740	0.233059	28.9
112	-1.296477	69.200158	0.278617	0.223912	27.8
113	-1.315710	70.200158	0.275562	0.270135	21.4
114	-1.294849	71.200158	0.272573	0.170612	26.1
115	-1.296713	72.200158	0.269649	0.148967	22.6
116	-1.283195	71.749881	0.270958	0.229404	27.3
117	-1.301121	72.749881	0.268067	0.180236	23.8
118	-1.283416	73.749881	0.265238	0.147845	27.0
119	-1.314412	74.749881	0.262468	0.234365	23.5
120	-1.285813	75.749881	0.259755	0.242174	27.3
121	-1.293985	76.749881	0.257098	0.244190	22.9
122	-1.288273	77.749881	0.254494	0.227204	27.7
123	-1.293823	78.749881	0.251943	0.242986	24.2
124	-1.308125	79.749881	0.249442	0.296880	27.1
125	-1.303041	80.749881	0.246991	0.267629	23.8
126	-1.286486	81.749881	0.244587	0.239616	27.6
127	-1.308735	82.749881	0.242230	0.287503	24.2
128	-1.312164	83.749881	0.239917	0.230622	27.4
129	-1.290414	84.749881	0.237648	0.266479	24.3
130	-1.316417	85.749881	0.235422	0.274440	26.1
131	-1.307761	86.749881	0.233237	0.247396	23.4
132	-1.298675	87.749881	0.231093	0.310343	28.1
133	-1.295291	88.749881	0.228987	0.190401	24.1
134	-1.322620	89.749881	0.226919	0.152620	27.6
135	-1.304489	89.299604	0.227846	0.257014	22.3
136	-1.283132	90.299604	0.225799	0.197061	27.2
137	-1.315536	91.299604	0.223788	0.261022	24.3
138	-1.303023	92.299604	0.221813	0.256344	29.8
139	-1.306744	93.299604	0.219872	0.239359	21.4
140	-1.312424	94.299604	0.217965	0.204716	26.0
141	-1.295215	95.299604	0.216091	0.257966	23.2
142	-1.320187	96.299604	0.214249	0.282149	28.6
143	-1.280612	97.299604	0.212438	0.213932	22.7
144	-1.330986	98.299604	0.210657	0.286918	27.0
145	-1.293215	99.299604	0.208906	0.273655	22.6
146	-1.320609	100.299604	0.207184	0.239293	27.5
147	-1.295298	101.299604	0.205490	0.267033	24.8
148	-1.316412	102.299604	0.203823	0.259069	27.1
149	-1.328809	103.299604	0.202183	0.322578	25.0
150	-1.300168	104.299604	0.200570	0.237150	27.6
151	-1.310319	105.299604	0.198982	0.167863	23.9
152	-1.312787	106.299604	0.197418	0.195442	28.6
153	-1.292427	107.299604	0.195880	0.161522	24.7
154	-1.316981	108.299604	0.194365	0.184299	26.3
155	-1.305862	109.299604	0.192873	0.334459	24.7
156	-1.289878	110.299604	0.191404	0.259939	27.7
157	-1.298544	111.299604	0.189957	0.221909	23.4
158	-1.321307	112.299604	0.188532	0.224110	25.4
159	-1.296312	113.299604	0.187129	0.155713	26.1
160	-1.307139	114.299604	0.185746	0.258849	30.0
161	-1.286996	115.299604	0.184383	0.168668	25.8
162	-1.304797	116.299604	0.183040	0.210876	27.8
163	-1.303540	117.299592	0.181716	0.243693	23.3
164	-1.300714	118.299592	0.180412	0.193290	29.3
165	-1.305459	119.299592	0.179126	0.209418	23.7
166	-1.314839	120.299592	0.177858	0.231004	27.0
167	-1.311833	121.299592	0.176608	0.268120	25.7
168	-1.311682	122.299592	0.175376	0.251228	30.1
169	-1.310017	123.299592	0.174161	0.233883	21.5
170	-1.301414	124.299592	0.172962	0.244490	27.3
171	-1.285173	125.299592	0.171780	0.155440	26.2
172	-1.288796	126.299592	0.170613	0.189932	28.8
173	-1.316463	127.299592	0.169463	0.348943	24.7
174	-1.303575	128.299592	0.168328	0.195493	27.8
175	-1.315068	129.299592	0.167208	0.163087	25.7
176	-1.319599	128.849315	0.167710	0.281342	27.8
177	-1.304408	129.849315	0.166599	0.256085	25.0
178	-1.328165	130.849315	0.165502	0.265120	31.8
179	-1.292968	131.849315	0.164419	0.251582	21.2
180	-1.309185	132.849315	0.163350	0.188918	27.1
181	-1.311916	133.849315	0.162295	0.299053	25.2
182	-1.312054	134.849315	0.161254	0.255485	27.1
183	-1.297614	135.849315	0.160226	0.142032	25.0
184	-1.309563	136.849315	0.159211	0.184379	29.0
185	-1.333462	137.849315	0.158208	0.318753	23.1
186	-1.312025	138.849315	0.157219	0.289777	29.4
187	-1.298533	139.849315	0.156241	0.186489	25.0
188	-1.300688	140.849315	0.155276	0.261839	28.1
189	-1.318158	141.849315	0.154322	0.252790	24.2
190	-1.321306	142.849315	0.153381	0.116449	29.7
191	-1.287361	143.849315	0.152450	0.112527	23.2
192	-1.304256	144.849315	0.151531	0.181150	27.1
193	-1.318030	145.849315	0.150623	0.246784	24.4
194	-1.323122	146.849315	0.149725	0.296782	27.3
195	-1.308340	147.849315	0.148839	0.242450	23.4
196	-1.281519	148.849315	0.147962	0.213857	30.7
197	-1.299792	149.849315	0.147096	0.132216	27.1
198	-1.325055	150.849315	0.146240	0.099216	28.6
199	-1.331108	151.849315	0.145394	0.303721	23.7
200	-1.292923	152.849315	0.144558	0.263339	28.6
201	-1.321282	153.849315	0.143731	0.181865	25.9
202	-1.291543	154.849315	0.142914	0.197473	30.4
203	-1.298221	155.849315	0.142106	0.199627	21.7
204	-1.327039	156.849315	0.141307	0.310171	26.8
205	-1.315543	157.849315	0.140517	0.214831	25.4
206	-1.324448	158.849315	0.139735	0.107331	27.6
207	-1.343886	158.547828	0.139970	0.213621	25.4
208	-1.306505	159.547828	0.139195	0.182721	29.0
209	-1.327051	160.547828	0.138428	0.140848	23.1
210	-1.299822	161.547828	0.137670	0.184583	28.5
211	-1.291603	162.547828	0.136920	0.210199	26.6
212	-1.305765	163.547828	0.136178	0.256152	31.6
213	-1.300239	164.547828	0.135444	0.204739	21.0
214	-1.316039	165.547828	0.134718	0.211304	27.2
215	-1.298844	166.547828	0.133999	0.266874	26.9
216	-1.322214	167.547828	0.133289	0.272965	28.8
217	-1.274427	168.547828	0.132586	0.231878	22.9
218	-1.306029	169.547828	0.131890	0.181282	30.3
219	-1.323153	170.547828	0.131201	0.184671	25.3
220	-1.291169	171.547828	0.130520	0.150311	27.7
221	-1.323432	172.547828	0.129845	0.168308	24.3
222	-1.317211	173.547828	0.129178	0.174723	28.2
223	-1.306121	174.547828	0.128517	0.168358	23.2
224	-1.304767	175.547828	0.127864	0.183732	28.3
225	-1.315590	176.547828	0.127216	0.254857	23.6
226	-1.296319	177.547828	0.126576	0.242081	27.2
227	-1.317647	178.547828	0.125941	0.244316	27.2
228	-1.331605	179.547828	0.125313	0.260257	27.8
229	-1.289413	180.547828	0.124691	0.171058	23.0
230	-1.304557	181.547828	0.124076	0.129825	27.4
231	-1.315587	182.547828	0.123466	0.213562	24.3
232	-1.294737	183.547828	0.122863	0.212825	26.2
233	-1.307629	184.547828	0.122265	0.149680	23.5
234	-1.299196	185.547828	0.121673	0.145621	28.3
235	-1.294911	186.547828	0.121087	0.128069	23.9
236	-1.311311	187.547828	0.120506	0.203429	26.6
237	-1.300129	188.547828	0.119931	0.224067	23.9
238	-1.310881	189.547828	0.119361	0.161906	30.3
239	-1.311714	190.547828	0.118797	0.143633	20.3
240	-1.305890	191.547828	0.118238	0.185035	25.2
241	-1.308242	192.547828	0.117685	0.252076	22.6
242	-1.305914	193.547828	0.117136	0.284087	26.0
243	-1.304033	194.547828	0.116593	0.297382	24.9
244	-1.328497	195.547828	0.116054	0.322816	30.1
245	-1.312565	196.547828	0.115521	0.291833	20.8
246	-1.323793	197.547828	0.114992	0.217830	24.2
247	-1.316824	198.547828	0.114468	0.233981	23.1
248	-1.319750	199.547828	0.113949	0.260965	26.3
249	-1.318906	200.547828	0.113435	0.242434	24.9
250	-1.300265	201.547828	0.112925	0.245564	29.8
251	-1.305550	202.547828	0.112420	0.209901	21.2
252	-1.325072	203.547828	0.111920	0.191158	30.9
253	-1.318025	204.547828	0.111423	0.160032	41.2
254	-1.319281	205.547828	0.110932	0.103279	39.4
255	-1.308325	206.547828	0.110444	0.159299	57.3
256	-1.291947	207.547828	0.109961	0.115697	50.1
257	-1.304640	208.547828	0.109482	0.054428	50.7
258	-1.324913	209.546741	0.109007	0.126197	52.7
259	-1.327210	209.174456	0.109184	0.220527	39.5
260	-1.304109	210.174456	0.108711	0.201371	32.3
261	-1.306038	211.174456	0.108243	0.149455	28.5
262	-1.318760	212.174456	0.107779	0.099852	29.1
263	-1.311764	213.174456	0.107319	0.128047	30.8
264	-1.311121	214.174456	0.106862	0.218327	33.5
265	-1.293768	215.174456	0.106410	0.238415	25.5
266	-1.308857	216.174456	0.105961	0.204811	30.1
267	-1.326224	217.174456	0.105516	0.232450	26.6
268	-1.307790	218.174456	0.105075	0.263219	31.6
269	-1.295398	219.174456	0.104638	0.201516	22.4
270	-1.318969	220.174456	0.104204	0.110030	28.1
271	-1.303864	221.174456	0.103774	0.127346	27.2
272	-1.316312	222.174455	0.103347	0.087356	25.5
273	-1.290989	223.174455	0.102924	0.104097	23.7
274	-1.324423	224.174455	0.102504	0.142204	28.3
275	-1.314956	225.174455	0.102087	0.140479	25.6
276	-1.306511	226.174455	0.101674	0.169006	28.2
277	-1.300243	227.174455	0.101265	0.118616	24.3
278	-1.314369	228.174455	0.100858	0.146687	29.7
279	-1.332325	229.174455	0.100455	0.226344	27.7
280	-1.299784	230.174455	0.100055	0.263145	27.6
281	-1.311868	231.174455	0.099658	0.267845	26.3
282	-1.301093	232.174455	0.099265	0.327413	29.4
283	-1.286488	233.174455	0.098874	0.281872	20.8
284	-1.295447	234.174455	0.098487	0.156156	25.3
285	-1.317903	235.174455	0.098102	0.144888	23.9
286	-1.293671	236.174455	0.097721	0.100976	31.8
287	-1.307996	237.174455	0.097342	0.171187	25.5
288	-1.314857	238.174455	0.096967	0.235870	39.0
289	-1.324729	239.174455	0.096594	0.274101	29.7
290	-1.308517	240.174455	0.096224	0.307447	43.7
291	-1.303275	241.174455	0.095857	0.260719	33.1
292	-1.305604	242.174455	0.095493	0.250943	41.2
293	-1.325621	243.174455	0.095131	0.329565	29.7
294	-1.331187	244.174455	0.094773	0.248476	77.1
295	-1.337073	245.174455	0.094417	0.144935	51.1
296	-1.325463	246.174455	0.094063	0.189204	53.6
297	-1.310013	247.174455	0.093712	0.247222	42.1
298	-1.316666	248.174455	0.093364	0.216330	39.9
299	-1.307401	249.174455	0.093019	0.170754	39.1
300	-1.300061	250.174455	0.092676	0.180752	42.5
301	-1.338968	251.174455	0.092335	0.205096	40.0
302	-1.282636	252.174455	0.091997	0.150880	24.5
303	-1.319304	253.174455	0.091662	0.124361	32.6
304	-1.309930	254.174455	0.091329	0.125041	25.1
305	-1.310796	255.174455	0.090998	0.150416	34.6
306	-1.326896	256.174455	0.090670	0.162427	25.0
307	-1.310581	257.174455	0.090344	0.132593	33.3
308	-1.301634	258.174455	0.090020	0.074403	24.0
309	-1.313462	259.174446	0.089699	0.075264	31.3
310	-1.304297	260.155997	0.089386	0.095374	27.9
311	-1.305525	261.155996	0.089069	0.123760	30.3
312	-1.298289	262.146765	0.088757	0.177063	29.9
313	-1.308530	263.146765	0.088445	0.150535	31.4
314	-1.316373	264.146765	0.088135	0.147831	25.3
315	-1.295530	265.146765	0.087827	0.170302	28.2
316	-1.287572	266.146765	0.087521	0.117968	37.8
317	-1.317919	267.146765	0.087217	0.153787	39.4
318	-1.308480	268.146765	0.086915	0.250813	37.3
319	-1.302923	269.146765	0.086616	0.184232	42.1
320	-1.314252	270.146765	0.086318	0.129944	29.9
321	-1.317342	271.146765	0.086023	0.124426	26.8
322	-1.343748	272.146765	0.085729	0.115064	22.5
323	-1.316309	273.146765	0.085438	0.173018	26.7
324	-1.313742	274.146765	0.085148	0.154189	24.6
325	-1.300959	275.146765	0.084861	0.057733	27.4
326	-1.293656	276.146765	0.084575	0.056786	25.8
327	-1.327416	277.136594	0.084295	0.142063	27.3
328	-1.307568	278.136594	0.084013	0.133118	26.7
329	-1.329147	279.136594	0.083733	0.108406	25.7
330	-1.309041	280.136594	0.083455	0.130037	23.9
331	-1.305706	281.136594	0.083179	0.065484	27.9
332	-1.326471	282.136593	0.082904	0.093395	29.1
333	-1.299900	281.688014	0.083027	0.131681	37.3
334	-1.318794	282.688014	0.082754	0.146640	32.5
335	-1.327937	283.688014	0.082482	0.129254	32.9
336	-1.315035	284.688014	0.082212	0.098894	34.8
337	-1.350241	285.688014	0.081944	0.103429	43.9
338	-1.304614	286.688012	0.081678	0.163245	41.7
339	-1.289890	287.688012	0.081413	0.083012	35.2
340	-1.302934	288.688012	0.081150	0.096474	33.1
341	-1.307442	289.687593	0.080889	0.154319	24.0
342	-1.292632	290.687591	0.080630	0.160534	25.6
343	-1.324035	291.687591	0.080372	0.156590	26.8
344	-1.334704	292.687591	0.080116	0.132523	23.8
345	-1.334617	293.687591	0.079861	0.089373	29.4
346	-1.291497	294.687591	0.079608	0.082445	22.0
347	-1.322784	295.687591	0.079357	0.086011	27.6
348	-1.308261	296.687585	0.079107	0.123012	24.6
349	-1.318891	297.687585	0.078859	0.139354	27.7
350	-1.296170	298.687585	0.078612	0.079079	25.0
351	-1.305373	299.687583	0.078367	0.090636	27.0
352	-1.336298	299.237506	0.078477	0.099238	26.5
353	-1.287514	300.237506	0.078233	0.094021	29.0
354	-1.312433	301.193518	0.078001	0.109841	44.5
355	-1.310979	302.193518	0.077759	0.059785	44.0
356	-1.323205	303.193470	0.077519	0.108395	48.2
357	-1.296343	304.193469	0.077281	0.143297	54.0
358	-1.329390	305.193469	0.077044	0.101783	40.2
359	-1.299804	306.193469	0.076809	0.125363	42.3
360	-1.312055	307.187896	0.076576	0.211389	31.3
361	-1.328333	308.187896	0.076343	0.236541	24.1
362	-1.321254	309.187896	0.076112	0.187931	28.6
363	-1.305850	310.187896	0.075882	0.207386	28.2
364	-1.327112	311.187896	0.075654	0.275700	34.1
365	-1.306282	312.187896	0.075427	0.216449	32.3
366	-1.296104	313.187896	0.075201	0.183661	32.2
367	-1.309650	314.187896	0.074977	0.157245	26.2
368	-1.287260	315.187896	0.074754	0.120874	28.9
369	-1.305812	316.187896	0.074532	0.146513	29.2
370	-1.334155	317.187896	0.074312	0.125954	27.5
371	-1.309069	318.187896	0.074093	0.163378	29.9
372	-1.288694	319.187896	0.073875	0.133171	30.8
373	-1.319895	320.187896	0.073658	0.051643	25.3
374	-1.294182	321.106115	0.073461	0.082692	28.8
375	-1.302651	322.105915	0.073246	0.082912	29.9
376	-1.313726	323.105914	0.073034	0.053536	39.9
377	-1.306089	323.947693	0.072855	0.127602	24.1
378	-1.298089	324.013142	0.072842	0.136752	26.2
379	-1.317926	325.013142	0.072631	0.110891	25.3
380	-1.315068	326.013142	0.072422	0.099438	31.0
381	-1.311674	327.013142	0.072214	0.074662	25.7
382	-1.326888	328.013142	0.072007	0.117083	32.5
383	-1.301033	329.013142	0.071801	0.113161	33.1
384	-1.323589	330.013142	0.071596	0.106670	42.0
385	-1.312357	331.013142	0.071393	0.099955	45.9
386	-1.294960	332.013136	0.071191	0.093595	33.8
387	-1.324703	333.013135	0.070990	0.088441	39.2
388	-1.331649	334.013073	0.070790	0.103778	34.2
389	-1.309295	335.013066	0.070591	0.110749	99.1
390	-1.293920	336.013066	0.070393	0.069392	48.8
391	-1.307758	337.012507	0.070197	0.057621	34.0
392	-1.304077	336.573301	0.070283	0.116587	43.1
393	-1.332024	337.548628	0.070092	0.178464	52.3
394	-1.320153	338.548628	0.069897	0.129288	31.1
395	-1.304460	339.548628	0.069703	0.079888	29.1
396	-1.302394	340.548628	0.069510	0.075703	21.8
397	-1.308437	341.067273	0.069411	0.078114	26.5
398	-1.315230	342.027628	0.069227	0.109740	23.0
399	-1.296513	343.027627	0.069037	0.060722	28.4
400	-1.287355	343.929453	0.068866	0.033603	27.4
401	-1.290566	344.329089	0.068791	0.074053	34.2
402	-1.333162	343.945635	0.068863	0.074409	45.4
403	-1.311261	343.703736	0.068909	0.110693	28.8
404	-1.297433	344.703735	0.068720	0.091353	36.7
405	-1.310903	345.703735	0.068533	0.089055	25.0
406	-1.326192	345.253769	0.068617	0.063063	31.2
407	-1.318812	346.253754	0.068430	0.145626	22.0
408	-1.283172	347.253722	0.068245	0.140630	25.2
409	-1.287135	348.253722	0.068060	0.093928	24.5
410	-1.314172	349.253722	0.067876	0.065249	27.7
411	-1.311583	350.253721	0.067693	0.129552	26.4
412	-1.330725	351.253714	0.067511	0.164527	29.1
413	-1.327195	352.253714	0.067330	0.167473	26.9
414	-1.310954	353.253714	0.067150	0.069518	33.0
415	-1.294772	354.253714	0.066971	0.116789	25.0
416	-1.282598	353.805368	0.067052	0.134163	30.2
417	-1.329053	354.805368	0.066873	0.123934	25.0
418	-1.292317	355.805368	0.066696	0.100202	27.6
419	-1.290989	356.805368	0.066519	0.100285	24.4
420	-1.313632	357.805313	0.066344	0.075210	27.4
421	-1.343499	357.437004	0.066408	0.104264	25.0
422	-1.333353	358.437003	0.066233	0.144607	31.1
423	-1.298413	358.131279	0.066287	0.114190	22.5
424	-1.320614	359.131279	0.066112	0.102686	29.5
425	-1.338214	360.131279	0.065939	0.101627	23.9
426	-1.320058	361.131279	0.065766	0.118261	27.8
427	-1.310130	362.129678	0.065595	0.193367	25.5
428	-1.313693	363.129678	0.065424	0.197003	29.7
429	-1.300164	364.129678	0.065254	0.178959	25.4
430	-1.322599	365.129678	0.065085	0.120606	29.5
431	-1.330997	366.129678	0.064917	0.085357	24.2
432	-1.332587	367.129678	0.064750	0.090912	29.2
433	-1.307333	368.106329	0.064587	0.105372	26.2
434	-1.308838	369.106329	0.064422	0.132981	28.5
435	-1.327092	370.106329	0.064257	0.160270	25.2
436	-1.320976	371.106329	0.064093	0.170514	28.2
437	-1.305445	372.106329	0.063930	0.141879	24.1
438	-1.313809	373.106329	0.063768	0.065506	31.7
439	-1.289688	374.106326	0.063606	0.059693	47.1
440	-1.294323	373.787027	0.063658	0.083725	35.4
441	-1.301672	374.780605	0.063498	0.125507	47.4
442	-1.321591	375.780605	0.063338	0.104742	32.3
443	-1.288223	376.780605	0.063179	0.092874	47.3
444	-1.300984	377.780605	0.063020	0.099769	60.4
445	-1.296971	378.780604	0.062863	0.058199	31.4
446	-1.295588	379.778808	0.062706	0.063222	35.1
447	-1.321878	380.086523	0.062658	0.099000	36.1
448	-1.320676	381.086506	0.062502	0.128570	39.6
449	-1.306570	382.086506	0.062347	0.170159	35.4
450	-1.316324	383.086506	0.062193	0.113586	34.3
451	-1.317951	384.086506	0.062039	0.087889	31.7
452	-1.320757	385.065118	0.061890	0.111957	47.8
453	-1.290225	386.065113	0.061738	0.077674	29.7
454	-1.308146	387.065112	0.061586	0.130116	43.7
455	-1.314280	388.065112	0.061436	0.121041	53.5
456	-1.313496	389.065112	0.061286	0.092199	32.3
457	-1.299491	390.065112	0.061137	0.093089	36.7
458	-1.310965	391.060098	0.060989	0.066693	32.6
459	-1.306115	392.058342	0.060842	0.091325	37.7
460	-1.311322	393.058340	0.060695	0.117731	31.8
461	-1.279389	394.058337	0.060549	0.089956	29.2
462	-1.314672	395.058337	0.060403	0.089379	26.4
463	-1.281553	394.608105	0.060469	0.057702	21.9
464	-1.302157	395.608098	0.060324	0.081208	27.4
465	-1.302273	396.596997	0.060181	0.091120	29.7
466	-1.326429	397.588878	0.060038	0.094184	29.2
467	-1.320490	398.588877	0.059895	0.078391	22.7
468	-1.301856	399.588871	0.059753	0.061884	26.7
469	-1.294847	399.771077	0.059727	0.105284	23.3
470	-1.316332	399.618328	0.059748	0.072504	28.3
471	-1.293886	400.618299	0.059607	0.081641	21.7
472	-1.323432	400.459047	0.059629	0.056092	27.2
473	-1.308984	400.091325	0.059681	0.068914	21.7
474	-1.323062	401.090542	0.059540	0.094669	25.8
475	-1.303324	402.090542	0.059399	0.136086	21.2
476	-1.318554	403.090542	0.059259	0.133961	24.0
477	-1.325706	404.090542	0.059120	0.089105	21.5
478	-1.296834	405.090542	0.058981	0.060133	24.4
479	-1.320687	404.686800	0.059037	0.080730	25.9
480	-1.320845	405.671288	0.058901	0.125310	34.5
481	-1.310148	406.671288	0.058763	0.065874	25.9
482	-1.321896	406.221011	0.058825	0.088249	31.4
483	-1.295166	407.220983	0.058688	0.106526	26.5
484	-1.323448	408.220983	0.058551	0.127925	28.3
485	-1.316051	409.220983	0.058415	0.090037	21.5
486	-1.316342	410.220962	0.058279	0.131904	29.2
487	-1.313320	411.220962	0.058145	0.138034	29.7
488	-1.303292	412.220962	0.058010	0.086756	25.3
489	-1.317759	413.220962	0.057877	0.061296	22.0
490	-1.307280	414.220944	0.057744	0.100614	24.1
491	-1.300434	413.832718	0.057795	0.058820	21.7
492	-1.335252	413.394371	0.057854	0.091210	26.8
493	-1.323622	414.394360	0.057721	0.117373	24.8
494	-1.299794	415.394359	0.057588	0.113704	31.0
495	-1.294943	416.394359	0.057457	0.136010	23.4
496	-1.297941	417.394359	0.057326	0.069340	34.6
497	-1.296235	418.394359	0.057195	0.062759	45.7
498	-1.281809	419.393832	0.057066	0.137787	37.7
499	-1.311590	418.974458	0.057120	0.135758	41.6
