1:ItNr	2:Metric	3a:Time	3b:StepSize	4:||Gradient||	Time[ms]
0	4566.341867	0.000000	0.025730	148.415142	246.2
1	4461.619670	0.000000	0.025730	100.536493	5.2
2	3930.480741	0.000000	0.025730	76.243895	6.7
3	3764.627000	0.000000	0.025730	78.249959	3.8
4	3792.627243	0.000000	0.025730	77.806741	3.8
5	3780.442216	0.000000	0.025730	74.478359	3.8
6	3823.406752	0.000000	0.025730	72.842498	5.9
7	3146.886169	0.000000	0.025730	65.470226	5.8
8	3498.635222	0.000000	0.025730	54.814838	6.0
9	3537.722978	0.000000	0.025730	62.060833	6.2
10	3310.258920	0.000000	0.025730	60.468162	6.9
11	3326.178541	0.000000	0.025730	56.994639	6.3
12	3102.465636	0.000000	0.025730	52.268757	7.0
13	3065.138154	0.000000	0.025730	48.943639	6.4
14	2990.787993	0.000000	0.025730	49.269918	5.8
15	2917.397390	0.000000	0.025730	46.658045	6.5
16	2968.407982	0.000000	0.025730	43.337077	6.9
17	2831.701528	0.000000	0.025730	50.261637	5.2
18	3124.436080	0.000000	0.025730	47.669884	3.9
19	2837.793601	0.000000	0.025730	37.748707	5.6
20	2812.957115	0.000000	0.025730	41.460917	4.3
21	2603.050300	0.000000	0.025730	39.168335	3.9
22	2821.310396	0.000000	0.025730	49.310292	3.8
23	2930.257169	0.000000	0.025730	52.923759	5.9
24	2780.060686	0.926829	0.024643	49.835102	5.9
25	2566.856806	0.797236	0.024789	44.818413	6.0
26	2939.299457	1.715260	0.023787	45.413679	6.2
27	2907.606102	1.590644	0.023919	37.502741	7.2
28	2694.074972	1.461007	0.024057	40.050032	5.2
29	2403.618749	1.331375	0.024196	36.139925	7.2
30	2781.789226	1.201741	0.024338	38.760782	6.5
31	2459.462317	1.072106	0.024481	40.093725	6.1
32	2539.035592	0.942469	0.024625	36.563142	6.9
33	2764.850473	0.812834	0.024772	33.342123	3.9
34	2398.186324	0.683200	0.024920	29.751167	3.8
35	2757.665975	0.553563	0.025070	33.453239	5.7
36	2410.781428	0.423926	0.025221	39.455736	5.0
37	2601.217855	0.294289	0.025375	42.890156	5.7
38	2496.937734	0.182394	0.025509	39.204841	4.0
39	2668.467937	0.058275	0.025659	33.370520	3.8
40	2377.258043	0.000000	0.025730	43.660584	5.9
41	2476.920788	0.000000	0.025730	36.130711	6.1
42	2383.982568	0.000000	0.025730	35.357754	7.6
43	2313.906204	0.000000	0.025730	40.759566	3.9
44	2443.997155	0.000000	0.025730	40.541603	6.2
45	2502.941399	0.991773	0.024570	40.398600	4.9
46	2292.109131	1.386940	0.024136	31.263644	4.1
47	2652.625162	1.257910	0.024276	38.754296	6.1
48	2441.084373	1.128285	0.024418	38.689882	4.3
49	2509.804923	1.006779	0.024553	38.956952	6.0
50	2294.919773	0.891386	0.024683	44.110896	6.1
51	2565.340243	1.326825	0.024201	39.511715	7.5
52	2548.603930	2.094706	0.023397	40.997983	4.1
53	2447.391879	2.071919	0.023420	48.797962	5.3
54	2549.954982	2.204965	0.023285	43.661391	4.7
55	2229.653054	3.204960	0.022323	36.298558	3.8
56	2446.202844	3.240695	0.022291	35.995989	6.2
57	2574.905650	3.163825	0.022361	34.659832	4.1
58	2353.287612	3.047608	0.022470	32.078819	6.0
59	2129.542884	2.920797	0.022589	32.430613	6.0
60	2330.825936	2.791165	0.022712	34.816971	7.5
61	2497.849334	2.686429	0.022812	38.642253	5.6
62	2265.279124	2.642201	0.022855	29.288007	4.4
63	2373.500047	2.535118	0.022959	33.084901	4.5
64	2239.609069	2.405609	0.023086	34.693342	3.9
65	2165.987083	2.297723	0.023193	24.834367	4.9
66	2274.535120	2.168097	0.023323	30.654536	4.8
67	2487.076807	2.038464	0.023454	33.774718	5.9
68	2167.385758	1.938773	0.023556	40.166380	5.9
69	2066.132384	2.228313	0.023262	31.255800	7.5
70	2030.319458	2.729869	0.022770	38.224581	4.6
71	2570.962203	2.600701	0.022895	42.947614	5.8
72	2564.633711	3.305938	0.022231	28.869170	4.9
73	2171.622114	3.176739	0.022350	35.625137	3.8
74	2428.369121	3.050325	0.022467	25.151201	3.8
75	2118.628733	2.928259	0.022582	34.130092	6.6
76	2244.609775	2.798806	0.022704	29.382961	6.0
77	2229.802964	2.679257	0.022819	25.666037	4.0
78	2214.424653	2.550503	0.022944	27.693866	6.5
79	2109.641927	2.421082	0.023071	32.851287	7.5
80	2153.844508	2.293744	0.023197	40.526521	4.1
81	2158.716459	2.164388	0.023326	34.750889	4.1
82	2219.576377	3.162382	0.022363	23.266461	3.8
83	2250.849076	3.048521	0.022469	33.305276	3.9
84	2177.823608	2.920824	0.022589	30.586061	6.2
85	2044.559801	2.795870	0.022707	31.472123	6.3
86	2098.271173	2.666809	0.022831	26.928818	3.8
87	2290.913698	2.537966	0.022956	35.273184	3.8
88	2161.248744	2.459250	0.023033	40.534574	4.2
89	1965.474538	3.078143	0.022441	34.388404	5.9
90	2233.354762	4.033011	0.021585	37.205069	5.8
91	1969.452549	4.990057	0.020790	30.383332	7.2
92	2213.158799	5.988436	0.020021	34.233372	6.8
93	2405.712373	5.858861	0.020118	29.061465	4.4
94	2093.771089	6.281812	0.019806	25.447269	6.4
95	2152.455207	6.160178	0.019895	35.106376	5.9
96	1993.030966	6.056118	0.019971	29.044244	6.2
97	1971.555482	6.140710	0.019909	28.983212	7.4
98	2287.422278	6.572354	0.019597	23.348732	4.1
99	2218.535839	6.443737	0.019689	26.811275	4.4
100	2027.605971	6.320257	0.019778	26.762461	3.8
101	2162.935630	6.242076	0.019835	27.854140	4.3
102	2244.880575	6.333001	0.019769	30.811269	4.8
103	1913.995439	6.987403	0.019306	29.619191	5.9
104	1936.840389	7.343479	0.019064	30.257169	4.0
105	2045.609078	7.214948	0.019151	28.767467	3.9
106	1888.946714	7.565103	0.018916	28.184381	3.8
107	2047.031738	7.708948	0.018821	33.943009	5.7
108	2064.010792	7.648996	0.018861	38.181652	5.9
109	1898.960581	7.754744	0.018791	32.183233	6.6
110	2096.342020	8.749698	0.018163	29.699031	7.3
111	2060.536393	8.966282	0.018032	39.948640	4.9
112	2210.394992	9.439088	0.017751	37.032277	4.2
113	2110.578857	10.432628	0.017190	36.361998	5.9
114	1996.422307	10.319210	0.017253	22.678128	6.9
115	1998.086921	10.862449	0.016958	26.040026	6.0
116	2133.485280	10.740610	0.017024	27.356554	6.4
117	1947.168844	10.958475	0.016908	28.618779	8.1
118	2026.933915	10.836519	0.016972	30.715222	4.4
119	1734.112761	11.096500	0.016835	29.598266	5.8
120	2205.419019	12.061436	0.016343	27.641066	5.2
121	2455.403887	12.022048	0.016363	39.115102	5.9
122	1875.884934	12.300058	0.016226	24.409600	3.9
123	2006.917517	12.212722	0.016269	25.916783	3.8
124	1965.913525	12.111410	0.016319	24.622314	5.8
125	1934.820090	11.986755	0.016380	32.370185	5.9
126	2168.737467	12.959284	0.015911	33.833262	6.1
127	1992.978297	12.831639	0.015971	30.237399	6.6
128	2069.932450	13.830189	0.015514	29.291767	5.0
129	1933.162214	14.394895	0.015266	32.604000	4.1
130	2177.587617	14.270138	0.015320	31.427557	3.9
131	1739.924948	14.159930	0.015368	29.344810	7.4
132	2085.036499	14.034251	0.015423	31.504623	6.5
133	1936.787285	14.103151	0.015393	25.082999	5.8
134	2044.770339	13.984839	0.015445	34.064645	6.9
135	1940.976045	14.332728	0.015293	26.443579	6.0
136	2188.933480	14.210494	0.015346	36.634944	5.0
137	1856.147516	14.100678	0.015394	28.778091	4.5
138	2151.742613	14.897253	0.015052	28.059132	4.6
139	2204.116520	14.768898	0.015106	29.488444	4.8
140	1973.803547	14.778179	0.015102	24.499108	4.8
141	1925.307637	14.663477	0.015151	23.158082	4.0
142	1920.700956	14.543087	0.015202	25.608695	5.8
143	2104.127786	14.484240	0.015228	39.929936	5.9
144	1976.761636	14.354879	0.015283	34.888816	7.2
145	1963.362171	15.354475	0.014863	35.061017	6.3
146	1985.559999	16.329849	0.014475	32.630038	3.8
147	2073.382281	16.204984	0.014523	36.069546	4.6
148	1919.626201	17.199930	0.014145	25.209546	3.8
149	1914.340894	17.110303	0.014178	42.512268	4.6
150	2111.923595	18.105837	0.013817	25.040801	8.5
151	1792.130270	18.398483	0.013715	23.878982	5.9
152	1947.474962	18.276167	0.013757	28.132513	5.9
153	2015.166302	18.147488	0.013803	25.631045	6.3
154	1877.132403	19.025368	0.013500	26.833398	5.4
155	2139.420323	19.746913	0.013261	26.635831	5.3
156	1988.688635	20.590954	0.012992	28.864314	3.9
157	2061.374208	21.017320	0.012860	24.773093	3.8
158	2099.079983	21.183231	0.012809	26.521333	6.2
159	1895.177982	21.254522	0.012788	24.685940	6.7
160	1925.033975	21.159940	0.012816	29.750639	3.8
161	1866.220897	21.403901	0.012743	28.319893	3.8
162	2039.465926	21.406949	0.012742	24.997324	3.8
163	1834.368162	22.329617	0.012470	22.617363	5.2
164	1864.628916	22.249909	0.012493	22.762508	5.8
165	1852.296516	22.363713	0.012461	23.717296	6.0
166	1800.535683	22.242216	0.012496	27.137736	7.8
167	2002.059034	22.551986	0.012407	22.515913	4.0
168	1980.685816	22.509075	0.012419	30.551822	6.4
169	2008.114047	22.406350	0.012448	27.543927	5.9
170	1829.821475	22.291243	0.012481	29.698292	6.6
171	2019.608703	22.434534	0.012440	19.919224	4.5
172	2063.930419	22.309789	0.012476	23.127129	7.1
173	1697.453682	22.196201	0.012509	24.813786	8.3
174	1992.745924	22.107236	0.012535	20.421249	3.9
175	2118.482515	22.001475	0.012566	32.267391	5.3
176	1907.346378	21.896646	0.012596	32.948259	6.6
177	1871.309884	22.633625	0.012384	21.547218	3.9
178	1708.988488	23.353800	0.012182	24.623814	3.8
179	2048.894892	23.682119	0.012093	31.972020	3.8
180	1951.395025	24.591851	0.011852	28.760981	4.0
181	1897.708790	24.495946	0.011877	23.298618	5.7
182	1852.652237	24.372659	0.011909	31.462726	5.8
183	1801.413217	24.720918	0.011818	19.938454	6.7
184	1830.185717	24.699531	0.011824	29.107538	7.2
185	1941.151539	24.574198	0.011856	18.058260	3.9
186	1812.215059	24.628914	0.011842	22.486481	6.7
187	1901.980020	24.547684	0.011863	30.162997	6.7
188	1803.730195	25.371320	0.011652	22.685894	6.7
189	2099.609742	26.067679	0.011480	20.639222	6.3
190	1915.252549	26.249745	0.011436	25.282241	7.2
191	2119.575840	26.143764	0.011462	22.500177	3.8
192	1752.344665	26.043178	0.011486	21.456596	4.3
193	1957.166166	26.084989	0.011476	31.452444	5.4
194	1778.721789	26.964199	0.011265	26.373566	5.6
195	1868.121634	27.838546	0.011064	22.924487	4.2
196	1874.789326	27.734131	0.011087	28.618271	3.8
197	1737.906917	27.870552	0.011057	23.682536	3.9
198	1988.417565	27.761346	0.011081	32.686081	5.3
199	2007.732812	27.969144	0.011034	23.837031	5.8
200	1853.173325	28.321614	0.010955	21.329693	5.9
201	1735.555968	28.812092	0.010848	26.597195	6.7
202	2017.681637	28.998270	0.010807	29.351522	4.6
203	1827.845784	28.881456	0.010832	32.571061	4.9
204	1998.128617	29.660501	0.010666	23.678508	6.2
205	1879.389116	29.531019	0.010693	26.215263	6.8
206	1997.761217	29.513907	0.010697	22.662957	6.2
207	1839.043338	29.432921	0.010714	26.721652	3.8
208	2033.476056	29.747695	0.010648	26.092464	8.0
209	1800.801206	29.628370	0.010673	24.139861	4.5
210	1810.972989	29.645792	0.010669	25.241259	4.9
211	1720.561188	29.516369	0.010696	26.717349	4.0
212	1901.133574	30.379209	0.010517	27.325928	4.5
213	1791.605233	31.044650	0.010382	22.490867	6.1
214	1940.703866	30.942236	0.010403	24.450380	3.9
215	1894.129128	30.826255	0.010426	31.955458	3.8
216	1718.476362	31.513352	0.010290	32.274717	5.9
217	1876.776497	32.151017	0.010166	25.485508	3.8
218	1878.472569	33.131902	0.009982	26.236390	4.1
219	1945.049301	33.790768	0.009862	18.427674	6.3
220	1783.547063	33.662554	0.009885	27.805902	7.6
221	1800.918362	33.630775	0.009891	26.961002	4.0
222	1757.647066	33.534941	0.009908	19.924031	4.0
223	1954.279337	33.666981	0.009884	35.000461	6.9
224	1851.015271	33.538284	0.009908	37.629328	6.2
225	1776.244455	34.538091	0.009729	24.066703	5.9
226	1925.349993	34.571276	0.009723	18.325249	7.7
227	1789.242972	34.451841	0.009744	23.795495	4.1
228	1696.810551	34.336929	0.009765	25.694123	4.3
229	1867.087108	34.277727	0.009775	23.103478	5.6
230	1880.697392	34.199225	0.009789	31.261513	4.6
231	1637.341115	34.555051	0.009726	24.371229	4.7
232	1761.437929	34.663160	0.009707	37.737890	5.6
233	1839.128243	35.083270	0.009635	27.307578	4.0
234	1860.135085	36.081349	0.009466	42.835551	6.0
235	1889.837468	36.082124	0.009466	28.696230	5.9
236	1963.560637	37.082122	0.009303	20.176588	7.3
237	1707.795800	37.032660	0.009311	22.968364	4.0
238	1693.258037	37.467112	0.009242	21.149707	6.5
239	1837.061826	37.529294	0.009232	24.950050	4.8
240	1905.017715	37.610547	0.009219	27.448631	4.3
241	2037.516116	38.410309	0.009095	23.069851	6.0
242	1771.484692	38.281405	0.009115	23.871906	5.0
243	1691.754469	38.152045	0.009135	23.237775	5.9
244	1658.340299	38.565565	0.009071	25.503182	6.4
245	1768.258026	38.439393	0.009091	28.545347	6.9
246	1954.841487	39.402865	0.008946	24.193707	5.3
247	1684.406180	39.282988	0.008963	24.347516	4.1
248	1611.111264	39.154633	0.008982	24.256665	4.4
249	1796.828320	39.031471	0.009001	21.776585	3.8
250	1777.314080	39.165441	0.008981	22.170198	6.2
251	2026.299375	39.106210	0.008990	25.178654	6.0
252	1893.156431	39.047385	0.008999	25.468613	5.8
253	1767.902216	38.924368	0.009017	18.334254	8.4
254	1964.654909	38.827158	0.009032	27.073408	4.5
255	1964.460873	38.704227	0.009050	22.125992	5.1
256	2069.285937	38.644152	0.009059	27.206160	4.6
257	1846.991957	39.086988	0.008993	30.258217	3.9
258	1840.116108	39.058280	0.008997	25.079665	3.8
259	1873.326643	38.972596	0.009010	22.662984	5.3
260	1817.151732	38.894444	0.009022	23.237924	4.8
261	1708.725288	38.864686	0.009026	24.897574	6.0
262	2025.969303	38.836185	0.009030	24.272498	6.0
263	1908.198254	38.713994	0.009049	22.581535	6.8
264	1923.142478	38.592549	0.009067	20.462346	6.2
265	1883.821245	38.965377	0.009011	27.879428	4.5
266	1708.136096	39.412158	0.008944	22.869239	3.9
267	1825.167810	39.292929	0.008962	24.768470	3.9
268	1778.154217	39.219584	0.008973	26.955073	3.9
269	1973.750131	39.304900	0.008960	19.370696	6.5
270	1927.579068	39.207356	0.008975	23.303640	5.9
271	1908.149309	39.150767	0.008983	27.879687	5.7
272	1776.134752	39.023771	0.009002	23.041089	7.0
273	1809.815787	39.596879	0.008917	30.633562	4.6
274	1803.783446	39.501840	0.008931	22.225601	5.0
275	1864.284096	39.382343	0.008949	20.141084	4.4
276	1867.619494	39.493719	0.008932	20.645024	3.9
277	1857.031913	39.393168	0.008947	25.241974	5.5
278	1758.136897	39.267564	0.008966	24.746195	7.2
279	1883.136808	39.169666	0.008980	22.421426	3.8
280	1867.722270	39.118120	0.008988	29.511637	3.8
281	1737.967712	39.078601	0.008994	22.979252	3.8
282	1890.542234	39.097609	0.008991	22.125478	4.7
283	1923.156314	39.111921	0.008989	21.402554	5.8
284	1907.791212	39.005892	0.009005	28.547013	5.9
285	1789.750484	38.923405	0.009017	26.282457	7.7
286	1621.337778	38.797563	0.009036	21.996402	4.2
287	1854.992235	39.388237	0.008948	24.413514	4.7
288	1795.327263	39.274968	0.008965	23.890652	6.4
289	1709.766112	39.600019	0.008916	24.286349	6.6
290	1784.153969	40.591408	0.008773	35.782810	5.9
291	1858.538269	41.518462	0.008643	31.883784	6.0
292	1741.016202	42.518395	0.008507	22.851348	8.8
293	1929.258253	42.696650	0.008483	29.416233	4.5
294	1824.139489	42.709264	0.008481	23.062110	4.9
295	1734.630339	43.635305	0.008360	22.595243	4.1
296	1756.756774	43.520178	0.008375	23.677291	4.7
297	1836.949818	43.513111	0.008376	24.742737	6.1
298	1752.104964	43.387775	0.008392	25.219709	3.8
299	1862.051596	43.654216	0.008357	26.214886	3.9
300	1911.261284	43.526410	0.008374	46.889483	5.9
301	1999.427901	44.522467	0.008247	24.597583	5.9
302	1777.758851	44.406930	0.008261	34.549114	6.5
303	1831.905278	44.280817	0.008277	24.944198	6.7
304	1723.023985	45.155660	0.008168	23.970570	4.7
305	1824.503124	46.001418	0.008065	25.021146	4.0
306	1731.025873	46.586019	0.007995	24.140772	5.8
307	1929.504505	46.747737	0.007976	26.911746	6.5
308	1845.249854	47.398427	0.007900	19.495094	6.4
309	1828.964147	47.334752	0.007907	23.565614	6.3
310	1760.633423	47.257090	0.007916	20.831704	7.4
311	1711.563819	47.477538	0.007891	25.229629	3.8
312	1993.798311	47.711373	0.007864	23.299441	5.2
313	1872.861473	48.224118	0.007806	30.311329	4.2
314	1981.104983	49.206057	0.007696	22.793231	4.3
315	1834.127791	49.151699	0.007702	19.967576	6.5
316	1938.522080	49.061615	0.007712	38.527128	6.0
317	1748.464584	48.955362	0.007724	21.615111	5.9
318	1776.486914	48.826789	0.007738	19.947430	6.7
319	1891.144518	48.711931	0.007751	25.553303	6.0
320	1674.212554	48.630271	0.007760	20.327958	4.6
321	1812.893659	48.754243	0.007746	24.340079	5.3
322	1874.788030	48.770537	0.007745	26.512178	4.3
323	1940.438742	49.668682	0.007646	21.878741	4.0
324	1828.144725	49.539198	0.007660	21.860316	6.3
325	1796.816223	49.561198	0.007658	22.774765	3.9
326	1926.719998	49.464787	0.007668	26.789784	4.5
327	1824.403083	49.336854	0.007682	25.501997	5.9
328	1745.959617	50.330209	0.007575	26.900338	5.8
329	1671.998345	50.205444	0.007588	24.287040	7.2
330	1754.774699	50.882640	0.007517	28.598755	5.5
331	1891.506110	51.183635	0.007486	23.675777	4.5
332	1805.835111	52.057164	0.007396	20.545296	3.8
333	1611.955803	52.359403	0.007366	20.622136	4.6
334	1736.312631	52.234710	0.007378	21.060350	7.3
335	1887.350214	52.196463	0.007382	19.883701	5.9
336	1905.218791	52.223108	0.007379	21.629707	5.9
337	1647.341132	52.233859	0.007378	25.251070	6.4
338	1849.617403	52.121052	0.007390	31.100087	7.6
339	1897.119149	53.120582	0.007290	25.153421	4.4
340	1848.457932	54.029301	0.007202	23.649187	3.9
341	1780.430727	53.990533	0.007205	28.211866	3.7
342	1836.260070	54.652724	0.007142	33.255792	3.9
343	1753.622063	54.523110	0.007155	25.611214	7.6
344	1782.766701	55.512790	0.007062	25.571099	5.8
345	1693.585621	55.681611	0.007047	27.845514	5.9
346	2051.857179	56.001742	0.007017	34.718804	7.3
347	1731.664612	57.001517	0.006927	22.870275	6.1
348	1803.352163	57.998568	0.006840	25.725982	6.1
349	1974.527373	57.927791	0.006846	27.801425	4.2
350	1801.037849	58.758665	0.006775	27.720049	3.9
351	1705.199952	59.552907	0.006708	23.243998	4.5
352	1749.698397	59.643787	0.006700	23.143301	5.9
353	1864.415004	59.833107	0.006685	21.172799	5.8
354	1836.214666	60.005017	0.006670	30.078423	5.8
355	1829.892295	59.976490	0.006673	19.737727	7.6
356	1870.728811	59.850867	0.006683	29.329471	4.8
357	2022.489873	59.744913	0.006692	23.407814	6.1
358	1798.269774	59.615442	0.006703	28.453058	4.6
359	1850.972056	59.640282	0.006701	17.567117	3.8
360	1615.446952	59.579954	0.006706	25.642849	3.8
361	1760.624681	59.790814	0.006688	28.375777	6.3
362	1669.976294	59.661281	0.006699	24.328026	5.8
363	2020.189608	60.611004	0.006621	23.363697	5.8
364	1898.138013	60.862926	0.006601	24.235930	6.7
365	1900.961481	60.746553	0.006610	23.764329	7.1
366	1846.103627	61.369464	0.006560	28.777128	3.8
367	1730.899703	61.491925	0.006550	17.958017	4.6
368	1898.655842	61.413197	0.006556	27.837556	3.9
369	1717.256942	61.340613	0.006562	24.384308	5.2
370	1903.851670	61.224560	0.006572	29.683092	6.8
371	1740.661056	61.945187	0.006514	33.727697	5.8
372	1954.422816	61.865992	0.006521	22.115711	6.0
373	1815.201221	62.205233	0.006494	29.755165	6.0
374	1804.983294	62.075779	0.006504	29.314554	7.8
375	1751.948975	61.948427	0.006514	25.380239	3.9
376	1710.809512	61.925060	0.006516	29.691258	3.8
377	1653.714002	62.914884	0.006439	26.411378	3.9
378	1686.522790	63.415495	0.006401	18.898082	6.1
379	1740.244022	63.308982	0.006409	23.883991	6.9
380	1803.431105	63.279320	0.006411	19.202822	3.9
381	1920.861115	63.438425	0.006399	18.732737	5.9
382	1778.606699	63.385082	0.006403	25.781976	5.9
383	1834.844182	63.282660	0.006411	28.234110	5.9
384	1660.361348	64.254485	0.006338	25.514315	6.9
385	1811.737573	65.252562	0.006265	28.200841	6.3
386	1615.511063	65.124105	0.006274	21.056004	6.3
387	1856.861984	65.000931	0.006283	21.798276	4.8
388	1882.487474	64.993855	0.006283	21.384387	6.1
389	1898.460407	64.987896	0.006284	22.058048	5.8
390	1764.615936	64.864391	0.006293	16.514369	6.1
391	1795.207764	64.774956	0.006299	24.749277	7.6
392	1862.408379	64.648802	0.006309	23.356536	3.8
393	1832.412003	64.519824	0.006318	31.689191	4.4
394	1896.615046	65.464262	0.006249	34.403188	3.8
395	1718.773284	66.463906	0.006178	22.880440	5.5
396	1818.111418	67.457347	0.006108	23.572606	4.1
397	1767.404689	67.338983	0.006117	18.227040	5.4
398	1557.132933	67.297870	0.006119	22.812137	4.8
399	1718.554368	67.260517	0.006122	28.538385	5.9
400	1937.336760	67.131302	0.006131	30.689142	6.4
401	1772.382183	67.001771	0.006140	24.031620	7.2
402	1797.024163	66.875040	0.006149	27.538183	4.3
403	1773.824875	67.798472	0.006085	19.032362	3.8
404	1852.757558	67.707798	0.006091	27.484856	4.8
405	1799.881922	67.584502	0.006100	27.263541	4.8
406	1734.243816	68.583584	0.006032	23.104998	3.7
407	1861.205032	68.521997	0.006036	26.895082	3.8
408	1806.749181	68.399216	0.006044	25.014178	6.1
409	1963.578000	68.272032	0.006053	33.650634	6.0
410	1812.809531	69.266279	0.005986	27.799670	6.4
411	1724.145351	70.203769	0.005925	25.358914	7.7
412	1899.667146	70.074675	0.005933	27.890688	4.8
413	1652.344950	69.965336	0.005940	23.607714	4.3
414	1680.247552	69.872909	0.005946	20.559674	5.0
415	1798.420127	69.908658	0.005944	20.148941	3.8
416	1809.324477	69.796770	0.005951	27.423512	3.9
417	1778.718280	69.670459	0.005959	33.249881	5.1
418	1679.591346	69.861954	0.005947	23.100261	6.2
419	1782.145782	70.041169	0.005935	18.999904	3.8
420	1575.048315	69.923662	0.005943	29.198170	3.7
421	1827.732443	69.969761	0.005940	22.286523	6.0
422	1812.716504	69.871543	0.005946	23.952098	5.9
423	1756.297068	69.769836	0.005953	29.123525	8.6
424	1663.139676	69.646433	0.005961	18.952350	4.0
425	1799.302019	69.811362	0.005950	22.979725	4.4
426	1812.230863	69.759068	0.005954	19.517863	4.2
427	1645.106838	69.883818	0.005945	34.105085	7.5
428	1823.245715	70.228590	0.005923	18.098018	4.0
429	1717.702075	70.101815	0.005931	25.787186	3.9
430	1915.520438	69.991708	0.005938	17.307874	6.0
431	1890.624121	69.894650	0.005945	23.870536	5.9
432	2044.874016	69.781687	0.005952	23.487112	7.9
433	1868.241755	69.654292	0.005960	23.507601	3.9
434	1781.033074	69.711858	0.005957	20.265768	4.8
435	1771.543994	69.602306	0.005964	26.181428	4.3
436	1870.709566	69.484046	0.005972	26.283089	6.1
437	1712.281215	69.370433	0.005979	18.291693	5.0
438	1804.875514	69.462063	0.005973	22.637425	4.1
439	1764.334744	69.350168	0.005980	25.500337	6.0
440	1800.988802	69.381205	0.005978	23.919236	6.0
441	1868.117583	70.293197	0.005919	25.968186	7.5
442	1604.553708	71.278644	0.005856	23.284865	4.4
443	1924.388397	71.372964	0.005850	25.318424	4.3
444	1672.336974	71.410153	0.005847	17.078680	4.8
445	1763.822826	71.434551	0.005846	23.919671	4.4
446	1680.152584	71.423382	0.005846	23.779204	6.1
447	1751.255368	71.533362	0.005839	19.641838	4.1
448	1643.766832	71.823208	0.005821	20.952225	6.0
449	1695.441562	71.913861	0.005815	23.303883	5.8
450	2024.711803	71.976280	0.005812	28.673042	7.4
451	1673.793433	71.975079	0.005812	23.409019	4.3
452	1665.154434	72.249946	0.005795	24.662613	4.8
453	1920.770922	72.181231	0.005799	23.869753	4.4
454	1748.053832	72.051908	0.005807	19.315429	4.8
455	1809.650009	71.933237	0.005814	18.885526	5.8
456	1653.447359	72.159985	0.005800	22.148675	4.0
457	1817.359678	72.043149	0.005807	23.434901	5.9
458	1715.817242	72.214541	0.005797	25.847871	5.9
459	1750.777206	72.838409	0.005758	21.681596	7.1
460	1956.839991	73.098035	0.005742	22.735109	6.1
461	1790.544046	73.038950	0.005746	20.562296	4.6
462	1794.511798	73.057608	0.005745	17.546193	4.8
463	1644.867278	73.259563	0.005732	22.245425	4.1
464	1623.526218	73.236351	0.005734	23.941113	4.6
465	2010.656667	73.565321	0.005714	24.008565	5.6
466	1712.165747	73.436458	0.005722	22.902340	8.5
467	1821.805086	73.323875	0.005729	25.010326	7.3
468	1688.472845	73.819472	0.005699	31.333193	14.9
469	1817.742779	73.692364	0.005706	24.583298	8.3
470	1838.352917	73.567483	0.005714	21.756554	8.1
471	1782.788178	73.438484	0.005722	26.978191	9.3
472	1666.459247	73.789058	0.005700	24.149268	5.8
473	1963.429364	73.919671	0.005693	22.347743	5.7
474	1698.322110	73.950533	0.005691	17.044234	5.9
475	1751.864020	73.885027	0.005695	27.938736	6.1
476	1650.642793	73.863526	0.005696	21.176192	8.4
477	1761.706547	73.873094	0.005695	23.105751	5.2
478	1770.801104	73.826582	0.005698	21.585804	7.4
479	1843.589549	74.043579	0.005685	24.544707	6.0
480	1762.693593	73.970973	0.005690	25.324188	5.8
481	1846.277262	73.951464	0.005691	21.583699	4.3
482	1744.490015	74.072979	0.005683	32.098968	4.4
483	1907.413104	73.948849	0.005691	28.310343	7.1
484	1685.933471	73.961873	0.005690	22.317378	4.7
485	1728.855131	73.890852	0.005694	21.358284	3.8
486	1618.348403	74.606972	0.005652	19.166960	3.8
487	1813.773208	74.533949	0.005656	27.189269	4.7
488	1729.448975	74.969952	0.005630	27.478935	6.0
489	1630.534988	75.893725	0.005577	20.574076	3.8
490	1795.638372	75.978191	0.005572	21.352998	3.8
491	1838.945104	76.279189	0.005555	31.124913	4.9
492	1586.578389	76.325026	0.005552	24.102274	5.9
493	1604.947116	76.262390	0.005555	22.003241	5.9
494	1771.586924	76.165844	0.005561	30.250260	7.0
495	1782.091611	76.047133	0.005568	21.071234	6.0
496	1872.081451	75.931237	0.005574	20.494366	4.8
497	1925.143950	75.841370	0.005580	26.938004	7.6
498	1727.411796	76.648003	0.005534	25.066078	6.0
499	1725.071913	77.057552	0.005510	24.596194	6.0
500	1653.948670	77.011625	0.005513	25.755557	6.4
501	1794.822134	77.895985	0.005464	16.801094	4.1
502	1687.302847	77.857398	0.005466	29.028170	6.4
503	1801.805719	78.395751	0.005436	26.569478	3.9
504	1682.752743	79.240702	0.005390	23.331096	3.8
505	1877.142192	79.121103	0.005397	24.679943	4.3
506	1716.339691	79.003808	0.005403	23.698490	8.1
507	1636.504826	79.015397	0.005403	18.422533	3.9
508	1798.041044	79.055704	0.005400	21.235874	3.9
509	1537.014911	78.983231	0.005404	19.830555	5.8
510	1693.111023	78.864164	0.005411	23.511308	5.9
511	1740.045125	78.873352	0.005410	21.790407	6.5
512	1687.493972	79.085760	0.005399	22.921877	6.7
513	1818.357234	79.513375	0.005376	27.845961	4.3
514	1831.603637	79.386811	0.005383	28.123732	5.2
515	1684.248807	79.915604	0.005354	16.920613	6.5
516	1885.926715	80.003213	0.005350	18.938640	5.8
517	1742.995740	79.985637	0.005351	28.780055	5.8
518	1727.758596	79.877443	0.005356	25.234870	6.1
519	1741.459065	80.491444	0.005324	19.431975	7.1
520	1801.559823	80.367676	0.005330	29.389453	4.6
521	1674.896282	80.692389	0.005313	18.321570	4.0
522	1696.998754	80.807852	0.005307	28.339396	3.8
523	1723.904870	80.678955	0.005314	26.458247	6.3
524	1712.628473	80.557219	0.005321	21.987607	6.9
525	1773.719964	80.428699	0.005327	18.444651	3.8
526	1636.787101	80.330122	0.005332	28.805410	5.9
527	1656.717190	80.397855	0.005329	20.575719	6.0
528	1830.226407	80.285400	0.005335	27.302383	3.8
529	1647.168860	80.161022	0.005341	24.660114	6.0
530	1622.296947	80.044781	0.005348	13.521224	4.8
531	1724.525770	79.973293	0.005351	33.480777	4.2
532	1781.402014	80.378887	0.005330	21.213057	6.5
533	1890.355996	81.325132	0.005281	31.915598	3.8
534	1750.740906	81.200808	0.005287	18.803477	3.9
535	1760.664974	81.439250	0.005275	31.311286	8.2
536	1758.049715	81.333182	0.005280	21.932197	4.3
537	1685.314434	82.036641	0.005244	18.780392	3.8
538	1643.318762	81.949220	0.005249	20.244315	3.8
539	1796.237005	82.100694	0.005241	17.227268	5.9
540	1742.643823	82.191496	0.005236	26.308814	6.0
541	1616.217456	82.091213	0.005241	25.883904	6.1
542	1601.747888	81.962146	0.005248	20.441403	7.4
543	1749.039902	81.832674	0.005255	31.571108	4.7
544	1668.155983	82.758046	0.005208	39.401473	6.2
545	1581.197499	82.628431	0.005214	18.794368	7.0
546	1722.078661	82.593079	0.005216	23.327449	6.2
547	1650.351254	82.581296	0.005217	23.488434	5.9
548	1831.734198	82.635970	0.005214	25.024565	6.3
549	1618.939612	82.574251	0.005217	21.224934	5.4
550	1925.518463	82.450232	0.005223	31.745020	5.2
551	1901.326463	82.323058	0.005230	22.039412	3.7
552	1771.931348	82.252707	0.005233	28.820157	3.8
553	1785.474617	82.124944	0.005240	28.033355	6.6
554	1862.196901	82.242895	0.005234	21.085795	6.6
555	1602.290116	83.124092	0.005189	23.909935	3.8
556	1744.625602	83.199604	0.005186	26.661663	6.0
557	1716.913823	83.071952	0.005192	25.812035	6.0
558	1912.432698	83.979689	0.005147	29.440076	8.2
559	1642.775051	83.920371	0.005150	24.585657	4.6
560	1658.591975	84.299334	0.005131	23.951009	4.2
561	1923.635826	84.211500	0.005136	23.258737	7.5
562	1906.181110	84.553075	0.005119	24.395868	7.8
563	1874.855549	84.480605	0.005123	20.315892	6.7
564	1908.029284	84.415351	0.005126	26.333960	6.1
565	1815.283135	84.438900	0.005125	19.763260	6.3
566	1655.594200	84.397220	0.005127	22.692660	7.0
567	1728.430315	84.272715	0.005133	24.092949	4.9
568	1704.021898	84.152513	0.005139	20.511299	3.8
569	1608.991954	84.192874	0.005137	16.451639	6.2
570	1829.211211	84.158869	0.005138	21.386343	4.1
571	1722.675807	84.043852	0.005144	19.358789	3.9
572	1616.996366	83.952349	0.005148	26.372806	6.2
573	1718.698443	83.999167	0.005146	23.239811	5.9
574	1718.178139	83.873036	0.005152	18.916506	5.9
575	1888.330558	83.854526	0.005153	24.466744	7.1
576	1706.924464	83.726806	0.005160	17.968904	4.8
577	1735.712853	83.835929	0.005154	25.198226	3.8
578	1737.517078	83.786809	0.005157	21.561404	6.1
579	1705.908388	83.694353	0.005161	21.892395	4.3
580	1721.783442	84.206729	0.005136	23.429867	3.8
581	1757.929147	84.761413	0.005109	36.721527	3.9
582	1656.330515	84.643037	0.005115	26.080156	6.4
583	1789.165615	85.642662	0.005067	21.108841	6.0
584	1615.684450	85.536701	0.005072	17.751533	6.2
585	1701.565103	85.428137	0.005077	23.089861	7.4
586	1620.034098	85.667748	0.005066	25.698492	4.3
587	1690.470711	85.910079	0.005054	19.843015	6.1
588	1670.353853	85.780967	0.005060	22.038950	4.4
589	2087.611728	85.697238	0.005064	34.728166	3.8
590	1758.427084	86.018845	0.005049	20.364391	4.0
591	1775.754671	85.893934	0.005055	23.188083	3.9
592	1967.935639	85.945008	0.005052	15.919554	6.8
593	1624.636172	85.977007	0.005051	17.000105	3.8
594	1955.825597	85.897099	0.005055	26.555203	5.7
595	1677.974534	85.824231	0.005058	31.433030	5.9
596	1617.202268	86.797004	0.005013	20.405848	6.7
597	1771.335661	86.681108	0.005018	18.832892	4.3
598	1630.571947	86.631453	0.005020	18.987209	6.0
599	1573.585167	86.543679	0.005024	23.960001	3.8
600	1802.171962	86.566529	0.005023	19.662543	6.1
601	1731.168394	87.344158	0.004987	30.287555	4.4
602	1604.663392	87.217238	0.004993	25.697611	6.5
603	1640.985269	88.141417	0.004951	22.285815	6.0
604	1656.941631	88.893217	0.004917	26.208735	5.8
605	1603.878753	89.172765	0.004904	20.987891	7.2
606	1762.098863	89.059021	0.004910	28.184819	4.5
607	1720.945872	89.973946	0.004869	23.948732	4.8
608	1814.280179	90.013997	0.004867	23.874227	3.9
609	1732.518143	89.943727	0.004870	24.954810	5.8
610	1762.059944	90.508057	0.004846	23.553652	4.0
611	1735.945814	91.109567	0.004820	19.884985	4.0
612	1729.393004	91.896931	0.004786	22.320210	6.3
613	1620.391793	91.848839	0.004788	26.375028	5.9
614	1850.915320	92.499147	0.004761	27.044674	5.8
615	1813.861182	92.381768	0.004766	18.270115	6.7
616	1785.152407	92.739997	0.004751	22.416079	5.6
617	1797.766096	92.633055	0.004755	22.218375	4.2
618	1880.886337	92.907014	0.004744	30.147026	5.9
619	1723.892937	93.678243	0.004712	27.876796	4.0
620	1722.997677	93.668287	0.004712	23.640905	3.8
621	1689.576094	93.543844	0.004717	16.662908	4.5
622	1778.945552	93.738912	0.004709	20.134302	5.7
623	1661.924895	93.627791	0.004714	28.943113	3.8
624	1834.265152	94.323551	0.004685	25.029871	3.7
625	1739.235009	94.962336	0.004660	22.569036	5.3
626	1956.219978	94.838698	0.004665	27.025011	5.9
627	1713.997819	94.717028	0.004669	22.487912	6.4
628	1727.035164	95.043010	0.004656	24.676339	7.2
629	1637.259019	94.914351	0.004662	25.697569	5.0
630	1839.595829	94.880896	0.004663	18.545374	4.0
631	1629.678254	94.832405	0.004665	23.209248	6.4
632	1593.292174	94.906380	0.004662	24.294845	6.0
633	1946.497869	94.783930	0.004667	23.672712	6.0
634	1684.800035	94.655124	0.004672	21.735382	5.9
635	1734.606056	95.569828	0.004635	22.825966	7.2
636	1717.419251	95.655114	0.004632	19.005098	3.8
637	1678.527046	95.632966	0.004633	18.828103	4.5
638	1930.724871	95.580367	0.004635	20.110600	3.8
639	1723.937541	96.184000	0.004611	33.717139	4.1
640	1660.064129	96.441110	0.004601	22.103428	5.7
641	1866.095067	97.438750	0.004562	20.547453	6.4
642	1794.858006	97.440229	0.004562	34.559801	3.8
643	1801.301415	97.313857	0.004567	27.158653	6.0
644	1675.224542	97.215967	0.004571	28.651681	5.9
645	1892.407096	97.122788	0.004574	21.588529	7.4
646	1607.643182	97.298819	0.004568	28.133836	6.2
647	1905.860371	97.192350	0.004572	25.516399	4.4
648	1701.029896	97.105238	0.004575	29.029000	4.6
649	1781.972099	96.978974	0.004580	29.192505	4.3
650	1754.188420	96.882806	0.004584	20.317307	3.8
651	1714.797313	97.683415	0.004553	18.450344	6.4
652	1655.239047	97.745751	0.004550	24.550986	6.1
653	1875.534269	97.627000	0.004555	26.390076	5.8
654	1702.288937	98.555232	0.004520	31.193553	7.9
655	1817.195851	98.425718	0.004524	24.529272	4.2
656	1700.948425	99.425649	0.004487	21.728269	4.3
657	1815.232938	99.299825	0.004492	23.779819	4.7
658	1733.905684	100.047235	0.004464	25.326529	4.4
659	1724.734972	100.072446	0.004463	23.404619	3.8
660	1691.911918	100.563352	0.004445	20.981312	3.8
661	1667.325862	100.438921	0.004449	27.987462	6.6
662	1713.181365	100.313115	0.004454	28.985538	5.9
663	1627.014761	101.310810	0.004418	18.624268	5.9
664	1990.579082	101.326746	0.004417	28.899809	6.9
665	1796.234334	101.365819	0.004416	26.939120	6.4
666	1723.467785	102.175822	0.004387	23.547089	5.0
667	1719.500870	103.139039	0.004353	22.837143	4.1
668	1798.765731	103.020015	0.004357	26.639315	3.8
669	1642.304952	102.946601	0.004359	19.889819	3.8
670	1963.174459	103.257855	0.004349	28.504745	4.9
671	1775.072934	103.316995	0.004346	24.824143	6.1
672	1793.280336	103.188746	0.004351	31.078451	3.9
673	1617.479174	104.084748	0.004320	21.395403	3.9
674	1780.333950	103.958749	0.004324	24.738384	5.9
675	1621.301430	103.848651	0.004328	21.830373	5.9
676	1796.893725	103.862417	0.004327	25.162168	6.5
677	1856.532157	103.841988	0.004328	23.081949	7.6
678	1626.467907	104.201406	0.004316	23.909926	4.8
679	1642.780481	104.078399	0.004320	23.003933	6.1
680	1497.516476	103.954191	0.004324	28.460869	6.7
681	1660.549045	104.744944	0.004297	23.234967	5.9
682	1855.328497	104.922727	0.004291	23.646278	5.9
683	1664.394095	104.794349	0.004295	23.187034	6.3
684	1768.643352	104.691535	0.004299	22.891436	6.7
685	1710.412014	105.320960	0.004278	25.029134	4.4
686	1604.795995	105.234928	0.004280	32.771040	3.8
687	1729.553542	105.105545	0.004285	23.068887	3.8
688	1732.825597	106.100368	0.004251	24.094818	5.1
689	1857.807618	106.366772	0.004242	22.400731	6.7
690	1754.716462	106.248028	0.004246	29.137209	3.9
691	1798.698448	106.564885	0.004236	25.898292	5.3
692	1710.932014	107.387641	0.004209	26.157958	6.0
693	1597.613952	107.355989	0.004210	22.954688	5.9
694	1678.017142	107.318251	0.004211	29.423132	7.7
695	1884.529348	108.073453	0.004186	18.549683	4.1
696	1629.572340	108.547037	0.004171	26.688816	4.7
697	1666.786801	108.419604	0.004175	27.249952	4.9
698	1840.661367	108.294003	0.004179	33.239276	3.8
699	1862.064311	109.272866	0.004148	20.635008	6.2
700	1712.290272	110.095400	0.004122	21.319850	5.9
701	1785.224237	109.991058	0.004125	25.579092	5.8
702	1708.296021	109.862230	0.004129	25.024657	6.3
703	1605.864369	110.050924	0.004123	22.928355	6.9
704	1627.962753	109.965906	0.004126	24.478609	4.6
705	1554.709928	109.984484	0.004125	23.788725	3.9
706	1785.546370	110.808186	0.004099	26.977406	5.6
707	1754.257598	110.680430	0.004103	23.201692	3.8
708	1644.262920	110.608427	0.004106	23.664589	3.7
709	1593.672480	110.532758	0.004108	21.473288	6.4
710	1746.204996	110.466429	0.004110	24.232341	3.9
711	1726.783613	110.563467	0.004107	26.913977	3.8
712	1803.976417	111.465842	0.004079	28.180663	3.7
713	1712.961371	112.157215	0.004058	32.311278	5.8
714	1911.825618	113.147917	0.004028	23.728445	5.9
715	1791.282766	113.018655	0.004032	23.362157	5.9
716	1740.363170	112.900841	0.004035	27.109000	5.9
717	1789.911700	112.913620	0.004035	23.795658	5.7
718	1888.412980	112.999479	0.004032	30.514706	5.9
719	1741.159695	112.881020	0.004036	20.989081	6.7
720	1797.161018	113.160430	0.004028	21.952836	6.4
721	1781.130935	113.822601	0.004008	22.601690	8.2
722	1712.522264	113.742925	0.004010	18.769943	5.9
723	1646.458230	113.787070	0.004009	22.995613	7.3
724	1705.056284	113.865263	0.004007	24.622089	7.3
725	1610.333895	114.730158	0.003981	30.489807	6.9
726	1746.469554	114.664841	0.003983	24.106057	7.4
727	1603.412112	114.537517	0.003987	23.096063	6.1
728	1881.699812	115.365526	0.003962	21.483135	6.2
729	1781.453738	115.237007	0.003966	27.367420	5.9
730	1520.648071	115.282827	0.003965	23.422321	7.4
731	1819.701243	115.154512	0.003969	22.518729	3.9
732	1663.538715	115.041583	0.003972	23.783806	4.4
733	1659.630411	114.951346	0.003975	22.760456	3.8
734	1705.662297	114.823700	0.003978	23.423433	6.2
735	1935.632026	115.658954	0.003954	22.816000	6.7
736	1730.216870	116.183048	0.003939	20.428188	4.1
737	1549.212049	116.063676	0.003942	25.306607	5.9
738	1773.054780	115.960423	0.003945	26.754426	5.7
739	1854.755856	115.861431	0.003948	21.484005	7.1
740	1622.025063	115.768968	0.003951	30.425180	4.2
741	1730.456403	116.603852	0.003927	23.781153	4.2
742	1685.082083	116.485575	0.003930	21.937771	3.8
743	1662.582281	116.387463	0.003933	22.004769	6.2
744	1731.845494	116.303465	0.003935	16.264308	4.9
745	1656.627807	116.189100	0.003939	28.197127	6.2
746	1767.625122	116.074076	0.003942	28.092080	5.9
747	1652.794224	115.953468	0.003945	20.706800	5.9
748	1696.210712	115.842731	0.003949	20.211027	7.3
749	1720.639302	115.742940	0.003951	18.510084	4.1
750	1729.336105	115.728129	0.003952	25.493336	4.4
751	1749.455386	115.699986	0.003953	23.116197	3.9
752	1702.246830	115.790705	0.003950	25.705587	5.8
753	1668.159079	115.743166	0.003951	28.668716	4.3
754	1501.762256	115.822342	0.003949	23.131410	6.2
755	1718.117035	116.812682	0.003921	21.581696	6.0
756	1881.361215	116.759558	0.003922	29.515603	5.8
757	1705.986162	117.617039	0.003898	25.475509	7.7
758	1862.956152	118.092305	0.003885	23.886637	3.9
759	1736.141544	117.962730	0.003888	26.505862	4.5
760	1818.910220	117.841624	0.003892	27.047757	3.9
761	1642.597945	118.804425	0.003865	16.880885	5.7
762	1878.654951	118.803719	0.003865	30.797435	4.1
763	1714.425081	118.889090	0.003863	20.343055	6.0
764	1715.405754	118.805059	0.003865	29.377495	4.9
765	1632.401521	118.686644	0.003868	25.724765	3.9
766	1731.629674	118.559349	0.003872	28.134112	4.4
767	1870.382452	118.609243	0.003870	24.173486	4.0
768	1819.113472	118.540804	0.003872	31.710921	5.8
769	1639.342711	118.885668	0.003863	21.886650	4.2
770	1680.483092	119.776166	0.003838	26.894484	8.1
771	1718.583163	120.759964	0.003812	25.014664	3.9
772	1828.426387	121.666014	0.003787	24.239018	3.8
773	1679.423021	122.100040	0.003776	21.672438	4.7
774	1637.816764	122.195355	0.003773	27.420125	8.5
775	1794.443401	122.239719	0.003772	25.215864	3.9
776	1833.954825	122.117804	0.003775	26.904777	3.8
777	1700.385943	122.918321	0.003754	20.765319	4.1
778	1584.125547	123.293279	0.003745	25.456079	6.0
779	1631.421369	123.499538	0.003739	25.231098	3.9
780	1663.187157	123.572530	0.003737	18.933096	3.9
781	1742.499340	123.458981	0.003740	24.877847	3.9
782	1575.861246	123.339233	0.003744	20.212095	3.9
783	1869.881331	123.885300	0.003729	24.316078	3.9
784	1446.464979	123.762177	0.003733	23.992785	5.9
785	1902.598189	124.205075	0.003721	23.937746	6.9
786	1532.352204	124.264711	0.003720	22.650719	7.8
787	1649.047565	124.289703	0.003719	22.013464	4.3
788	1884.484604	124.929919	0.003703	19.772642	5.9
789	1725.012677	125.258772	0.003694	26.085299	6.7
790	1744.135964	125.181184	0.003696	24.812986	7.5
791	1797.127021	125.490325	0.003689	32.768060	3.9
792	1677.852873	126.176301	0.003671	21.273044	6.6
793	1846.962018	126.046734	0.003675	25.878189	6.1
794	1874.644010	125.936346	0.003677	23.428035	5.9
795	1947.485927	125.837430	0.003680	24.175707	6.6
796	1902.740342	126.480237	0.003664	21.443444	6.8
797	1858.342130	126.384525	0.003666	19.410447	5.6
798	1660.614231	126.326050	0.003668	21.244725	4.0
799	1647.777276	126.227782	0.003670	21.270647	3.8
800	1611.315970	126.215673	0.003670	24.160390	3.8
801	1765.902766	126.205916	0.003671	26.637027	4.6
802	1797.373935	126.093984	0.003673	23.491811	6.2
803	1815.723881	126.023741	0.003675	24.189451	3.9
804	1664.030777	125.912161	0.003678	24.604605	4.1
805	1921.377006	125.787970	0.003681	25.262654	5.9
806	1812.138217	125.695179	0.003683	19.689647	5.8
807	1731.878239	125.701904	0.003683	29.153736	7.4
808	1898.982710	125.577240	0.003686	20.749435	5.6
809	1625.067529	126.283262	0.003669	28.515700	4.5
810	1761.136930	126.154749	0.003672	20.923962	5.4
811	1633.612138	126.596596	0.003661	24.155102	6.9
812	1677.337627	127.088692	0.003649	25.407687	6.3
813	1797.809046	128.080039	0.003624	29.346926	5.8
814	2065.093649	127.963298	0.003627	24.206542	7.0
815	1683.287674	127.838579	0.003630	21.214219	6.4
816	1625.689084	128.509649	0.003614	26.759437	5.1
817	1639.859026	128.395326	0.003617	27.134319	3.8
818	1689.830515	129.276752	0.003596	26.979542	4.1
819	1484.952520	129.262438	0.003596	21.978848	4.2
820	1787.687963	129.156505	0.003599	31.169899	6.4
821	1873.400346	129.028109	0.003602	18.880879	3.9
822	1789.247944	128.909304	0.003604	24.981682	6.0
823	1884.866673	129.598412	0.003588	28.981699	5.9
824	1687.996393	129.912193	0.003580	21.541152	6.6
825	1718.350685	129.784692	0.003584	26.550092	7.1
826	1700.543241	130.672356	0.003563	20.955752	4.8
827	1653.143747	130.905420	0.003557	17.021637	5.4
828	1738.818367	130.780664	0.003560	31.194249	4.1
829	1766.449882	131.433780	0.003545	24.946120	6.1
830	1750.255543	131.304162	0.003548	25.736468	6.0
831	1599.976784	131.186969	0.003550	20.918219	5.9
832	1586.453472	132.015732	0.003531	20.073800	6.8
833	1623.795751	131.908585	0.003534	22.120985	6.1
834	1675.695977	131.786376	0.003537	33.445815	4.5
835	1601.626808	132.696452	0.003516	21.649751	3.8
836	1666.610895	132.566965	0.003519	26.383695	5.2
837	1733.667558	132.984391	0.003509	23.565094	3.9
838	1837.659053	132.865731	0.003512	21.289045	3.8
839	1783.856013	132.763352	0.003514	29.952633	6.2
840	1730.337658	132.656503	0.003517	25.894712	5.9
841	1801.824981	132.534927	0.003519	23.415584	5.4
842	1818.296291	132.463428	0.003521	26.744604	4.0
843	1881.625031	132.366201	0.003523	23.878535	3.8
844	1751.493064	132.315598	0.003524	22.559607	3.8
845	1665.659020	133.041690	0.003508	18.322661	3.7
846	1795.233555	133.255825	0.003503	17.171955	5.0
847	1761.581136	133.242299	0.003503	18.631412	7.2
848	1745.524227	133.151562	0.003505	28.966225	4.2
849	1588.405224	133.513616	0.003497	18.841846	6.4
850	1688.625876	133.926187	0.003488	30.281850	6.3
851	1715.241454	133.820806	0.003490	21.955946	5.9
852	1680.863521	133.707861	0.003493	23.072740	6.4
853	1639.477870	134.286935	0.003480	19.771593	7.1
854	1654.991162	134.529590	0.003474	25.971311	4.5
855	1531.244821	134.542651	0.003474	18.494046	5.4
856	1889.781128	134.497807	0.003475	24.496493	4.1
857	1646.625637	134.369926	0.003478	23.729126	3.8
858	1706.250078	134.555397	0.003474	17.223104	6.8
859	1802.859938	134.504598	0.003475	28.810125	3.9
860	1730.651139	134.388249	0.003477	19.371259	3.8
861	1614.533181	134.340613	0.003478	22.965299	3.7
862	1666.788900	134.232918	0.003481	23.903183	5.1
863	1638.843745	134.114360	0.003483	30.140728	5.9
864	1746.025162	133.985429	0.003486	20.611642	5.8
865	1805.256444	134.005265	0.003486	32.198541	7.4
866	1849.199266	134.269497	0.003480	25.119683	5.1
867	1784.447394	134.937020	0.003465	23.517272	7.3
868	1713.734287	134.863662	0.003467	24.103335	6.0
869	1967.367628	134.870706	0.003467	23.734079	5.9
870	1727.722006	134.766906	0.003469	20.821627	6.0
871	1735.151028	134.654046	0.003471	26.052437	6.6
872	1876.994381	134.775743	0.003469	23.822730	4.8
873	1661.516109	134.646753	0.003472	27.087500	3.8
874	1599.260148	134.807618	0.003468	22.228607	5.4
875	1469.314104	134.681600	0.003471	20.965071	4.2
876	1747.066788	135.523726	0.003452	22.819315	6.0
877	1626.571909	135.542996	0.003452	27.134603	4.7
878	1654.304944	135.434575	0.003454	24.536675	3.7
879	1708.331030	135.474472	0.003453	21.345856	3.9
880	1802.275967	135.727179	0.003448	30.474693	5.8
881	1659.051611	135.786531	0.003446	27.684162	5.9
882	1777.265389	136.718358	0.003426	26.895543	6.1
883	1597.672594	136.598834	0.003429	23.871221	7.1
884	1605.481505	137.549706	0.003408	23.701155	4.3
885	1783.669655	137.420437	0.003411	23.754053	4.7
886	1830.500123	138.305024	0.003392	25.146974	6.7
887	1858.172873	139.276281	0.003371	25.936594	6.5
888	1684.060281	140.234277	0.003351	25.146883	5.9
889	1767.761035	141.181681	0.003332	26.182585	5.8
890	1699.322054	142.166298	0.003312	25.664664	6.9
891	1651.218048	142.138384	0.003312	21.987248	5.1
892	1896.975960	143.092645	0.003293	22.947934	5.7
893	1622.064133	143.514097	0.003284	24.975580	3.9
894	1791.992952	143.909797	0.003277	21.672553	3.9
895	1706.616453	144.006205	0.003275	26.666424	6.6
896	1733.748566	144.024426	0.003274	20.893375	3.7
897	1785.115497	144.027072	0.003274	34.842855	5.1
898	1742.978219	143.900975	0.003277	23.590353	5.9
899	1624.485661	144.833769	0.003258	26.390420	6.3
900	1664.327522	144.735605	0.003260	18.945709	7.0
901	1532.983477	144.857616	0.003258	22.378553	4.8
902	1665.944978	144.886890	0.003257	25.117826	3.8
903	1657.883303	144.791200	0.003259	23.414706	4.7
904	1708.424015	144.667119	0.003262	19.599961	4.1
905	1850.379796	144.580557	0.003263	23.915419	6.5
906	1683.917868	144.685588	0.003261	24.195935	6.3
907	1804.211651	144.570326	0.003263	25.361753	5.9
908	1786.244472	145.255014	0.003250	22.159302	7.0
909	1545.445207	145.261832	0.003250	23.958418	6.1
910	1787.701090	145.135417	0.003252	23.198063	6.2
911	1663.208248	145.151169	0.003252	18.460947	4.3
912	1619.301921	145.025124	0.003255	25.157982	3.8
913	1767.678988	144.978463	0.003255	23.015836	3.9
914	1580.207993	144.880328	0.003257	21.075908	5.6
915	1791.749727	144.751082	0.003260	24.361359	5.8
916	1691.263912	144.665459	0.003262	22.051037	5.9
917	1739.925706	144.985574	0.003255	23.299992	7.6
918	1863.970521	144.856263	0.003258	24.205898	3.9
919	1866.860328	145.669777	0.003242	20.470306	5.9
920	1649.570437	145.772978	0.003240	16.803399	4.3
921	1696.778587	145.674831	0.003242	25.075025	3.9
922	1530.449917	145.706256	0.003241	24.659057	3.9
923	1600.053581	146.399793	0.003228	25.943199	3.8
924	1694.856904	146.287211	0.003230	18.618339	6.1
925	1642.192749	147.105240	0.003214	28.666571	5.9
926	1622.184791	147.465368	0.003207	18.165005	6.1
927	1701.505461	147.346482	0.003210	25.973997	7.4
928	1566.390601	147.346966	0.003210	18.694693	5.9
929	1763.545795	147.407715	0.003209	22.824056	4.3
930	1858.680020	147.416019	0.003208	17.558327	4.2
931	1534.176949	147.647686	0.003204	19.261350	3.8
932	1701.417346	147.572340	0.003205	25.251967	3.8
933	1783.100035	147.517715	0.003206	24.558204	3.8
934	1739.774671	148.234064	0.003193	21.516561	6.3
935	1613.851443	148.189591	0.003194	25.296738	5.9
936	1899.689756	148.659589	0.003185	28.227100	6.0
937	1701.869678	149.573690	0.003168	23.876016	7.2
938	1603.849416	149.589808	0.003167	21.165236	4.0
939	1471.641096	149.954300	0.003161	23.385695	4.5
940	1593.102424	149.845193	0.003163	22.695950	3.8
941	1507.648011	149.723853	0.003165	19.604469	5.4
942	1703.164355	149.718646	0.003165	25.208828	4.2
943	1528.775635	149.605637	0.003167	25.460343	6.5
944	1688.956437	149.482991	0.003169	15.774731	4.1
945	1753.215099	149.501493	0.003169	20.647169	3.7
946	1663.125871	149.397369	0.003171	30.418206	3.8
947	1650.463154	150.117597	0.003158	21.396811	5.9
948	1683.707097	150.184330	0.003156	22.581097	5.8
949	1740.692137	150.363753	0.003153	21.613554	7.3
950	1643.007956	150.384262	0.003153	20.039170	5.3
951	1753.518282	151.037459	0.003141	29.566373	5.0
952	1748.812590	150.908986	0.003143	20.126211	5.0
953	1651.096487	150.933753	0.003143	23.490504	6.3
954	1755.214056	151.037613	0.003141	19.933945	3.8
955	1823.825540	151.074412	0.003140	23.111103	4.9
956	1717.745428	150.977969	0.003142	20.738181	5.9
957	1680.336969	150.933449	0.003143	23.584085	5.9
958	1743.769227	150.893772	0.003143	22.469933	7.8
959	1539.080362	150.974923	0.003142	19.928675	4.4
960	1600.327111	150.849252	0.003144	25.042189	4.3
961	1499.124167	150.756813	0.003146	23.300833	4.1
962	1718.690093	150.628161	0.003148	25.034099	8.8
963	1813.323265	150.502255	0.003151	19.979336	6.6
964	1546.081385	150.406308	0.003152	27.032174	5.9
965	1796.812422	150.356157	0.003153	22.218817	6.7
966	1892.723962	150.891635	0.003143	25.844852	6.6
967	1815.153842	150.777696	0.003146	22.784551	6.3
968	1772.965741	150.648205	0.003148	21.238391	4.6
969	1710.369160	150.949808	0.003142	26.861965	3.8
970	1610.314667	151.499666	0.003132	24.345309	6.2
971	1437.763313	152.015452	0.003123	22.403328	3.9
972	1629.305406	152.106102	0.003121	25.048263	5.1
973	1821.584634	151.977578	0.003124	22.320056	5.9
974	1693.283695	152.159343	0.003120	17.307564	4.0
975	1809.277200	152.124652	0.003121	24.973780	4.1
976	1800.415893	151.999242	0.003123	23.961169	4.6
977	1660.412233	152.392756	0.003116	24.936988	8.7
978	1620.975644	153.160067	0.003103	24.681595	4.7
979	1759.096480	154.090484	0.003086	19.288993	5.0
980	1788.505655	154.374292	0.003081	21.749849	7.1
981	1524.561149	154.292277	0.003083	24.731223	5.9
982	1545.654112	154.714442	0.003075	28.082568	5.8
983	1668.842524	155.673294	0.003058	28.490367	6.9
984	1670.658873	155.823371	0.003056	22.607326	6.2
985	1728.380951	156.694028	0.003041	27.216429	5.1
986	1799.975695	156.564493	0.003043	22.088396	4.1
987	1485.902478	156.466843	0.003045	25.374812	3.9
988	1705.470130	156.359880	0.003047	26.036964	4.1
989	1807.697682	156.398775	0.003046	20.258711	6.1
990	1764.080952	157.206052	0.003032	21.309423	4.1
991	1746.565626	157.113437	0.003034	20.509417	5.9
992	1714.535511	157.177122	0.003033	28.546273	5.9
993	1511.277587	157.163608	0.003033	19.446413	6.5
994	1750.676676	157.752899	0.003023	26.425709	6.6
995	1778.090483	157.721648	0.003023	38.424776	5.0
996	1662.621123	157.619064	0.003025	32.841264	3.8
997	1903.372562	158.619063	0.003008	29.714709	5.4
998	1724.803847	158.489427	0.003010	29.636758	7.3
999	1649.924925	158.365468	0.003013	28.168362	6.3
