1:ItNr	2:Metric	3a:Time	3b:StepSize	4:||Gradient||	Time[ms]
0	34999.990328	0.000000	0.000004	16041.553201	2327.7
1	44343.423915	0.000000	0.000004	9968.134157	2.4
2	36485.695077	0.431576	0.000004	9612.091191	2.4
3	39872.524845	0.584700	0.000004	17361.392433	2.4
4	42905.973112	1.385907	0.000004	24351.934913	2.5
5	37385.286541	2.276579	0.000004	12172.097917	2.4
6	39890.933382	1.847839	0.000004	13365.451778	2.4
7	37263.182823	1.434408	0.000004	8667.949046	3.0
8	37391.762083	1.800828	0.000004	6588.701341	2.5
9	41974.093806	2.134810	0.000004	10515.896635	2.4
10	40202.011653	2.309920	0.000004	6961.552149	2.4
11	27814.820556	2.122087	0.000004	7918.495826	2.4
12	35755.252691	2.097378	0.000004	6146.692799	2.4
13	35637.499137	2.128897	0.000004	4959.298276	2.5
14	34930.457219	2.127361	0.000004	8192.602315	2.5
15	34372.717099	2.339007	0.000004	7973.690286	2.3
16	38276.139044	2.726392	0.000004	16994.854189	2.4
17	39063.541669	2.778028	0.000004	13692.306596	2.4
18	31320.722386	3.766964	0.000004	6461.030495	3.4
19	41628.743896	4.097817	0.000004	11280.093866	3.3
20	40717.483112	4.151524	0.000004	7668.280549	3.6
21	43040.406562	4.801145	0.000003	9772.917022	3.6
22	35990.709287	5.347284	0.000003	3306.234143	3.7
23	44161.055276	5.485120	0.000003	9033.993862	4.0
24	38625.218001	5.409459	0.000003	14715.677617	4.7
25	33708.065628	5.441498	0.000003	7236.210608	2.8
26	35918.587292	5.433371	0.000003	8325.227339	2.6
27	37617.477310	5.380226	0.000003	4264.736098	4.0
28	38571.468606	5.333657	0.000003	5511.977786	4.1
29	38254.883365	5.455023	0.000003	6621.401928	2.6
30	42848.700567	5.580842	0.000003	6330.269701	2.4
31	37609.558812	5.700498	0.000003	2825.904004	2.5
32	34223.639041	5.731298	0.000003	7947.654645	2.5
33	37317.695685	5.643088	0.000003	4005.243758	3.8
34	42094.464045	5.676151	0.000003	7724.929959	3.0
35	35230.272990	5.767058	0.000003	13168.179025	2.5
36	34135.496772	5.494749	0.000003	10919.800924	2.3
37	41681.951481	6.394936	0.000003	9257.213039	2.4
38	38380.232485	6.884769	0.000003	8492.237876	3.5
39	37238.559561	6.701722	0.000003	6234.284772	3.6
40	33438.108348	6.531596	0.000003	8085.774107	3.9
41	35635.407848	6.988322	0.000003	5064.783573	3.6
42	33592.669027	7.089909	0.000003	4518.458465	4.3
43	37164.838733	7.121967	0.000003	14121.975531	4.0
44	37052.745492	7.336480	0.000003	9261.387732	2.9
45	36740.670574	8.072160	0.000003	5526.575604	2.4
46	33627.735935	7.957487	0.000003	5520.533460	2.9
47	36636.666481	7.914516	0.000003	8707.990445	4.2
48	40228.407013	8.362754	0.000003	7158.806545	5.7
49	37728.426182	8.885832	0.000003	4848.453296	2.5
50	41753.943028	9.092181	0.000003	6119.515555	2.7
51	37816.774506	9.023400	0.000003	5996.137114	3.4
52	39906.510113	8.831471	0.000003	8454.305968	3.6
53	34128.616473	8.906542	0.000003	11525.247977	3.6
54	39032.996736	9.554175	0.000003	6510.872764	3.5
55	36799.257519	10.001949	0.000003	9601.337041	4.7
56	41750.273809	9.851481	0.000003	7214.552194	4.5
57	40588.964062	9.908754	0.000003	8006.394961	2.5
58	38790.456351	10.361288	0.000003	7292.407019	2.5
59	35529.601143	10.374203	0.000003	6046.179353	2.6
60	35318.049213	10.448423	0.000003	5021.777147	4.1
61	34784.133008	10.400650	0.000003	5407.574339	3.8
62	36270.739030	10.515006	0.000003	6313.744575	3.7
63	32488.391736	10.373943	0.000003	5997.253429	2.5
64	32373.001726	10.428233	0.000003	5615.916041	3.4
65	35895.214113	10.523467	0.000003	9013.035304	3.5
66	39053.552233	10.756292	0.000003	9869.902749	3.6
67	37151.425370	10.737218	0.000003	5887.556837	3.5
68	34669.418457	11.288321	0.000003	5087.778552	4.0
69	36904.612445	11.247177	0.000003	11739.233151	5.7
70	37546.686673	11.258264	0.000003	9769.835633	2.7
71	38772.984846	12.114181	0.000003	4993.587240	2.5
72	35236.342193	12.025551	0.000003	9806.238330	2.4
73	48075.962492	12.273650	0.000003	12712.289694	3.5
74	32043.865537	12.411642	0.000003	5004.875405	4.0
75	30502.710848	12.520759	0.000003	4509.873272	2.9
76	38111.375297	12.606885	0.000003	6070.727889	4.0
77	33388.853072	12.587252	0.000003	4676.102071	3.6
78	34618.598272	12.714788	0.000003	9081.767526	3.4
79	42621.489982	12.608871	0.000003	9760.998223	4.2
80	31829.872456	12.968325	0.000003	8316.944639	4.0
81	35154.289097	13.614326	0.000003	4994.515673	4.3
82	31816.723671	13.702166	0.000003	8383.052822	3.8
83	31989.853818	13.575029	0.000003	5296.729083	2.5
84	33096.783176	13.728008	0.000003	8738.736503	2.7
85	33911.217627	13.832627	0.000003	5881.354932	2.4
86	34176.006085	13.860396	0.000003	5076.640687	2.4
87	38635.697183	13.917518	0.000003	7034.782468	4.5
88	34898.561221	13.795343	0.000003	10437.080072	3.2
89	36181.038281	14.349014	0.000002	5436.495702	3.0
90	42633.838902	14.317898	0.000003	6463.740950	3.6
91	40969.012775	14.194574	0.000003	6050.756342	3.6
92	37048.932058	14.211594	0.000003	5554.298232	3.4
93	37556.966784	14.138987	0.000003	4828.286247	3.7
94	33157.643002	14.072833	0.000003	11217.834435	2.6
95	40254.387547	14.405875	0.000002	7514.550542	3.5
96	33333.798504	14.258927	0.000003	15981.387600	4.4
97	37233.400600	14.819289	0.000002	4611.754621	5.2
98	35798.172346	14.953976	0.000002	7008.385909	2.7
99	29761.571907	14.947382	0.000002	7541.680658	2.4
100	40238.571775	14.914177	0.000002	6049.817372	3.3
101	37108.432209	15.002506	0.000002	6501.013139	3.9
102	35223.505903	15.041029	0.000002	3834.823015	2.5
103	28682.831388	15.014121	0.000002	5519.982400	2.4
104	37908.103075	14.988388	0.000002	6998.914483	3.6
105	39348.190308	15.087199	0.000002	6285.355637	3.2
106	37801.754671	14.963299	0.000002	5521.052414	2.6
107	31308.515821	14.806119	0.000002	7072.076801	3.5
108	34405.987693	14.859307	0.000002	4985.965662	2.7
109	40978.127624	14.776928	0.000002	8201.439662	3.6
110	39543.049310	14.982687	0.000002	7855.416627	3.6
111	38106.951083	15.174397	0.000002	6313.070233	4.1
112	42870.004318	15.250841	0.000002	10946.532914	5.3
113	34125.050262	15.626259	0.000002	3669.697344	2.4
114	35484.435489	15.707628	0.000002	7435.611275	3.3
115	30081.203491	15.777464	0.000002	5844.193980	4.1
116	31420.795774	15.761537	0.000002	8230.992197	2.6
117	35933.432965	15.866176	0.000002	4320.795163	2.4
118	38535.444192	15.793758	0.000002	7376.820427	3.2
119	43392.163190	15.831553	0.000002	4638.537742	3.6
120	35638.657169	16.046894	0.000002	4830.319168	3.7
121	32753.819561	15.946881	0.000002	11548.776078	4.2
122	37190.741658	16.337681	0.000002	5465.687802	3.6
123	34072.064381	16.261995	0.000002	5304.851511	3.8
124	46486.017098	16.278002	0.000002	7612.154480	4.2
125	38109.074332	16.284668	0.000002	10399.308881	5.6
126	37722.505861	16.276368	0.000002	7752.463111	2.4
127	35583.866522	16.136485	0.000002	7263.310723	2.7
128	33656.287265	15.951127	0.000002	10856.971528	4.4
129	37151.729375	15.862295	0.000002	7755.123822	3.4
130	43076.167769	15.938643	0.000002	8603.013340	2.4
131	40598.103013	15.873391	0.000002	10515.345541	2.4
132	35164.645829	16.156790	0.000002	7134.060983	4.3
133	36686.267555	16.006357	0.000002	7573.139810	2.7
134	34371.404104	15.917303	0.000002	6552.541198	2.5
135	30955.714979	16.147836	0.000002	4374.431002	2.5
136	33095.508002	16.232357	0.000002	5310.727912	2.4
137	35793.431906	16.197129	0.000002	7498.617370	2.3
138	36164.277876	16.048303	0.000002	5848.278073	2.5
139	31793.339164	15.900509	0.000002	3629.535444	3.5
140	37394.766590	15.961970	0.000002	8261.937181	3.5
141	38130.658675	15.808571	0.000002	9166.352500	3.7
142	35609.282966	15.589315	0.000002	6078.515427	3.6
143	35030.289898	15.854581	0.000002	5720.137012	3.9
144	35866.069936	15.778851	0.000002	4717.373826	5.1
145	34215.275412	15.681525	0.000002	7664.517277	3.5
146	31119.071289	15.856486	0.000002	8064.340553	2.6
147	42960.791934	15.973533	0.000002	10769.832827	6.5
148	41799.489622	15.736724	0.000002	12590.620143	4.8
149	34534.814141	16.132678	0.000002	5689.028818	3.3
150	38248.639445	15.908719	0.000002	6154.481157	3.9
151	42203.766723	15.765847	0.000002	5439.345982	3.5
152	35054.011678	15.904595	0.000002	8000.555185	4.8
153	32173.884680	15.846803	0.000002	5522.621808	4.7
154	38416.460328	15.717523	0.000002	5940.895247	3.0
155	35268.880207	15.833240	0.000002	8455.227678	4.2
156	42781.147133	15.923335	0.000002	9383.377609	3.5
157	41311.343367	16.315196	0.000002	7832.564743	2.5
158	32255.971775	16.897446	0.000002	9442.258980	2.4
159	34343.155818	16.766634	0.000002	8534.434246	4.0
160	43394.126922	16.827123	0.000002	5040.970891	3.5
161	38588.042917	16.677326	0.000002	8910.639062	2.5
162	33695.508474	16.560394	0.000002	13566.771025	2.4
163	38948.419538	16.875444	0.000002	8716.591261	2.3
164	32119.923651	17.303789	0.000002	10633.086574	2.4
165	41016.769630	17.057034	0.000002	6792.316244	3.5
166	37381.501123	16.890117	0.000002	3821.794945	3.5
167	36778.737563	16.885093	0.000002	5008.232811	3.6
168	30583.575389	16.909259	0.000002	6933.209635	3.6
169	39687.458348	16.894370	0.000002	4395.106276	3.8
170	40399.611282	17.010249	0.000002	14330.705607	4.1
171	41181.361819	17.081339	0.000002	6704.699797	4.9
172	37114.779358	17.839173	0.000002	8788.925429	2.5
173	39350.528784	18.044050	0.000002	5374.025063	2.8
174	38539.119987	17.968474	0.000002	5939.589457	4.6
175	37288.820249	17.934118	0.000002	9513.591157	4.8
176	40096.335369	17.975600	0.000002	6921.937911	3.5
177	38677.182714	17.912117	0.000002	5624.909346	3.7
178	39036.005763	18.106769	0.000002	4556.682434	3.6
179	36895.200795	18.006951	0.000002	7411.372065	4.2
180	41368.217557	18.097963	0.000002	8749.818508	3.8
181	32851.931531	18.176597	0.000002	5672.553438	4.2
182	42861.820806	18.242273	0.000002	5660.973902	2.5
183	39655.509673	18.114775	0.000002	5642.541803	2.4
184	32898.152822	18.302397	0.000002	8390.839735	2.5
185	33455.289342	18.352113	0.000002	5051.060250	2.3
186	34775.488404	18.384617	0.000002	4970.223964	2.5
187	40177.753054	18.533858	0.000002	7635.023020	3.1
188	39546.382128	18.589289	0.000002	9484.323787	3.9
189	40451.632323	18.805178	0.000002	5497.996807	4.6
190	31875.859565	18.764087	0.000002	10415.233659	2.6
191	38246.031417	19.048531	0.000002	7020.779827	3.0
192	34377.217955	18.828359	0.000002	8223.957740	3.5
193	38776.195650	19.136167	0.000002	4500.113687	3.7
194	32832.486121	19.340410	0.000002	5456.816012	3.6
195	39108.179431	19.363587	0.000002	7468.559861	4.2
196	37480.852136	19.547690	0.000002	5992.896789	4.6
197	33072.775795	19.689639	0.000002	3500.251862	2.5
198	41860.384170	19.622185	0.000002	8050.090697	2.6
199	36754.735382	19.506807	0.000002	8295.549519	2.4
200	34978.737542	19.993330	0.000002	6880.985206	2.3
201	38492.889897	20.454215	0.000002	6935.519827	3.0
202	38938.488489	20.648971	0.000002	3122.768475	3.7
203	33728.486489	20.613112	0.000002	5256.727759	3.3
204	36407.739119	20.619436	0.000002	9004.269582	4.3
205	38325.803683	20.874098	0.000002	5334.457999	2.4
206	41407.989186	21.075342	0.000002	6861.048814	3.5
207	37963.103403	21.076716	0.000002	13218.107925	3.6
208	36437.640040	21.645032	0.000002	6123.291151	3.7
209	44428.963893	22.166745	0.000002	6788.151746	3.6
210	35230.894038	22.233405	0.000002	5511.961955	4.1
211	35223.508422	22.158391	0.000002	5061.777915	4.8
212	41078.648090	22.271336	0.000002	6282.494062	3.4
213	37063.810829	22.317658	0.000002	6755.680761	2.5
214	34967.940965	22.287599	0.000002	4590.299445	2.5
215	37756.138451	22.350576	0.000002	11529.276839	4.2
216	33666.563357	22.479252	0.000002	6815.007375	3.8
217	29436.953967	22.747533	0.000002	6802.131505	2.8
218	35619.050286	22.774764	0.000002	6938.335492	4.3
219	34332.296706	22.928590	0.000002	3792.401167	3.1
220	37934.748495	22.989858	0.000002	4639.588666	3.5
221	35240.932603	22.971168	0.000002	5463.441395	3.7
222	47147.832721	22.877011	0.000002	6438.816042	3.4
223	40185.223893	22.961836	0.000002	5844.725978	3.9
224	31203.118351	23.035828	0.000002	8938.672859	5.2
225	37609.879683	22.823954	0.000002	10405.768454	2.5
226	35405.739341	23.544589	0.000002	7979.296969	3.0
227	32870.242723	23.441139	0.000002	7289.000893	2.4
228	35972.595180	23.634626	0.000002	8339.419493	2.4
229	33305.369366	23.460930	0.000002	8794.279155	3.9
230	35081.430544	23.588070	0.000002	7184.788123	3.6
231	30183.714134	23.769810	0.000002	5596.035118	2.4
232	36248.900715	23.568778	0.000002	6655.605722	3.6
233	36310.405582	23.410056	0.000002	6344.247407	3.0
234	36561.755651	23.584850	0.000002	13068.268225	3.4
235	35336.275007	24.046634	0.000002	8197.864789	3.7
236	37227.797952	24.704238	0.000002	8841.136776	3.3
237	42102.671879	24.573635	0.000002	8887.294506	2.4
238	33555.315318	25.203269	0.000002	4072.089530	4.3
239	39277.348783	25.100303	0.000002	10584.875552	4.9
240	38771.705878	24.979870	0.000002	6741.853097	2.5
241	40177.523861	24.765167	0.000002	9421.512872	2.7
242	32915.948819	24.974535	0.000002	7134.145592	2.4
243	39423.201712	24.841896	0.000002	4293.676158	4.0
244	36805.267891	24.698147	0.000002	8663.378520	3.7
245	38290.499884	24.898004	0.000002	8525.024152	2.5
246	36548.601777	25.230150	0.000002	3813.915854	2.5
247	40522.901088	25.153546	0.000002	5809.204781	4.1
248	34702.743942	25.087686	0.000002	8792.335343	3.6
249	31730.530081	25.202116	0.000002	4642.384358	3.6
250	39788.674688	25.287117	0.000002	5695.574221	3.7
251	39666.206561	25.251881	0.000002	7544.327562	3.8
252	40015.827032	25.213674	0.000002	12801.757900	4.7
253	37121.092957	25.434282	0.000002	8400.956900	3.1
254	37113.086155	25.804872	0.000002	5313.977578	2.5
255	33918.238493	25.916661	0.000002	6721.065007	2.6
256	32037.891459	25.857535	0.000002	5849.014210	2.4
257	30719.701198	25.953406	0.000002	6859.836851	2.9
258	35181.857226	25.943702	0.000002	6735.710206	4.9
259	37007.032326	26.118995	0.000002	5356.384691	2.6
260	35569.292342	26.132286	0.000002	5005.511450	2.5
261	41057.705900	26.148808	0.000002	8052.897792	4.2
262	39574.805539	26.106902	0.000002	8644.612205	3.5
263	32052.985364	26.350356	0.000002	5437.201169	3.5
264	35357.397233	26.312418	0.000002	4098.317448	3.7
265	41622.168696	26.282049	0.000002	5799.930088	3.5
266	42059.046715	26.258635	0.000002	6954.196488	4.1
267	35318.844333	26.363285	0.000002	3339.460409	5.1
268	36540.602663	26.345620	0.000002	7489.786325	2.6
269	36199.988210	26.415590	0.000002	5511.348227	2.5
270	34330.456980	26.516225	0.000002	7432.035888	2.4
271	41798.048373	26.386549	0.000002	10163.294110	3.7
272	38099.221997	26.185546	0.000002	5703.993340	3.6
273	45184.925551	26.485714	0.000002	10843.164861	2.6
274	33933.746964	26.594990	0.000002	8334.740936	2.4
275	40094.355328	26.942089	0.000002	4171.341301	2.5
276	44564.968426	26.901238	0.000002	6371.638086	3.7
277	36317.150781	26.881764	0.000002	5770.685786	2.7
278	43675.044879	26.809454	0.000002	7627.917376	2.5
279	46278.485848	26.758402	0.000002	7202.897186	2.4
280	40906.880572	26.467936	0.000002	7993.597995	2.4
281	34813.556032	26.527687	0.000002	13920.742837	2.4
282	32527.671878	26.558992	0.000002	7345.529998	2.7
283	36143.540237	26.423104	0.000002	11397.440573	3.3
284	37556.284124	26.360603	0.000002	6757.933183	3.7
285	35904.758000	26.675039	0.000002	3963.529923	3.6
286	36462.891069	26.684341	0.000002	5470.767120	3.9
287	38824.550411	26.780807	0.000002	5638.039773	4.7
288	37129.004193	26.900611	0.000002	3599.363242	3.5
289	42950.889882	26.984212	0.000002	4001.368526	2.4
290	38482.800308	26.922587	0.000002	6368.595126	2.7
291	36827.221937	26.931002	0.000002	4839.991379	5.1
292	40538.532481	26.874095	0.000002	8290.367460	5.2
293	31677.369218	26.693443	0.000002	3047.832581	3.3
294	36428.784946	26.693098	0.000002	6610.273400	3.5
295	36833.551612	26.750281	0.000002	7078.957086	3.6
296	35408.587441	26.945084	0.000002	7705.352993	3.6
297	32496.521089	26.822337	0.000002	4897.324708	4.4
298	37544.898169	26.750585	0.000002	8742.181728	3.8
299	36238.656664	26.538321	0.000002	3260.183833	3.9
300	32601.755301	26.539175	0.000002	4534.450868	3.6
301	29885.198778	26.534450	0.000002	5211.801237	2.4
302	36586.118582	26.459386	0.000002	6382.209799	2.4
303	37030.214443	26.561806	0.000002	5822.715610	2.4
304	37199.912566	26.373089	0.000002	4937.350328	3.1
305	42445.210954	26.241471	0.000002	5348.776288	3.7
306	35658.301436	26.316881	0.000002	5495.305084	2.5
307	37158.731594	26.177278	0.000002	14081.263725	2.5
308	38041.504200	26.009655	0.000002	5633.264219	2.5
309	35557.887215	25.903768	0.000002	6440.025654	2.4
310	34272.202902	25.824753	0.000002	8006.278428	3.1
311	33291.703624	25.771603	0.000002	7396.849701	3.4
312	31237.544627	26.271189	0.000002	7132.845233	3.6
313	40096.464921	26.064461	0.000002	6099.700787	3.6
314	35437.188958	26.328016	0.000002	7495.861216	3.8
315	38669.458625	26.640823	0.000002	7005.286971	4.5
316	35692.578769	26.439050	0.000002	4890.094441	4.1
317	39479.086920	26.460022	0.000002	12587.398640	3.3
318	35614.028136	26.367970	0.000002	4645.330314	2.7
319	37189.893479	26.502041	0.000002	5002.622190	5.5
320	40662.940334	26.617201	0.000002	12084.344252	4.6
321	33436.808013	26.533191	0.000002	6310.125639	3.4
322	33066.841606	26.626533	0.000002	9165.856667	3.6
323	37692.963498	26.501737	0.000002	7157.180492	3.7
324	37106.944902	26.625839	0.000002	7315.398152	3.7
325	37782.839287	26.344839	0.000002	4608.924681	4.1
326	41256.201473	26.277998	0.000002	7510.803866	4.5
327	36016.603078	26.245350	0.000002	14486.518542	2.6
328	33654.375333	26.141013	0.000002	7485.391744	2.7
329	34644.257736	26.566465	0.000002	5798.034580	2.5
330	35425.493918	26.501489	0.000002	6351.293033	2.5
331	32066.778551	26.397922	0.000002	2953.241496	2.4
332	35406.993484	26.441172	0.000002	6952.628602	3.1
333	33235.188865	26.466896	0.000002	6302.118814	5.8
334	32264.119656	26.632673	0.000002	8307.692414	3.1
335	40732.388506	26.456888	0.000002	9155.257834	2.5
336	35963.411283	26.288787	0.000002	8450.849362	2.5
337	39064.917956	26.420348	0.000002	7806.193049	4.3
338	35140.291895	26.807481	0.000002	5824.881239	3.7
339	36554.612866	26.740531	0.000002	5012.100533	3.6
340	40414.494485	26.640157	0.000002	7882.709201	3.8
341	33306.642638	26.726238	0.000002	4631.088828	3.9
342	35597.356384	26.569612	0.000002	3372.266406	5.3
343	33127.522905	26.520640	0.000002	5287.711635	2.6
344	35822.926781	26.478615	0.000002	6438.714705	2.4
345	33034.578055	26.290821	0.000002	6369.687057	2.5
346	37548.656062	26.631565	0.000002	5561.920757	3.8
347	42544.112780	26.622507	0.000002	4678.857743	4.1
348	35341.024181	26.497191	0.000002	6322.731644	4.1
349	35172.356961	26.645392	0.000002	6039.803619	2.5
350	37856.984531	26.590853	0.000002	8621.306182	2.9
351	37233.704533	26.739270	0.000002	8958.930683	3.4
352	28592.079563	27.140194	0.000002	3551.767531	3.7
353	32014.395622	27.173829	0.000002	7600.024660	3.5
354	40093.366247	27.252764	0.000002	6699.957223	3.1
355	39062.291221	27.262681	0.000002	7106.789442	3.9
356	33220.120850	27.365692	0.000002	6724.284686	4.5
357	39273.510754	27.589496	0.000002	8712.653651	2.7
358	37095.223097	27.591020	0.000002	4961.446016	2.4
359	38316.757717	27.600180	0.000002	7276.384138	2.5
360	35372.156673	27.785842	0.000002	8634.327053	3.8
361	39473.054506	27.870958	0.000002	8018.328595	3.8
362	38365.925544	27.911763	0.000002	5999.075718	2.6
363	36681.988085	27.805032	0.000002	3070.478035	4.1
364	34770.842540	27.910716	0.000002	5493.071652	2.9
365	34695.019631	27.889345	0.000002	4843.718302	3.5
366	44335.644285	27.902539	0.000002	9572.805420	3.7
367	34856.567365	27.857436	0.000002	4746.641162	3.5
368	43138.368559	27.971394	0.000002	5045.855667	4.8
369	43207.764590	27.936398	0.000002	25551.800687	5.0
370	39474.991304	28.174380	0.000002	8350.791457	2.5
371	31919.126394	29.020046	0.000002	3893.430453	2.6
372	34522.966080	29.219880	0.000002	5638.435356	2.4
373	38726.896142	29.254611	0.000002	9437.228055	2.4
374	34501.961052	29.258708	0.000002	7364.636895	3.7
375	42453.597817	29.383549	0.000002	6283.331056	3.9
376	37541.398166	29.446946	0.000002	7308.146612	2.5
377	38869.167879	29.496542	0.000002	5216.634379	2.4
378	40669.389734	29.551669	0.000002	8120.533850	3.9
379	33951.717865	29.537659	0.000002	8219.560155	3.3
380	31496.710606	29.276314	0.000002	9149.958074	3.6
381	35910.441006	29.357157	0.000002	5644.109806	3.5
382	33115.349860	29.774456	0.000002	4528.442251	3.7
383	37601.567053	29.684299	0.000002	7002.929399	4.7
384	31810.860897	29.608098	0.000002	6215.852354	3.8
385	34837.612843	29.597329	0.000002	11788.914685	2.5
386	37566.292400	29.715826	0.000002	5760.796447	2.6
387	37107.364598	29.781627	0.000002	7170.361037	2.4
388	37056.078210	30.092963	0.000002	5824.601719	3.1
389	38766.559571	29.974609	0.000002	9245.803233	3.8
390	38733.031059	30.016657	0.000002	6688.736614	2.9
391	42164.424575	29.744710	0.000002	6530.238446	2.5
392	36493.746042	29.814018	0.000002	8444.676543	2.4
393	36061.145420	29.812093	0.000002	7959.593587	4.2
394	43997.712673	29.913060	0.000002	11037.282634	3.4
395	35117.217071	30.418019	0.000002	5962.774375	3.7
396	34172.931347	30.583388	0.000002	7232.828824	3.6
397	40598.947171	30.552124	0.000002	7590.489727	3.9
398	38984.158271	30.431069	0.000002	5718.936762	4.8
399	37854.831567	30.481023	0.000002	8912.354311	3.6
400	37606.083516	30.434051	0.000002	6808.119427	3.0
401	39001.308732	30.749336	0.000002	7232.136736	2.5
402	38939.951456	30.507524	0.000002	7830.635770	4.0
403	42771.217242	30.543516	0.000002	5227.463824	3.9
404	35437.572138	30.502630	0.000002	7715.703787	2.6
405	39159.046551	30.357127	0.000002	10933.020247	2.4
406	30046.926518	30.177559	0.000002	9518.522284	2.3
407	36802.869763	30.675851	0.000002	13491.867446	3.8
408	38772.110653	30.893080	0.000002	4993.328499	2.9
409	40984.155608	31.044841	0.000002	7999.152385	2.5
410	33987.405250	31.240096	0.000002	6490.500541	2.4
411	31875.982834	31.453011	0.000002	4827.756671	2.4
412	34416.040529	31.548969	0.000002	6244.261819	2.4
413	34798.546899	31.375538	0.000002	7499.616820	2.9
414	39206.121172	31.391849	0.000002	4007.007068	3.4
415	33392.037645	31.538517	0.000002	8795.000265	3.6
416	31923.739455	31.588738	0.000002	6210.973215	3.4
417	38996.804477	31.950938	0.000002	9582.731493	3.9
418	35969.030812	31.926099	0.000002	4416.724957	5.8
419	40834.721570	31.994070	0.000002	7237.199615	3.1
420	37214.350199	32.050764	0.000002	9049.697907	3.0
421	39105.042651	32.051940	0.000002	6365.429177	2.4
422	35816.599918	31.898629	0.000002	10783.162252	3.6
423	36099.201354	32.405899	0.000002	5105.435021	5.9
424	37013.598263	32.549038	0.000002	5247.043869	3.6
425	33317.814103	32.488774	0.000002	4966.282076	3.5
426	31612.059344	32.594933	0.000002	6959.717410	3.6
427	39978.500516	32.613419	0.000002	8235.193540	3.6
428	38441.336823	32.478558	0.000002	8877.019669	4.5
429	36593.583924	32.605450	0.000002	6732.387726	5.3
430	39892.754099	32.652556	0.000002	9852.062700	2.4
431	36890.630792	32.787118	0.000002	11246.115771	2.6
432	40298.750952	33.571818	0.000002	5604.007191	2.5
433	36310.325472	33.921370	0.000002	8810.139939	2.5
434	35900.014835	34.197455	0.000002	4283.467203	2.4
435	38673.862110	34.124972	0.000002	5628.963983	2.6
436	37154.667836	34.252238	0.000002	5521.336733	4.0
437	33234.648444	34.428932	0.000002	8344.739715	5.2
438	37725.229416	34.455841	0.000002	4580.522589	2.6
439	35115.457600	34.659801	0.000002	9687.645834	2.4
440	40231.857370	34.726438	0.000002	4224.003941	3.2
441	39091.782040	34.774772	0.000002	12328.400303	3.5
442	33367.850338	34.788552	0.000002	5765.990901	3.8
443	42850.226453	35.374422	0.000002	5796.672395	3.5
444	38909.318860	35.570209	0.000002	6787.484374	4.0
445	34820.434129	35.748012	0.000002	4816.450021	5.7
446	34843.417311	35.843261	0.000002	7406.905776	2.5
447	34007.774333	35.748311	0.000002	4228.381105	2.4
448	35017.272876	35.802114	0.000002	5908.374985	2.6
449	37977.968088	35.740539	0.000002	4649.871014	3.0
450	35254.945898	35.723759	0.000002	6819.488324	3.9
451	38775.770857	35.707260	0.000002	5691.979608	4.2
452	36408.349880	35.889727	0.000002	5682.456429	3.7
453	41298.142798	35.797460	0.000002	6354.732641	3.4
454	36420.518930	35.748046	0.000002	10218.535177	3.5
455	35962.784861	35.731951	0.000002	4790.845136	3.6
456	34759.525738	35.821837	0.000002	7436.127331	3.8
457	38238.151392	35.976304	0.000002	6307.103695	4.8
458	33402.142195	35.806209	0.000002	3479.941101	3.2
459	33832.204813	35.725737	0.000002	4392.090150	3.3
460	40129.021254	35.718197	0.000002	4876.146211	2.5
461	36906.929290	35.814535	0.000002	7200.598253	2.3
462	43436.303043	36.055475	0.000002	9707.326335	2.4
463	36274.430757	36.190070	0.000002	3959.282812	3.3
464	39620.963088	36.306711	0.000002	6507.427708	3.6
465	34385.830798	36.419172	0.000002	8701.932606	2.6
466	37855.408797	36.376795	0.000002	2832.667252	4.2
467	37152.510248	36.291601	0.000002	7090.045382	2.7
468	33729.688352	36.389234	0.000002	9137.362133	3.4
469	36187.784335	36.762952	0.000002	4715.442554	3.7
470	35970.986082	37.094653	0.000002	5331.192932	3.7
471	44431.262069	37.106756	0.000002	6693.205924	3.4
472	37406.246105	37.161232	0.000002	4389.818909	3.9
473	37582.579009	37.340926	0.000002	6868.927347	5.4
474	36563.908486	37.350107	0.000002	10635.081283	2.4
475	38876.943889	37.592226	0.000002	6362.254721	2.9
476	37541.889762	37.358394	0.000002	5311.602201	2.4
477	38349.659833	37.565639	0.000002	6257.500155	3.9
478	38145.740611	37.717168	0.000002	12729.206580	4.0
479	33289.450282	38.332074	0.000001	10920.167324	2.5
480	38765.183460	38.895991	0.000001	5125.418585	4.2
481	41513.484216	38.816798	0.000001	9092.518361	3.3
482	33314.733843	39.106448	0.000001	4983.396559	3.3
483	28218.251649	39.009917	0.000001	5627.769847	3.5
484	38679.746007	38.923971	0.000001	10039.807286	3.6
485	38301.808816	39.188197	0.000001	5438.802597	3.7
486	34198.285505	39.270680	0.000001	9546.440302	4.4
487	34803.560613	39.616796	0.000001	5309.648624	4.4
488	35066.741434	39.760579	0.000001	7237.512159	2.5
489	36703.872868	39.843449	0.000001	2286.416283	2.6
490	34271.100328	39.762116	0.000001	10684.752686	2.7
491	35129.448923	39.763428	0.000001	5869.311784	4.3
492	41413.082117	39.669017	0.000001	12044.191063	3.5
493	41930.200282	40.138321	0.000001	6631.227666	2.5
494	36436.903260	40.610283	0.000001	6135.297813	2.4
495	32429.792422	40.606040	0.000001	3399.028345	4.4
496	36499.926582	40.565504	0.000001	5911.593969	3.7
497	33974.985589	40.569725	0.000001	6661.793574	3.4
498	39495.012146	40.534153	0.000001	8455.380077	3.3
499	32006.301456	40.491890	0.000001	5670.657879	3.5
500	38633.583190	40.576019	0.000001	5376.009194	3.8
501	36119.235726	40.438477	0.000001	6353.448672	4.3
502	37485.307432	40.445205	0.000001	5052.962700	5.1
503	35047.599140	40.311127	0.000001	6738.831458	2.6
504	30516.512782	40.210712	0.000001	7033.105954	4.0
505	38612.681054	40.556603	0.000001	4460.346629	3.7
506	34604.736838	40.526352	0.000001	5710.616917	2.6
507	40433.273487	40.537594	0.000001	6539.421702	2.4
508	39900.866940	40.696673	0.000001	6500.128073	2.9
509	39504.084433	40.719889	0.000001	26457.856297	3.9
510	46346.565326	41.276836	0.000001	9460.760424	2.6
511	32882.667241	42.234997	0.000001	4810.372950	2.4
512	34730.595598	42.094286	0.000001	5508.070457	2.3
513	42838.049008	42.194719	0.000001	7438.691402	2.4
514	35105.444742	41.929285	0.000001	11968.634403	2.4
515	35278.865403	41.660591	0.000001	5698.684327	3.5
516	37768.777926	41.652669	0.000001	5528.957025	3.7
517	41957.561546	41.838818	0.000001	6380.624317	3.5
518	37318.507250	41.797810	0.000001	7522.628889	3.9
519	31542.501225	41.848708	0.000001	8129.261370	5.3
520	35707.721192	42.219000	0.000001	6696.354943	2.5
521	33931.360080	42.017738	0.000001	3317.149642	2.4
522	32911.700712	41.978634	0.000001	4335.269102	2.6
523	49398.031640	41.970071	0.000001	8260.326040	3.0
524	38905.295249	42.015721	0.000001	2981.141424	4.5
525	33818.463835	42.136834	0.000001	7144.993857	5.6
526	31528.830498	42.101492	0.000001	7891.005978	2.5
527	28991.813662	41.915014	0.000001	7239.598008	2.4
528	36207.324847	42.089462	0.000001	6041.001039	2.6
529	38045.837980	41.982611	0.000001	6128.322426	2.6
530	37182.152248	41.880241	0.000001	7338.670121	3.6
531	42325.929069	41.911066	0.000001	4292.270755	3.7
532	32634.148207	41.847185	0.000001	4978.108659	3.5
533	37617.409499	41.869420	0.000001	4204.201816	4.6
534	34168.326188	41.898688	0.000001	8669.114902	5.0
535	38901.608625	41.692754	0.000001	7290.757018	2.5
536	34265.337635	42.055743	0.000001	4889.095574	2.5
537	31696.463712	42.219568	0.000001	5299.386314	2.5
538	35183.381889	42.439079	0.000001	5925.361286	3.9
539	39780.031372	42.542795	0.000001	6297.546172	6.0
540	38896.187470	42.534506	0.000001	6665.035726	3.4
541	36262.798704	42.495186	0.000001	5972.002224	3.8
542	36316.904440	42.427621	0.000001	5127.317532	3.6
543	37323.600158	42.432236	0.000001	7453.691871	4.0
544	32809.799013	42.560228	0.000001	4122.099923	4.1
545	39955.079388	42.543938	0.000001	6536.117102	4.3
546	39678.761175	42.706395	0.000001	6626.244912	3.9
547	34411.986523	42.982383	0.000001	5673.843806	3.1
548	38325.796316	42.954798	0.000001	7493.520480	2.5
549	36767.847928	42.829888	0.000001	6072.273742	2.4
550	40573.952385	43.174254	0.000001	8817.484048	2.5
551	41554.842266	43.292278	0.000001	5051.719069	2.5
552	38799.517760	43.415346	0.000001	6968.020571	3.2
553	31086.013805	43.484081	0.000001	9667.771071	3.7
554	35820.838863	44.049199	0.000001	7931.550141	2.6
555	37025.501572	43.818494	0.000001	7880.714476	2.4
556	36620.571961	43.829754	0.000001	4807.094338	3.0
557	41423.160560	43.720986	0.000001	6769.956540	3.5
558	34255.058069	43.592837	0.000001	5406.678652	3.7
559	36701.497965	43.605697	0.000001	5632.764457	3.5
560	38197.526681	43.539391	0.000001	6172.101622	3.8
561	36478.211627	43.342933	0.000001	7697.282121	5.0
562	42383.071872	43.248241	0.000001	6619.384878	2.9
563	31646.374209	43.138450	0.000001	3265.902320	3.0
564	39049.824340	43.167110	0.000001	11302.636720	2.4
565	36695.554139	43.359478	0.000001	3838.035610	2.6
566	34483.069860	43.591688	0.000001	8738.009216	4.1
567	41031.226055	43.617632	0.000001	5894.084638	5.0
568	32513.004081	43.885326	0.000001	4624.245469	3.7
569	41356.875518	43.720259	0.000001	6904.387726	3.7
570	35916.697112	43.798021	0.000001	6413.902482	4.2
571	36850.172738	43.861291	0.000001	8734.316592	3.8
572	40582.256681	43.742847	0.000001	12477.032352	4.4
573	39031.448038	44.255370	0.000001	6003.702138	4.3
574	35269.324795	44.184306	0.000001	8414.224812	2.5
575	38134.193819	44.451067	0.000001	3348.430072	2.7
576	42181.966253	44.437773	0.000001	5542.845704	2.4
577	27202.233280	44.424927	0.000001	7447.170590	2.4
578	40820.361004	44.428670	0.000001	7314.026502	2.4
579	41529.684374	44.392931	0.000001	5672.834400	4.0
580	34694.392421	44.378957	0.000001	8994.614126	3.9
581	36571.634513	44.661094	0.000001	5263.806521	2.5
582	38651.316314	44.668402	0.000001	5027.627226	4.0
583	39757.429091	44.521754	0.000001	6847.656013	3.0
584	34797.955242	44.366222	0.000001	7084.698930	3.5
585	38991.662420	44.862219	0.000001	5505.924821	3.8
586	33511.271729	45.060987	0.000001	7917.031202	3.6
587	37248.772293	45.169692	0.000001	2833.590590	4.0
588	35937.437649	45.131194	0.000001	5621.861106	5.4
589	34915.159457	45.097024	0.000001	6741.049632	2.7
590	38555.445094	45.296581	0.000001	5194.238054	2.4
591	39022.354699	45.381542	0.000001	6825.709613	2.7
592	30898.705381	45.652852	0.000001	6867.784467	2.5
593	36112.450027	45.698718	0.000001	10537.692959	3.7
594	33419.929153	45.495243	0.000001	8820.479278	3.9
595	34953.129657	45.616976	0.000001	6427.996683	2.6
596	31499.500258	45.486873	0.000001	8605.108876	4.0
597	36423.998251	45.530317	0.000001	7593.116142	3.9
598	40942.109626	45.446715	0.000001	6802.855256	3.5
599	41512.698864	45.831939	0.000001	9331.135542	3.7
600	33278.060618	45.715678	0.000001	5541.408641	3.4
601	37699.297615	45.981580	0.000001	11093.576537	4.0
602	36702.218671	45.801579	0.000001	2666.687588	5.6
603	29987.959174	45.768121	0.000001	10503.144336	2.5
604	32642.268218	45.833902	0.000001	5653.408934	2.4
605	35559.505633	45.626382	0.000001	5227.880952	2.5
606	41769.748421	45.637004	0.000001	8366.052970	2.6
607	37057.472819	45.604259	0.000001	7100.273158	4.2
608	35447.399572	45.909965	0.000001	6612.097204	3.3
609	35772.778781	45.947119	0.000001	6480.579221	2.6
610	42192.497071	46.067043	0.000001	10908.461506	2.4
611	37931.467017	45.931658	0.000001	4803.631346	4.4
612	35700.838047	45.956599	0.000001	2842.854354	2.6
613	35768.114960	45.902121	0.000001	7508.817424	2.5
614	40740.045713	46.028735	0.000001	5649.229272	2.4
615	39953.943424	46.186751	0.000001	10822.615140	2.3
616	34071.517890	46.365864	0.000001	6640.837128	2.4
617	32074.426120	46.677998	0.000001	4139.078765	2.6
618	36877.124426	46.902924	0.000001	7126.810337	3.4
619	34104.978146	46.754640	0.000001	5820.606881	3.5
620	37473.085433	46.775753	0.000001	8257.335668	3.7
621	33861.300081	46.664007	0.000001	8486.930875	3.4
622	42402.595601	46.967698	0.000001	5900.756517	4.7
623	35865.072283	47.094027	0.000001	5368.833619	5.1
624	29173.398135	47.054250	0.000001	5394.366671	2.5
625	41979.813430	46.950138	0.000001	7136.146649	2.6
626	29486.711431	47.064688	0.000001	6195.860263	5.7
627	41807.283730	47.226350	0.000001	10896.345139	4.7
628	34110.703814	46.992514	0.000001	6848.283884	3.5
629	36168.627290	47.088482	0.000001	8395.941392	3.5
630	31331.712799	47.333189	0.000001	5276.235085	3.6
631	36298.443902	47.155446	0.000001	7806.650480	4.3
632	39588.137704	46.969449	0.000001	9313.531366	4.9
633	39243.538204	47.132924	0.000001	9736.145384	2.5
634	34123.215508	46.955146	0.000001	7100.752127	3.7
635	37010.359223	46.900117	0.000001	8017.875182	3.7
636	33647.750055	46.683208	0.000001	2977.640615	2.6
637	37252.995317	46.644806	0.000001	3487.343037	2.4
638	29585.312708	46.671070	0.000001	5319.681763	2.4
639	38394.339325	46.592987	0.000001	6673.839546	4.2
640	34140.053228	46.826221	0.000001	4580.137810	3.6
641	38687.113545	46.945788	0.000001	10251.198209	2.5
642	38775.755594	47.385847	0.000001	6448.729190	2.4
643	40150.817961	47.584013	0.000001	8522.209884	2.3
644	34910.462737	47.641548	0.000001	6488.161541	2.4
645	33663.960781	47.358275	0.000001	5090.507833	3.5
646	34932.622124	47.428383	0.000001	9634.065186	3.5
647	33657.895705	47.286737	0.000001	8746.545308	3.6
648	37246.335456	47.224467	0.000001	6754.146520	3.6
649	40131.008669	47.097995	0.000001	8817.089833	3.7
650	38779.649650	46.994908	0.000001	6886.469498	4.1
651	38531.165883	47.238497	0.000001	6121.782032	4.9
652	36099.110656	47.067869	0.000001	4362.555648	2.4
653	36439.605218	47.236542	0.000001	9359.938270	2.9
654	41878.972242	47.301303	0.000001	8814.030828	4.5
655	34918.177434	47.016899	0.000001	5700.215591	5.2
656	38910.209474	46.955858	0.000001	10171.353743	3.6
657	37475.608937	47.166859	0.000001	5945.147495	3.7
658	37341.158281	47.022860	0.000001	7364.177752	3.6
659	35065.300662	46.977615	0.000001	3603.710600	3.8
660	35562.034527	46.856650	0.000001	7472.751026	4.1
661	38181.273884	46.961224	0.000001	11401.122768	4.7
662	36183.941719	46.633144	0.000001	8956.352771	2.5
663	36451.270939	47.077193	0.000001	5571.929198	2.5
664	36677.864695	46.952549	0.000001	7309.525028	2.4
665	34518.365199	46.912117	0.000001	9394.490690	2.3
666	31358.640075	46.915722	0.000001	6227.664849	2.4
667	31625.716643	46.749259	0.000001	6045.726573	3.0
668	43943.411309	46.735447	0.000001	6640.147611	4.1
669	39910.474103	46.832112	0.000001	2481.794164	4.7
670	31508.957125	46.856396	0.000001	7280.260930	2.5
671	34972.629453	46.859344	0.000001	8134.199239	2.4
672	36912.952092	46.999722	0.000001	3511.931815	3.6
673	38788.224250	47.136327	0.000001	6759.446921	3.8
674	39649.163157	47.205963	0.000001	5773.337153	3.6
675	35288.193491	47.256165	0.000001	6035.619145	4.0
676	43454.661512	47.244251	0.000001	5873.016062	5.3
677	41049.848765	47.252456	0.000001	8802.817842	2.5
678	39978.620407	47.330233	0.000001	6886.981506	2.9
679	34026.261985	47.427174	0.000001	3911.114383	3.1
680	37337.596067	47.328638	0.000001	9251.534564	2.5
681	33765.281695	47.363228	0.000001	10799.850682	3.5
682	42647.143625	47.973549	0.000001	5223.370292	3.7
683	35673.791798	48.027189	0.000001	4191.266142	4.2
684	32895.894379	48.067023	0.000001	2648.483696	2.6
685	33594.747310	48.024755	0.000001	6211.360224	2.7
686	34152.063880	47.985055	0.000001	5355.570497	3.5
687	40359.795992	47.819742	0.000001	5549.625424	3.8
688	41561.726312	48.026220	0.000001	7887.034171	3.6
689	39614.371234	47.768379	0.000001	5780.691333	4.0
690	36160.542434	48.094723	0.000001	4808.718218	5.3
691	39601.309156	48.281831	0.000001	11446.715023	2.5
692	38894.248026	48.041120	0.000001	7322.983323	3.2
693	35976.203682	48.692793	0.000001	6172.485344	2.4
694	41674.319972	48.826383	0.000001	6397.519455	2.4
695	33498.224386	48.735338	0.000001	4912.632617	3.9
696	34554.572338	48.688564	0.000001	4137.892936	3.9
697	37123.721773	48.673328	0.000001	4656.780893	3.6
698	40731.482355	48.645788	0.000001	6207.066634	3.1
699	41462.718065	48.589633	0.000001	7334.532659	2.6
700	40752.751612	48.786908	0.000001	4031.456909	3.4
701	39156.306848	48.796905	0.000001	7026.295009	3.9
702	38872.935427	48.943616	0.000001	11165.633066	3.6
703	35743.360886	49.090347	0.000001	8695.207456	4.0
704	34414.766998	49.067782	0.000001	7504.304037	5.6
705	42873.498112	49.263303	0.000001	5305.080349	2.6
706	34931.034500	49.460942	0.000001	5758.262758	2.7
707	32976.743720	49.407597	0.000001	10213.161395	2.5
708	38585.407071	49.769411	0.000001	4874.906389	2.4
709	35994.292593	49.701521	0.000001	5256.965427	3.8
710	37236.935306	49.749419	0.000001	5512.116937	4.2
711	38965.419297	49.777581	0.000001	4630.142896	2.6
712	33660.740099	49.693473	0.000001	3886.743188	4.1
713	36619.760262	49.695964	0.000001	7489.116885	3.2
714	39041.629309	49.743634	0.000001	9065.729199	3.5
715	35259.796220	49.538381	0.000001	7088.368499	3.7
716	38322.905620	49.969204	0.000001	6426.025012	3.5
717	34221.985106	49.864388	0.000001	9026.309532	4.0
718	37664.888595	49.922962	0.000001	6038.796325	5.1
719	35777.098468	50.102674	0.000001	5400.439363	2.6
720	39385.264518	50.178388	0.000001	10600.085910	2.7
721	35321.611027	50.649499	0.000001	4157.966132	2.4
722	36728.619868	50.433059	0.000001	5793.707762	2.5
723	37448.554436	50.538242	0.000001	7760.454310	4.1
724	31451.234421	50.433746	0.000001	6064.201993	3.6
725	34464.930879	50.697050	0.000001	5676.200807	2.5
726	39164.101592	50.560325	0.000001	5239.261653	4.0
727	34790.679931	50.674309	0.000001	5545.590174	3.7
728	39009.973290	50.578513	0.000001	5616.100999	3.5
729	36343.857074	50.402270	0.000001	10442.327235	3.8
730	37190.444371	50.176555	0.000001	4723.021589	3.5
731	38014.311281	50.316727	0.000001	7861.433419	4.1
732	43277.544407	50.471460	0.000001	11207.418045	5.8
733	43545.076753	50.395733	0.000001	5872.634546	3.8
734	32841.959731	50.535028	0.000001	3832.628330	2.5
735	34890.935454	50.578426	0.000001	4674.092931	2.8
736	34304.644019	50.542953	0.000001	7811.020408	4.1
737	36364.339132	50.483846	0.000001	7149.112774	3.1
738	38627.007674	50.386425	0.000001	7548.576056	2.5
739	31192.256407	50.139127	0.000001	3917.431444	3.5
740	33239.292365	50.177596	0.000001	4507.012233	3.9
741	37528.038419	50.137106	0.000001	6010.392363	3.6
742	37115.416054	50.023925	0.000001	7853.047093	3.8
743	34147.684634	50.044320	0.000001	4178.657574	3.5
744	35708.039774	50.001722	0.000001	3943.027176	4.1
745	34736.179033	49.989375	0.000001	4111.949684	5.6
746	37908.543306	49.981150	0.000001	5958.685828	2.7
747	39516.058387	49.918458	0.000001	6787.828961	2.6
748	39167.965543	49.788607	0.000001	8295.595440	2.4
749	34624.410935	49.707875	0.000001	5803.578022	2.6
750	37388.310457	49.884099	0.000001	6926.702273	2.5
751	34511.890738	50.011624	0.000001	4501.762955	3.7
752	35910.628115	49.976926	0.000001	10170.571817	3.6
753	41055.990514	50.122074	0.000001	8726.278263	3.0
754	44852.572995	50.247338	0.000001	6399.211765	3.9
755	37813.464751	50.035694	0.000001	6543.927956	2.6
756	33298.780026	50.068872	0.000001	7516.230659	2.5
757	37292.020924	50.106587	0.000001	7284.110432	2.5
758	33040.532111	50.448457	0.000001	8129.413012	2.3
759	36645.389405	50.176986	0.000001	5894.842563	2.3
760	34107.771080	50.156047	0.000001	4090.326057	3.0
761	38019.195823	50.208694	0.000001	5102.324364	3.3
762	36366.057544	50.187513	0.000001	5936.404198	3.6
763	36675.574025	50.132180	0.000001	5011.665490	3.6
764	38660.673233	50.056853	0.000001	11229.130168	3.7
765	31191.806914	49.794656	0.000001	5716.191981	4.2
766	40803.388979	49.613094	0.000001	5644.384272	4.5
767	40761.286575	49.673427	0.000001	4319.187763	2.6
768	34456.592196	49.626752	0.000001	8699.999055	2.6
769	38365.936310	49.794925	0.000001	6600.916307	4.5
770	37978.813700	50.087512	0.000001	9681.669388	3.8
771	39132.277970	50.544741	0.000001	7284.398650	5.0
772	34170.528040	50.832611	0.000001	5967.254801	3.6
773	35960.432429	50.873607	0.000001	10238.332249	3.6
774	34332.259313	50.771066	0.000001	8478.246378	4.5
775	44748.883406	50.721379	0.000001	6010.638516	5.2
776	33547.433369	50.814777	0.000001	11936.361120	2.6
777	35423.882963	50.627616	0.000001	5119.816860	2.6
778	35233.853011	50.529970	0.000001	4392.660979	2.4
779	40462.859714	50.440570	0.000001	4561.644743	3.9
780	37601.232343	50.327244	0.000001	6707.435438	3.7
781	34647.741942	50.391760	0.000001	4952.643318	2.5
782	35142.644100	50.711812	0.000001	3366.504264	4.1
783	34480.741203	50.643595	0.000001	6089.412320	2.8
784	41566.190686	50.610595	0.000001	7116.681429	2.5
785	36539.460712	50.395675	0.000001	8122.758196	2.5
786	36051.694272	50.780029	0.000001	7442.727060	2.3
787	35712.275719	51.228376	0.000001	5039.539726	2.5
788	38368.087917	51.193054	0.000001	5868.752236	3.4
789	33944.945467	51.165639	0.000001	5966.368143	3.4
790	38485.193658	51.343866	0.000001	5502.645254	3.8
791	35013.697319	51.336710	0.000001	6315.949710	3.5
792	36284.589134	51.262636	0.000001	6048.244695	3.8
793	36909.945422	51.305776	0.000001	7817.039849	4.5
794	35202.170464	51.199022	0.000001	6577.883045	3.6
795	36355.309625	51.037729	0.000001	4394.767830	2.6
796	31145.714904	51.231819	0.000001	7309.829129	2.4
797	34328.745278	51.110487	0.000001	5873.779185	3.9
798	35571.520170	50.960326	0.000001	4986.567494	4.5
799	37224.384382	50.879004	0.000001	9029.531055	4.7
800	39245.878323	51.011701	0.000001	8142.465488	3.5
801	46094.354714	50.924962	0.000001	5212.324416	3.5
802	34920.419174	51.013742	0.000001	5788.178446	3.6
803	39001.179512	50.944757	0.000001	9750.180654	4.5
804	38571.520434	51.078726	0.000001	9084.198288	4.9
805	38979.817974	51.107986	0.000001	8971.289094	2.4
806	39115.657942	51.338317	0.000001	7931.324363	4.1
807	43303.417221	51.417331	0.000001	7937.449046	3.9
808	33637.273623	51.545343	0.000001	7054.764582	2.5
809	38717.952134	51.777468	0.000001	8829.583640	2.7
810	32783.465347	51.511824	0.000001	4330.948738	3.6
811	36761.059844	51.786394	0.000001	7899.557314	3.1
812	34905.818347	51.903605	0.000001	7378.946430	2.6
813	34731.287528	51.971391	0.000001	3882.246699	2.4
814	33399.230404	51.961185	0.000001	10305.508016	2.4
815	32062.603579	52.184287	0.000001	6228.020276	3.4
816	41945.189652	52.064580	0.000001	6751.281684	3.6
817	31830.469961	52.238079	0.000001	5797.710600	3.5
818	36628.744130	52.286819	0.000001	6077.227371	3.7
819	37321.458175	52.445921	0.000001	6762.044082	4.1
820	33518.449866	52.228912	0.000001	4891.444163	4.2
821	34545.380253	52.071872	0.000001	4016.203144	3.2
822	30878.719970	52.043604	0.000001	5041.756533	2.5
823	44433.309798	52.006956	0.000001	8366.936518	2.4
824	39204.032900	52.123343	0.000001	8089.987078	2.4
825	35234.849569	51.988991	0.000001	5953.996198	2.9
826	32022.411627	51.834209	0.000001	5438.246653	5.4
827	39524.681725	51.771717	0.000001	7026.779954	3.9
828	43184.663370	51.817410	0.000001	10108.591804	2.6
829	39084.369837	51.825072	0.000001	5663.991915	3.5
830	40832.722787	51.572452	0.000001	8530.638517	3.6
831	38508.548002	51.728385	0.000001	9162.604983	3.5
832	31618.882586	52.328859	0.000001	6933.336003	3.8
833	38196.163020	52.230447	0.000001	7583.720731	5.3
834	31763.477924	52.258249	0.000001	3231.733416	2.5
835	30532.638409	52.263329	0.000001	3181.471063	4.6
836	42024.353991	52.223093	0.000001	5026.459985	3.2
837	39066.752756	52.139067	0.000001	7096.994984	2.5
838	34287.429239	52.079745	0.000001	4891.399559	2.6
839	35023.345424	52.187519	0.000001	5451.884597	3.8
840	44256.291775	52.255450	0.000001	4127.863211	3.0
841	41121.962901	52.247129	0.000001	6542.472626	2.5
842	39661.385793	52.300283	0.000001	2895.072577	2.4
843	37098.029627	52.227534	0.000001	8932.793186	3.5
844	38921.526103	52.295894	0.000001	7202.580443	3.6
845	36688.397420	52.081428	0.000001	6257.736015	3.7
846	35027.265454	51.928248	0.000001	9519.316448	3.8
847	37992.597945	52.142265	0.000001	6451.457259	5.5
848	33255.657912	52.526110	0.000001	5262.797711	3.6
849	40826.726914	52.578137	0.000001	4627.846236	4.7
850	36187.801328	52.626089	0.000001	5840.600744	2.5
851	33907.799052	52.604542	0.000001	3730.075812	2.8
852	36467.846341	52.650031	0.000001	4454.448534	2.5
853	28650.675853	52.758998	0.000001	6502.341926	3.7
854	33577.467127	52.981931	0.000001	5709.223816	3.9
855	32181.864073	52.886868	0.000001	3957.298721	2.5
856	33509.035014	52.913148	0.000001	8942.542292	2.5
857	48791.988426	52.808789	0.000001	7628.435922	3.5
858	35084.169631	52.516970	0.000001	5320.868222	3.6
859	35753.071131	52.704731	0.000001	6336.346904	3.7
860	35075.794937	52.743495	0.000001	5103.255152	3.7
861	36842.697489	52.692685	0.000001	5945.581515	5.1
862	34090.503855	52.650795	0.000001	4264.621815	2.9
863	38855.888629	52.695637	0.000001	4595.238498	2.6
864	38622.225006	52.668468	0.000001	5125.187942	2.7
865	38607.756311	52.515658	0.000001	6446.616987	2.4
866	34946.717729	52.808972	0.000001	5228.612939	3.1
867	38712.020648	52.785379	0.000001	5145.187563	2.5
868	35414.085696	52.803164	0.000001	3063.999711	4.3
869	39022.798592	52.795212	0.000001	4770.088939	5.7
870	36514.974065	52.836179	0.000001	7864.313323	3.5
871	38077.716652	52.685113	0.000001	4560.564133	3.4
872	33979.414037	52.627453	0.000001	6223.016150	3.6
873	37674.314632	52.635882	0.000001	5533.047423	3.6
874	37986.371250	52.758702	0.000001	7431.643409	4.7
875	38458.447716	52.727850	0.000001	9034.380600	4.9
876	30047.410621	53.126126	0.000001	11878.605139	2.5
877	30514.426173	53.267053	0.000001	6647.127540	2.8
878	34637.416599	53.370074	0.000001	6732.797725	2.5
879	34660.747577	53.369060	0.000001	6496.626802	3.0
880	34616.385209	53.174375	0.000001	6348.228996	2.5
881	40545.298800	53.130306	0.000001	6546.570446	3.5
882	36282.963726	53.127368	0.000001	5014.693220	4.6
883	33986.636054	53.246235	0.000001	5500.991741	3.9
884	44781.709479	53.253982	0.000001	7198.544130	3.4
885	37959.456158	53.305550	0.000001	7731.862890	3.6
886	36620.845302	53.661535	0.000001	4678.050879	3.7
887	38353.147998	53.493492	0.000001	7264.042017	4.0
888	38468.736285	53.489428	0.000001	8439.070103	4.0
889	42188.364859	53.959156	0.000001	5221.943142	4.6
890	35570.209462	53.888857	0.000001	5337.138542	3.3
891	41446.996288	53.911893	0.000001	6900.393362	2.5
892	34367.523239	53.828484	0.000001	8457.205528	2.6
893	39381.985520	53.978894	0.000001	4441.017863	2.6
894	37427.473306	53.820104	0.000001	5911.601312	2.5
895	38332.741567	53.808122	0.000001	8315.640078	3.8
896	33518.780067	53.687537	0.000001	7941.603441	4.0
897	38328.154629	53.613842	0.000001	7203.776989	4.1
898	40834.157987	53.646911	0.000001	7327.239578	3.4
899	39677.645450	53.771841	0.000001	6222.309916	3.4
900	38859.736100	53.848317	0.000001	7191.949900	3.7
901	38910.457959	53.719031	0.000001	10136.312449	3.6
902	38507.051914	53.979938	0.000001	5936.411884	4.4
903	42542.470403	54.209603	0.000001	7375.112958	4.7
904	41729.139925	54.530430	0.000001	7948.750184	2.5
905	36164.510183	54.391648	0.000001	5966.178305	2.7
906	34219.560104	54.625936	0.000001	5713.407872	2.6
907	37556.252020	54.805555	0.000001	7187.260337	2.5
908	40302.457011	54.843888	0.000001	6130.010189	2.4
909	31760.420077	54.969078	0.000001	6078.863961	3.6
910	34610.381241	54.850100	0.000001	5416.845839	3.7
911	37059.286841	54.825932	0.000001	9615.264283	3.6
912	39923.192333	54.786331	0.000001	4102.079645	3.4
913	33154.095515	54.700148	0.000001	5726.927335	2.5
914	37487.361394	54.826831	0.000001	5794.528145	2.4
915	38122.778736	54.918215	0.000001	5961.450824	2.5
916	30562.003826	55.062823	0.000001	7407.757313	2.5
917	34014.949989	55.062312	0.000001	7023.304418	2.4
918	34585.804188	55.335843	0.000001	7433.466056	3.5
919	31572.138195	55.647603	0.000001	8696.636835	3.5
920	35466.770203	55.629191	0.000001	9624.765425	3.7
921	39682.605391	55.416567	0.000001	10217.871729	3.8
922	38659.705970	55.770313	0.000001	8065.269039	4.4
923	37548.843447	55.602431	0.000001	4358.919049	4.8
924	39633.720489	55.664743	0.000001	8219.353517	2.4
925	33575.115801	55.553488	0.000001	10633.119962	2.7
926	34609.755356	56.093377	0.000001	10033.941671	3.3
927	39881.511106	55.734858	0.000001	6706.598712	3.7
928	42957.845634	56.336086	0.000001	9369.489707	3.9
929	33527.063251	56.172178	0.000001	4617.357676	4.7
930	38794.742157	56.365956	0.000001	8742.187041	3.8
931	33660.603391	56.223219	0.000001	9436.148331	3.6
932	35857.475379	56.063413	0.000001	11329.529616	3.8
933	32345.709643	55.769103	0.000001	4970.716261	5.8
934	37997.005275	55.661165	0.000001	6437.635952	2.7
935	42550.375316	55.585914	0.000001	5930.720015	2.4
936	34920.373523	55.403986	0.000001	3841.205296	3.5
937	33365.290843	55.512597	0.000001	3655.862415	3.7
938	38179.105086	55.508807	0.000001	5035.546695	2.5
939	34675.880395	55.623860	0.000001	6120.357014	2.7
940	36920.777825	55.753724	0.000001	6851.386412	4.0
941	36780.942760	55.874271	0.000001	10323.783353	2.7
942	36483.776702	55.691217	0.000001	6341.499520	2.6
943	33806.790445	55.464538	0.000001	9750.326972	2.4
944	33991.917094	55.833683	0.000001	4831.245665	2.4
945	39878.911452	56.134570	0.000001	5783.783624	3.1
946	36101.852346	56.162285	0.000001	6684.710540	3.4
947	35695.272415	56.183681	0.000001	7214.706183	3.4
948	40619.986616	55.984833	0.000001	8653.157333	3.6
949	44747.843618	55.968140	0.000001	7608.895800	3.6
950	41882.102556	55.801348	0.000001	5976.502521	4.4
951	34828.235471	55.715729	0.000001	4431.017263	5.3
952	40047.719131	55.671767	0.000001	6896.527294	2.6
953	39373.793537	55.548861	0.000001	6130.651573	2.8
954	33318.067868	55.427671	0.000001	5594.886056	2.5
955	37335.508211	55.450555	0.000001	6540.142346	4.2
956	35158.168866	55.337310	0.000001	6661.750931	4.6
957	34135.320133	55.133308	0.000001	8229.142272	4.3
958	32153.422070	55.344374	0.000001	3161.484538	3.7
959	34412.576558	55.471247	0.000001	9222.466669	3.7
960	36397.617630	55.519055	0.000001	6847.289350	3.5
961	32974.979828	55.377339	0.000001	5649.944130	4.8
962	36115.701997	55.500109	0.000001	4563.987927	5.3
963	38298.754043	55.634027	0.000001	9063.372249	2.6
964	36615.367448	55.765819	0.000001	7604.678632	3.9
965	31974.626262	56.179112	0.000001	2646.728538	3.6
966	41707.726468	56.252060	0.000001	5694.447911	2.6
967	31433.918797	56.285036	0.000001	7628.442907	2.5
968	35516.455046	56.369819	0.000001	5475.435950	4.4
969	35592.247070	56.608258	0.000001	5091.947285	2.6
970	37242.761389	56.640380	0.000001	5119.178731	2.5
971	36854.052186	56.682138	0.000001	8760.841458	2.5
972	33858.156743	56.883740	0.000001	7747.455126	2.5
973	38988.182013	56.846759	0.000001	6186.107041	3.5
974	36721.807091	57.056582	0.000001	4637.270911	3.5
975	35220.915099	56.920685	0.000001	3971.845030	3.8
976	34824.882786	56.918398	0.000001	5552.351126	3.7
977	30922.414485	56.937121	0.000001	6393.491221	4.2
978	39085.464722	56.848375	0.000001	4724.304484	5.4
979	38152.612230	56.938431	0.000001	4428.349101	2.5
980	40079.589080	56.961616	0.000001	6201.490157	2.4
981	35455.610454	57.030215	0.000001	7886.662646	2.9
982	34408.438324	57.010887	0.000001	8766.462500	2.5
983	41871.609783	57.146081	0.000001	9067.459697	4.9
984	35212.248085	57.447376	0.000001	4408.389984	5.5
985	40271.310752	57.320719	0.000001	5783.157266	3.9
986	32477.727316	57.266045	0.000001	5895.782696	3.7
987	36773.080671	57.534619	0.000001	8952.880725	3.6
988	39413.162689	57.514738	0.000001	9032.289874	4.2
989	36313.541812	57.683604	0.000001	5512.262808	3.8
990	37787.643280	57.771285	0.000001	5353.492203	2.7
991	34177.812867	57.723601	0.000001	6195.513154	3.7
992	35552.470815	57.945322	0.000001	4339.215858	3.7
993	33790.346797	57.889029	0.000001	7572.658020	2.5
994	38441.245766	57.774693	0.000001	3016.686379	2.6
995	33905.894697	57.855919	0.000001	6077.694549	2.5
996	35391.411039	57.816499	0.000001	5626.951099	2.4
997	37801.874108	57.778873	0.000001	3779.860114	4.2
998	32142.557437	57.875554	0.000001	4796.822818	2.7
999	36828.117589	57.848308	0.000001	6035.351478	2.5
