1:ItNr	2:Metric	3a:Time	3b:StepSize	4:||Gradient||	Time[ms]
0	-1.238554	0.000000	4.144288	0.053293	38.6
1	-1.261427	0.000000	4.144288	0.051992	7.8
2	-1.253508	0.000000	4.144288	0.045456	8.3
3	-1.281079	0.000000	4.144288	0.044629	7.9
4	-1.273197	0.000000	4.144288	0.040152	9.1
5	-1.280961	0.000000	4.144288	0.038115	7.9
6	-1.267296	0.000000	4.144288	0.027080	8.0
7	-1.272831	0.000000	4.144288	0.028130	7.8
8	-1.301544	0.000000	4.144288	0.021732	7.9
9	-1.301353	0.000000	4.144288	0.020059	7.9
10	-1.296989	0.000000	4.144288	0.022279	8.7
11	-1.274222	0.000000	4.144288	0.017121	8.5
12	-1.291817	0.000000	4.144288	0.017974	7.9
13	-1.310757	0.000000	4.144288	0.016721	7.8
14	-1.267752	0.000000	4.144288	0.013916	12.5
15	-1.308218	0.000000	4.144288	0.016379	8.4
16	-1.286196	0.000000	4.144288	0.012519	10.8
17	-1.289075	0.000000	4.144288	0.015849	8.0
18	-1.268592	0.000000	4.144288	0.015077	7.9
19	-1.288837	0.000000	4.144288	0.012134	8.7
20	-1.271943	0.000000	4.144288	0.010317	7.9
21	-1.301687	0.000000	4.144288	0.011654	8.5
22	-1.283364	0.000000	4.144288	0.010861	10.2
23	-1.308229	0.000000	4.144288	0.010307	7.9
24	-1.312528	0.000000	4.144288	0.009954	7.8
25	-1.305446	0.000000	4.144288	0.011111	8.2
26	-1.276336	0.000000	4.144288	0.009602	7.8
27	-1.297415	0.000000	4.144288	0.009266	9.2
28	-1.274729	0.000000	4.144288	0.009333	10.5
29	-1.291531	0.000000	4.144288	0.011433	8.2
30	-1.295752	0.000000	4.144288	0.008692	8.2
31	-1.301489	0.000000	4.144288	0.008968	8.0
32	-1.289991	0.000000	4.144288	0.011610	7.9
33	-1.315475	0.000000	4.144288	0.009357	8.1
34	-1.310627	0.000000	4.144288	0.008789	9.7
35	-1.346386	0.000000	4.144288	0.007955	7.8
36	-1.305460	0.000000	4.144288	0.007064	7.9
37	-1.289399	0.000000	4.144288	0.008560	7.8
38	-1.298550	0.000000	4.144288	0.006678	7.8
39	-1.302003	0.000000	4.144288	0.006681	8.0
40	-1.281701	0.000000	4.144288	0.009236	10.9
41	-1.314620	0.000000	4.144288	0.007671	7.9
42	-1.317564	0.025921	4.139178	0.007286	7.9
43	-1.305401	0.000000	4.144288	0.011126	7.9
44	-1.296829	0.000000	4.144288	0.006755	7.8
45	-1.292970	0.028989	4.138575	0.007097	8.7
46	-1.308994	0.026777	4.139010	0.009306	10.0
47	-1.322154	0.000000	4.144288	0.006485	7.8
48	-1.283775	0.000000	4.144288	0.008825	8.3
49	-1.308223	0.000000	4.144288	0.007691	7.9
50	-1.313081	0.000000	4.144288	0.006182	8.7
51	-1.292113	0.000000	4.144288	0.007339	7.8
52	-1.289629	0.180913	4.108890	0.007773	10.1
53	-1.341369	0.000000	4.144288	0.009103	7.8
54	-1.279377	0.000000	4.144288	0.008350	8.0
55	-1.304241	0.098248	4.124989	0.005660	7.9
56	-1.288789	0.029200	4.138533	0.006905	8.8
57	-1.318332	0.000000	4.144288	0.004916	7.8
58	-1.320339	0.000000	4.144288	0.008763	10.1
59	-1.323824	0.000000	4.144288	0.008493	7.8
60	-1.263661	0.014960	4.141338	0.008028	8.4
61	-1.286992	0.000000	4.144288	0.005566	7.9
62	-1.325663	0.000000	4.144288	0.005615	8.4
63	-1.285869	0.000000	4.144288	0.006624	8.0
64	-1.309710	0.000000	4.144288	0.007354	10.6
65	-1.291017	0.000000	4.144288	0.003927	7.9
66	-1.316519	0.000000	4.144288	0.005518	8.2
67	-1.282978	0.000000	4.144288	0.006987	7.9
68	-1.306691	0.124154	4.119930	0.007447	8.0
69	-1.310886	0.050216	4.134401	0.006503	7.9
70	-1.288407	0.016306	4.141072	0.004804	10.3
71	-1.320210	0.000000	4.144288	0.005584	7.9
72	-1.310085	0.000000	4.144288	0.005541	8.1
73	-1.332883	0.000000	4.144288	0.005369	7.8
74	-1.327632	0.000000	4.144288	0.004977	8.7
75	-1.304393	0.000000	4.144288	0.003974	7.8
76	-1.314639	0.000000	4.144288	0.005814	10.2
77	-1.326624	0.000000	4.144288	0.007571	8.0
78	-1.311423	0.000000	4.144288	0.007071	7.9
79	-1.316522	0.076093	4.129325	0.005093	7.8
80	-1.308212	0.164325	4.112110	0.005626	9.0
81	-1.281105	0.000000	4.144288	0.005793	8.0
82	-1.291942	0.083334	4.127907	0.002977	9.8
83	-1.289629	0.000000	4.144288	0.006327	8.0
84	-1.312768	0.000000	4.144288	0.006879	7.9
85	-1.304636	0.000000	4.144288	0.004485	8.1
86	-1.293443	0.000000	4.144288	0.005027	7.9
87	-1.304497	0.000000	4.144288	0.002546	8.0
88	-1.293078	0.000000	4.144288	0.004445	10.2
89	-1.320242	0.000000	4.144288	0.004079	8.0
90	-1.283944	0.000000	4.144288	0.005207	7.8
91	-1.305145	0.000000	4.144288	0.003545	8.0
92	-1.324154	0.000000	4.144288	0.004629	7.8
93	-1.291983	0.000000	4.144288	0.005387	8.4
94	-1.294426	0.000000	4.144288	0.007845	10.1
95	-1.307953	0.077555	4.129039	0.007126	8.0
96	-1.328845	0.358335	4.074758	0.010028	8.0
97	-1.310942	0.143913	4.116080	0.005153	8.0
98	-1.311557	0.152726	4.114365	0.005463	7.8
99	-1.285545	0.108572	4.122971	0.005951	8.2
100	-1.337191	0.058419	4.132791	0.008423	10.3
101	-1.340876	0.152240	4.114460	0.005922	8.0
102	-1.346831	0.265993	4.092451	0.004951	8.1
103	-1.321251	0.161492	4.112661	0.003846	7.9
104	-1.290210	0.037788	4.136844	0.004942	7.8
105	-1.322507	0.000000	4.144288	0.004861	8.5
106	-1.309015	0.000000	4.144288	0.003788	10.1
107	-1.290338	0.010575	4.142202	0.004469	8.0
108	-1.311122	0.000000	4.144288	0.006106	8.3
109	-1.303506	0.000000	4.144288	0.006249	7.9
110	-1.322269	0.158126	4.113315	0.004978	7.8
111	-1.267755	0.330146	4.080143	0.005242	8.1
112	-1.279870	0.380013	4.070626	0.003707	10.1
113	-1.300076	0.417558	4.063490	0.004055	8.1
114	-1.321139	0.383028	4.070052	0.009498	7.8
115	-1.297944	0.323099	4.081491	0.005099	8.1
116	-1.315296	0.163441	4.112282	0.008488	7.8
117	-1.295051	0.271691	4.091355	0.005884	7.9
118	-1.301117	0.172286	4.110564	0.004640	9.9
119	-1.312640	0.000000	4.144288	0.007075	8.1
120	-1.305052	0.201299	4.104939	0.003528	7.9
121	-1.285436	0.229865	4.099416	0.003394	8.1
122	-1.292749	0.162770	4.112413	0.005848	7.7
123	-1.307388	0.135621	4.117695	0.005238	8.0
124	-1.288586	0.043643	4.135693	0.009138	8.0
125	-1.302175	0.082755	4.128020	0.003785	9.4
126	-1.328567	0.000000	4.144288	0.005108	7.8
127	-1.295886	0.000000	4.144288	0.008945	8.0
128	-1.305524	0.000000	4.144288	0.005359	7.8
129	-1.303624	0.000000	4.144288	0.007656	7.9
130	-1.332404	0.000000	4.144288	0.005033	7.9
131	-1.293352	0.000000	4.144288	0.007516	9.7
132	-1.310563	0.000000	4.144288	0.005097	7.9
133	-1.297793	0.000000	4.144288	0.004547	10.1
134	-1.295099	0.000000	4.144288	0.004520	12.3
135	-1.297178	0.000000	4.144288	0.003568	7.9
136	-1.338118	0.025907	4.139181	0.004891	10.6
137	-1.287420	0.000000	4.144288	0.002500	8.0
138	-1.313585	0.000000	4.144288	0.005230	8.1
139	-1.296575	0.000000	4.144288	0.004194	7.8
140	-1.285087	0.074764	4.129585	0.003658	8.1
141	-1.291594	0.027564	4.138855	0.005786	8.1
142	-1.309640	0.111391	4.122421	0.003204	9.8
143	-1.306840	0.060956	4.132293	0.005602	8.1
144	-1.308628	0.119414	4.120855	0.005203	8.7
145	-1.298525	0.043393	4.135742	0.009113	7.9
146	-1.308124	0.000000	4.144288	0.006956	8.1
147	-1.300688	0.000000	4.144288	0.004005	7.8
148	-1.320210	0.077363	4.129076	0.005604	8.8
149	-1.295156	0.000000	4.144288	0.004451	9.0
150	-1.287990	0.039236	4.136559	0.007219	8.0
151	-1.320756	0.000000	4.144288	0.004826	7.9
152	-1.287852	0.000000	4.144288	0.004417	8.0
153	-1.285957	0.000000	4.144288	0.004026	7.8
154	-1.324731	0.000000	4.144288	0.006778	8.1
155	-1.322027	0.037010	4.136997	0.004918	9.2
156	-1.299281	0.000000	4.144288	0.004326	8.0
157	-1.297017	0.000000	4.144288	0.006237	7.8
158	-1.318580	0.173370	4.110354	0.008061	8.1
159	-1.301779	0.612562	4.026827	0.006083	8.3
160	-1.262698	0.728576	4.005327	0.005043	8.1
161	-1.295371	0.957965	3.963484	0.004688	9.5
162	-1.293188	0.898782	3.974195	0.011119	7.8
163	-1.303626	1.142222	3.930502	0.007601	7.8
164	-1.313198	1.846190	3.809390	0.003468	8.0
165	-1.284383	1.713936	3.831570	0.002869	7.9
166	-1.333919	1.676357	3.837920	0.004607	8.1
167	-1.297107	1.653886	3.841727	0.003514	9.8
168	-1.297064	1.636732	3.844638	0.005810	8.0
169	-1.303210	1.552607	3.858979	0.004306	7.9
170	-1.301964	1.466814	3.873715	0.005693	7.9
171	-1.256437	1.360985	3.892049	0.006284	8.6
172	-1.316671	1.591236	3.852381	0.006671	7.9
173	-1.307305	1.394631	3.886201	0.003743	10.0
174	-1.301565	1.372613	3.890026	0.005234	7.9
175	-1.293767	1.351393	3.893719	0.007443	8.2
176	-1.317545	1.220129	3.916721	0.004778	7.8
177	-1.282748	1.233753	3.914321	0.009580	8.0
178	-1.302693	1.076973	3.942118	0.004401	7.8
179	-1.318248	0.985952	3.958439	0.005078	10.5
180	-1.286775	0.916227	3.971032	0.004619	7.9
181	-1.313351	0.855481	3.982069	0.007785	8.1
182	-1.320359	1.038804	3.948946	0.007988	7.9
183	-1.298620	1.549358	3.859535	0.004514	8.0
184	-1.269728	1.503766	3.867355	0.006374	8.5
185	-1.273727	1.638691	3.844305	0.006151	10.3
186	-1.310060	1.588907	3.852778	0.009853	7.9
187	-1.313850	2.083641	3.770204	0.003307	7.9
188	-1.305705	2.306245	3.734194	0.006159	7.8
189	-1.300191	2.205414	3.750420	0.004916	7.9
190	-1.289774	2.361688	3.725332	0.004266	7.9
191	-1.304489	2.332754	3.729951	0.007131	10.0
192	-1.298151	2.544091	3.696471	0.004139	8.0
193	-1.293957	2.675409	3.675968	0.004263	8.4
194	-1.301631	2.708013	3.670912	0.004756	7.8
195	-1.306156	2.738401	3.666213	0.006397	8.0
196	-1.332969	2.848118	3.649346	0.003508	7.9
197	-1.325858	2.784734	3.659071	0.005859	8.0
198	-1.322262	2.811320	3.654986	0.010975	9.2
199	-1.320882	3.377600	3.570082	0.004541	8.3
200	-1.313788	3.697826	3.523794	0.003761	7.7
201	-1.306534	3.669875	3.527786	0.005853	7.9
202	-1.332359	3.735861	3.518375	0.003000	7.8
203	-1.310747	3.640511	3.531990	0.004344	8.0
204	-1.300811	3.600381	3.537752	0.005291	8.5
205	-1.272711	3.617679	3.535266	0.007103	8.6
206	-1.309550	3.456242	3.558602	0.003931	8.1
207	-1.298737	3.323708	3.577992	0.007838	8.7
208	-1.334608	3.374180	3.570583	0.007324	7.9
209	-1.294986	3.821003	3.506306	0.008612	8.0
210	-1.300267	3.741764	3.517536	0.003451	7.9
211	-1.275960	3.661713	3.528954	0.004486	9.2
212	-1.348477	3.605622	3.536998	0.004229	7.9
213	-1.323582	3.697149	3.523890	0.003884	7.9
214	-1.316356	3.602080	3.537507	0.006730	7.8
215	-1.300579	3.686457	3.525416	0.006616	8.0
216	-1.316158	3.463763	3.557508	0.005386	7.8
217	-1.309634	3.460832	3.557935	0.004645	8.6
218	-1.308637	3.318353	3.578780	0.002517	8.5
219	-1.301231	3.295306	3.582175	0.003749	9.3
220	-1.323263	3.263460	3.586877	0.004422	10.5
221	-1.306994	3.237620	3.590701	0.004941	8.5
222	-1.340108	3.280797	3.584316	0.008662	7.9
223	-1.296102	3.124550	3.607530	0.005289	10.3
224	-1.275483	3.419043	3.564023	0.007829	7.9
225	-1.311778	3.289013	3.583103	0.010031	7.9
226	-1.262335	3.696790	3.523941	0.004991	8.4
227	-1.323561	4.015002	3.479114	0.005375	8.1
228	-1.313470	3.902441	3.494840	0.005148	7.9
229	-1.299852	3.747561	3.516712	0.003535	10.5
230	-1.313293	3.717681	3.520963	0.003364	8.1
231	-1.320092	3.740108	3.517771	0.006795	7.8
232	-1.285283	3.642224	3.531745	0.004942	7.9
233	-1.324375	3.479597	3.555207	0.005923	7.9
234	-1.308320	3.340437	3.575533	0.005940	7.9
235	-1.302533	3.290953	3.582817	0.003778	10.0
236	-1.331907	3.177916	3.599567	0.003851	8.2
237	-1.276547	3.190951	3.597628	0.005452	7.8
238	-1.285355	3.074449	3.615038	0.004335	8.5
239	-1.315115	2.980954	3.629132	0.008343	7.9
240	-1.316855	3.217470	3.593688	0.007424	8.2
241	-1.332841	3.014173	3.624111	0.005567	9.8
242	-1.278135	3.173138	3.600279	0.002024	8.0
243	-1.313972	3.166445	3.601276	0.004650	8.0
244	-1.321022	3.169644	3.600799	0.007703	8.0
245	-1.282760	3.185440	3.598448	0.008047	7.8
246	-1.298110	3.420274	3.563844	0.011138	8.5
247	-1.313127	4.288434	3.441496	0.005847	8.9
248	-1.303156	4.389593	3.427784	0.004486	8.2
249	-1.296025	4.409872	3.425048	0.005339	7.8
250	-1.293208	4.416070	3.424213	0.005592	9.1
251	-1.316969	4.352991	3.432733	0.005929	7.9
252	-1.288348	4.202082	3.453288	0.003783	8.0
253	-1.280207	4.163485	3.458585	0.003433	7.9
254	-1.322842	4.167537	3.458028	0.005529	9.5
255	-1.330190	4.127824	3.463493	0.005727	7.9
256	-1.306400	4.258852	3.445526	0.003958	7.9
257	-1.289415	4.262934	3.444970	0.004482	7.8
258	-1.339641	4.308887	3.438715	0.005905	8.0
259	-1.310961	4.364320	3.431199	0.008817	7.9
260	-1.293881	4.867429	3.364464	0.004267	10.1
261	-1.300281	4.725696	3.383000	0.004247	7.8
262	-1.319957	4.732119	3.382156	0.004615	8.1
263	-1.294343	4.680450	3.388961	0.006691	8.6
264	-1.299042	4.888169	3.361769	0.008944	8.0
265	-1.292696	5.244663	3.316104	0.005812	8.0
266	-1.323253	5.089342	3.335846	0.007131	9.7
267	-1.314129	4.891534	3.361332	0.007258	7.8
268	-1.304047	5.266095	3.313399	0.008997	7.9
269	-1.277878	5.665391	3.263783	0.004354	7.9
270	-1.310735	5.475505	3.287191	0.007110	7.9
271	-1.328793	5.648938	3.265798	0.005250	7.8
272	-1.294038	5.723796	3.256650	0.008274	10.0
273	-1.311348	5.543761	3.278738	0.003772	7.9
274	-1.311465	5.384692	3.298505	0.004658	8.0
275	-1.327962	5.420695	3.294010	0.005503	7.8
276	-1.323622	5.469326	3.287958	0.007910	8.4
277	-1.310623	5.746430	3.253894	0.003891	8.4
278	-1.309992	5.937014	3.230872	0.008818	10.3
279	-1.306286	5.851227	3.241194	0.004849	7.9
280	-1.331355	5.874327	3.238408	0.005243	8.4
281	-1.297839	5.835607	3.243081	0.006947	7.8
282	-1.279985	6.119212	3.209165	0.004028	7.9
283	-1.318161	5.985916	3.225017	0.005312	7.8
284	-1.316452	5.998019	3.223571	0.006900	10.5
285	-1.277688	6.041660	3.218369	0.005543	7.8
286	-1.288655	6.032850	3.219418	0.005827	8.1
287	-1.317634	6.053991	3.216902	0.005414	7.8
288	-1.309002	6.163911	3.203885	0.003217	8.0
289	-1.316312	6.209032	3.198572	0.003971	7.9
290	-1.291692	6.187069	3.201156	0.006549	10.5
291	-1.327232	6.297474	3.188209	0.005692	7.8
292	-1.291919	6.226250	3.196549	0.005968	8.0
293	-1.305128	6.349263	3.182171	0.006295	7.8
294	-1.296956	6.484598	3.166502	0.009745	8.0
295	-1.311088	6.512687	3.163269	0.005106	7.8
296	-1.313014	6.988111	3.109536	0.005497	10.3
297	-1.319644	6.929124	3.116104	0.007370	8.0
298	-1.317930	7.019023	3.106105	0.003767	7.9
299	-1.281572	7.118423	3.095125	0.005336	7.8
300	-1.327137	7.136802	3.093104	0.008349	8.0
301	-1.302655	7.043696	3.103373	0.006141	7.8
302	-1.293210	7.445149	3.059574	0.005306	9.1
303	-1.300324	7.429609	3.061247	0.007300	8.8
304	-1.316722	7.536927	3.049734	0.008036	7.8
305	-1.288759	7.760992	3.025975	0.008160	7.8
306	-1.305417	8.175507	2.982983	0.006331	8.0
307	-1.295083	7.949006	3.006322	0.004645	7.8
308	-1.301778	7.782698	3.023693	0.004197	8.0
309	-1.316954	7.676441	3.034897	0.004317	9.3
310	-1.309195	7.688084	3.033665	0.004625	8.8
311	-1.288869	7.704018	3.031981	0.004581	8.0
312	-1.324577	7.656564	3.037002	0.003026	7.9
313	-1.331192	7.632127	3.039594	0.003930	7.8
314	-1.270411	7.595682	3.043468	0.005080	8.4
315	-1.285489	7.649683	3.037731	0.006718	9.4
316	-1.304412	7.853354	3.016289	0.005982	7.9
317	-1.296932	7.890808	3.012378	0.006207	7.9
318	-1.334862	8.045188	2.996367	0.003946	7.9
319	-1.325024	8.066744	2.994145	0.004194	7.9
320	-1.275012	8.021383	2.998825	0.004639	8.1
321	-1.263361	7.951368	3.006077	0.003422	9.5
322	-1.302797	8.015273	2.999456	0.005217	7.9
323	-1.324473	8.066760	2.994143	0.007053	7.8
324	-1.308752	8.127076	2.987943	0.009070	7.9
325	-1.287133	8.592188	2.940980	0.005834	7.9
326	-1.296543	8.556602	2.944521	0.005417	8.1
327	-1.314889	8.589546	2.941243	0.006012	10.6
328	-1.281872	8.709499	2.929368	0.002547	7.8
329	-1.318700	8.668790	2.933387	0.002647	8.0
330	-1.327094	8.641048	2.936132	0.004029	12.2
331	-1.293705	8.570910	2.943097	0.006345	8.4
332	-1.298951	8.536161	2.946559	0.006891	8.0
333	-1.325551	8.544936	2.945684	0.005292	9.3
334	-1.316622	8.547398	2.945438	0.006298	7.8
335	-1.296015	8.347751	2.965476	0.004939	7.9
336	-1.311890	8.467444	2.953430	0.007971	7.9
337	-1.296404	8.473348	2.952839	0.005267	8.0
338	-1.287271	8.248260	2.975563	0.006279	8.0
339	-1.305470	8.541108	2.946066	0.006487	9.6
340	-1.298043	8.885808	2.912086	0.006054	7.8
341	-1.340714	8.805374	2.919945	0.004149	7.9
342	-1.318207	8.717586	2.928570	0.005056	7.8
343	-1.311081	8.781864	2.922250	0.003085	8.0
344	-1.273749	8.747455	2.925630	0.006967	8.4
345	-1.298615	8.710648	2.929254	0.005834	10.0
346	-1.287204	9.001020	2.900903	0.006089	7.8
347	-1.305916	8.882764	2.912383	0.008593	8.0
348	-1.335684	8.918551	2.908899	0.007695	8.3
349	-1.349905	9.463016	2.856908	0.004115	7.9
350	-1.315239	9.556722	2.848147	0.005253	7.8
351	-1.318033	9.534991	2.850174	0.006781	10.4
352	-1.313428	9.454502	2.857707	0.005414	7.8
353	-1.283556	9.448727	2.858249	0.004930	8.2
354	-1.326330	9.530927	2.850553	0.007263	9.0
355	-1.322139	9.557699	2.848056	0.003629	8.0
356	-1.333128	9.456247	2.857543	0.005331	8.1
357	-1.307234	9.411324	2.861764	0.005127	9.9
358	-1.306166	9.323596	2.870044	0.004214	8.0
359	-1.329938	9.370967	2.865567	0.003365	7.8
360	-1.317583	9.391551	2.863626	0.005589	8.2
361	-1.308944	9.287142	2.873498	0.005256	8.1
362	-1.333953	9.125047	2.888960	0.007463	8.0
363	-1.322385	9.156452	2.885951	0.003249	10.2
364	-1.296852	9.021164	2.898956	0.004133	8.0
365	-1.322535	9.035783	2.897545	0.003658	7.9
366	-1.293997	8.971047	2.903804	0.005536	8.0
367	-1.300797	9.065002	2.894729	0.006737	8.0
368	-1.314802	9.129284	2.888553	0.005727	8.0
369	-1.344226	9.007541	2.900272	0.004625	10.9
370	-1.330899	8.828889	2.917643	0.006238	8.1
371	-1.333651	8.903550	2.910358	0.006878	7.8
372	-1.306926	8.712767	2.929045	0.003184	8.2
373	-1.304540	8.638370	2.936398	0.004279	8.0
374	-1.325532	8.601807	2.940025	0.004163	8.2
375	-1.315247	8.689570	2.931334	0.002737	10.1
376	-1.301764	8.665029	2.933759	0.006789	8.3
377	-1.303384	8.653897	2.934860	0.003899	7.9
378	-1.318037	8.631534	2.937075	0.005625	8.1
379	-1.311861	8.752017	2.925181	0.003470	7.8
380	-1.277852	8.709325	2.929385	0.005454	8.1
381	-1.307067	8.637136	2.936520	0.003377	10.5
382	-1.300201	8.663820	2.933878	0.005613	8.0
383	-1.307347	8.608166	2.939393	0.004679	8.2
384	-1.291291	8.621161	2.938104	0.006643	8.3
385	-1.319023	8.517802	2.948392	0.004602	8.0
386	-1.263349	8.415988	2.958597	0.003844	8.0
387	-1.332798	8.370164	2.963213	0.006199	9.7
388	-1.285013	8.472852	2.952888	0.004659	8.0
389	-1.305719	8.592344	2.940965	0.006245	7.9
390	-1.314758	8.718371	2.928493	0.005159	8.2
391	-1.314886	8.754629	2.924924	0.004837	7.9
392	-1.306329	8.929516	2.907833	0.005533	8.1
393	-1.278361	8.924551	2.908316	0.004335	10.2
394	-1.273575	8.935982	2.907205	0.004408	7.9
395	-1.305698	9.045172	2.896640	0.004823	7.9
396	-1.311866	9.121452	2.889304	0.005543	8.2
397	-1.318872	9.259679	2.876106	0.004155	7.9
398	-1.308040	9.258868	2.876183	0.002517	8.5
399	-1.310547	9.239090	2.878064	0.003766	10.2
400	-1.278487	9.196101	2.882162	0.005108	7.8
401	-1.323135	9.190747	2.882673	0.004338	8.0
402	-1.309945	9.293539	2.872891	0.007386	7.9
403	-1.294433	9.347537	2.867779	0.004934	8.1
404	-1.318493	9.590924	2.844963	0.003242	7.9
405	-1.306431	9.564294	2.847442	0.003962	10.1
406	-1.315442	9.488044	2.854563	0.005780	7.8
407	-1.277341	9.617939	2.842453	0.008482	8.2
408	-1.303174	9.388263	2.863936	0.006233	8.0
409	-1.327338	9.769969	2.828408	0.009776	8.1
410	-1.299280	9.823632	2.823484	0.006229	7.8
411	-1.324729	9.857646	2.820372	0.005250	9.9
412	-1.310272	10.057562	2.802217	0.006549	7.7
413	-1.304987	9.867023	2.819515	0.007210	8.1
414	-1.311470	10.058729	2.802112	0.003996	8.0
415	-1.318245	10.044930	2.803358	0.003717	8.1
416	-1.297456	10.031557	2.804566	0.003336	8.0
417	-1.278518	10.046335	2.803231	0.006420	9.7
418	-1.314581	10.085891	2.799664	0.005890	7.9
419	-1.322727	9.982852	2.808974	0.004369	8.1
420	-1.311309	9.959299	2.811111	0.008356	7.9
421	-1.296673	9.787078	2.826837	0.005309	8.1
422	-1.306804	10.031918	2.804533	0.008544	7.8
423	-1.279545	9.824426	2.823412	0.005034	8.1
424	-1.293759	9.717869	2.833206	0.004206	9.4
425	-1.295687	9.794112	2.826191	0.004976	8.3
426	-1.317820	9.801417	2.825521	0.010820	8.5
427	-1.301714	10.129904	2.795705	0.006166	9.2
428	-1.309877	10.371200	2.774202	0.005262	8.1
429	-1.305545	10.620162	2.752359	0.004722	8.4
430	-1.310548	10.483311	2.764323	0.008453	9.3
431	-1.303026	10.748141	2.741264	0.005936	8.4
432	-1.314080	10.520455	2.761065	0.005476	7.9
433	-1.308495	10.373354	2.774011	0.006223	8.1
434	-1.299934	10.608853	2.753344	0.005653	7.8
435	-1.312813	10.511585	2.761843	0.009655	8.4
436	-1.323444	10.402350	2.771450	0.006198	9.5
437	-1.290366	11.003015	2.719433	0.003709	8.2
438	-1.303224	10.908580	2.727481	0.007095	8.0
439	-1.278576	10.823263	2.734793	0.009559	8.0
440	-1.312589	11.477056	2.679739	0.005549	7.8
441	-1.320226	11.552861	2.673499	0.004077	8.2
442	-1.272808	11.488521	2.678794	0.004573	9.2
443	-1.289809	11.514064	2.676689	0.008085	8.5
444	-1.327561	11.397681	2.686305	0.003517	8.1
445	-1.340070	11.277927	2.696271	0.004781	8.1
446	-1.301988	11.208369	2.702094	0.005958	7.8
447	-1.310459	11.310593	2.693545	0.005180	8.0
448	-1.331155	11.341328	2.690985	0.004862	9.3
449	-1.323204	11.342827	2.690861	0.005834	8.5
450	-1.308383	11.545060	2.674140	0.003990	8.0
451	-1.301169	11.519206	2.676266	0.005927	8.0
452	-1.317910	11.596264	2.669939	0.004287	7.8
453	-1.297703	11.716201	2.660151	0.006166	8.0
454	-1.313378	11.761430	2.656479	0.006234	9.5
455	-1.286780	11.742224	2.658037	0.004817	8.3
456	-1.296622	11.648025	2.665706	0.005781	8.3
457	-1.315136	11.762035	2.656430	0.015845	7.9
458	-1.316838	11.474601	2.679942	0.008214	7.8
459	-1.329131	12.247325	2.617655	0.005227	8.0
460	-1.286902	12.460570	2.600973	0.009759	13.8
461	-1.310544	12.881297	2.568675	0.007511	14.9
462	-1.287929	12.633725	2.587583	0.005247	11.7
463	-1.299440	12.609162	2.589474	0.003697	11.4
464	-1.302503	12.508133	2.597281	0.005098	12.7
465	-1.303752	12.494625	2.598329	0.004628	9.9
466	-1.283970	12.431099	2.603266	0.003904	8.0
467	-1.335094	12.491915	2.598539	0.005086	7.8
468	-1.306926	12.571735	2.592361	0.005685	10.5
469	-1.313891	12.688868	2.583347	0.005306	16.1
470	-1.311314	12.644133	2.586782	0.006370	8.5
471	-1.314024	12.719132	2.581029	0.006544	7.8
472	-1.297084	12.764055	2.577594	0.008145	7.9
473	-1.305824	12.539320	2.594866	0.004066	8.0
474	-1.307184	12.428993	2.603430	0.009042	11.1
475	-1.298305	12.504844	2.597536	0.006165	8.9
476	-1.304544	12.949895	2.563485	0.006427	8.2
477	-1.292941	12.799350	2.574903	0.005552	7.8
478	-1.326787	12.752448	2.578481	0.004375	8.7
479	-1.318329	12.673214	2.584548	0.004874	8.5
480	-1.304874	12.666823	2.585039	0.002445	9.6
481	-1.335622	12.612072	2.589249	0.007380	8.1
482	-1.314893	12.519201	2.596423	0.004527	9.0
483	-1.321775	12.610558	2.589366	0.004886	7.8
484	-1.348582	12.519054	2.596435	0.003845	7.9
485	-1.318122	12.424343	2.603792	0.007343	7.9
486	-1.310805	12.550775	2.593980	0.006788	9.0
487	-1.296836	12.806406	2.574365	0.006196	8.4
488	-1.307959	12.688979	2.583339	0.007364	7.9
489	-1.314405	13.047697	2.556121	0.006195	7.8
490	-1.349113	13.020791	2.558143	0.008363	7.9
491	-1.301698	12.801345	2.574751	0.006939	7.8
492	-1.285786	12.554175	2.593717	0.004941	8.2
493	-1.334986	12.603431	2.589915	0.005439	9.3
494	-1.319019	12.460101	2.601010	0.004756	8.0
495	-1.319151	12.485646	2.599025	0.004266	7.9
496	-1.300870	12.362639	2.608608	0.007681	8.4
497	-1.321761	12.473609	2.599960	0.004215	7.8
498	-1.320259	12.372980	2.607800	0.004121	8.0
499	-1.304563	12.263756	2.616362	0.005554	9.6
500	-1.302026	12.156624	2.624816	0.005723	7.9
501	-1.317704	12.260190	2.616643	0.005690	7.9
502	-1.302752	12.388316	2.606602	0.005485	8.0
503	-1.304507	12.368615	2.608141	0.007848	8.0
504	-1.303441	12.575427	2.592075	0.003774	8.0
505	-1.308614	12.721613	2.580839	0.007131	9.6
506	-1.336116	12.608946	2.589490	0.004230	8.0
507	-1.301954	12.470056	2.600236	0.003461	7.8
508	-1.307592	12.451509	2.601678	0.007881	7.9
509	-1.321265	12.517024	2.596592	0.007150	7.8
510	-1.315787	12.425345	2.603714	0.005980	8.3
511	-1.307629	12.356173	2.609114	0.005646	10.4
512	-1.308980	12.194970	2.621784	0.005326	8.2
513	-1.299785	12.324177	2.611619	0.004609	7.8
514	-1.323007	12.326680	2.611422	0.007178	8.0
515	-1.269704	12.349042	2.609671	0.003902	7.8
516	-1.349639	12.391165	2.606379	0.008538	8.0
517	-1.299011	12.539453	2.594856	0.005655	10.4
518	-1.295588	12.405414	2.605268	0.003959	8.1
519	-1.320459	12.499442	2.597955	0.003801	7.9
520	-1.304586	12.517819	2.596531	0.005328	8.1
521	-1.313698	12.406698	2.605167	0.007567	8.8
522	-1.289651	12.515184	2.596735	0.008948	10.1
523	-1.288866	12.540475	2.594777	0.003942	9.7
524	-1.303822	12.427019	2.603584	0.004632	7.8
525	-1.292211	12.398650	2.605795	0.004531	8.0
526	-1.306670	12.339486	2.610419	0.008024	7.8
527	-1.291535	12.335040	2.610768	0.007446	8.1
528	-1.316884	12.686338	2.583541	0.005170	7.8
529	-1.290945	12.746907	2.578904	0.005683	9.8
530	-1.280351	12.875667	2.569102	0.013681	7.9
531	-1.305962	13.528656	2.520516	0.004943	8.0
532	-1.307358	13.314629	2.536237	0.005477	7.8
533	-1.297897	13.415921	2.528773	0.005755	8.7
534	-1.292234	13.521786	2.521018	0.003691	7.9
535	-1.300149	13.478907	2.524153	0.003599	9.8
536	-1.332486	13.414275	2.528894	0.005340	7.9
537	-1.323769	13.391596	2.530561	0.004061	8.4
538	-1.305451	13.431658	2.527617	0.005000	7.8
539	-1.322152	13.513711	2.521608	0.003359	8.2
540	-1.304504	13.513468	2.521625	0.008256	7.8
541	-1.297652	13.511475	2.521771	0.007274	11.2
542	-1.311149	13.298855	2.537404	0.005539	8.0
543	-1.322082	13.665794	2.510545	0.006123	8.1
544	-1.322184	13.481496	2.523964	0.003843	8.2
545	-1.313869	13.413739	2.528933	0.003272	8.2
546	-1.331006	13.366497	2.532409	0.005854	7.8
547	-1.318880	13.322868	2.535628	0.004054	9.7
548	-1.318988	13.230879	2.542442	0.006307	7.9
549	-1.294986	13.086072	2.553244	0.004961	8.0
550	-1.324199	13.085776	2.553266	0.003122	7.9
551	-1.315519	13.027231	2.557659	0.003780	8.0
552	-1.291196	12.972490	2.561780	0.006536	7.7
553	-1.314949	12.955773	2.563041	0.004991	10.3
554	-1.277018	13.122018	2.550554	0.005348	7.9
555	-1.321973	13.094325	2.552625	0.005436	8.0
556	-1.331395	13.243562	2.541501	0.003710	7.8
557	-1.347601	13.199254	2.544794	0.005938	8.2
558	-1.295446	13.094345	2.552624	0.006116	7.8
559	-1.326662	13.247928	2.541177	0.006160	8.2
560	-1.310172	13.386900	2.530907	0.006555	9.2
561	-1.316038	13.604529	2.514990	0.005023	8.0
562	-1.317025	13.496109	2.522894	0.005735	7.7
563	-1.305224	13.590928	2.515979	0.006541	7.9
564	-1.310451	13.453888	2.525986	0.005041	11.1
565	-1.289845	13.538973	2.519763	0.005623	9.0
566	-1.333209	13.600823	2.515259	0.005749	9.3
567	-1.279500	13.559969	2.518233	0.004796	7.8
568	-1.306357	13.537990	2.519835	0.003519	8.5
569	-1.286483	13.475052	2.524435	0.007598	7.7
570	-1.298545	13.500591	2.522567	0.003732	8.6
571	-1.329238	13.615216	2.514213	0.006888	7.7
572	-1.317982	13.745702	2.504771	0.003713	8.5
573	-1.291880	13.946047	2.490412	0.007915	8.4
574	-1.312225	14.035589	2.484047	0.004230	8.0
575	-1.307186	14.031930	2.484306	0.004144	7.8
576	-1.288736	14.061596	2.482204	0.005909	8.5
577	-1.307261	14.082945	2.480694	0.003974	7.7
578	-1.321358	14.014906	2.485514	0.006977	7.9
579	-1.325599	13.935090	2.491193	0.008943	8.3
580	-1.315666	13.949454	2.490169	0.004551	8.9
581	-1.316909	13.762025	2.503595	0.002421	7.8
582	-1.315686	13.788632	2.501680	0.005202	7.9
583	-1.301762	13.736206	2.505456	0.006825	7.9
584	-1.302747	13.961078	2.489341	0.007233	7.8
585	-1.284797	13.856536	2.496807	0.008491	7.8
586	-1.300970	13.964895	2.489069	0.005361	8.5
587	-1.272526	13.993020	2.487069	0.004214	9.1
588	-1.304304	14.003977	2.486290	0.008054	8.0
589	-1.302966	13.829881	2.498718	0.004582	8.1
590	-1.309863	13.656059	2.511250	0.004793	8.1
591	-1.331166	13.640708	2.512363	0.007444	8.1
592	-1.321640	13.548929	2.519037	0.008223	8.3
593	-1.335053	13.794535	2.501256	0.006828	9.3
594	-1.288863	14.255442	2.468556	0.004823	8.3
595	-1.311207	14.354738	2.461623	0.006437	7.8
596	-1.330686	14.259791	2.468252	0.004642	8.0
597	-1.297340	14.226696	2.470571	0.004058	7.9
598	-1.301757	14.311858	2.464612	0.004763	7.9
599	-1.300508	14.219302	2.471089	0.005191	9.4
600	-1.311803	14.129938	2.477375	0.005662	8.3
601	-1.316365	14.103222	2.479261	0.004798	8.1
602	-1.288879	13.926783	2.491785	0.003763	8.0
603	-1.300643	13.869432	2.495884	0.008248	7.9
604	-1.324141	13.786048	2.501866	0.007068	8.1
605	-1.324680	14.153864	2.475689	0.007286	9.8
606	-1.293040	13.949439	2.490170	0.002881	8.0
607	-1.308869	13.842388	2.497821	0.005526	8.0
608	-1.340556	13.725902	2.506200	0.009786	8.1
609	-1.318031	14.053117	2.482805	0.005044	7.9
610	-1.315683	14.101826	2.479359	0.004155	8.1
611	-1.311650	14.118846	2.478158	0.005597	10.3
612	-1.299236	14.231067	2.470264	0.005378	8.6
613	-1.310440	14.237034	2.469846	0.007317	8.1
614	-1.318490	14.505751	2.451153	0.006041	8.7
615	-1.359083	14.296239	2.465703	0.003663	7.8
616	-1.288621	14.191245	2.473059	0.010895	8.0
617	-1.310809	14.033117	2.484222	0.007800	10.0
618	-1.314924	14.776504	2.432603	0.008211	8.0
619	-1.318942	15.051859	2.414024	0.004424	7.8
620	-1.308950	14.914457	2.423259	0.006247	7.9
621	-1.300119	14.832976	2.428770	0.003690	7.9
622	-1.332616	14.884272	2.425298	0.004581	7.9
623	-1.322380	14.905886	2.423838	0.004626	10.1
624	-1.313185	14.819473	2.429685	0.006880	7.9
625	-1.342862	14.937371	2.421714	0.007813	7.9
626	-1.311604	14.725313	2.436089	0.006528	8.0
627	-1.316812	15.101877	2.410679	0.004317	7.8
628	-1.312394	15.245492	2.401127	0.004622	7.9
629	-1.310135	15.385832	2.391866	0.013590	9.9
630	-1.312781	15.937133	2.356167	0.004177	12.3
631	-1.298468	16.281541	2.334400	0.004801	14.4
632	-1.285461	16.280451	2.334469	0.004758	17.0
633	-1.313601	16.185489	2.340430	0.005319	32.4
634	-1.312183	16.086817	2.346657	0.005384	11.8
635	-1.304027	15.951995	2.355219	0.005141	11.3
636	-1.302290	16.125626	2.344204	0.004351	12.6
637	-1.313106	16.103596	2.345596	0.009504	14.7
638	-1.330065	16.225071	2.337942	0.007266	12.9
639	-1.291631	16.702989	2.308306	0.005322	11.1
640	-1.293993	17.034907	2.288162	0.003673	11.9
641	-1.304313	16.988554	2.290954	0.005900	11.4
642	-1.326534	17.011012	2.289601	0.004832	11.4
643	-1.298839	16.918553	2.295184	0.003160	11.2
644	-1.264515	16.906536	2.295911	0.004596	12.0
645	-1.282156	16.822397	2.301019	0.003664	11.3
646	-1.315901	16.832920	2.300379	0.006292	10.8
647	-1.312110	16.727602	2.306800	0.005932	8.1
648	-1.298326	16.538397	2.318427	0.003333	11.2
649	-1.310286	16.424920	2.325457	0.006411	11.8
650	-1.316732	16.343336	2.330537	0.006121	11.3
651	-1.287908	16.662728	2.310774	0.009352	11.7
652	-1.324200	16.411088	2.326317	0.003414	11.2
653	-1.333081	16.507292	2.320350	0.004320	11.8
654	-1.325414	16.501320	2.320719	0.006892	11.9
655	-1.297485	16.463997	2.323031	0.007597	11.3
656	-1.303197	16.254640	2.336086	0.009233	12.7
657	-1.334513	16.934280	2.294232	0.004884	14.2
658	-1.300576	16.768494	2.304303	0.008841	10.2
659	-1.312610	16.651933	2.311436	0.004123	7.8
660	-1.294022	16.485630	2.321691	0.003747	8.0
661	-1.308589	16.517686	2.319707	0.006143	7.8
662	-1.317423	16.428382	2.325242	0.005055	8.3
663	-1.332042	16.455562	2.323555	0.005267	7.9
664	-1.308725	16.569129	2.316531	0.005172	9.8
665	-1.318427	16.580097	2.315855	0.007435	7.7
666	-1.317984	16.699359	2.308528	0.004329	8.0
667	-1.299916	16.845524	2.299613	0.003939	7.8
668	-1.318361	16.917276	2.295261	0.005938	7.9
669	-1.301986	16.964926	2.292380	0.004734	7.8
670	-1.320143	16.870068	2.298122	0.006477	13.8
671	-1.312525	16.863526	2.298519	0.006373	8.8
672	-1.327501	16.991671	2.290766	0.005283	7.9
673	-1.315916	17.258423	2.274794	0.002714	7.9
674	-1.317900	17.188267	2.278973	0.005987	8.0
675	-1.283604	17.275236	2.273795	0.003494	7.8
676	-1.311110	17.268526	2.274194	0.004792	9.8
677	-1.333662	17.317125	2.271309	0.004335	8.1
678	-1.317453	17.402437	2.266264	0.005641	8.0
679	-1.304870	17.515670	2.259601	0.005574	8.4
680	-1.302750	17.609568	2.254106	0.006126	7.9
681	-1.314256	17.731199	2.247027	0.004435	7.8
682	-1.317438	17.739232	2.246561	0.005325	9.5
683	-1.313188	17.781689	2.244101	0.003707	7.9
684	-1.290162	17.748430	2.246028	0.003722	8.3
685	-1.314580	17.717961	2.247795	0.003881	8.0
686	-1.299561	17.675680	2.250252	0.005255	7.9
687	-1.259539	17.650079	2.251743	0.006187	7.8
688	-1.324397	17.581228	2.255761	0.004171	9.7
689	-1.291642	17.676486	2.250205	0.002529	8.1
690	-1.314278	17.638110	2.252440	0.005803	8.4
691	-1.304794	17.568257	2.256520	0.002988	8.2
692	-1.295385	17.530891	2.258708	0.005971	7.8
693	-1.329647	17.609849	2.254089	0.005616	8.0
694	-1.306567	17.443592	2.263837	0.004849	10.1
695	-1.289902	17.366614	2.268380	0.005210	8.1
696	-1.288442	17.429725	2.264654	0.004636	8.8
697	-1.331564	17.350443	2.269336	0.008181	8.3
698	-1.331690	17.248290	2.275397	0.005217	7.8
699	-1.283333	17.554505	2.257325	0.002483	8.7
700	-1.301583	17.555066	2.257292	0.006147	9.6
701	-1.256249	17.612015	2.253963	0.004042	8.9
702	-1.317781	17.486712	2.261301	0.004448	8.0
703	-1.296425	17.580315	2.255815	0.007103	9.1
704	-1.326547	17.435972	2.264286	0.005952	7.8
705	-1.313086	17.227122	2.276657	0.006034	8.0
706	-1.297631	17.527597	2.258901	0.005616	9.2
707	-1.326734	17.385914	2.267239	0.004189	8.1
708	-1.316932	17.397241	2.266570	0.006989	8.0
709	-1.310609	17.331928	2.270432	0.003714	7.9
710	-1.316270	17.405300	2.266095	0.004727	7.8
711	-1.308345	17.448167	2.263568	0.007117	8.0
712	-1.282458	17.320549	2.271106	0.006503	9.7
713	-1.319952	17.082065	2.285329	0.003719	8.3
714	-1.264784	17.178772	2.279540	0.005274	7.9
715	-1.318967	17.246435	2.275507	0.003453	8.0
716	-1.319493	17.199801	2.278285	0.003653	8.1
717	-1.287551	17.149801	2.281271	0.008609	7.9
718	-1.320222	17.100615	2.284216	0.004883	10.0
719	-1.314170	17.288809	2.272989	0.002410	8.7
720	-1.331420	17.285334	2.273195	0.004663	8.5
721	-1.289438	17.237515	2.276038	0.005066	7.9
722	-1.308798	17.254440	2.275031	0.004130	7.8
723	-1.290902	17.291376	2.272837	0.008001	7.9
724	-1.330087	17.262489	2.274552	0.008260	10.5
725	-1.350251	17.455014	2.263165	0.004494	7.9
726	-1.315462	17.531749	2.258658	0.004910	7.9
727	-1.329451	17.551198	2.257518	0.004789	7.7
728	-1.299618	17.501606	2.260426	0.007164	7.7
729	-1.340097	17.407574	2.265960	0.002817	7.8
730	-1.302852	17.307076	2.271905	0.008629	10.0
731	-1.319445	17.326279	2.270767	0.007922	7.8
732	-1.294783	17.866708	2.239193	0.005328	8.3
733	-1.306347	18.183310	2.221100	0.006907	8.0
734	-1.319576	18.331816	2.212714	0.004925	8.0
735	-1.275814	18.339216	2.212297	0.004562	8.0
736	-1.317601	18.213109	2.219412	0.008722	11.9
737	-1.294927	18.518139	2.202281	0.005053	8.0
738	-1.323699	18.592602	2.198139	0.006841	8.6
739	-1.337810	18.642804	2.195355	0.005914	7.8
740	-1.321030	18.585799	2.198517	0.008759	8.3
741	-1.299894	18.475841	2.204641	0.006012	7.8
742	-1.284887	18.338565	2.212334	0.005253	10.1
743	-1.323988	18.281453	2.215550	0.004034	7.8
744	-1.323167	18.333034	2.212645	0.004918	8.0
745	-1.305845	18.274319	2.215953	0.007487	7.8
746	-1.315938	18.486692	2.204035	0.006345	8.4
747	-1.297832	18.645866	2.195186	0.004165	7.8
748	-1.295182	18.518047	2.202286	0.005770	9.3
749	-1.327616	18.647349	2.195104	0.006484	8.2
750	-1.322482	18.500140	2.203284	0.008009	8.0
751	-1.293735	18.322518	2.213237	0.005808	7.8
752	-1.293815	18.125538	2.224379	0.007039	8.2
753	-1.286706	18.303453	2.214310	0.003083	7.8
754	-1.319696	18.267127	2.216359	0.005067	8.1
755	-1.328076	18.256274	2.216971	0.008291	9.4
756	-1.309603	18.038925	2.229315	0.004334	8.0
757	-1.327317	18.183547	2.221086	0.004861	7.8
758	-1.316913	18.244266	2.217650	0.007419	7.9
759	-1.306885	18.369796	2.210579	0.004746	7.8
760	-1.301761	18.501755	2.203194	0.005767	8.0
761	-1.336117	18.353974	2.211468	0.004089	9.6
762	-1.320829	18.465725	2.205206	0.007452	9.3
763	-1.335272	18.424994	2.207484	0.005116	7.8
764	-1.317249	18.357626	2.211262	0.003499	8.0
765	-1.325007	18.331489	2.212732	0.004809	7.9
766	-1.330404	18.258484	2.216847	0.007963	14.1
767	-1.312769	18.354831	2.211420	0.008114	9.1
768	-1.297735	18.275523	2.215885	0.004197	7.9
769	-1.304293	18.476518	2.204603	0.004979	8.1
770	-1.313709	18.485525	2.204100	0.003840	7.8
771	-1.310614	18.607775	2.197297	0.004400	8.5
772	-1.293950	18.557042	2.200115	0.007310	10.5
773	-1.311459	18.611929	2.197066	0.007153	8.0
774	-1.286904	18.409919	2.208328	0.009737	7.8
775	-1.315730	18.731437	2.190458	0.005932	8.0
776	-1.337981	19.285455	2.160334	0.004993	7.8
777	-1.338233	19.122282	2.169120	0.003836	8.2
778	-1.336675	19.056429	2.172686	0.004132	9.4
779	-1.340834	19.069720	2.171965	0.007023	8.7
780	-1.330160	19.203627	2.164731	0.005415	7.9
781	-1.302019	19.537133	2.146921	0.004816	8.0
782	-1.347270	19.403972	2.153997	0.004846	7.8
783	-1.318759	19.467952	2.150592	0.006014	8.3
784	-1.284379	19.576625	2.144832	0.005265	7.9
785	-1.307321	19.632672	2.141873	0.005023	9.7
786	-1.300842	19.619803	2.142552	0.007063	7.9
787	-1.336112	19.432719	2.152466	0.005577	7.9
788	-1.306331	19.354964	2.156613	0.004480	7.8
789	-1.320972	19.354135	2.156657	0.005311	8.3
790	-1.342848	19.216277	2.164050	0.004023	7.9
791	-1.321430	19.292104	2.159978	0.004853	9.7
792	-1.306969	19.182518	2.165868	0.005966	8.1
793	-1.299696	19.209119	2.164435	0.006318	7.9
794	-1.302833	19.337526	2.157545	0.005694	7.8
795	-1.297979	19.497074	2.149045	0.010808	8.1
796	-1.312856	19.418083	2.153245	0.006482	8.8
797	-1.299185	19.973968	2.124033	0.007502	9.7
798	-1.328623	19.929433	2.126344	0.007075	7.8
799	-1.331353	19.677893	2.139492	0.006178	8.1
800	-1.286821	19.898557	2.127949	0.004978	7.8
801	-1.275371	19.848622	2.130550	0.004792	9.3
802	-1.298476	19.981255	2.123655	0.006569	7.9
803	-1.293568	20.073244	2.118899	0.006014	9.4
804	-1.333515	20.199471	2.112407	0.005406	7.9
805	-1.329604	20.326586	2.105909	0.004647	8.1
806	-1.318538	20.207147	2.112013	0.006234	7.8
807	-1.316526	20.207685	2.111986	0.006310	8.2
808	-1.302841	20.066480	2.119248	0.004849	7.9
809	-1.298442	20.098796	2.117581	0.007000	9.8
810	-1.313204	20.056412	2.119767	0.005170	7.7
811	-1.309185	19.932017	2.126209	0.003624	7.9
812	-1.308433	19.967589	2.124363	0.007363	7.8
813	-1.301967	19.850043	2.130476	0.006074	8.2
814	-1.323059	19.734529	2.136518	0.005001	8.1
815	-1.297645	19.896075	2.128078	0.006255	10.3
816	-1.332006	19.733455	2.136574	0.005220	8.0
817	-1.304476	19.539869	2.146777	0.005260	7.8
818	-1.339134	19.672025	2.139801	0.005057	9.1
819	-1.275144	19.579082	2.144702	0.005742	8.0
820	-1.309106	19.486413	2.149611	0.006137	8.2
821	-1.323059	19.410620	2.153643	0.003144	9.7
822	-1.307143	19.393453	2.154558	0.005226	8.1
823	-1.315446	19.405480	2.153917	0.003850	7.8
824	-1.292422	19.333992	2.157734	0.004933	8.1
825	-1.311944	19.273465	2.160977	0.003642	7.9
826	-1.286305	19.293129	2.159923	0.005257	8.3
827	-1.299235	19.374725	2.155557	0.004249	10.1
828	-1.306360	19.269213	2.161205	0.003422	8.0
829	-1.293188	19.260018	2.161699	0.003854	7.8
830	-1.326838	19.196738	2.165102	0.004274	8.2
831	-1.291076	19.219267	2.163889	0.007255	8.9
832	-1.295901	19.114965	2.169516	0.006013	8.1
833	-1.295065	18.939075	2.179070	0.004237	9.9
834	-1.283760	18.836226	2.184696	0.005664	7.9
835	-1.304527	18.829768	2.185050	0.005309	8.3
836	-1.295777	18.787367	2.187379	0.004070	8.2
837	-1.308317	18.725478	2.190786	0.006986	8.0
838	-1.271212	18.843434	2.184301	0.006951	8.2
839	-1.316227	18.637026	2.195675	0.002842	9.7
840	-1.295901	18.649746	2.194971	0.005793	8.0
841	-1.297073	18.638734	2.195581	0.006122	7.8
842	-1.312773	18.810772	2.186093	0.005571	8.2
843	-1.309032	19.058959	2.172549	0.003684	7.9
844	-1.316702	19.123385	2.169060	0.005152	8.0
845	-1.288833	19.152387	2.167494	0.005014	10.1
846	-1.315347	19.173581	2.166350	0.004618	8.1
847	-1.324647	19.119374	2.169277	0.007779	7.9
848	-1.309653	19.436794	2.152249	0.004768	8.2
849	-1.307310	19.652864	2.140810	0.004080	7.9
850	-1.317807	19.759499	2.135209	0.007703	8.0
851	-1.309635	19.840078	2.130996	0.004016	10.4
852	-1.327743	20.004012	2.122476	0.003725	7.9
853	-1.328691	20.076756	2.118718	0.003681	8.5
854	-1.314339	20.028759	2.121196	0.006993	9.0
855	-1.300160	20.038565	2.120689	0.002896	8.2
856	-1.321946	19.925062	2.126571	0.007011	7.8
857	-1.336492	19.990661	2.123168	0.006763	9.7
858	-1.304272	19.846500	2.130661	0.006457	7.8
859	-1.304880	19.700323	2.138313	0.005442	7.9
860	-1.315219	19.860253	2.129944	0.004778	8.0
861	-1.296790	20.046680	2.120270	0.003817	8.1
862	-1.317081	19.974479	2.124006	0.004159	7.9
863	-1.329327	19.940090	2.125790	0.003745	10.3
864	-1.345542	19.862686	2.129817	0.004622	7.8
865	-1.323537	19.835095	2.131256	0.003492	8.3
866	-1.303054	19.862873	2.129807	0.004797	7.9
867	-1.299164	19.879549	2.128938	0.004219	8.2
868	-1.302294	19.781972	2.134032	0.003191	7.8
869	-1.290351	19.796447	2.133275	0.007509	10.3
870	-1.304964	19.678451	2.139463	0.004545	7.9
871	-1.304298	19.584711	2.144405	0.003446	8.1
872	-1.341806	19.573358	2.145005	0.005116	7.8
873	-1.297973	19.473983	2.150271	0.006676	8.1
874	-1.312343	19.349919	2.156883	0.004670	7.8
875	-1.310622	19.479289	2.149989	0.003805	10.1
876	-1.322761	19.467155	2.150634	0.003896	7.8
877	-1.290637	19.419932	2.153147	0.005618	8.1
878	-1.303501	19.326801	2.158119	0.005079	8.4
879	-1.297863	19.149723	2.167637	0.003500	9.2
880	-1.281904	19.109410	2.169816	0.003222	7.8
881	-1.310323	19.137132	2.168317	0.006570	10.3
882	-1.313927	19.128719	2.168772	0.006753	7.8
883	-1.302529	19.404131	2.153989	0.005340	8.3
884	-1.302720	19.370240	2.155797	0.004945	7.9
885	-1.299366	19.405694	2.153905	0.004187	7.9
886	-1.303651	19.504287	2.148662	0.006435	13.4
887	-1.298511	19.342671	2.157270	0.005835	9.3
888	-1.310548	19.150013	2.167622	0.003563	8.1
889	-1.311913	19.197738	2.165048	0.008451	8.0
890	-1.314385	19.059862	2.172500	0.005244	8.0
891	-1.325618	19.096493	2.170515	0.005574	8.0
892	-1.286672	18.942143	2.178903	0.004118	9.0
893	-1.308692	18.877017	2.182461	0.004829	9.4
894	-1.327597	18.974848	2.177120	0.004764	8.2
895	-1.283412	18.825773	2.185269	0.006877	9.9
896	-1.331408	18.738887	2.190047	0.004787	8.0
897	-1.317105	18.845143	2.184207	0.010239	7.8
898	-1.310296	18.632464	2.195928	0.002403	8.0
899	-1.312823	18.572644	2.199248	0.006815	9.6
900	-1.298478	18.624998	2.196342	0.003201	9.1
901	-1.319007	18.705328	2.191898	0.004692	8.2
902	-1.311183	18.751274	2.189365	0.007053	8.0
903	-1.292172	18.630477	2.196038	0.007844	8.3
904	-1.320372	19.151122	2.167562	0.004793	7.9
905	-1.327081	19.477523	2.150083	0.009524	9.8
906	-1.297521	19.719644	2.137299	0.004659	8.2
907	-1.319121	19.644079	2.141272	0.003698	10.0
908	-1.309760	19.689893	2.138861	0.006319	7.8
909	-1.333382	19.736400	2.136420	0.004545	8.5
910	-1.311463	19.740510	2.136204	0.005814	8.8
911	-1.321300	19.702043	2.138223	0.003297	10.7
912	-1.296977	19.592994	2.143967	0.005158	9.8
913	-1.308876	19.571267	2.145115	0.003488	8.1
914	-1.318621	19.452990	2.151387	0.004959	7.9
915	-1.284807	19.421641	2.153056	0.006133	8.1
916	-1.290843	19.332008	2.157841	0.004493	10.9
917	-1.307882	19.204370	2.164691	0.007542	9.6
918	-1.302230	19.137546	2.168295	0.004328	8.5
919	-1.330121	19.324526	2.158241	0.004841	7.8
920	-1.302694	19.227940	2.163423	0.006854	8.7
921	-1.301326	19.128020	2.168810	0.003681	7.8
922	-1.331200	19.061396	2.172417	0.005794	11.4
923	-1.296868	19.014492	2.174963	0.005442	8.8
924	-1.302894	18.984115	2.176615	0.004695	8.1
925	-1.311626	19.083373	2.171226	0.005503	7.8
926	-1.293513	19.001823	2.175652	0.003869	8.0
927	-1.325840	18.859323	2.183430	0.005999	7.8
928	-1.316440	18.968940	2.177442	0.003535	10.9
929	-1.309502	18.937839	2.179137	0.003255	8.2
930	-1.325284	18.862318	2.183266	0.003334	8.0
931	-1.286169	18.875625	2.182537	0.004634	7.9
932	-1.298999	18.876490	2.182490	0.003123	8.0
933	-1.305021	18.831338	2.184964	0.005336	8.7
934	-1.309636	18.810339	2.186117	0.004479	10.4
935	-1.307181	18.800969	2.186631	0.004210	8.6
936	-1.345034	18.915860	2.180337	0.004339	8.1
937	-1.288812	18.792472	2.187098	0.003809	8.0
938	-1.307611	18.882035	2.182187	0.005600	7.8
939	-1.287905	18.907727	2.180782	0.002722	9.2
940	-1.312145	18.883003	2.182134	0.007338	10.1
941	-1.298045	18.858951	2.183450	0.002541	8.6
942	-1.314741	18.884185	2.182069	0.004800	7.8
943	-1.303790	18.840109	2.184483	0.003527	8.0
944	-1.312848	18.733910	2.190322	0.004608	8.3
945	-1.300713	18.718856	2.191152	0.008954	9.0
946	-1.310714	18.714715	2.191380	0.007448	9.5
947	-1.311346	19.255064	2.161965	0.004029	8.0
948	-1.304436	19.286219	2.160293	0.003540	7.9
949	-1.345039	19.221816	2.163752	0.005621	8.1
950	-1.317772	19.105413	2.170032	0.007040	8.6
951	-1.293337	19.374859	2.155550	0.002829	9.1
952	-1.310970	19.435987	2.152292	0.006888	10.9
953	-1.294405	19.507354	2.148500	0.005437	7.8
954	-1.306902	19.791520	2.133533	0.005702	7.9
955	-1.305932	19.856870	2.130120	0.004360	8.1
956	-1.307766	20.019557	2.121672	0.003829	8.0
957	-1.289312	20.073244	2.118899	0.004852	11.8
958	-1.291404	19.986834	2.123366	0.004360	8.2
959	-1.315434	20.110591	2.116974	0.009532	7.8
960	-1.301094	19.932758	2.126171	0.007190	8.0
961	-1.306742	20.358547	2.104282	0.004215	7.8
962	-1.305309	20.399387	2.102206	0.005265	8.4
963	-1.320589	20.377655	2.103310	0.006778	8.6
964	-1.319951	20.466370	2.098810	0.006090	10.4
965	-1.304526	20.325556	2.105962	0.005804	7.8
966	-1.330446	20.485702	2.097832	0.006722	8.1
967	-1.286012	20.323293	2.106077	0.003619	7.9
968	-1.289726	20.283177	2.108124	0.009487	8.2
969	-1.324791	20.193846	2.112695	0.009240	9.0
970	-1.286893	20.617824	2.091172	0.003546	9.5
971	-1.309249	20.670010	2.088553	0.005148	7.9
972	-1.313174	20.696736	2.087215	0.004414	8.1
973	-1.296675	20.659963	2.089057	0.007265	8.1
974	-1.323067	20.659879	2.089061	0.004976	8.2
975	-1.334599	20.966706	2.073788	0.007648	8.0
976	-1.324382	21.017829	2.071265	0.005014	9.6
977	-1.306053	21.122303	2.066127	0.004074	7.9
978	-1.324609	21.018398	2.071237	0.003712	13.2
979	-1.331109	20.984009	2.072933	0.006287	8.5
980	-1.315403	21.006984	2.071799	0.004133	8.0
981	-1.282760	20.953244	2.074453	0.006134	10.3
982	-1.334538	20.917982	2.076198	0.003973	7.8
983	-1.315184	20.835331	2.080300	0.004018	7.9
984	-1.310919	20.773788	2.083365	0.003424	7.9
985	-1.287682	20.788935	2.082610	0.009387	8.4
986	-1.317490	20.780591	2.083026	0.006648	7.9
987	-1.315823	21.365860	2.054249	0.003438	9.9
988	-1.325507	21.391295	2.053017	0.003231	7.9
989	-1.307691	21.391983	2.052983	0.004882	7.9
990	-1.326132	21.370606	2.054019	0.007192	7.8
991	-1.306585	21.240544	2.060344	0.005667	8.0
992	-1.321827	21.467283	2.049343	0.005278	7.9
993	-1.295462	21.671984	2.039512	0.004078	10.1
994	-1.321237	21.613823	2.042296	0.003684	7.8
995	-1.294110	21.577763	2.044026	0.005516	8.4
996	-1.310176	21.534641	2.046098	0.007344	7.8
997	-1.325521	21.437617	2.050776	0.005385	8.1
998	-1.299791	21.679678	2.039145	0.004307	7.8
999	-1.285830	21.780848	2.034322	0.003900	8.2
1000	-1.320954	21.731380	2.036678	0.003666	9.6
1001	-1.304716	21.671712	2.039525	0.010904	8.0
1002	-1.334611	21.495881	2.047964	0.006601	8.3
1003	-1.296706	21.585571	2.043651	0.003843	8.2
1004	-1.325507	21.481907	2.048638	0.007376	7.9
1005	-1.284664	21.405823	2.052313	0.004214	8.5
1006	-1.332232	21.365892	2.054248	0.005076	9.4
1007	-1.298665	21.279806	2.058430	0.006312	8.0
1008	-1.315160	21.197918	2.062425	0.003821	7.8
1009	-1.330704	21.324386	2.056262	0.011038	8.1
1010	-1.306262	21.197565	2.062442	0.003752	7.8
1011	-1.309322	21.374553	2.053828	0.007087	8.0
1012	-1.305339	21.216809	2.061502	0.005600	9.5
1013	-1.288925	21.218190	2.061435	0.007959	7.9
1014	-1.270688	21.020917	2.071112	0.003562	7.9
1015	-1.324214	20.925459	2.075828	0.003328	8.1
1016	-1.300280	20.863102	2.078920	0.003369	7.9
1017	-1.324948	20.902240	2.076978	0.006127	8.0
1018	-1.312725	20.969560	2.073647	0.006789	9.7
1019	-1.304299	21.018172	2.071248	0.004573	7.9
1020	-1.315943	20.867649	2.078694	0.005301	7.9
1021	-1.340193	20.924224	2.075889	0.003821	8.4
1022	-1.316083	20.970187	2.073616	0.005149	7.9
1023	-1.286498	21.065316	2.068926	0.005292	8.1
1024	-1.287130	20.958764	2.074180	0.006501	9.8
1025	-1.315147	20.868465	2.078654	0.005967	7.9
1026	-1.293441	20.908726	2.076657	0.006035	7.9
1027	-1.276894	20.964175	2.073913	0.004453	8.1
1028	-1.283445	20.887582	2.077705	0.004819	8.8
1029	-1.333262	20.844236	2.079857	0.008601	7.8
1030	-1.343349	20.732402	2.085431	0.005269	10.3
1031	-1.311777	20.589161	2.092614	0.003659	7.8
1032	-1.320584	20.489362	2.097647	0.004112	8.2
1033	-1.327665	20.426637	2.100823	0.006412	8.0
1034	-1.299183	20.507825	2.096714	0.004154	8.1
1035	-1.316632	20.485370	2.097849	0.006561	7.8
1036	-1.304070	20.507897	2.096710	0.003146	10.5
1037	-1.333382	20.429046	2.100701	0.006261	7.9
1038	-1.318091	20.487803	2.097726	0.005465	8.5
1039	-1.350900	20.656318	2.089240	0.005446	8.9
1040	-1.301174	20.736936	2.085204	0.007250	8.6
1041	-1.304125	20.658238	2.089144	0.005481	7.8
1042	-1.314895	20.971188	2.073566	0.004803	10.0
1043	-1.315322	20.910652	2.076561	0.003518	7.8
1044	-1.331004	20.949936	2.074617	0.003126	8.1
1045	-1.299588	20.900999	2.077040	0.009701	7.9
1046	-1.308770	20.958059	2.074215	0.007881	7.9
1047	-1.332688	21.623267	2.041844	0.004327	7.8
1048	-1.309353	21.583077	2.043771	0.006043	10.2
1049	-1.299015	21.489744	2.048260	0.003483	7.8
1050	-1.300360	21.417826	2.051733	0.004816	8.2
1051	-1.318415	21.331104	2.055936	0.003405	8.0
1052	-1.319738	21.317385	2.056603	0.002982	9.0
1053	-1.320758	21.313189	2.056806	0.007779	7.9
1054	-1.328519	21.190161	2.062804	0.005229	9.8
1055	-1.298737	21.112255	2.066620	0.008771	7.9
1056	-1.314103	21.070236	2.068684	0.005458	8.2
1057	-1.314887	21.092431	2.067594	0.006885	7.8
1058	-1.315395	21.033382	2.070498	0.008069	8.0
1059	-1.310910	21.428361	2.051223	0.004375	8.0
1060	-1.307544	21.251630	2.059803	0.004689	10.4
1061	-1.316072	21.214253	2.061627	0.002601	9.1
1062	-1.335549	21.170981	2.063742	0.006839	8.1
1063	-1.314901	21.130505	2.065725	0.004280	8.0
1064	-1.285811	21.029647	2.070682	0.004182	7.8
1065	-1.316474	20.970665	2.073592	0.005845	7.9
1066	-1.309700	21.111991	2.066633	0.004393	10.1
1067	-1.320971	21.085932	2.067913	0.003250	8.8
1068	-1.303281	21.102752	2.067087	0.005188	7.8
1069	-1.286543	21.085538	2.067932	0.004021	8.1
1070	-1.318654	21.121211	2.066181	0.002864	7.8
1071	-1.291622	21.057627	2.069305	0.005510	8.2
1072	-1.316304	21.085758	2.067921	0.002670	9.9
1073	-1.309929	21.042407	2.070054	0.006623	8.1
1074	-1.338557	20.975200	2.073368	0.003723	8.0
1075	-1.287228	20.962326	2.074004	0.005373	8.3
1076	-1.350569	20.885656	2.077801	0.005001	7.8
1077	-1.327001	20.839996	2.080068	0.007776	8.2
1078	-1.300785	20.668983	2.088605	0.005474	10.1
1079	-1.312016	20.550030	2.094584	0.006906	8.2
1080	-1.293465	20.631130	2.090504	0.006429	8.2
1081	-1.326175	20.794505	2.082332	0.004635	8.4
1082	-1.319377	20.870295	2.078563	0.007037	7.8
1083	-1.271432	21.018386	2.071237	0.003382	8.1
1084	-1.339643	20.900087	2.077085	0.005975	9.9
1085	-1.312396	20.982350	2.073015	0.003839	8.2
1086	-1.329047	21.037686	2.070286	0.008076	7.9
1087	-1.324082	20.874835	2.078338	0.005870	8.0
1088	-1.268971	21.238079	2.060464	0.002836	7.9
1089	-1.321382	21.270503	2.058883	0.004795	8.5
1090	-1.319120	21.260861	2.059353	0.006048	10.0
1091	-1.293404	21.240626	2.060340	0.004282	8.4
1092	-1.313802	21.341665	2.055423	0.005540	7.9
1093	-1.290322	21.401734	2.052511	0.005779	8.1
1094	-1.314689	21.381808	2.053476	0.005790	8.1
1095	-1.320758	21.312409	2.056844	0.004793	8.0
1096	-1.320940	21.175891	2.063502	0.002674	10.1
1097	-1.303117	21.120851	2.066199	0.008554	8.1
1098	-1.267127	21.023879	2.070966	0.004688	11.3
1099	-1.328446	20.854219	2.079361	0.006020	12.4
1100	-1.303995	20.837892	2.080173	0.005071	8.1
1101	-1.314464	20.684844	2.087810	0.005820	10.0
1102	-1.340997	20.691888	2.087457	0.003679	8.3
1103	-1.332780	20.837613	2.080187	0.008621	8.2
1104	-1.330492	20.863597	2.078895	0.004731	7.9
1105	-1.324187	20.678013	2.088152	0.003060	8.1
1106	-1.306040	20.646444	2.089735	0.009741	7.9
1107	-1.306354	20.777154	2.083197	0.006289	9.7
1108	-1.337185	21.290218	2.057924	0.006541	8.0
1109	-1.322507	21.381809	2.053476	0.005078	8.5
1110	-1.316876	21.562681	2.044750	0.007765	7.8
1111	-1.321067	21.515068	2.047040	0.006861	8.0
1112	-1.321155	21.382472	2.053444	0.005734	8.0
1113	-1.285261	21.620898	2.041957	0.004572	10.6
1114	-1.312986	21.701961	2.038081	0.003618	8.2
1115	-1.302341	21.660134	2.040079	0.006833	8.0
1116	-1.304985	21.689963	2.038653	0.005045	7.8
1117	-1.320731	21.776355	2.034536	0.004519	8.1
1118	-1.310465	21.854448	2.030829	0.006629	7.8
1119	-1.299725	21.865670	2.030297	0.004759	10.6
1120	-1.320868	21.924926	2.027494	0.007484	8.1
1121	-1.314094	21.763801	2.035133	0.007935	8.3
1122	-1.284895	22.028025	2.022636	0.002930	7.8
1123	-1.328536	21.921253	2.027668	0.003196	7.9
1124	-1.288719	21.950055	2.026308	0.004599	8.3
1125	-1.293005	21.891060	2.029095	0.005777	10.6
1126	-1.296075	21.867287	2.030220	0.005530	7.9
1127	-1.301221	22.057884	2.021234	0.004416	8.3
1128	-1.316549	22.062439	2.021020	0.002329	7.8
1129	-1.310338	21.998045	2.024046	0.005527	7.8
1130	-1.313219	22.006529	2.023647	0.006656	7.9
1131	-1.332650	21.827534	2.032105	0.004089	10.6
1132	-1.325350	21.935744	2.026983	0.005410	7.8
1133	-1.297195	21.815298	2.032686	0.006165	8.0
1134	-1.326834	21.740171	2.036259	0.009588	7.8
1135	-1.329006	22.184068	2.015328	0.010031	8.0
1136	-1.318002	21.897530	2.028789	0.005661	7.8
1137	-1.306720	21.658384	2.040163	0.003965	10.6
1138	-1.297211	21.670935	2.039563	0.004142	8.0
1139	-1.351580	21.598187	2.043046	0.003545	7.9
1140	-1.295520	21.614914	2.042244	0.004444	7.8
1141	-1.319403	21.609896	2.042484	0.004332	8.0
1142	-1.347953	21.517082	2.046943	0.009321	7.9
1143	-1.308023	21.335803	2.055708	0.005494	11.9
1144	-1.322685	21.678786	2.039187	0.007119	12.2
1145	-1.322351	21.682991	2.038986	0.003736	8.1
1146	-1.298019	21.569546	2.044420	0.006386	7.9
1147	-1.337264	21.620920	2.041956	0.006351	8.2
1148	-1.321692	21.800222	2.033402	0.006530	9.2
1149	-1.314061	22.201854	2.014498	0.006966	8.8
1150	-1.310862	21.997763	2.024060	0.004903	8.1
1151	-1.322986	21.827621	2.032101	0.004798	7.9
1152	-1.293054	21.996937	2.024099	0.004694	8.1
1153	-1.304879	22.144162	2.017192	0.006377	7.8
1154	-1.268828	22.044534	2.021860	0.007379	8.4
1155	-1.295522	22.034139	2.022349	0.005654	9.8
1156	-1.297329	22.022993	2.022873	0.003707	7.8
1157	-1.316856	21.989051	2.024470	0.005580	7.9
1158	-1.305747	22.064324	2.020931	0.006092	8.2
1159	-1.284111	22.084157	2.020001	0.003898	7.9
1160	-1.312455	22.159582	2.016471	0.005958	8.3
1161	-1.279624	22.248698	2.012316	0.005398	10.1
1162	-1.330132	22.154135	2.016725	0.004662	7.9
1163	-1.278955	22.323053	2.008862	0.006225	7.9
1164	-1.306389	22.207280	2.014245	0.005152	7.9
1165	-1.296373	22.127021	2.017993	0.003521	7.9
1166	-1.300039	22.026484	2.022709	0.003608	8.1
1167	-1.316250	22.074964	2.020432	0.007499	10.6
1168	-1.339771	21.963946	2.025653	0.003306	9.4
1169	-1.297357	22.060133	2.021128	0.004937	8.9
1170	-1.308243	22.135301	2.017606	0.006781	7.8
1171	-1.304483	22.086082	2.019911	0.004438	8.1
1172	-1.317162	22.044620	2.021856	0.003619	8.4
1173	-1.295093	21.982071	2.024799	0.005517	9.8
1174	-1.309086	21.978763	2.024955	0.007131	8.8
1175	-1.317218	21.864008	2.030376	0.005424	9.2
1176	-1.312456	22.191913	2.014961	0.004395	7.8
1177	-1.323324	22.204263	2.014385	0.008817	8.1
1178	-1.327059	22.121740	2.018240	0.003871	9.0
1179	-1.319105	22.244972	2.012489	0.006036	8.7
1180	-1.309231	22.155074	2.016682	0.005312	7.8
1181	-1.305330	22.253603	2.012088	0.005455	8.4
1182	-1.329216	22.331781	2.008457	0.004167	7.8
1183	-1.300735	22.448053	2.003083	0.004230	8.6
1184	-1.329996	22.526815	1.999458	0.004925	8.0
1185	-1.330880	22.546414	1.998558	0.006782	9.7
1186	-1.327438	22.444673	2.003238	0.005111	7.8
1187	-1.303631	22.553749	1.998222	0.005064	7.9
1188	-1.321880	22.568511	1.997545	0.006820	8.6
1189	-1.307347	22.752168	1.989160	0.003271	7.9
1190	-1.321231	22.813909	1.986356	0.005714	8.0
1191	-1.322458	22.748783	1.989313	0.003262	9.4
1192	-1.297573	22.763540	1.988643	0.006502	7.8
1193	-1.308801	22.712838	1.990949	0.006360	7.8
1194	-1.321405	23.088593	1.973981	0.007245	7.9
1195	-1.301033	23.082502	1.974254	0.003445	8.0
1196	-1.345248	23.146733	1.971381	0.008318	7.8
1197	-1.318692	23.069277	1.974846	0.003486	10.1
1198	-1.282753	23.202478	1.968895	0.003822	8.4
1199	-1.316306	23.196458	1.969163	0.003460	7.8
1200	-1.322260	23.142957	1.971550	0.003504	7.8
1201	-1.315157	23.092463	1.973808	0.008734	8.1
1202	-1.336231	23.171050	1.970296	0.002858	7.8
1203	-1.292262	23.102559	1.973356	0.005565	10.4
1204	-1.328952	23.155662	1.970983	0.004242	8.2
1205	-1.337633	23.260369	1.966320	0.004781	8.0
1206	-1.305991	23.223079	1.967978	0.003938	7.9
1207	-1.338257	23.273498	1.965737	0.003824	7.8
1208	-1.311113	23.198808	1.969059	0.003237	8.0
1209	-1.331068	23.169509	1.970365	0.004565	10.1
1210	-1.303780	23.153191	1.971093	0.003967	8.2
1211	-1.271422	23.058926	1.975310	0.006855	7.9
1212	-1.303907	23.257325	1.966455	0.002599	8.1
1213	-1.285642	23.319504	1.963696	0.006080	7.8
1214	-1.308850	23.296060	1.964735	0.004473	8.0
1215	-1.297408	23.312263	1.964017	0.004235	10.1
1216	-1.313027	23.254597	1.966576	0.002302	8.2
1217	-1.291668	23.211783	1.968481	0.004184	11.0
1218	-1.302440	23.198913	1.969054	0.004656	12.6
1219	-1.319511	23.218396	1.968186	0.005934	8.5
1220	-1.326640	23.269547	1.965912	0.009320	10.3
1221	-1.271918	23.749213	1.944840	0.006720	8.0
1222	-1.310444	24.290217	1.921608	0.003703	7.8
1223	-1.279258	24.208804	1.925068	0.003208	8.2
1224	-1.315904	24.192808	1.925750	0.009638	7.9
1225	-1.323576	24.198490	1.925508	0.006110	9.3
1226	-1.321758	24.350591	1.919050	0.004630	9.7
1227	-1.301908	24.313944	1.920602	0.004865	8.3
1228	-1.346748	24.262455	1.922787	0.003115	7.8
1229	-1.328803	24.230157	1.924160	0.005109	7.9
1230	-1.319348	24.278196	1.922118	0.006328	7.8
1231	-1.307097	24.298943	1.921238	0.004397	8.4
1232	-1.301418	24.239515	1.923762	0.003807	10.1
1233	-1.311144	24.171381	1.926663	0.004011	8.0
1234	-1.320251	24.169203	1.926756	0.003427	7.8
1235	-1.338518	24.130774	1.928397	0.005435	8.1
1236	-1.311142	24.065976	1.931170	0.005493	8.0
1237	-1.344135	24.203958	1.925275	0.006110	7.9
1238	-1.304524	24.465574	1.914196	0.005679	9.9
1239	-1.338366	24.327653	1.920021	0.005026	8.1
1240	-1.311059	24.371235	1.918177	0.004642	8.0
1241	-1.311527	24.273050	1.922337	0.007840	8.0
1242	-1.305425	24.287395	1.921728	0.004949	7.8
1243	-1.325820	24.087764	1.930236	0.008600	8.2
1244	-1.337171	24.139810	1.928011	0.003448	8.8
1245	-1.335040	24.087358	1.930254	0.005491	8.5
1246	-1.292589	24.161282	1.927094	0.003334	7.8
1247	-1.285877	24.174081	1.926548	0.007111	8.0
1248	-1.286080	24.316240	1.920504	0.004441	7.9
1249	-1.336097	24.493760	1.913010	0.007241	8.1
1250	-1.306617	24.652645	1.906353	0.007047	8.1
1251	-1.320895	25.075309	1.888865	0.006681	9.4
1252	-1.302037	24.840506	1.898540	0.003655	7.8
1253	-1.346289	24.970128	1.893187	0.004710	8.1
1254	-1.315963	24.981393	1.892723	0.004038	7.8
1255	-1.324481	25.045453	1.890090	0.005782	7.9
1256	-1.302460	25.029500	1.890745	0.006603	7.9
1257	-1.299245	25.089676	1.888276	0.007280	9.7
1258	-1.292688	24.872704	1.897208	0.009138	7.8
1259	-1.310238	25.056048	1.889655	0.003871	8.5
1260	-1.311908	24.930190	1.894833	0.002722	8.6
1261	-1.317937	24.918077	1.895333	0.004280	8.2
1262	-1.334597	24.922162	1.895164	0.006784	7.9
1263	-1.308524	24.898601	1.896137	0.004441	9.9
1264	-1.314920	24.956155	1.893762	0.005533	9.4
1265	-1.309077	24.960609	1.893579	0.004155	9.2
1266	-1.330571	25.065246	1.889278	0.005859	8.3
1267	-1.315035	24.977071	1.892901	0.003259	7.8
1268	-1.299996	25.009273	1.891576	0.004476	8.2
1269	-1.326609	25.002904	1.891838	0.009973	9.3
1270	-1.305395	25.474176	1.872654	0.004980	8.1
1271	-1.336453	25.310321	1.879280	0.003266	7.9
1272	-1.306117	25.335231	1.878269	0.003239	8.2
1273	-1.294317	25.247529	1.881831	0.006999	7.8
1274	-1.298642	25.246485	1.881874	0.003476	8.2
1275	-1.287497	25.253510	1.881588	0.005625	9.4
1276	-1.311263	25.212707	1.883249	0.004116	8.1
1277	-1.294408	25.298914	1.879743	0.009237	7.8
1278	-1.316953	25.463988	1.873064	0.006410	8.2
1279	-1.344656	25.269049	1.880956	0.010516	7.8
1280	-1.316327	25.205231	1.883554	0.011290	8.7
1281	-1.320997	25.784074	1.860249	0.003090	9.7
1282	-1.322443	25.743113	1.861879	0.005694	9.0
1283	-1.309575	25.767381	1.860913	0.006450	7.8
1284	-1.300316	25.573037	1.868679	0.004885	8.9
1285	-1.314353	25.527900	1.870491	0.003935	7.9
1286	-1.288170	25.476973	1.872541	0.005715	8.5
1287	-1.316551	25.355401	1.877452	0.006786	9.3
1288	-1.320482	25.168405	1.885056	0.006257	8.2
1289	-1.308109	25.348694	1.877724	0.003499	7.8
1290	-1.327463	25.313174	1.879164	0.005385	8.1
1291	-1.310965	25.287753	1.880196	0.004783	7.9
1292	-1.317093	25.130532	1.886604	0.004724	8.0
1293	-1.337794	25.034247	1.890550	0.006557	9.3
1294	-1.316322	24.973106	1.893064	0.004627	8.0
1295	-1.329951	24.926115	1.895001	0.009394	8.0
1296	-1.304922	25.145800	1.885980	0.004849	8.1
1297	-1.310679	25.044697	1.890121	0.005833	7.9
1298	-1.307319	25.212325	1.883265	0.004842	9.0
1299	-1.302370	25.365436	1.877046	0.004171	9.1
1300	-1.322170	25.402082	1.875563	0.008552	8.3
1301	-1.348879	25.225208	1.882740	0.006528	7.8
1302	-1.326633	25.213424	1.883220	0.006047	8.0
1303	-1.305937	25.496769	1.871744	0.006876	7.8
1304	-1.308474	25.542922	1.869888	0.006929	8.0
1305	-1.299751	25.565040	1.869000	0.002681	9.4
1306	-1.313423	25.578158	1.868473	0.010977	8.0
1307	-1.307418	25.664528	1.865015	0.005236	12.2
1308	-1.308169	26.095639	1.847943	0.004484	8.6
1309	-1.328942	26.130812	1.846564	0.005727	8.0
1310	-1.304672	26.011826	1.851237	0.004159	9.0
1311	-1.306849	26.125203	1.846783	0.002793	8.6
1312	-1.311798	26.113173	1.847255	0.007903	7.9
1313	-1.298019	26.137547	1.846300	0.006230	8.5
1314	-1.293139	26.139142	1.846237	0.004235	7.8
1315	-1.320506	26.120260	1.846977	0.006901	8.0
1316	-1.315189	26.063781	1.849194	0.004976	8.0
1317	-1.284562	25.947086	1.853790	0.004368	9.6
1318	-1.311158	25.880645	1.856417	0.004534	7.8
1319	-1.303458	25.937741	1.854159	0.003766	8.0
1320	-1.321908	25.853989	1.857473	0.004535	7.8
1321	-1.307549	25.856168	1.857387	0.006756	8.0
1322	-1.298343	25.798806	1.859664	0.006520	7.8
1323	-1.310533	26.138277	1.846271	0.005459	9.7
1324	-1.303369	26.314616	1.839390	0.004453	8.1
1325	-1.327462	26.352052	1.837936	0.003807	8.1
1326	-1.334180	26.303590	1.839819	0.004079	7.8
1327	-1.310161	26.285288	1.840531	0.005564	8.1
1328	-1.329646	26.267699	1.841216	0.006239	7.8
1329	-1.308800	26.150631	1.845787	0.008825	10.0
1330	-1.331720	25.907982	1.855335	0.005495	7.8
1331	-1.297784	26.360964	1.837590	0.004064	7.9
1332	-1.293534	26.377064	1.836966	0.003034	7.9
1333	-1.278039	26.380126	1.836847	0.006644	7.9
1334	-1.268949	26.310055	1.839568	0.007121	7.8
1335	-1.318637	26.498233	1.832280	0.007700	10.5
1336	-1.288150	26.910091	1.816528	0.002762	7.8
1337	-1.333458	26.934310	1.815611	0.003389	8.0
1338	-1.303472	26.927063	1.815885	0.002980	7.9
1339	-1.293285	26.859391	1.818453	0.003392	7.9
1340	-1.273550	26.840761	1.819161	0.004004	7.8
1341	-1.324290	26.769626	1.821870	0.006429	8.0
1342	-1.309608	26.722336	1.823675	0.003857	8.5
1343	-1.307939	26.736605	1.823130	0.005899	8.5
1344	-1.298728	26.664818	1.825876	0.005057	8.0
1345	-1.319564	26.744570	1.822826	0.004088	8.0
1346	-1.322643	26.782946	1.821362	0.003403	7.8
1347	-1.312950	26.801515	1.820654	0.005856	8.0
1348	-1.305519	26.804527	1.820540	0.003404	8.4
1349	-1.306159	26.786877	1.821212	0.002966	8.8
1350	-1.292924	26.794396	1.820926	0.006496	7.8
1351	-1.302314	26.790302	1.821082	0.002887	8.0
1352	-1.310305	26.718810	1.823810	0.004904	7.9
1353	-1.325922	26.728823	1.823427	0.005110	8.1
1354	-1.334488	26.692906	1.824801	0.004364	7.9
1355	-1.311978	26.603552	1.828226	0.004281	9.8
1356	-1.312422	26.549114	1.830319	0.007114	7.8
1357	-1.318543	26.597920	1.828442	0.005301	8.0
1358	-1.307359	26.737523	1.823095	0.006657	7.9
1359	-1.300242	26.596427	1.828499	0.004243	7.9
1360	-1.320426	26.525110	1.831243	0.004025	7.9
1361	-1.318482	26.487170	1.832706	0.004811	8.2
1362	-1.336133	26.536104	1.830820	0.006844	9.2
1363	-1.310648	26.527147	1.831165	0.007939	8.0
1364	-1.312827	26.793983	1.820941	0.003740	7.8
1365	-1.319388	26.684299	1.825130	0.006243	7.9
1366	-1.269332	26.716872	1.823884	0.005957	7.9
1367	-1.308006	26.781135	1.821431	0.006055	7.9
1368	-1.297460	26.621790	1.827526	0.003305	8.5
1369	-1.327547	26.582889	1.829020	0.003180	8.6
1370	-1.328323	26.557663	1.829990	0.004089	7.9
1371	-1.308146	26.565791	1.829677	0.004674	8.1
1372	-1.301671	26.558645	1.829952	0.008559	7.8
1373	-1.308433	26.513142	1.831705	0.004063	8.0
1374	-1.282497	26.725818	1.823542	0.006318	7.8
1375	-1.326573	26.623218	1.827471	0.003401	8.7
1376	-1.339698	26.542267	1.830582	0.004465	8.7
1377	-1.319146	26.564431	1.829729	0.003335	8.0
1378	-1.340028	26.516577	1.831572	0.003485	7.8
1379	-1.306773	26.506779	1.831950	0.007433	8.4
1380	-1.320024	26.454866	1.833954	0.005542	7.9
1381	-1.305297	26.235449	1.842473	0.005474	8.0
1382	-1.297190	26.149776	1.845821	0.002905	8.2
1383	-1.315466	26.087929	1.848245	0.005782	8.8
1384	-1.313699	26.012008	1.851230	0.007063	7.8
1385	-1.291570	25.799170	1.859649	0.004786	8.1
1386	-1.315694	25.893217	1.855920	0.002758	7.8
1387	-1.310141	25.866659	1.856971	0.005939	7.8
1388	-1.306853	25.791501	1.859954	0.007265	7.9
1389	-1.315955	25.759118	1.861242	0.010273	9.6
1390	-1.327620	26.028324	1.850588	0.004096	7.8
1391	-1.318713	25.839396	1.858052	0.004793	7.8
1392	-1.332455	25.763343	1.861074	0.005714	7.7
1393	-1.322545	25.615131	1.866991	0.009223	7.8
1394	-1.294691	25.801908	1.859540	0.005663	7.9
1395	-1.307029	25.652554	1.865494	0.005627	8.7
1396	-1.303700	25.933862	1.854312	0.010025	8.2
1397	-1.297073	25.893058	1.855926	0.005498	7.9
1398	-1.326688	25.668467	1.864858	0.003896	7.9
1399	-1.315331	25.537480	1.870106	0.004251	7.8
1400	-1.309379	25.546594	1.869740	0.005588	8.0
1401	-1.322599	25.571331	1.868747	0.007051	7.9
1402	-1.335553	25.914504	1.855077	0.005575	9.6
1403	-1.277884	25.765840	1.860975	0.005762	7.9
1404	-1.321455	25.679992	1.864397	0.004383	8.7
1405	-1.312779	25.678823	1.864444	0.005360	8.0
1406	-1.321819	25.768277	1.860878	0.004814	7.8
1407	-1.321123	25.627865	1.866481	0.004746	7.9
1408	-1.305930	25.494737	1.871826	0.002601	10.1
1409	-1.300245	25.418948	1.874882	0.006772	8.1
1410	-1.327404	25.371287	1.876809	0.005849	7.8
1411	-1.315496	25.185858	1.884344	0.005490	8.1
1412	-1.310677	25.432575	1.874332	0.003469	7.9
1413	-1.301994	25.375630	1.876633	0.010203	7.9
1414	-1.318382	25.571142	1.868755	0.004530	10.2
1415	-1.317452	25.665248	1.864986	0.003292	8.1
1416	-1.320579	25.593458	1.867860	0.007954	7.8
1417	-1.293511	25.449818	1.873636	0.003701	8.0
1418	-1.322491	25.569443	1.868823	0.008898	8.2
1419	-1.319397	25.379999	1.876456	0.006362	8.0
1420	-1.306930	25.462182	1.873137	0.002911	10.3
1421	-1.313715	25.462085	1.873141	0.006051	8.8
1422	-1.288031	25.365491	1.877043	0.005258	8.0
1423	-1.318572	25.224716	1.882760	0.006663	8.3
1424	-1.322581	25.399693	1.875660	0.006216	7.8
1425	-1.283655	25.294515	1.879921	0.006839	8.7
1426	-1.331237	25.549659	1.869617	0.006429	9.5
1427	-1.303554	25.372382	1.876764	0.005774	8.0
1428	-1.325912	25.634906	1.866200	0.003061	7.8
1429	-1.306247	25.677172	1.864510	0.004963	8.4
1430	-1.301362	25.671775	1.864725	0.005326	7.8
1431	-1.296501	25.781168	1.860365	0.007869	8.0
1432	-1.318712	25.668246	1.864866	0.004578	10.2
1433	-1.319827	25.935964	1.854229	0.004806	8.0
1434	-1.300255	25.972907	1.852771	0.002622	7.9
1435	-1.322712	25.908133	1.855329	0.007518	18.7
1436	-1.296285	25.825454	1.858605	0.004014	13.4
1437	-1.310704	25.928246	1.854534	0.004517	10.4
1438	-1.286195	25.853466	1.857494	0.004517	7.9
1439	-1.339115	25.752841	1.861492	0.005940	7.9
1440	-1.332679	25.687328	1.864104	0.003963	7.8
1441	-1.312800	25.782512	1.860311	0.007003	9.3
1442	-1.330171	25.676716	1.864528	0.005064	11.2
1443	-1.309613	25.668873	1.864841	0.004574	7.8
1444	-1.305867	25.759310	1.861235	0.006130	8.0
1445	-1.333248	25.630697	1.866368	0.009675	7.8
1446	-1.338437	26.082460	1.848460	0.005387	7.8
1447	-1.317387	26.498638	1.832264	0.002637	8.0
1448	-1.342685	26.469313	1.833396	0.003453	10.5
1449	-1.326769	26.438073	1.834603	0.005637	7.9
1450	-1.292655	26.443712	1.834385	0.007844	8.1
1451	-1.316143	26.811545	1.820272	0.005251	7.9
1452	-1.300785	26.912492	1.816437	0.004456	8.1
1453	-1.302025	26.901484	1.816855	0.003818	7.9
1454	-1.313083	26.890421	1.817274	0.005428	10.2
1455	-1.308269	26.981017	1.813843	0.006671	7.9
1456	-1.331388	27.051943	1.811166	0.004570	8.0
1457	-1.311497	26.967381	1.814359	0.003373	7.8
1458	-1.317513	26.920574	1.816131	0.005151	8.1
1459	-1.323702	26.831150	1.819526	0.005051	7.8
1460	-1.332722	26.689332	1.824937	0.004303	10.3
1461	-1.302529	26.551019	1.830246	0.003741	7.8
1462	-1.295098	26.584055	1.828975	0.005005	8.9
1463	-1.313536	26.575307	1.829311	0.007565	7.7
1464	-1.333456	26.555734	1.830064	0.004042	8.2
1465	-1.337739	26.761405	1.822183	0.003484	7.8
1466	-1.298951	26.744614	1.822824	0.003186	10.1
1467	-1.313253	26.782389	1.821383	0.006535	10.0
1468	-1.305705	26.730883	1.823349	0.004320	8.1
1469	-1.327506	26.917687	1.816240	0.005300	8.0
1470	-1.326438	26.773797	1.821711	0.008676	7.9
1471	-1.328543	26.582059	1.829052	0.004546	7.8
1472	-1.295553	26.492583	1.832498	0.004059	10.0
1473	-1.325616	26.458251	1.833823	0.003663	7.8
1474	-1.322798	26.449170	1.834174	0.007544	8.1
1475	-1.338723	26.574077	1.829358	0.003414	7.8
1476	-1.337043	26.443158	1.834407	0.004409	7.9
1477	-1.314080	26.380514	1.836832	0.006009	7.8
1478	-1.337871	26.254700	1.841722	0.005414	9.3
1479	-1.346054	26.319387	1.839205	0.006686	7.9
1480	-1.267042	26.158643	1.845474	0.005720	7.9
1481	-1.314695	26.492641	1.832495	0.003925	8.0
1482	-1.312037	26.425148	1.835103	0.005276	7.9
1483	-1.324375	26.363647	1.837486	0.003432	7.8
1484	-1.326676	26.389795	1.836472	0.003054	8.0
1485	-1.307056	26.386937	1.836583	0.002507	9.2
1486	-1.317460	26.380240	1.836843	0.003769	7.9
1487	-1.290930	26.337823	1.838488	0.004478	7.8
1488	-1.335042	26.289028	1.840385	0.004351	8.0
1489	-1.305377	26.192441	1.844152	0.006402	7.9
1490	-1.330546	26.033835	1.850371	0.005427	8.0
1491	-1.292417	26.076005	1.848713	0.004098	9.6
1492	-1.305540	26.034644	1.850339	0.005822	8.1
1493	-1.306295	26.101777	1.847702	0.003054	7.9
1494	-1.297756	26.147655	1.845904	0.008631	8.0
1495	-1.310280	26.108052	1.847456	0.005333	7.9
1496	-1.301211	26.540681	1.830644	0.004754	8.6
1497	-1.310602	26.550435	1.830268	0.007964	9.5
1498	-1.289694	26.577151	1.829240	0.005103	8.0
1499	-1.317067	26.571595	1.829454	0.004376	7.9
1500	-1.337654	26.579056	1.829167	0.003580	7.9
1501	-1.323773	26.533869	1.830906	0.003503	7.8
1502	-1.311252	26.523041	1.831323	0.004006	8.0
1503	-1.306767	26.440488	1.834510	0.004272	9.9
1504	-1.298068	26.344116	1.838244	0.004316	8.1
1505	-1.336603	26.325028	1.838986	0.005959	8.4
1506	-1.306799	26.402491	1.835980	0.006881	8.5
1507	-1.312133	26.713865	1.823999	0.003440	7.9
1508	-1.301335	26.656718	1.826186	0.006098	8.3
1509	-1.300914	26.594134	1.828588	0.004163	9.6
1510	-1.310177	26.500251	1.832202	0.004789	8.3
1511	-1.314806	26.442492	1.834432	0.006558	7.9
1512	-1.342883	26.325365	1.838972	0.003007	8.2
1513	-1.311758	26.354102	1.837856	0.004070	7.9
1514	-1.306327	26.328465	1.838852	0.006655	7.9
1515	-1.312239	26.393505	1.836328	0.006356	10.1
1516	-1.316638	26.507117	1.831937	0.005413	7.9
1517	-1.278861	26.626154	1.827358	0.008682	7.8
1518	-1.309952	26.758856	1.822281	0.005461	8.1
1519	-1.294083	26.844230	1.819029	0.003918	7.9
1520	-1.315694	26.727191	1.823490	0.004546	8.9
1521	-1.345196	26.649055	1.826480	0.003294	10.1
1522	-1.320964	26.581475	1.829074	0.006182	7.9
1523	-1.303298	26.639342	1.826852	0.003571	8.0
1524	-1.304031	26.699640	1.824543	0.013895	7.9
1525	-1.300051	26.640029	1.826826	0.006624	8.1
1526	-1.349946	26.816158	1.820097	0.008658	7.9
1527	-1.323143	27.383088	1.798770	0.002799	11.7
1528	-1.283936	27.244049	1.803954	0.007425	15.3
1529	-1.310663	27.318309	1.801181	0.004844	8.0
1530	-1.331832	27.327758	1.800829	0.004835	8.3
1531	-1.352378	27.301139	1.801822	0.003729	7.9
1532	-1.323683	27.356121	1.799773	0.006376	10.0
1533	-1.354010	27.419276	1.797425	0.006534	8.1
1534	-1.291772	27.504893	1.794253	0.005899	8.4
1535	-1.310163	27.648074	1.788972	0.007535	8.4
1536	-1.313892	27.922176	1.778949	0.006304	8.3
1537	-1.334657	28.229514	1.767843	0.009507	7.9
1538	-1.333091	28.648206	1.752934	0.005946	9.9
1539	-1.296884	28.389191	1.762127	0.006018	7.8
1540	-1.324384	28.296828	1.765429	0.004152	8.0
1541	-1.314049	28.306029	1.765099	0.003982	7.9
1542	-1.302760	28.241885	1.767399	0.004855	7.9
1543	-1.320417	28.305024	1.765135	0.005343	7.8
1544	-1.319311	28.410823	1.761356	0.003768	8.0
1545	-1.320024	28.356369	1.763299	0.004596	9.5
1546	-1.331489	28.308929	1.764996	0.003853	8.1
1547	-1.284707	28.201272	1.768858	0.002679	8.5
1548	-1.330302	28.194965	1.769084	0.003580	9.2
1549	-1.314742	28.173834	1.769845	0.006055	7.8
1550	-1.328805	28.126144	1.771563	0.005404	8.1
1551	-1.327169	28.171167	1.769941	0.002084	9.5
1552	-1.325034	28.183396	1.769500	0.005055	8.8
1553	-1.323474	28.174533	1.769819	0.004569	8.7
1554	-1.312287	28.122653	1.771689	0.008620	8.0
1555	-1.290685	28.072962	1.773483	0.002980	8.0
1556	-1.314581	28.112499	1.772055	0.005760	8.0
1557	-1.330121	28.074921	1.773412	0.005046	9.4
1558	-1.307893	28.167036	1.770089	0.004053	8.0
1559	-1.293370	28.147689	1.770786	0.003020	8.1
1560	-1.311338	28.169042	1.770017	0.003709	7.8
1561	-1.327773	28.120902	1.771752	0.006287	8.0
1562	-1.309594	28.100066	1.772504	0.004621	7.8
1563	-1.343380	28.005917	1.775909	0.006151	9.6
1564	-1.296177	28.078257	1.773291	0.005369	7.9
1565	-1.284697	28.311094	1.764918	0.003994	8.1
1566	-1.294510	28.351304	1.763480	0.006163	7.9
1567	-1.327906	28.279200	1.766060	0.004369	7.9
1568	-1.302723	28.265733	1.766543	0.007887	7.8
1569	-1.283635	28.226057	1.767967	0.002478	10.3
1570	-1.322896	28.290379	1.765660	0.005862	8.0
1571	-1.320628	28.319954	1.764601	0.005402	8.0
1572	-1.307769	28.490258	1.758529	0.005627	7.8
1573	-1.352642	28.320229	1.764591	0.003928	7.9
1574	-1.290050	28.303771	1.765180	0.003543	7.8
1575	-1.313946	28.346891	1.763638	0.005009	10.6
1576	-1.309706	28.295282	1.765484	0.002955	8.2
1577	-1.312222	28.230333	1.767813	0.004669	9.2
1578	-1.300908	28.218526	1.768237	0.006300	7.9
1579	-1.321268	28.369951	1.762814	0.004570	8.0
1580	-1.318073	28.237416	1.767559	0.006464	7.8
1581	-1.324502	28.198814	1.768946	0.004826	11.0
1582	-1.338092	28.263880	1.766610	0.006023	7.9
1583	-1.335404	28.313168	1.764844	0.003917	8.0
1584	-1.313901	28.393216	1.761984	0.002763	7.8
1585	-1.336239	28.347744	1.763607	0.005173	7.9
1586	-1.308229	28.348256	1.763589	0.002926	8.1
1587	-1.313871	28.343493	1.763759	0.004579	10.3
1588	-1.315510	28.405800	1.761535	0.003757	8.0
1589	-1.328971	28.484025	1.758750	0.004063	8.0
1590	-1.342318	28.408849	1.761426	0.002067	7.9
1591	-1.320483	28.401588	1.761685	0.002764	8.2
1592	-1.318564	28.372412	1.762726	0.003731	7.9
1593	-1.300916	28.363560	1.763042	0.003961	10.5
1594	-1.302754	28.269341	1.766414	0.005565	7.7
1595	-1.324153	28.369182	1.762841	0.003475	8.2
1596	-1.317306	28.272482	1.766301	0.006034	7.8
1597	-1.311802	28.334671	1.764075	0.006845	7.9
1598	-1.314068	28.451561	1.759905	0.005768	7.8
1599	-1.302778	28.479588	1.758908	0.008338	11.1
1600	-1.320511	28.526925	1.757227	0.002730	10.4
1601	-1.321915	28.514721	1.757660	0.005439	7.8
1602	-1.316286	28.549368	1.756431	0.002848	8.1
1603	-1.307418	28.498997	1.758218	0.006431	7.9
1604	-1.311267	28.438266	1.760378	0.005612	8.0
1605	-1.351277	28.429994	1.760673	0.003701	9.5
1606	-1.317953	28.459018	1.759640	0.003935	8.6
1607	-1.315742	28.438761	1.760360	0.006612	7.8
1608	-1.307013	28.321154	1.764558	0.005933	8.1
1609	-1.342726	28.195325	1.769071	0.004867	8.0
1610	-1.332351	28.413815	1.761249	0.003553	8.2
1611	-1.294203	28.393389	1.761978	0.005310	9.4
1612	-1.298850	28.386427	1.762226	0.003388	8.7
1613	-1.377231	28.336231	1.764019	0.004148	7.8
1614	-1.298661	28.274166	1.766241	0.003697	8.1
1615	-1.336493	28.312954	1.764851	0.005174	7.8
1616	-1.338410	28.304226	1.765164	0.007763	8.6
1617	-1.335159	28.357883	1.763245	0.006969	9.5
1618	-1.276701	28.507704	1.757909	0.008872	8.2
1619	-1.301404	28.266887	1.766502	0.005037	7.8
1620	-1.301311	28.331111	1.764202	0.004225	8.2
1621	-1.307712	28.305796	1.765108	0.004411	7.8
1622	-1.304900	28.331750	1.764179	0.006166	8.1
1623	-1.312386	28.511104	1.757788	0.006148	9.5
1624	-1.315027	28.346888	1.763638	0.004720	8.8
1625	-1.319955	28.326713	1.764359	0.008547	7.9
1626	-1.312430	28.364948	1.762993	0.003342	8.8
1627	-1.289961	28.242895	1.767362	0.007855	7.9
1628	-1.333815	28.303532	1.765189	0.004871	7.9
1629	-1.342078	28.313171	1.764844	0.006444	9.5
1630	-1.295562	28.338899	1.763923	0.002675	8.0
1631	-1.319363	28.348790	1.763570	0.005951	7.7
1632	-1.269852	28.301402	1.765265	0.003163	8.0
1633	-1.325283	28.362489	1.763080	0.006520	7.8
1634	-1.317049	28.349279	1.763552	0.005645	8.0
1635	-1.332962	28.486061	1.758678	0.005333	10.3
1636	-1.322902	28.667618	1.752249	0.004858	9.0
1637	-1.291752	28.766149	1.748780	0.005553	7.9
1638	-1.324579	28.671734	1.752104	0.007845	8.0
1639	-1.316108	29.080913	1.737789	0.006219	7.8
1640	-1.349684	29.032005	1.739487	0.002942	7.9
1641	-1.296530	28.983056	1.741191	0.005109	9.7
1642	-1.293821	28.963984	1.741856	0.008950	8.1
1643	-1.339699	28.773868	1.748509	0.006870	7.8
1644	-1.295362	29.078615	1.737868	0.003842	8.0
1645	-1.324327	29.058185	1.738578	0.004268	7.8
1646	-1.334562	29.065887	1.738310	0.007097	8.0
1647	-1.327890	29.006547	1.740373	0.005975	10.1
1648	-1.338862	29.136509	1.735862	0.003931	8.1
1649	-1.304811	29.246810	1.732051	0.004385	7.9
1650	-1.280975	29.296413	1.730343	0.004453	8.1
1651	-1.320962	29.187687	1.734091	0.006274	8.0
1652	-1.323678	29.059931	1.738517	0.005167	8.0
1653	-1.333389	29.290799	1.730536	0.005411	10.5
1654	-1.303590	29.162919	1.734948	0.004983	8.1
1655	-1.290730	29.134434	1.735933	0.004813	7.9
1656	-1.313497	29.166434	1.734826	0.005112	7.8
1657	-1.299438	29.225101	1.732800	0.006770	7.8
1658	-1.318509	29.087277	1.737568	0.008061	8.0
1659	-1.304071	29.578637	1.720688	0.003703	10.4
1660	-1.293000	29.436002	1.725554	0.008744	7.8
1661	-1.315363	29.453701	1.724949	0.008279	7.9
1662	-1.312414	29.863216	1.711061	0.005413	7.9
1663	-1.312173	29.798106	1.713254	0.007427	7.8
1664	-1.320557	30.048706	1.704843	0.006354	7.8
1665	-1.326375	29.871421	1.710785	0.006709	8.0
1666	-1.311877	30.212838	1.699379	0.004083	9.3
1667	-1.297657	30.258420	1.697868	0.006889	8.0
1668	-1.322067	30.403333	1.693082	0.003776	7.9
1669	-1.311417	30.327627	1.695579	0.005652	7.8
1670	-1.288592	30.289165	1.696850	0.005613	8.0
1671	-1.291286	30.474583	1.690738	0.004765	7.8
1672	-1.340697	30.416512	1.692648	0.003459	8.8
1673	-1.317858	30.411635	1.692808	0.005571	9.4
1674	-1.324213	30.342164	1.695099	0.007060	9.8
1675	-1.304582	30.367868	1.694251	0.003008	10.4
1676	-1.292693	30.394854	1.693361	0.003594	8.1
1677	-1.318137	30.351191	1.694801	0.005092	8.2
1678	-1.308644	30.433512	1.692088	0.004647	7.9
1679	-1.319521	30.526050	1.689049	0.005390	9.8
1680	-1.294351	30.445136	1.691706	0.005541	7.8
1681	-1.319092	30.279545	1.697169	0.005393	7.9
1682	-1.326143	30.347435	1.694925	0.004045	7.8
1683	-1.290922	30.342950	1.695073	0.003026	7.9
1684	-1.323903	30.351898	1.694778	0.004144	7.8
1685	-1.308165	30.305739	1.696302	0.002781	8.6
1686	-1.285968	30.279323	1.697176	0.005453	8.7
1687	-1.326093	30.222641	1.699054	0.005279	8.1
1688	-1.306265	30.278759	1.697195	0.005007	7.8
1689	-1.316904	30.187498	1.700221	0.004874	8.0
1690	-1.320055	30.048542	1.704849	0.003222	7.9
1691	-1.309696	30.114224	1.702658	0.004713	8.8
1692	-1.318698	30.037185	1.705228	0.005090	10.4
1693	-1.326488	29.880146	1.710491	0.004888	8.3
1694	-1.327494	29.714038	1.716094	0.003410	8.0
1695	-1.319666	29.763071	1.714436	0.005309	9.4
1696	-1.294072	29.740154	1.715210	0.006669	7.9
1697	-1.317619	29.878697	1.710540	0.003606	9.0
1698	-1.312052	29.845397	1.711660	0.006369	8.3
1699	-1.315281	29.969003	1.707509	0.008567	8.0
1700	-1.292387	30.067916	1.704202	0.004557	7.7
1701	-1.324042	30.238749	1.698520	0.004691	8.3
1702	-1.303505	30.338890	1.695207	0.005948	7.9
1703	-1.280282	30.407108	1.692957	0.005841	8.2
1704	-1.343716	30.400793	1.693165	0.005337	9.3
1705	-1.311557	30.414932	1.692700	0.009298	7.9
1706	-1.304228	30.185583	1.700284	0.005810	8.1
1707	-1.320530	30.681741	1.683961	0.005272	8.0
1708	-1.333823	30.537566	1.688672	0.005519	8.0
1709	-1.306068	30.454154	1.691409	0.007752	8.1
1710	-1.315623	30.272445	1.697404	0.003115	9.5
1711	-1.318492	30.297168	1.696586	0.004029	8.1
1712	-1.317047	30.262447	1.697735	0.005722	8.2
1713	-1.314178	30.129522	1.702149	0.003501	7.8
1714	-1.316227	30.139297	1.701823	0.004657	7.8
1715	-1.317821	30.062692	1.704376	0.003667	8.0
1716	-1.293012	30.013229	1.706029	0.005285	9.8
1717	-1.320872	29.966680	1.707587	0.005161	7.9
1718	-1.324703	29.835139	1.712006	0.003034	8.0
1719	-1.339339	29.758034	1.714606	0.006547	7.9
1720	-1.314672	29.691646	1.716852	0.008123	7.9
1721	-1.291363	29.438284	1.725476	0.004898	8.1
1722	-1.309569	29.355259	1.728321	0.005653	10.3
1723	-1.303927	29.421274	1.726058	0.004263	7.8
1724	-1.287040	29.355532	1.728311	0.002673	8.2
1725	-1.303647	29.312680	1.729783	0.005331	7.8
1726	-1.335873	29.306286	1.730003	0.003945	8.3
1727	-1.313425	29.415005	1.726273	0.003009	7.8
1728	-1.322574	29.445659	1.725224	0.008473	10.3
1729	-1.313698	29.376731	1.727584	0.003129	8.0
1730	-1.323708	29.419649	1.726114	0.004090	8.5
1731	-1.288953	29.431464	1.725709	0.006260	7.8
1732	-1.307430	29.275389	1.731066	0.004602	8.0
1733	-1.305153	29.246032	1.732078	0.010293	7.8
1734	-1.338329	29.088197	1.737536	0.004462	10.4
1735	-1.291271	29.383397	1.727356	0.002853	7.9
1736	-1.298932	29.362152	1.728084	0.004740	8.0
1737	-1.342008	29.355642	1.728308	0.006621	7.9
1738	-1.325401	29.217700	1.733055	0.008770	8.1
1739	-1.316966	29.590689	1.720278	0.002717	7.9
1740	-1.345535	29.538788	1.722044	0.003750	10.4
1741	-1.313794	29.520505	1.722668	0.002650	7.8
1742	-1.323832	29.547676	1.721742	0.003807	8.0
1743	-1.327186	29.534235	1.722200	0.004420	7.9
1744	-1.331059	29.583901	1.720509	0.004495	8.6
1745	-1.321266	29.659059	1.717956	0.002420	9.5
1746	-1.317617	29.668848	1.717624	0.006502	9.7
1747	-1.320021	29.644318	1.718456	0.005962	8.1
1748	-1.303403	29.925460	1.708969	0.004578	8.0
1749	-1.308023	29.921913	1.709088	0.003752	8.4
1750	-1.311209	29.822662	1.712426	0.005893	8.0
1751	-1.323586	29.815034	1.712683	0.004224	7.8
1752	-1.320389	29.893078	1.710057	0.008139	10.3
1753	-1.309157	29.757398	1.714628	0.004578	8.0
1754	-1.317065	29.643405	1.718487	0.003835	8.9
1755	-1.308089	29.599720	1.719971	0.005605	7.9
1756	-1.307047	29.641941	1.718537	0.003876	8.1
1757	-1.328743	29.583374	1.720527	0.007315	7.8
1758	-1.323373	29.558565	1.721371	0.005014	9.7
1759	-1.315704	29.624150	1.719141	0.005334	7.9
1760	-1.313801	29.604153	1.719820	0.003741	7.8
1761	-1.326218	29.599283	1.719986	0.008091	13.4
1762	-1.308118	29.801682	1.713133	0.006794	10.5
1763	-1.287914	29.821009	1.712482	0.010655	10.3
1764	-1.311481	29.697617	1.716650	0.005255	7.9
1765	-1.306459	30.148718	1.701510	0.004864	7.8
1766	-1.352796	30.034067	1.705332	0.002524	7.9
1767	-1.305772	30.044540	1.704982	0.004768	7.8
1768	-1.300617	30.048758	1.704842	0.008103	8.0
1769	-1.304013	29.963405	1.707697	0.006247	8.1
1770	-1.294613	30.097464	1.703216	0.006252	9.7
1771	-1.300935	30.184117	1.700333	0.006235	7.8
1772	-1.322980	30.034884	1.705305	0.005279	7.9
1773	-1.299937	29.961577	1.707758	0.003848	7.8
1774	-1.257040	29.940226	1.708474	0.007748	8.0
1775	-1.287307	30.082529	1.703714	0.007946	7.9
1776	-1.308787	29.976982	1.707242	0.003754	9.8
1777	-1.310932	30.045349	1.704955	0.007555	7.7
1778	-1.284048	30.090547	1.703447	0.005192	9.1
1779	-1.340070	30.221724	1.699085	0.007918	8.7
1780	-1.320216	29.999159	1.706500	0.003574	8.6
1781	-1.321780	30.075708	1.703942	0.004674	7.8
1782	-1.316896	29.995535	1.706621	0.007004	10.3
1783	-1.339438	29.935299	1.708639	0.003177	7.8
1784	-1.293263	29.996989	1.706572	0.006602	9.6
1785	-1.339805	29.926061	1.708949	0.002670	7.9
1786	-1.313045	29.978603	1.707188	0.003654	8.1
1787	-1.304847	29.961653	1.707755	0.003874	8.1
1788	-1.327455	30.011608	1.706083	0.005161	9.6
1789	-1.293785	30.074429	1.703985	0.004690	7.9
1790	-1.289850	29.998934	1.706507	0.004196	8.0
1791	-1.319191	29.914334	1.709343	0.006594	7.8
1792	-1.304985	29.834198	1.712037	0.002917	8.1
1793	-1.300269	29.892161	1.710087	0.005178	7.8
1794	-1.302438	29.802900	1.713092	0.008714	10.4
1795	-1.297621	29.604927	1.719794	0.003537	8.0
1796	-1.307432	29.811190	1.712812	0.006525	8.1
1797	-1.320785	29.714488	1.716078	0.003100	7.9
1798	-1.353175	29.719665	1.715903	0.004999	8.1
1799	-1.311080	29.664357	1.717776	0.003505	9.4
1800	-1.317641	29.601807	1.719900	0.005557	9.8
1801	-1.323160	29.643487	1.718484	0.005103	7.8
1802	-1.331599	29.781746	1.713806	0.003017	7.9
1803	-1.300298	29.834038	1.712043	0.007974	8.1
1804	-1.280585	29.772991	1.714101	0.003704	8.2
1805	-1.319333	29.853990	1.711371	0.006901	7.9
1806	-1.312831	29.912666	1.709399	0.008279	10.2
1807	-1.340596	29.663714	1.717798	0.005547	9.0
1808	-1.309100	30.099418	1.703151	0.006276	7.9
1809	-1.314671	29.984958	1.706975	0.003197	8.1
1810	-1.320668	30.087918	1.703535	0.002812	8.0
1811	-1.318360	30.025122	1.705631	0.004461	8.2
1812	-1.332468	30.081507	1.703749	0.004494	10.6
1813	-1.342057	30.111170	1.702760	0.005068	8.1
1814	-1.352737	30.124829	1.702305	0.006095	7.8
1815	-1.335804	29.993794	1.706679	0.004329	8.3
1816	-1.297748	30.026939	1.705570	0.004002	8.0
1817	-1.301169	29.936913	1.708585	0.005060	9.7
1818	-1.306500	29.818546	1.712565	0.004880	9.0
1819	-1.295812	29.914850	1.709325	0.004725	8.4
1820	-1.319929	29.851908	1.711441	0.006975	7.8
1821	-1.327309	29.881364	1.710450	0.005251	8.0
1822	-1.307631	29.838154	1.711904	0.003011	7.9
1823	-1.315694	29.798252	1.713249	0.003897	8.3
1824	-1.304767	29.720330	1.715881	0.011455	9.5
1825	-1.309560	30.032507	1.705384	0.004471	8.0
1826	-1.320746	30.080622	1.703778	0.004422	7.9
1827	-1.313946	30.146292	1.701590	0.005343	8.0
1828	-1.327100	30.011464	1.706088	0.004088	7.8
1829	-1.309829	30.072706	1.704042	0.002205	8.0
1830	-1.330182	30.039728	1.705143	0.005946	9.3
1831	-1.309659	30.075117	1.703962	0.005607	8.0
1832	-1.328934	30.105494	1.702949	0.006649	8.0
1833	-1.320078	29.929157	1.708845	0.005328	8.0
1834	-1.295813	29.984583	1.706987	0.006113	7.8
1835	-1.293316	30.047318	1.704890	0.004427	7.9
1836	-1.313729	30.114562	1.702647	0.004791	9.8
1837	-1.316026	30.003232	1.706363	0.004754	8.0
1838	-1.354722	30.026186	1.705596	0.003791	7.8
1839	-1.321167	29.933055	1.708714	0.004322	7.9
1840	-1.341919	29.979674	1.707152	0.004561	7.8
1841	-1.289518	30.000813	1.706444	0.006282	8.1
1842	-1.309447	29.861370	1.711123	0.002992	10.1
1843	-1.282909	30.002538	1.706386	0.004706	8.0
1844	-1.340250	30.082062	1.703730	0.004476	7.9
1845	-1.329986	30.111651	1.702744	0.003682	8.0
1846	-1.289647	30.194105	1.700001	0.003507	7.8
1847	-1.305187	30.232543	1.698726	0.002747	9.1
1848	-1.357932	30.201844	1.699744	0.003580	10.4
1849	-1.318545	30.206405	1.699593	0.006699	8.1
1850	-1.319961	30.338202	1.695230	0.006782	7.8
1851	-1.308189	30.261067	1.697781	0.010403	8.1
1852	-1.321144	30.025451	1.705620	0.004554	7.8
1853	-1.361756	29.955542	1.707960	0.007097	8.1
1854	-1.283449	29.909658	1.709500	0.003008	8.4
1855	-1.344589	29.837883	1.711913	0.008732	8.7
1856	-1.309602	29.927189	1.708911	0.008012	7.8
1857	-1.315773	29.654050	1.718126	0.004019	7.9
1858	-1.329668	29.572816	1.720886	0.008411	7.9
1859	-1.329110	29.417758	1.726178	0.003311	7.9
1860	-1.326995	29.241599	1.732231	0.006119	7.7
1861	-1.315748	29.321416	1.729483	0.007806	8.6
1862	-1.296945	29.480311	1.724039	0.003351	8.5
1863	-1.269812	29.448834	1.725115	0.004774	8.0
1864	-1.330767	29.363810	1.728027	0.002529	7.9
1865	-1.323186	29.323607	1.729408	0.006595	8.0
1866	-1.310637	29.315932	1.729672	0.005714	7.8
1867	-1.321187	29.535537	1.722155	0.009880	7.9
1868	-1.308649	29.296388	1.730344	0.007157	8.3
1869	-1.305803	29.792315	1.713449	0.007093	8.7
1870	-1.305262	29.921117	1.709115	0.007428	7.9
1871	-1.313489	30.226905	1.698913	0.004508	8.0
1872	-1.316702	30.083994	1.703666	0.005497	8.2
1873	-1.325217	30.230871	1.698781	0.003948	8.0
1874	-1.331858	30.225201	1.698969	0.004888	7.9
1875	-1.307682	30.262433	1.697735	0.003953	8.4
1876	-1.308058	30.278554	1.697202	0.004844	8.6
1877	-1.343375	30.263426	1.697702	0.005607	8.0
1878	-1.330190	30.291792	1.696764	0.005072	7.9
1879	-1.299200	30.473036	1.690789	0.006987	7.9
1880	-1.281193	30.294765	1.696665	0.004654	7.9
1881	-1.320954	30.504322	1.689762	0.006963	8.2
1882	-1.310376	30.515071	1.689409	0.004860	9.2
1883	-1.294198	30.362716	1.694421	0.007162	8.0
1884	-1.309532	30.466832	1.690993	0.009437	7.9
1885	-1.335721	30.956896	1.675043	0.003695	8.1
1886	-1.334664	30.796143	1.680242	0.004340	7.8
1887	-1.310218	30.823699	1.679348	0.006575	8.6
1888	-1.288354	30.882283	1.677452	0.008525	9.3
1889	-1.309931	30.756717	1.681522	0.003073	9.3
1890	-1.330837	30.855719	1.678311	0.006146	12.0
1891	-1.302038	30.889019	1.677234	0.004828	7.8
1892	-1.353450	30.783813	1.680642	0.005069	8.1
1893	-1.293640	30.710539	1.683023	0.006872	9.8
1894	-1.302617	30.815487	1.679614	0.003159	8.0
1895	-1.339359	30.773244	1.680985	0.007379	8.0
1896	-1.309274	30.688916	1.683727	0.005793	8.3
1897	-1.330488	30.601893	1.686567	0.004432	7.9
1898	-1.308019	30.811134	1.679756	0.004964	8.0
1899	-1.334818	30.732598	1.682306	0.005522	9.3
1900	-1.321809	30.623362	1.685865	0.006637	8.5
1901	-1.343057	30.506201	1.689700	0.007305	7.8
1902	-1.334129	30.403639	1.693072	0.006454	8.0
1903	-1.315062	30.349769	1.694848	0.002941	7.8
1904	-1.315257	30.377872	1.693921	0.006021	8.1
1905	-1.308542	30.374814	1.694022	0.006880	8.2
1906	-1.360040	30.500110	1.689900	0.007589	9.7
1907	-1.303452	30.748352	1.681793	0.003496	8.1
1908	-1.315927	30.809054	1.679823	0.006172	9.3
1909	-1.333641	30.735603	1.682208	0.004176	7.9
1910	-1.322999	30.709479	1.683058	0.004414	8.6
1911	-1.310540	30.768619	1.681135	0.008369	8.8
1912	-1.315839	30.835889	1.678953	0.006601	8.7
1913	-1.293848	31.407231	1.660649	0.005265	7.9
1914	-1.309235	31.252994	1.665551	0.006480	8.1
1915	-1.317531	31.388820	1.661233	0.007463	7.9
1916	-1.316875	31.645052	1.653148	0.003935	8.2
1917	-1.311570	31.781004	1.648889	0.004639	8.0
1918	-1.336564	31.818751	1.647711	0.006077	9.5
1919	-1.318616	31.965953	1.643132	0.004600	7.8
1920	-1.310381	31.977163	1.642784	0.003423	7.9
1921	-1.331362	31.944373	1.643802	0.004723	7.8
1922	-1.322180	31.918520	1.644605	0.006083	7.8
1923	-1.334853	31.872330	1.646041	0.002449	7.8
1924	-1.306929	31.923100	1.644462	0.005175	9.8
1925	-1.315127	31.936758	1.644038	0.007590	7.8
1926	-1.338988	31.900965	1.645150	0.005951	7.9
1927	-1.329844	32.235597	1.634809	0.006849	7.9
1928	-1.329461	32.030415	1.641134	0.003279	8.0
1929	-1.300582	32.107520	1.638752	0.006651	7.8
1930	-1.336301	32.157877	1.637199	0.011125	10.6
1931	-1.335700	31.896431	1.645291	0.004216	7.9
1932	-1.288382	31.942299	1.643866	0.004517	8.1
1933	-1.325739	31.909077	1.644898	0.005917	7.9
1934	-1.321564	31.920360	1.644547	0.004496	7.9
1935	-1.303280	31.826617	1.647466	0.002417	7.8
1936	-1.325867	31.776081	1.649043	0.004476	10.8
1937	-1.314744	31.816763	1.647773	0.008926	11.5
1938	-1.333472	31.616907	1.654032	0.004774	10.8
1939	-1.329458	31.579899	1.655196	0.005103	7.9
1940	-1.307870	31.596827	1.654663	0.004399	7.9
1941	-1.316072	31.514278	1.657264	0.005011	9.8
1942	-1.327068	31.479495	1.658363	0.002804	7.9
1943	-1.326590	31.472170	1.658594	0.002970	8.1
1944	-1.329142	31.438700	1.659653	0.003985	7.9
1945	-1.319733	31.452283	1.659223	0.005246	8.0
1946	-1.294709	31.517259	1.657170	0.004262	7.8
1947	-1.309459	31.572134	1.655441	0.003837	8.8
1948	-1.329197	31.502950	1.657622	0.004105	8.5
1949	-1.308710	31.457873	1.659046	0.006705	7.9
1950	-1.272510	31.526876	1.656867	0.002768	7.8
1951	-1.311501	31.569805	1.655514	0.002981	7.9
1952	-1.336084	31.535340	1.656600	0.003386	7.8
1953	-1.340740	31.482808	1.658258	0.005363	8.0
1954	-1.329586	31.450529	1.659279	0.004902	9.2
1955	-1.300764	31.508756	1.657439	0.006264	8.0
1956	-1.336994	31.593434	1.654770	0.004741	7.8
1957	-1.307755	31.766335	1.649348	0.005161	8.2
1958	-1.322484	31.623088	1.653838	0.004205	7.8
1959	-1.312252	31.609681	1.654259	0.004925	8.0
1960	-1.304532	31.599496	1.654579	0.005124	9.5
1961	-1.312502	31.705185	1.651261	0.004737	8.0
1962	-1.316121	31.637178	1.653395	0.003455	7.8
1963	-1.316503	31.668278	1.652419	0.006004	8.0
1964	-1.307000	31.707578	1.651186	0.006347	7.8
1965	-1.316551	31.988951	1.642419	0.003808	8.8
1966	-1.332963	31.949898	1.643630	0.003867	9.8
1967	-1.329816	31.869728	1.646122	0.005297	8.0
1968	-1.313492	31.975092	1.642848	0.004464	7.9
1969	-1.324442	32.106233	1.638791	0.005605	7.9
1970	-1.300197	32.125300	1.638203	0.006006	7.8
1971	-1.322042	32.100494	1.638969	0.003753	8.3
1972	-1.329218	31.975285	1.642842	0.004803	10.0
1973	-1.296359	32.054774	1.640381	0.005892	8.2
1974	-1.306617	32.081681	1.639549	0.006094	7.9
1975	-1.299975	32.093815	1.639175	0.002026	8.0
1976	-1.329484	32.084571	1.639460	0.004878	7.8
1977	-1.338092	32.062976	1.640127	0.006428	8.1
1978	-1.325916	31.919073	1.644587	0.006044	10.2
1979	-1.324589	31.839140	1.647075	0.008474	8.2
1980	-1.313638	32.199807	1.635909	0.003790	7.8
1981	-1.274401	32.089071	1.639321	0.003065	8.0
1982	-1.301963	32.036542	1.640945	0.004064	7.9
1983	-1.330657	31.971138	1.642971	0.004000	8.0
1984	-1.357659	31.866220	1.646232	0.002634	10.1
1985	-1.322077	31.816607	1.647778	0.005145	12.0
1986	-1.328907	31.789237	1.648632	0.002994	9.4
1987	-1.323448	31.760819	1.649520	0.006663	7.8
1988	-1.321938	31.796993	1.648390	0.004817	9.1
1989	-1.317237	31.952036	1.643564	0.007660	9.0
1990	-1.307528	32.059487	1.640235	0.003688	8.3
1991	-1.321128	31.912801	1.644782	0.004219	7.8
1992	-1.321291	32.009918	1.641769	0.005991	8.3
1993	-1.339108	32.168284	1.636879	0.005894	7.8
1994	-1.330571	32.122225	1.638298	0.004331	7.9
1995	-1.330563	31.991006	1.642355	0.003125	8.0
1996	-1.322013	32.015508	1.641596	0.006333	9.4
1997	-1.295153	32.021928	1.641397	0.004009	7.8
1998	-1.308537	32.037897	1.640903	0.003907	7.9
1999	-1.292449	32.051755	1.640474	0.008014	7.8
