1:ItNr	2:Metric	3a:Time	3b:StepSize	4:||Gradient||	Time[ms]
0	-1.070873	0.000000	4.121065	0.027312	362.1
1	-1.103902	0.000000	4.121065	0.034482	8.1
2	-1.110140	0.000000	4.121065	0.027522	8.5
3	-1.126669	0.000000	4.121065	0.022654	10.1
4	-1.106997	0.000000	4.121065	0.029123	9.8
5	-1.099460	0.000000	4.121065	0.015590	8.9
6	-1.123652	0.000000	4.121065	0.019774	7.9
7	-1.107081	0.000000	4.121065	0.025316	8.1
8	-1.131089	0.999835	3.933774	0.025119	8.1
9	-1.118227	1.961874	3.768959	0.017589	11.6
10	-1.108094	1.520731	3.842787	0.014967	8.1
11	-1.119864	1.073731	3.920604	0.018040	9.0
12	-1.081545	0.717824	3.984855	0.021095	8.0
13	-1.122044	1.648994	3.821025	0.021529	10.6
14	-1.140526	2.639901	3.660860	0.020468	11.7
15	-1.142083	3.639773	3.512304	0.013740	10.2
16	-1.104007	3.272898	3.565391	0.014354	8.6
17	-1.114218	2.869483	3.625649	0.021602	8.0
18	-1.122812	3.864430	3.480569	0.013065	9.9
19	-1.109601	4.656331	3.373139	0.012916	10.2
20	-1.131335	5.003652	3.328085	0.008750	8.1
21	-1.118826	5.449124	3.272032	0.020778	8.3
22	-1.137985	5.020070	3.325985	0.022922	9.3
23	-1.125320	6.020069	3.202892	0.013032	8.9
24	-1.109306	7.019915	3.088602	0.022148	9.6
25	-1.102861	7.942215	2.990178	0.013833	12.2
26	-1.131278	8.942122	2.890322	0.011158	8.0
27	-1.117885	9.601976	2.827999	0.013415	10.3
28	-1.134373	10.483407	2.748825	0.018877	8.8
29	-1.108761	11.371972	2.673373	0.009039	8.2
30	-1.130098	12.110303	2.613759	0.018527	12.1
31	-1.126676	12.823433	2.558651	0.008866	11.9
32	-1.122143	12.647918	2.571998	0.020128	9.4
33	-1.149138	13.424709	2.513961	0.015991	8.6
34	-1.136043	14.424579	2.443003	0.016406	8.1
35	-1.120454	14.765198	2.419737	0.008343	11.5
36	-1.129464	14.506431	2.437372	0.010216	8.6
37	-1.110275	15.149368	2.394022	0.018753	8.6
38	-1.124154	15.609525	2.363930	0.012281	8.0
39	-1.134040	16.594830	2.301975	0.014749	9.7
40	-1.114938	16.154381	2.329264	0.012713	8.9
41	-1.121853	17.142025	2.268951	0.018147	10.7
42	-1.109966	17.328267	2.257925	0.014193	8.9
43	-1.139193	17.635881	2.239948	0.022670	8.6
44	-1.124785	18.635726	2.183444	0.015921	11.1
45	-1.112601	18.282115	2.203098	0.011997	8.9
46	-1.125371	19.249666	2.150139	0.021214	10.4
47	-1.115312	19.210493	2.152233	0.009940	8.3
48	-1.136772	20.190949	2.101004	0.014193	8.8
49	-1.133747	20.348990	2.092974	0.009317	11.0
50	-1.108802	20.982151	2.061409	0.010383	9.0
51	-1.113658	21.531191	2.034798	0.011248	8.5
52	-1.139358	21.171753	2.052141	0.015711	9.7
53	-1.124440	22.122054	2.006917	0.018730	9.9
54	-1.121061	22.033486	2.011047	0.011898	8.9
55	-1.131195	22.034530	2.010998	0.017293	8.6
56	-1.133789	22.230344	2.001889	0.012810	9.6
57	-1.101358	23.219294	1.957118	0.012022	12.1
58	-1.155715	23.558004	1.942241	0.014611	8.4
59	-1.146670	23.448670	1.947018	0.017106	8.0
60	-1.111932	24.446205	1.904281	0.011039	8.4
61	-1.125694	25.365621	1.866520	0.016425	8.0
62	-1.120928	25.064758	1.878711	0.015396	9.5
63	-1.120347	26.001750	1.841258	0.015875	10.9
64	-1.116794	26.995076	1.803151	0.020041	8.1
65	-1.111303	27.013577	1.802456	0.012406	9.7
66	-1.120472	27.936773	1.768453	0.016617	9.9
67	-1.096679	28.241670	1.757503	0.012593	8.8
68	-1.115184	27.797700	1.773493	0.018879	11.3
69	-1.124422	28.785970	1.738288	0.013899	8.5
70	-1.107084	29.784169	1.704121	0.014516	8.8
71	-1.106594	30.633915	1.676076	0.015360	8.0
72	-1.143568	31.597964	1.645356	0.016506	8.9
73	-1.132477	31.662954	1.643325	0.014017	7.9
74	-1.137102	31.258264	1.656051	0.010937	11.4
75	-1.144781	31.676688	1.642897	0.014737	10.8
76	-1.090970	32.105063	1.629644	0.022823	8.9
77	-1.077908	33.090878	1.599944	0.023174	8.9
78	-1.124217	34.090877	1.570902	0.017850	9.1
79	-1.151670	35.090442	1.542908	0.012353	13.0
80	-1.108585	34.684890	1.554145	0.014623	8.3
81	-1.089566	34.347764	1.563611	0.024320	8.1
82	-1.131812	35.345930	1.535912	0.017640	8.1
83	-1.116346	35.548440	1.530411	0.013964	10.1
84	-1.132909	35.135814	1.541661	0.016658	10.3
85	-1.104432	34.993960	1.545566	0.012810	9.0
86	-1.124855	34.643171	1.555310	0.010717	10.0
87	-1.114057	35.354693	1.535673	0.011433	12.0
88	-1.104092	34.953352	1.546688	0.013586	20.4
89	-1.118770	35.911020	1.520661	0.007554	10.5
90	-1.106808	35.544469	1.530519	0.018354	9.7
91	-1.108669	35.243442	1.538710	0.012310	9.0
92	-1.101688	36.235422	1.512042	0.012571	9.3
93	-1.124532	35.878171	1.521539	0.012526	10.6
94	-1.101664	35.913602	1.520592	0.015248	10.2
95	-1.139380	36.758648	1.498345	0.012454	7.9
96	-1.127437	36.338336	1.509328	0.016658	8.0
97	-1.138774	36.559017	1.503541	0.015599	8.2
98	-1.110434	37.354267	1.483051	0.009714	10.6
99	-1.137733	37.408000	1.481687	0.006354	11.0
100	-1.110684	37.412820	1.481565	0.011652	8.7
101	-1.104924	37.652228	1.475517	0.008033	8.5
102	-1.132355	37.591384	1.477049	0.021761	10.1
103	-1.133112	37.212461	1.486664	0.010993	8.5
104	-1.127447	36.781928	1.497741	0.011766	8.3
105	-1.124701	37.615492	1.476442	0.010129	10.2
106	-1.111325	37.285369	1.484804	0.010699	8.2
107	-1.127493	37.043024	1.491004	0.012736	10.3
108	-1.131943	37.574790	1.477468	0.014516	8.1
109	-1.112521	37.131653	1.488731	0.016993	8.9
110	-1.114980	36.735133	1.498955	0.013906	10.8
111	-1.087309	36.303812	1.510238	0.018968	9.7
112	-1.113748	37.167255	1.487819	0.011450	8.5
113	-1.131195	36.736711	1.498914	0.013204	8.0
114	-1.127598	36.345960	1.509128	0.008165	8.4
115	-1.111129	37.238135	1.486009	0.013236	7.9
116	-1.115674	36.817824	1.496811	0.013973	13.0
117	-1.120425	37.685983	1.474668	0.010136	8.1
118	-1.125807	37.490700	1.479592	0.014574	8.4
119	-1.156399	38.294185	1.459542	0.011033	8.0
120	-1.126384	39.135917	1.439113	0.012770	10.1
121	-1.132927	38.785773	1.447541	0.012569	10.3
122	-1.139338	39.634889	1.427270	0.022173	9.0
123	-1.121456	40.583372	1.405288	0.009643	8.7
124	-1.092317	41.245545	1.390338	0.019556	9.1
125	-1.141210	42.011626	1.373435	0.006112	9.6
126	-1.124427	42.381830	1.365413	0.014730	8.0
127	-1.124232	42.279664	1.367617	0.016107	10.9
128	-1.102164	43.121644	1.349659	0.017512	8.5
129	-1.136892	43.064262	1.350868	0.010794	9.4
130	-1.117260	44.028379	1.330840	0.017383	8.6
131	-1.089418	44.997277	1.311302	0.013249	7.9
132	-1.097020	45.029681	1.310659	0.010960	10.0
133	-1.096945	45.872489	1.294140	0.013467	9.5
134	-1.141755	45.786653	1.295803	0.009316	9.6
135	-1.130111	46.467283	1.282731	0.014675	8.0
136	-1.110175	47.101842	1.270779	0.016564	9.1
137	-1.119758	46.656069	1.279152	0.016167	8.0
138	-1.091497	47.646971	1.260687	0.009023	11.5
139	-1.115805	48.211060	1.250412	0.016482	8.7
140	-1.122836	48.507803	1.245074	0.010859	8.1
141	-1.110269	48.307840	1.248666	0.009065	8.8
142	-1.106687	48.766392	1.240459	0.018723	8.6
143	-1.128341	48.532119	1.244639	0.018092	8.3
144	-1.116582	49.531995	1.226994	0.009213	10.5
145	-1.106980	49.643217	1.225063	0.013115	9.2
146	-1.131212	49.334682	1.230437	0.021189	8.2
147	-1.148187	49.457454	1.228293	0.017990	10.2
148	-1.102406	49.084054	1.234837	0.007686	8.7
149	-1.107169	49.907294	1.220500	0.009660	9.7
150	-1.108837	49.881889	1.220938	0.019023	10.5
151	-1.130289	50.638714	1.208039	0.015455	7.9
152	-1.134530	50.733986	1.206435	0.015127	8.8
153	-1.114444	50.999391	1.201987	0.006201	8.5
154	-1.125819	51.659847	1.191062	0.010901	9.0
155	-1.149833	51.878449	1.187489	0.013101	10.3
156	-1.133524	51.731516	1.189888	0.019025	10.0
157	-1.113934	51.580421	1.192365	0.014989	8.4
158	-1.113863	52.519097	1.177141	0.012141	8.2
159	-1.128664	53.451035	1.162407	0.010985	9.5
160	-1.118252	54.089336	1.152525	0.015601	8.2
161	-1.109517	54.050393	1.153123	0.018965	11.6
162	-1.100713	55.009864	1.138568	0.010042	8.5
163	-1.115558	55.492846	1.131379	0.011014	11.3
164	-1.086030	55.282005	1.134506	0.013683	7.9
165	-1.119596	54.951073	1.139449	0.010274	10.0
166	-1.128671	55.637850	1.129238	0.014183	10.7
167	-1.101116	55.434435	1.132243	0.009160	9.8
168	-1.108406	56.255534	1.120209	0.009172	8.3
169	-1.121184	56.954589	1.110164	0.014756	8.1
170	-1.116181	57.510205	1.102307	0.017846	9.8
171	-1.142706	57.870691	1.097269	0.019302	8.3
172	-1.096851	58.806304	1.084405	0.022172	10.4
173	-1.136647	59.802447	1.071036	0.011941	8.8
174	-1.114432	60.264054	1.064953	0.012384	8.9
175	-1.150231	61.037824	1.054908	0.014683	8.9
176	-1.102677	62.031129	1.042288	0.012712	10.0
177	-1.136180	62.646589	1.034619	0.008946	15.2
178	-1.102884	63.107348	1.028951	0.009639	16.1
179	-1.096462	63.500772	1.024161	0.013618	11.7
180	-1.104088	63.177111	1.028099	0.009506	9.3
181	-1.122441	63.829358	1.020194	0.007875	14.3
182	-1.150232	63.761851	1.021006	0.011524	11.4
183	-1.120678	63.964376	1.018572	0.013146	8.2
184	-1.102302	64.902605	1.007448	0.011106	8.3
185	-1.146890	64.505810	1.012123	0.008351	8.4
186	-1.114679	64.968855	1.006671	0.010536	14.3
187	-1.121876	64.591843	1.011105	0.014298	8.7
188	-1.114813	64.673550	1.010141	0.011204	7.9
189	-1.124861	64.933018	1.007091	0.009711	9.4
190	-1.150871	65.256943	1.003309	0.013994	9.0
191	-1.120322	64.897188	1.007511	0.016104	11.1
192	-1.129407	65.871283	0.996214	0.019022	9.1
193	-1.127529	65.431118	1.001287	0.012136	7.9
194	-1.141488	66.407351	0.990104	0.011344	10.7
195	-1.094289	66.385224	0.990355	0.014863	8.9
196	-1.111092	66.043142	0.994247	0.016025	8.5
197	-1.108178	66.966349	0.983812	0.016686	11.8
198	-1.129769	66.520590	0.988823	0.012804	8.0
199	-1.112268	66.445842	0.989668	0.021328	11.1
200	-1.113843	67.010966	0.983313	0.010225	8.0
201	-1.122091	67.982001	0.972583	0.019139	8.9
202	-1.126538	67.600287	0.976773	0.009768	9.9
203	-1.123011	68.393863	0.968102	0.010710	10.0
204	-1.124894	68.023858	0.972126	0.008712	9.4
205	-1.136079	67.940109	0.973041	0.013019	8.0
206	-1.125009	68.779820	0.963940	0.012772	8.7
207	-1.129143	69.300434	0.958383	0.014904	8.4
208	-1.140965	69.977228	0.951253	0.016902	11.9
209	-1.137232	69.567015	0.955562	0.012814	8.0
210	-1.116889	70.376376	0.947098	0.014479	8.6
211	-1.127970	70.433424	0.946507	0.012081	7.9
212	-1.089451	70.579750	0.944995	0.015871	9.8
213	-1.144411	70.564266	0.945154	0.021402	9.8
214	-1.101463	71.564218	0.934944	0.012658	9.8
215	-1.135373	71.231350	0.938318	0.010726	8.2
216	-1.105034	71.854487	0.932021	0.011021	8.7
217	-1.112252	71.639256	0.934187	0.022039	9.6
218	-1.118178	72.627271	0.924329	0.017427	8.2
219	-1.099456	73.627235	0.914561	0.012014	8.3
220	-1.142550	73.813332	0.912766	0.015491	9.5
221	-1.110847	73.844826	0.912463	0.012156	8.4
222	-1.091675	74.739301	0.903938	0.015953	9.1
223	-1.139142	75.514629	0.896676	0.014122	8.3
224	-1.113239	75.086100	0.900675	0.008897	8.2
225	-1.112868	75.904620	0.893068	0.016557	10.7
226	-1.147207	76.842692	0.884505	0.018404	9.8
227	-1.117333	77.836252	0.875614	0.005861	8.0
228	-1.103890	77.741998	0.876449	0.023651	8.1
229	-1.133116	78.146806	0.872871	0.020394	8.1
230	-1.115802	79.036762	0.865106	0.008676	9.1
231	-1.126843	79.815950	0.858419	0.013551	8.8
232	-1.091916	79.506148	0.861065	0.020431	10.9
233	-1.138872	79.743385	0.859038	0.011081	9.0
234	-1.124545	80.727353	0.850729	0.006606	9.3
235	-1.113615	80.892950	0.849346	0.011560	8.2
236	-1.136009	80.799225	0.850128	0.011921	8.5
237	-1.128433	80.634981	0.851502	0.011066	8.9
238	-1.118620	80.404889	0.853434	0.012604	9.7
239	-1.120902	80.635764	0.851495	0.015972	9.5
240	-1.133466	80.997656	0.848474	0.017176	7.9
241	-1.141377	81.992309	0.840280	0.014491	8.7
242	-1.125694	81.670177	0.842916	0.010513	8.2
243	-1.136097	82.045720	0.839844	0.013510	9.6
244	-1.137927	82.107493	0.839341	0.007984	9.2
245	-1.111359	81.987698	0.840318	0.014310	8.8
246	-1.112173	81.612406	0.843391	0.009854	8.9
247	-1.117143	81.392813	0.845200	0.013084	8.0
248	-1.132823	81.050353	0.848036	0.017894	9.0
249	-1.108639	81.870407	0.841276	0.013859	8.3
250	-1.138291	82.189821	0.838672	0.012091	10.6
251	-1.124967	81.791641	0.841920	0.011196	9.0
252	-1.111394	82.344911	0.837413	0.006354	9.5
253	-1.118452	82.109239	0.839327	0.009793	8.5
254	-1.095810	82.419493	0.836809	0.018313	8.6
255	-1.124300	82.060072	0.839727	0.012565	9.1
256	-1.119864	83.039813	0.831820	0.012420	9.9
257	-1.112207	83.546894	0.827785	0.010368	10.4
258	-1.140035	83.196239	0.830571	0.013964	8.1
259	-1.123724	84.101732	0.823415	0.013404	8.9
260	-1.123791	84.684396	0.818876	0.014808	8.1
261	-1.136857	85.681339	0.811223	0.008281	12.2
262	-1.121191	86.073690	0.808251	0.013607	10.2
263	-1.142810	86.118116	0.807915	0.017180	8.0
264	-1.164163	87.094337	0.800619	0.013506	8.8
265	-1.128578	86.653165	0.803900	0.015837	8.0
266	-1.139234	87.015079	0.801206	0.024627	10.9
267	-1.109719	87.654789	0.796489	0.016723	10.0
268	-1.111026	88.283597	0.791906	0.008179	8.4
269	-1.102305	87.953169	0.794308	0.010420	10.3
270	-1.130918	87.791686	0.795487	0.009748	8.0
271	-1.110517	87.620361	0.796742	0.011643	9.8
272	-1.132364	87.437764	0.798083	0.014065	10.1
273	-1.161653	88.340649	0.791493	0.010982	8.9
274	-1.123955	89.238279	0.785048	0.012527	7.9
275	-1.119476	89.560420	0.782761	0.014236	9.4
276	-1.152336	89.372745	0.784092	0.013757	8.1
277	-1.136221	90.306496	0.777514	0.022543	9.3
278	-1.114618	90.660745	0.775047	0.007013	11.7
279	-1.143387	90.324706	0.777387	0.009847	7.9
280	-1.121293	90.325499	0.777381	0.011204	9.8
281	-1.137283	90.359726	0.777142	0.011048	12.9
282	-1.107531	90.115693	0.778849	0.014653	16.6
283	-1.142846	90.536367	0.775912	0.014956	12.2
284	-1.137759	90.215215	0.778152	0.009810	10.8
285	-1.139989	90.238480	0.777989	0.013707	8.8
286	-1.134102	90.847371	0.773754	0.007593	8.0
287	-1.129950	91.605218	0.768547	0.007850	11.0
288	-1.106446	91.394598	0.769987	0.021017	8.8
289	-1.149827	90.952269	0.773029	0.013129	10.2
290	-1.109476	91.944599	0.766237	0.011909	8.3
291	-1.136682	92.076643	0.765343	0.018256	9.8
292	-1.136851	93.051869	0.758798	0.018527	7.9
293	-1.132427	94.030724	0.752341	0.015196	12.5
294	-1.126526	94.584936	0.748734	0.020079	8.5
295	-1.143618	94.168193	0.751443	0.013057	7.9
296	-1.160933	94.820417	0.747212	0.011906	10.0
297	-1.106984	95.101616	0.745402	0.013845	8.1
298	-1.117963	95.541655	0.742587	0.018569	10.7
299	-1.109164	95.792999	0.740989	0.013223	8.1
300	-1.134522	95.365563	0.743711	0.015703	9.8
301	-1.088001	96.345554	0.737500	0.009009	8.1
302	-1.137774	97.170038	0.732355	0.011961	10.0
303	-1.122205	97.565099	0.729914	0.016989	8.8
304	-1.098482	97.765888	0.728680	0.009841	10.3
305	-1.088134	98.555886	0.723865	0.017908	10.5
306	-1.096815	98.145618	0.726358	0.011003	9.9
307	-1.099171	98.983996	0.721283	0.011930	8.9
308	-1.123851	99.358857	0.719036	0.011696	9.6
309	-1.134320	99.198166	0.719997	0.014289	10.1
310	-1.107300	98.791607	0.722441	0.012968	9.1
311	-1.122110	99.776681	0.716549	0.014303	8.0
312	-1.124783	99.587717	0.717671	0.014276	8.6
313	-1.128555	100.581935	0.711803	0.012416	7.9
314	-1.134833	101.095114	0.708811	0.018778	10.7
315	-1.141174	100.863701	0.710157	0.011585	8.5
316	-1.111069	100.991814	0.709411	0.019242	8.6
317	-1.133012	101.938559	0.703948	0.009675	8.5
318	-1.128131	101.529361	0.706299	0.012060	9.8
319	-1.113051	101.129814	0.708610	0.009187	9.2
320	-1.105974	100.715175	0.711024	0.014204	10.6
321	-1.108662	101.113744	0.708703	0.012240	8.7
322	-1.134798	100.748647	0.710828	0.010237	8.0
323	-1.132625	101.360303	0.707275	0.010587	9.9
324	-1.115834	101.098933	0.708789	0.020074	7.9
325	-1.138544	102.083748	0.703118	0.010539	9.4
326	-1.104037	102.719805	0.699503	0.016453	11.2
327	-1.100470	102.331095	0.701708	0.013190	7.9
328	-1.091446	102.826074	0.698903	0.018262	9.0
329	-1.126914	102.426982	0.701162	0.012734	8.6
330	-1.086556	103.333852	0.696048	0.009895	8.9
331	-1.127610	103.485049	0.695203	0.017042	10.4
332	-1.138378	104.460842	0.689796	0.014606	9.5
333	-1.125436	104.083203	0.691878	0.011383	9.5
334	-1.127182	104.883680	0.687479	0.016785	8.0
335	-1.134937	105.835394	0.682320	0.011880	9.2
336	-1.141996	106.822313	0.677052	0.016823	8.2
337	-1.149241	106.401787	0.679287	0.011464	11.1
338	-1.121426	107.228090	0.674910	0.011801	8.4
339	-1.132268	107.593212	0.672993	0.015955	8.6
340	-1.149986	108.066788	0.670524	0.019324	7.9
341	-1.148697	107.659576	0.672646	0.012578	10.7
342	-1.127226	107.214796	0.674980	0.016896	11.1
343	-1.107355	107.619277	0.672857	0.017547	8.5
344	-1.112242	107.784078	0.671996	0.013030	10.0
345	-1.094425	107.706489	0.672401	0.016309	8.0
346	-1.114320	108.501096	0.668275	0.011448	9.3
347	-1.130048	109.312901	0.664112	0.015666	8.0
348	-1.130644	108.873905	0.666357	0.009921	10.5
349	-1.128499	109.562805	0.662841	0.012225	7.9
350	-1.129593	109.695102	0.662170	0.009995	9.5
351	-1.117228	110.099124	0.660129	0.009731	8.6
352	-1.120485	110.667796	0.657278	0.013743	9.6
353	-1.096956	110.237680	0.659432	0.012936	11.6
354	-1.111606	109.993781	0.660660	0.010714	8.0
355	-1.122751	110.946230	0.655891	0.012210	9.0
356	-1.143059	111.261937	0.654326	0.015465	8.1
357	-1.136778	111.229000	0.654489	0.017557	9.1
358	-1.127499	112.194185	0.649746	0.015222	8.0
359	-1.109456	111.758134	0.651880	0.019444	11.9
360	-1.130090	112.630754	0.647623	0.019530	9.1
361	-1.141317	113.630048	0.642816	0.014095	8.1
362	-1.132073	113.248287	0.644644	0.006013	10.2
363	-1.107682	112.872598	0.646453	0.014633	9.3
364	-1.129542	112.727728	0.647154	0.007096	9.0
365	-1.173776	112.338243	0.649044	0.011597	9.9
366	-1.132759	112.011850	0.650637	0.010530	8.0
367	-1.154925	111.663292	0.652346	0.014459	8.1
368	-1.127743	112.426248	0.648616	0.013129	11.1
369	-1.119954	112.017057	0.650611	0.009480	9.2
370	-1.124624	112.579793	0.647870	0.015391	10.8
371	-1.118754	112.246748	0.649490	0.017212	9.6
372	-1.109469	111.801624	0.651666	0.008059	8.2
373	-1.131465	112.058248	0.650410	0.015178	10.7
374	-1.129878	112.941571	0.646120	0.016060	8.9
375	-1.118435	112.606964	0.647738	0.014665	9.5
376	-1.114147	113.593244	0.642992	0.009353	10.0
377	-1.128345	113.582655	0.643043	0.015098	9.1
378	-1.127473	114.441127	0.638967	0.016224	9.1
379	-1.138085	114.055775	0.640790	0.013733	8.0
380	-1.117111	113.903372	0.641514	0.013207	9.8
381	-1.132641	113.520294	0.643341	0.015775	10.6
382	-1.104502	114.515131	0.638618	0.010493	8.0
383	-1.117836	114.103010	0.640566	0.012492	13.1
384	-1.113007	114.666121	0.637907	0.013966	15.2
385	-1.117311	115.270617	0.635077	0.006352	15.9
386	-1.090222	115.687996	0.633138	0.011483	8.1
387	-1.118868	115.376611	0.634584	0.012248	9.9
388	-1.100705	115.526249	0.633888	0.012280	9.1
389	-1.108633	115.087069	0.635934	0.014305	10.0
390	-1.120919	116.079877	0.631328	0.016433	10.1
391	-1.129264	115.637618	0.633371	0.011153	8.0
392	-1.093111	116.628657	0.628811	0.012834	8.3
393	-1.098408	116.423521	0.629749	0.013000	9.0
394	-1.120683	116.034523	0.631537	0.010136	10.5
395	-1.126623	116.663735	0.628650	0.010459	8.2
396	-1.121285	116.278689	0.630414	0.014773	10.1
397	-1.113401	115.844223	0.632415	0.011792	9.4
398	-1.110570	116.226552	0.630653	0.011377	9.4
399	-1.129730	115.953942	0.631909	0.013235	8.2
400	-1.121170	116.903767	0.627556	0.009435	8.1
401	-1.099225	116.782055	0.628111	0.015308	9.6
402	-1.138236	117.692416	0.623988	0.010077	9.7
403	-1.126008	118.187656	0.621768	0.006362	8.9
404	-1.133530	118.053388	0.622368	0.016012	8.1
405	-1.115173	117.903965	0.623037	0.012639	9.5
406	-1.131028	117.466848	0.625004	0.012562	8.1
407	-1.137382	117.820967	0.623410	0.012335	10.8
408	-1.131900	117.425825	0.625189	0.012199	8.9
409	-1.109241	117.636616	0.624239	0.005503	8.7
410	-1.119541	118.172399	0.621836	0.016140	9.9
411	-1.124233	118.321441	0.621170	0.007400	7.9
412	-1.123115	119.084699	0.617786	0.016393	9.2
413	-1.123184	119.630194	0.615390	0.020825	12.1
414	-1.129934	120.242649	0.612721	0.012589	9.7
415	-1.112782	121.235410	0.608445	0.018479	9.2
416	-1.126990	120.788503	0.610362	0.012714	8.5
417	-1.094589	121.686115	0.606523	0.007273	8.7
418	-1.132144	121.912155	0.605563	0.016520	10.0
419	-1.118162	122.221699	0.604255	0.011664	10.3
420	-1.135752	121.827466	0.605922	0.005464	8.2
421	-1.136540	122.266077	0.604067	0.004709	8.6
422	-1.099867	122.330741	0.603795	0.011914	8.3
423	-1.157230	122.334444	0.603779	0.010130	9.4
424	-1.109976	121.908521	0.605579	0.016677	12.2
425	-1.175340	122.870728	0.601529	0.009851	8.1
426	-1.139410	123.784770	0.597731	0.008796	8.7
427	-1.136226	124.433876	0.595063	0.009595	7.9
428	-1.125584	124.662729	0.594128	0.012447	10.1
429	-1.137976	124.347260	0.595418	0.007996	8.1
430	-1.115526	124.456681	0.594970	0.015794	10.7
431	-1.122374	125.136930	0.592201	0.020112	9.7
432	-1.132110	125.835827	0.589382	0.007406	7.9
433	-1.122559	125.553103	0.590519	0.019208	9.0
434	-1.126760	125.457371	0.590905	0.014074	7.9
435	-1.142541	125.043216	0.592581	0.016040	10.1
436	-1.124214	125.215691	0.591882	0.016689	8.4
437	-1.132119	125.828922	0.589410	0.015923	10.2
438	-1.109783	125.616943	0.590262	0.005787	8.1
439	-1.135862	125.219438	0.591866	0.011671	9.0
440	-1.134798	125.062703	0.592501	0.011337	7.9
441	-1.108996	124.669158	0.594102	0.006240	11.6
442	-1.081660	125.237448	0.591793	0.020525	9.0
443	-1.111460	125.287387	0.591591	0.008726	7.9
444	-1.116883	126.132785	0.588192	0.011743	9.0
445	-1.112884	126.356621	0.587299	0.013337	8.0
446	-1.134897	125.935461	0.588982	0.015806	10.1
447	-1.117607	126.052373	0.588514	0.014872	9.3
448	-1.130272	126.987503	0.584795	0.009797	8.9
449	-1.130691	126.549326	0.586532	0.013241	7.9
450	-1.146643	126.250084	0.587724	0.017146	10.0
451	-1.129688	127.115042	0.584292	0.012169	8.3
452	-1.119242	126.761375	0.585690	0.021414	10.1
453	-1.139413	126.483334	0.586794	0.017210	9.2
454	-1.118833	127.321886	0.583477	0.020363	8.1
455	-1.121889	126.874771	0.585241	0.014366	9.8
456	-1.109146	127.805709	0.581580	0.020041	15.3
457	-1.118364	128.798964	0.577723	0.019591	16.7
458	-1.141251	128.930083	0.577218	0.015266	8.0
459	-1.125492	128.645457	0.578316	0.014922	9.4
460	-1.119702	129.520609	0.574954	0.009190	8.0
461	-1.141153	129.808962	0.573854	0.012277	8.5
462	-1.121429	129.475840	0.575125	0.015187	9.2
463	-1.121685	129.346668	0.575619	0.016169	10.5
464	-1.123730	129.722285	0.574184	0.009248	7.9
465	-1.128476	129.812986	0.573839	0.010908	8.7
466	-1.100387	130.559904	0.571011	0.008102	8.3
467	-1.108325	130.291340	0.572025	0.014834	9.4
468	-1.113498	131.070312	0.569094	0.004040	11.5
469	-1.125325	130.923324	0.569645	0.008632	7.9
470	-1.118795	130.809612	0.570072	0.012676	8.4
471	-1.140877	130.830101	0.569995	0.013758	8.1
472	-1.135906	131.797275	0.566387	0.013318	10.3
473	-1.131398	131.359813	0.568013	0.014253	9.1
474	-1.156166	132.339908	0.564383	0.011487	9.7
475	-1.133599	131.998517	0.565642	0.014659	9.3
476	-1.139782	132.941666	0.562176	0.016987	8.3
477	-1.117214	133.851221	0.558874	0.008456	11.3
478	-1.113570	133.719937	0.559349	0.010220	7.9
479	-1.108009	133.800768	0.559056	0.018368	10.6
480	-1.121213	134.311691	0.557217	0.016612	8.0
481	-1.151810	134.856740	0.555269	0.011339	9.4
482	-1.132326	134.469604	0.556651	0.009344	8.0
483	-1.120583	134.195516	0.557634	0.019039	8.9
484	-1.107560	135.036149	0.554630	0.011570	8.4
485	-1.116876	136.034472	0.551104	0.011401	11.4
486	-1.128766	136.882569	0.548144	0.011268	9.4
487	-1.111998	137.645284	0.545509	0.006961	7.9
488	-1.104925	138.028328	0.544195	0.019514	8.8
489	-1.120943	138.870186	0.541329	0.012969	8.0
490	-1.150505	138.882308	0.541288	0.017521	11.7
491	-1.115080	139.127252	0.540460	0.010240	8.1
492	-1.141540	138.873443	0.541318	0.008699	8.6
493	-1.135355	139.384389	0.539593	0.009894	8.6
494	-1.121433	140.020361	0.537462	0.011026	10.0
495	-1.119328	140.607419	0.535510	0.007687	10.4
496	-1.118869	140.268967	0.536634	0.017774	21.9
497	-1.107223	140.005490	0.537512	0.008906	12.6
498	-1.099032	139.829809	0.538099	0.007781	13.2
499	-1.103134	139.616602	0.538813	0.010598	9.9
500	-1.143027	140.101298	0.537192	0.013769	12.7
501	-1.107989	139.690699	0.538565	0.011697	9.7
502	-1.120429	139.252302	0.540038	0.012172	8.4
503	-1.112568	140.025299	0.537446	0.018842	8.6
504	-1.141415	140.990986	0.534242	0.013283	8.3
505	-1.108898	141.988496	0.530972	0.019237	10.1
506	-1.132938	142.859436	0.528150	0.011453	8.4
507	-1.133479	143.809318	0.525106	0.016136	8.9
508	-1.132916	143.904254	0.524804	0.009214	8.0
509	-1.153912	144.767545	0.522071	0.017206	8.4
510	-1.119091	144.422804	0.523159	0.011176	8.6
511	-1.129386	145.285109	0.520446	0.011751	10.3
512	-1.099376	144.864807	0.521764	0.013284	8.3
513	-1.123723	144.579181	0.522665	0.011362	8.1
514	-1.107150	145.268817	0.520497	0.014673	8.3
515	-1.127621	144.842466	0.521835	0.009992	9.1
516	-1.101180	145.225950	0.520631	0.009005	10.9
517	-1.127763	145.647216	0.519315	0.012494	8.2
518	-1.129441	146.400652	0.516977	0.016018	11.4
519	-1.129870	146.270717	0.517379	0.014028	10.3
520	-1.142379	145.823891	0.518765	0.009191	8.6
521	-1.113106	145.574577	0.519541	0.011166	9.7
522	-1.144782	145.767228	0.518941	0.019951	9.4
523	-1.136827	145.871867	0.518616	0.020114	10.4
524	-1.113718	145.926814	0.518445	0.017443	8.2
525	-1.119668	145.488254	0.519811	0.022453	9.0
526	-1.130242	145.833238	0.518736	0.008113	8.0
527	-1.088811	145.443485	0.519950	0.014288	11.9
528	-1.139025	145.123560	0.520952	0.017419	9.0
529	-1.135146	145.780043	0.518901	0.011821	8.0
530	-1.114149	145.335116	0.520289	0.011706	9.0
531	-1.119392	144.910951	0.521619	0.012990	8.1
532	-1.097195	145.077982	0.521095	0.012743	10.5
533	-1.105216	144.799648	0.521970	0.009258	8.5
534	-1.130875	144.926084	0.521572	0.012794	8.8
535	-1.138260	144.696656	0.522294	0.011095	7.9
536	-1.122934	144.605077	0.522583	0.021730	9.5
537	-1.100640	145.518708	0.519716	0.012054	7.9
538	-1.121643	145.608744	0.519435	0.005701	10.7
539	-1.116117	145.340155	0.520273	0.010927	8.8
540	-1.118823	145.218009	0.520656	0.010319	8.0
541	-1.117305	144.852300	0.521804	0.014564	12.8
542	-1.125569	145.518950	0.519715	0.015142	8.1
543	-1.123919	145.280352	0.520461	0.011309	8.8
544	-1.116384	144.843116	0.521833	0.014030	10.3
545	-1.101785	144.557969	0.522732	0.010166	9.8
546	-1.130360	145.142438	0.520893	0.010285	9.0
547	-1.120115	145.389804	0.520118	0.010162	7.9
548	-1.109935	145.114364	0.520981	0.014286	8.7
549	-1.160539	145.023941	0.521264	0.016174	9.8
550	-1.131519	145.890344	0.518558	0.011188	10.5
551	-1.124599	146.871818	0.515526	0.014052	8.2
552	-1.135767	146.577906	0.516431	0.015964	9.0
553	-1.140457	146.152531	0.517745	0.019977	8.1
554	-1.131337	145.879564	0.518592	0.014545	9.7
555	-1.118618	146.567094	0.516464	0.008056	11.2
556	-1.136914	146.794773	0.515763	0.013744	8.0
557	-1.114417	147.083106	0.514878	0.014226	8.6
558	-1.103317	146.806655	0.515727	0.008534	7.9
559	-1.133752	147.554603	0.513438	0.025792	9.6
560	-1.132954	148.546173	0.510435	0.014219	12.1
561	-1.107048	149.058317	0.508898	0.009153	13.3
562	-1.116456	149.937028	0.506282	0.018401	10.0
563	-1.111771	149.837333	0.506578	0.009919	8.4
564	-1.113377	150.348624	0.505066	0.011673	8.9
565	-1.111599	150.533103	0.504523	0.016945	10.7
566	-1.132973	150.161306	0.505619	0.016746	7.9
567	-1.097876	150.895180	0.503460	0.016598	9.5
568	-1.118375	150.690291	0.504061	0.016360	8.0
569	-1.142267	151.557572	0.501527	0.018206	9.5
570	-1.122563	152.552584	0.498652	0.014271	8.1
571	-1.116015	152.186811	0.499705	0.011544	12.0
572	-1.103012	152.115107	0.499912	0.017600	8.1
573	-1.120056	151.953760	0.500379	0.007326	8.9
574	-1.119727	151.595474	0.501417	0.013894	8.1
575	-1.133328	151.347311	0.502139	0.013672	8.0
576	-1.130524	150.909571	0.503418	0.013071	7.8
577	-1.131333	151.801006	0.500821	0.017366	11.5
578	-1.133684	151.396358	0.501996	0.013653	9.0
579	-1.109525	151.333606	0.502179	0.010294	8.2
580	-1.129290	151.231445	0.502477	0.014426	10.8
581	-1.130327	150.836073	0.503633	0.020842	12.6
582	-1.150059	151.835422	0.500721	0.009502	16.6
583	-1.125129	151.399262	0.501988	0.012923	33.2
584	-1.126293	152.058150	0.500077	0.013016	22.5
585	-1.117640	153.012202	0.497335	0.011160	9.2
586	-1.126050	152.627379	0.498437	0.013398	9.0
587	-1.127923	153.347425	0.496379	0.017648	9.1
588	-1.114396	153.092050	0.497107	0.013079	8.2
589	-1.122860	154.077634	0.494309	0.007784	11.8
590	-1.112419	154.101726	0.494241	0.014858	8.0
591	-1.127938	153.823157	0.495028	0.013481	8.9
592	-1.128603	153.407709	0.496207	0.014150	8.1
593	-1.123361	152.968766	0.497459	0.022096	11.1
594	-1.124787	153.241289	0.496681	0.013945	12.6
595	-1.134773	153.999112	0.494530	0.012245	8.5
596	-1.097734	154.948290	0.491863	0.015112	8.5
597	-1.135979	154.545610	0.492991	0.003986	8.1
598	-1.139536	154.805274	0.492263	0.009804	10.9
599	-1.111996	154.831266	0.492190	0.012337	11.6
600	-1.110811	154.650592	0.492696	0.004515	8.6
601	-1.108629	155.036916	0.491615	0.016044	10.5
602	-1.118785	155.395574	0.490615	0.018241	8.0
603	-1.107372	156.180009	0.488443	0.008312	9.8
604	-1.101697	157.061246	0.486026	0.016481	8.8
605	-1.168539	156.679726	0.487069	0.017761	9.6
606	-1.117993	157.580914	0.484612	0.006578	8.4
607	-1.127453	157.835023	0.483923	0.013168	8.8
608	-1.121726	157.579985	0.484614	0.019328	9.4
609	-1.111838	158.109031	0.483183	0.011885	8.0
610	-1.126034	158.921599	0.481000	0.013686	11.6
611	-1.116138	158.511159	0.482100	0.012329	7.9
612	-1.135170	158.083763	0.483251	0.019418	8.9
613	-1.098699	158.800298	0.481325	0.014941	7.9
614	-1.109538	159.762845	0.478762	0.017182	8.6
615	-1.117879	160.761830	0.476131	0.011211	8.3
616	-1.123519	161.707595	0.473666	0.015428	11.7
617	-1.124394	161.271149	0.474800	0.018062	9.2
618	-1.120373	160.884160	0.475810	0.010732	7.9
619	-1.116943	161.313220	0.474691	0.018584	10.5
620	-1.136612	161.064311	0.475340	0.017469	8.1
621	-1.099361	162.020096	0.472857	0.013820	9.2
622	-1.134920	162.507891	0.471600	0.016955	10.3
623	-1.123821	162.072417	0.472722	0.009692	7.9
624	-1.126616	162.041039	0.472803	0.016702	7.9
625	-1.135735	162.803187	0.470843	0.013076	9.6
626	-1.122761	162.833626	0.470765	0.010872	8.7
627	-1.128993	162.407924	0.471857	0.018379	9.4
628	-1.103312	162.908303	0.470573	0.014857	11.6
629	-1.101314	162.461084	0.471721	0.011341	8.0
630	-1.136672	162.855016	0.470710	0.007241	8.8
631	-1.134340	163.219213	0.469779	0.013925	8.1
632	-1.139309	162.940041	0.470492	0.014234	8.5
633	-1.139734	162.592155	0.471384	0.011796	11.2
634	-1.116976	162.417874	0.471832	0.014277	8.9
635	-1.107324	162.024426	0.472846	0.010865	8.9
636	-1.108934	161.891981	0.473188	0.014685	8.1
637	-1.124268	161.764375	0.473519	0.015717	10.2
638	-1.107431	161.381015	0.474514	0.010876	9.0
639	-1.124561	160.949835	0.475639	0.011027	9.8
640	-1.106581	160.966639	0.475595	0.008690	8.0
641	-1.120489	161.245574	0.474867	0.008162	9.1
642	-1.104011	161.558797	0.474052	0.007587	8.1
643	-1.138828	161.940170	0.473064	0.018375	9.6
644	-1.105085	162.842762	0.470741	0.012348	11.4
645	-1.141153	162.401916	0.471873	0.010647	8.0
646	-1.148783	161.975180	0.472973	0.007939	10.3
647	-1.131376	161.833837	0.473339	0.018337	7.9
648	-1.115660	161.897062	0.473175	0.008166	8.6
649	-1.112930	161.456767	0.474317	0.011117	7.9
650	-1.142980	162.054387	0.472769	0.016262	10.9
651	-1.118252	161.791486	0.473449	0.012910	8.6
652	-1.128376	161.363767	0.474559	0.009320	9.4
653	-1.115752	162.146701	0.472530	0.013161	9.6
654	-1.114964	162.486458	0.471655	0.009573	8.0
655	-1.128920	162.069570	0.472729	0.013077	11.8
656	-1.135829	161.719029	0.473636	0.006013	8.0
657	-1.119748	161.352877	0.474587	0.016212	8.7
658	-1.131992	161.654266	0.473804	0.015354	7.9
659	-1.130348	162.628900	0.471289	0.018680	8.5
660	-1.113315	162.208276	0.472371	0.010551	8.2
661	-1.127079	163.167346	0.469912	0.014805	11.7
662	-1.099560	162.728566	0.471034	0.012606	9.4
663	-1.131292	163.720602	0.468504	0.018615	8.0
664	-1.107080	163.283641	0.469615	0.011397	9.0
665	-1.130402	162.910576	0.470568	0.010373	8.1
666	-1.114679	163.273542	0.469641	0.018434	8.9
667	-1.146362	163.778671	0.468357	0.011316	9.8
668	-1.111717	164.693629	0.466049	0.019436	8.6
669	-1.108494	164.397432	0.466794	0.014122	8.3
670	-1.131206	164.106791	0.467527	0.007789	10.4
671	-1.133752	163.784726	0.468342	0.009587	8.0
672	-1.112599	163.452410	0.469185	0.016571	8.9
673	-1.116327	163.176425	0.469888	0.006261	11.4
674	-1.131164	162.940671	0.470491	0.009973	8.1
675	-1.119097	162.618218	0.471317	0.017227	9.1
676	-1.110238	163.194134	0.469843	0.009201	7.9
677	-1.122741	163.502746	0.469057	0.011622	8.5
678	-1.135998	163.431857	0.469238	0.010084	9.1
679	-1.135369	163.741701	0.468451	0.014151	10.2
680	-1.114094	164.555202	0.466397	0.008728	8.2
681	-1.116910	164.140764	0.467441	0.006793	9.0
682	-1.115192	164.027366	0.467727	0.019191	9.3
683	-1.115817	164.597552	0.466290	0.009151	9.0
684	-1.146705	165.505823	0.464020	0.013235	11.5
685	-1.121081	165.539991	0.463935	0.017750	7.9
686	-1.102773	165.099246	0.465033	0.010371	13.3
687	-1.107275	166.052077	0.462665	0.007908	16.9
688	-1.108909	166.412113	0.461776	0.009184	12.1
689	-1.108107	166.132875	0.462465	0.012912	7.9
690	-1.132058	165.805040	0.463276	0.016124	10.2
691	-1.124185	166.386532	0.461839	0.015184	8.6
692	-1.121601	166.662158	0.461160	0.018714	9.0
693	-1.111351	167.579015	0.458918	0.009379	8.2
694	-1.156893	168.512435	0.456658	0.012011	10.1
695	-1.096202	168.437241	0.456839	0.012862	9.2
696	-1.110774	169.407716	0.454511	0.005729	8.4
697	-1.141505	169.474990	0.454350	0.017681	8.8
698	-1.125168	169.682254	0.453856	0.014308	8.0
699	-1.132192	169.235129	0.454923	0.014057	11.6
700	-1.113507	170.014086	0.453068	0.012079	8.0
701	-1.097381	169.631657	0.453977	0.009238	10.3
702	-1.099007	169.252965	0.454881	0.012867	8.5
703	-1.125315	168.842052	0.455865	0.010108	8.0
704	-1.117581	168.567470	0.456525	0.013704	8.4
705	-1.130515	168.190780	0.457434	0.020330	12.1
706	-1.096593	169.079304	0.455296	0.014555	10.8
707	-1.123037	168.795763	0.455976	0.011740	8.0
708	-1.089744	169.660903	0.453907	0.014945	9.7
709	-1.102681	169.364502	0.454614	0.010894	8.5
710	-1.121041	169.111287	0.455220	0.011274	11.2
711	-1.120326	169.946900	0.453227	0.013051	9.0
712	-1.108273	169.661800	0.453905	0.020477	7.9
713	-1.124486	169.258465	0.454867	0.013902	10.2
714	-1.111531	169.936882	0.453251	0.017001	8.2
715	-1.094448	169.500158	0.454290	0.012852	8.8
716	-1.115355	169.587856	0.454081	0.020121	10.6
717	-1.102713	170.584525	0.451719	0.014119	9.0
718	-1.124071	171.484235	0.449608	0.014186	9.0
719	-1.124712	172.439109	0.447388	0.007944	8.1
720	-1.116455	172.463716	0.447331	0.012089	8.5
721	-1.138739	172.452721	0.447357	0.008077	8.1
722	-1.150828	172.111874	0.448146	0.010304	12.1
723	-1.142769	171.990858	0.448427	0.016348	8.3
724	-1.122008	171.777759	0.448923	0.010668	8.7
725	-1.113386	171.498573	0.449574	0.012648	7.9
726	-1.116078	171.708352	0.449085	0.016754	13.4
727	-1.096388	172.694195	0.446799	0.009848	10.7
728	-1.117254	172.314156	0.447677	0.015955	8.1
729	-1.115803	171.903014	0.448631	0.014696	11.4
730	-1.118483	172.895013	0.446336	0.011223	14.3
731	-1.097388	173.833240	0.444187	0.017381	21.1
732	-1.145665	173.610802	0.444695	0.013446	15.4
733	-1.125767	174.601667	0.442442	0.009730	14.1
734	-1.128561	174.294368	0.443138	0.009009	12.8
735	-1.146428	174.144993	0.443477	0.007547	8.9
736	-1.130230	174.652793	0.442326	0.013115	14.1
737	-1.107196	174.778277	0.442043	0.015551	12.6
738	-1.102557	174.332980	0.443050	0.012843	17.8
739	-1.122026	174.857251	0.441865	0.014444	13.2
740	-1.118580	175.807031	0.439732	0.016413	8.1
741	-1.123432	175.359839	0.440734	0.013363	8.4
742	-1.114365	176.217347	0.438817	0.010103	8.1
743	-1.138505	176.143967	0.438981	0.007277	11.5
744	-1.122338	176.550694	0.438077	0.012876	11.2
745	-1.122126	176.500714	0.438188	0.016469	8.4
746	-1.092489	177.454775	0.436081	0.013937	9.9
747	-1.098603	178.450039	0.433905	0.006670	8.0
748	-1.116435	178.925597	0.432873	0.011614	9.2
749	-1.108608	179.235257	0.432203	0.014098	10.2
750	-1.126741	179.041569	0.432622	0.010672	10.3
751	-1.126120	178.757784	0.433237	0.006587	8.3
752	-1.107742	178.466157	0.433870	0.018015	9.5
753	-1.117973	178.263156	0.434312	0.015835	9.1
754	-1.078926	178.789020	0.433169	0.015282	10.6
755	-1.107561	179.017095	0.432675	0.011237	10.0
756	-1.100550	178.606054	0.433566	0.013590	8.0
757	-1.128091	178.576260	0.433631	0.012308	9.0
758	-1.131482	179.517904	0.431594	0.012300	8.2
759	-1.114409	180.122697	0.430296	0.008199	8.2
760	-1.121027	180.546523	0.429392	0.011246	10.4
761	-1.097304	180.202425	0.430126	0.024443	8.7
762	-1.116716	181.150732	0.428108	0.017679	9.0
763	-1.134911	182.142934	0.426017	0.009962	8.0
764	-1.142201	183.120431	0.423977	0.005967	9.9
765	-1.143164	182.996510	0.424235	0.017626	9.9
766	-1.122358	183.582744	0.423019	0.009871	9.2
767	-1.120499	183.253027	0.423702	0.013734	7.9
768	-1.118419	183.212865	0.423785	0.013546	8.6
769	-1.128842	183.375764	0.423447	0.012120	8.1
770	-1.116149	183.180294	0.423853	0.012414	10.3
771	-1.111099	184.009820	0.422138	0.008596	11.1
772	-1.135376	183.690669	0.422796	0.016034	8.0
773	-1.096815	183.592640	0.422998	0.011163	10.1
774	-1.116422	183.461212	0.423270	0.012312	8.1
775	-1.129071	183.995554	0.422167	0.011232	8.7
776	-1.128666	184.241737	0.421661	0.018108	8.0
777	-1.101439	185.113671	0.419877	0.017530	10.2
778	-1.128798	185.795468	0.418493	0.017329	8.1
779	-1.104453	185.422929	0.419248	0.021005	10.2
780	-1.125674	186.422915	0.417227	0.015872	9.0
781	-1.121683	185.976923	0.418126	0.014726	8.1
782	-1.124287	186.813108	0.416443	0.009731	12.3
783	-1.109809	186.978945	0.416111	0.008066	9.6
784	-1.132184	187.147010	0.415775	0.007517	9.4
785	-1.121420	187.032657	0.416004	0.019604	9.0
786	-1.124819	187.855136	0.414366	0.013372	10.1
787	-1.127080	187.595814	0.414881	0.010292	18.8
788	-1.136528	188.066803	0.413946	0.013988	40.5
789	-1.119749	188.561030	0.412970	0.013298	22.4
790	-1.141192	188.546447	0.412998	0.006482	19.9
791	-1.117638	188.760184	0.412578	0.014531	32.9
792	-1.155691	188.456966	0.413175	0.015833	26.1
793	-1.108770	189.273074	0.411571	0.019574	23.7
794	-1.145331	190.203340	0.409759	0.012561	27.2
795	-1.132662	190.368607	0.409438	0.013142	21.8
796	-1.141389	190.534659	0.409117	0.014122	16.6
797	-1.115858	190.149446	0.409863	0.011637	13.9
798	-1.128389	191.128628	0.407971	0.009201	13.9
799	-1.135777	191.393824	0.407462	0.014215	10.3
800	-1.157798	190.979942	0.408257	0.014677	14.9
801	-1.135526	191.970546	0.406358	0.013066	11.3
802	-1.102029	191.568244	0.407127	0.010256	14.3
803	-1.134155	192.164291	0.405989	0.009559	14.1
804	-1.125437	191.933159	0.406430	0.010987	10.9
805	-1.139104	191.516644	0.407226	0.012705	12.4
806	-1.147500	192.167594	0.405983	0.009112	13.7
807	-1.112394	191.792094	0.406699	0.014190	20.1
808	-1.110182	191.704194	0.406867	0.010230	14.2
809	-1.124277	191.308198	0.407626	0.013211	47.3
810	-1.113176	191.292576	0.407656	0.009942	18.5
811	-1.117585	191.165382	0.407901	0.013435	35.8
812	-1.126643	191.087848	0.408050	0.014652	24.7
813	-1.092817	191.924181	0.406447	0.018029	32.7
814	-1.125538	192.901524	0.404590	0.010318	17.4
815	-1.092498	192.464185	0.405419	0.014027	17.3
816	-1.090031	193.314225	0.403811	0.013288	29.6
817	-1.133660	194.044753	0.402439	0.017044	18.8
818	-1.113954	194.909376	0.400827	0.018325	25.8
819	-1.116237	195.902615	0.398992	0.014918	23.6
820	-1.146805	196.899268	0.397167	0.014422	26.7
821	-1.142970	197.852229	0.395437	0.021849	21.7
822	-1.119098	197.778692	0.395570	0.011626	28.8
823	-1.137331	198.777074	0.393773	0.012161	21.5
824	-1.135911	199.590667	0.392321	0.011481	20.5
825	-1.110986	200.386568	0.390911	0.019534	14.6
826	-1.152770	199.985197	0.391621	0.015778	19.1
827	-1.121505	199.577970	0.392344	0.012231	50.3
828	-1.141909	199.172132	0.393067	0.016755	17.1
829	-1.096411	199.966806	0.391653	0.019633	20.0
830	-1.110956	199.520541	0.392446	0.014905	23.9
831	-1.139798	199.080502	0.393231	0.012976	13.9
832	-1.099229	200.069160	0.391472	0.014552	11.7
833	-1.096867	200.800190	0.390182	0.009583	23.3
834	-1.119478	201.742927	0.388530	0.016714	23.0
835	-1.123619	202.632438	0.386985	0.013080	15.2
836	-1.107749	202.503332	0.387208	0.008510	11.7
837	-1.116257	202.313155	0.387538	0.014446	13.9
838	-1.124890	202.170440	0.387786	0.014364	13.8
839	-1.113705	202.018621	0.388050	0.008722	22.5
840	-1.119519	202.575040	0.387084	0.009381	10.7
841	-1.110315	202.400525	0.387387	0.010208	14.0
842	-1.108025	202.867750	0.386578	0.012954	18.3
843	-1.103541	202.476961	0.387254	0.015440	13.0
844	-1.121455	202.037422	0.388017	0.009537	12.7
845	-1.148963	201.842474	0.388357	0.009309	12.4
846	-1.123996	202.410284	0.387370	0.006795	12.0
847	-1.123428	202.650169	0.386954	0.012014	13.8
848	-1.132022	202.725409	0.386824	0.011874	16.5
849	-1.129110	202.378918	0.387424	0.019674	15.2
850	-1.127255	203.329179	0.385783	0.011277	13.0
851	-1.139423	204.316173	0.384093	0.015791	11.1
852	-1.157500	204.435506	0.383890	0.008633	12.6
853	-1.127709	204.038949	0.384566	0.013796	9.4
854	-1.148249	204.137140	0.384398	0.012748	11.9
855	-1.133309	203.757993	0.385047	0.011852	11.7
856	-1.118593	203.750702	0.385059	0.011740	18.4
857	-1.158125	203.354715	0.385739	0.015049	20.3
858	-1.108990	203.987548	0.384654	0.011101	32.9
859	-1.110349	204.048791	0.384549	0.011956	23.0
860	-1.128121	203.897330	0.384808	0.014257	26.4
861	-1.125024	204.133447	0.384405	0.014335	12.4
862	-1.102481	203.711476	0.385127	0.015231	13.5
863	-1.134931	203.294045	0.385843	0.014795	12.0
864	-1.106341	203.046788	0.386269	0.009272	12.9
865	-1.152085	202.721692	0.386830	0.012891	10.3
866	-1.133614	202.885168	0.386548	0.013158	14.4
867	-1.115016	202.747373	0.386786	0.017307	10.6
868	-1.147789	202.314691	0.387535	0.012727	13.8
869	-1.114626	202.191254	0.387750	0.011326	9.3
870	-1.127929	201.924062	0.388215	0.021163	14.6
871	-1.127106	202.451004	0.387299	0.012901	12.3
872	-1.111210	203.400774	0.385660	0.010726	13.6
873	-1.160311	202.960066	0.386419	0.015006	12.8
874	-1.154865	203.666414	0.385204	0.007979	11.0
875	-1.102634	203.676252	0.385187	0.014222	12.7
876	-1.111722	203.644469	0.385241	0.007278	11.5
877	-1.134864	203.748835	0.385063	0.006466	14.3
878	-1.136731	203.441821	0.385589	0.010175	18.6
879	-1.117142	203.584518	0.385344	0.014385	14.2
880	-1.116937	203.146041	0.386098	0.007980	8.6
881	-1.146667	202.979184	0.386386	0.010602	30.4
882	-1.102498	203.270047	0.385885	0.016036	18.4
883	-1.123881	202.875832	0.386564	0.012412	42.1
884	-1.159495	202.429179	0.387337	0.005452	21.9
885	-1.144554	202.480774	0.387247	0.010176	30.9
886	-1.132258	202.176734	0.387775	0.015543	29.7
887	-1.116620	201.785072	0.388457	0.012371	27.4
888	-1.107212	202.671421	0.386917	0.013437	27.1
889	-1.135159	202.386434	0.387411	0.010710	28.0
890	-1.098663	201.974731	0.388126	0.008650	19.4
891	-1.139886	202.700189	0.386868	0.008523	34.0
892	-1.111646	202.734729	0.386808	0.017453	22.0
893	-1.120593	203.574114	0.385362	0.006221	10.8
894	-1.113382	204.090931	0.384477	0.013632	14.0
895	-1.118196	204.492189	0.383793	0.014022	12.6
896	-1.115483	205.477170	0.382124	0.007838	14.7
897	-1.136314	206.051318	0.381158	0.011000	10.9
898	-1.137426	205.697062	0.381753	0.016824	14.9
899	-1.108152	205.257055	0.382496	0.016905	24.9
900	-1.139095	206.174170	0.380952	0.011191	15.8
901	-1.134769	207.127240	0.379360	0.013558	17.2
902	-1.123072	206.771712	0.379952	0.011536	27.5
903	-1.115089	206.329802	0.380691	0.016011	34.6
904	-1.110630	207.139721	0.379339	0.014620	16.8
905	-1.110017	206.693312	0.380083	0.012449	14.2
906	-1.106687	206.267493	0.380795	0.009917	14.9
907	-1.109262	205.835008	0.381521	0.010808	20.0
908	-1.151964	206.727603	0.380026	0.010568	13.0
909	-1.139537	206.434750	0.380515	0.010604	10.0
910	-1.128529	206.639080	0.380174	0.008956	12.3
911	-1.122228	206.461361	0.380471	0.013044	19.8
912	-1.148866	206.028424	0.381196	0.018622	12.8
913	-1.099257	206.906948	0.379727	0.006718	12.8
914	-1.120377	206.508713	0.380391	0.019611	14.4
915	-1.098309	206.108888	0.381061	0.006106	10.1
916	-1.143704	205.776271	0.381620	0.009466	10.0
917	-1.114046	206.167747	0.380962	0.012938	10.1
918	-1.097640	206.185539	0.380933	0.008656	9.4
919	-1.106171	206.450153	0.380489	0.013052	10.8
920	-1.117028	206.019331	0.381211	0.017716	10.4
921	-1.134029	205.643113	0.381844	0.015641	11.7
922	-1.137561	206.621390	0.380203	0.008519	8.6
923	-1.111954	207.365886	0.378964	0.012486	8.9
924	-1.122246	207.824333	0.378204	0.013564	10.6
925	-1.147126	208.697679	0.376766	0.011482	9.5
926	-1.121188	208.849126	0.376518	0.013696	8.5
927	-1.117340	209.771900	0.375013	0.013737	10.0
928	-1.094111	210.748656	0.373432	0.011123	7.9
929	-1.141335	210.525808	0.373791	0.013225	11.6
930	-1.155583	210.155300	0.374391	0.014203	8.1
931	-1.126723	209.732807	0.375076	0.008302	8.4
932	-1.124056	209.516550	0.375428	0.009420	8.3
933	-1.118591	209.189799	0.375961	0.016801	13.2
934	-1.133858	209.964029	0.374701	0.010961	11.7
935	-1.103389	209.771635	0.375013	0.014118	8.0
936	-1.114037	209.549696	0.375374	0.012488	9.5
937	-1.090701	209.599776	0.375293	0.010372	10.2
938	-1.122783	209.331419	0.375730	0.011579	8.0
939	-1.107335	209.037191	0.376210	0.014984	9.9
940	-1.149279	208.679720	0.376796	0.014541	9.1
941	-1.110254	208.971465	0.376318	0.014659	10.4
942	-1.114269	209.545491	0.375381	0.008704	8.4
943	-1.111359	209.122534	0.376071	0.014671	9.7
944	-1.139518	210.034642	0.374586	0.016794	10.2
945	-1.125293	210.865100	0.373244	0.014490	10.3
946	-1.128918	211.782711	0.371773	0.014509	9.1
947	-1.110812	212.664171	0.370371	0.014003	8.1
948	-1.111975	212.875095	0.370037	0.011361	9.9
949	-1.131748	212.569976	0.370520	0.012333	9.7
950	-1.124017	212.839946	0.370092	0.007973	12.0
951	-1.118456	212.621729	0.370438	0.012239	9.3
952	-1.098023	213.134381	0.369627	0.018337	8.7
953	-1.112949	212.763967	0.370213	0.005973	10.3
954	-1.157507	212.449338	0.370712	0.009918	8.6
955	-1.092206	212.790993	0.370170	0.012105	10.5
956	-1.150214	213.451161	0.369127	0.007079	9.7
957	-1.146389	213.138375	0.369621	0.019641	8.3
958	-1.117115	213.416938	0.369181	0.016659	12.6
959	-1.134368	213.708705	0.368722	0.011380	16.1
960	-1.117983	214.619949	0.367296	0.027578	13.0
961	-1.142164	215.215586	0.366370	0.011079	8.5
962	-1.117873	214.808262	0.367003	0.021567	10.0
963	-1.092177	215.582756	0.365802	0.014515	8.5
964	-1.134687	215.281694	0.366268	0.011755	16.3
965	-1.133407	215.507216	0.365919	0.004671	24.6
966	-1.108814	215.368091	0.366134	0.007957	17.6
967	-1.123934	215.458102	0.365995	0.010966	19.3
968	-1.130386	215.309498	0.366225	0.006983	16.2
969	-1.113515	215.016822	0.366679	0.010693	15.6
970	-1.109729	214.892650	0.366872	0.009122	19.9
971	-1.147385	214.593116	0.367338	0.007987	17.1
972	-1.117039	214.263181	0.367853	0.019452	18.0
973	-1.121235	214.463143	0.367541	0.010938	24.0
974	-1.124181	214.917031	0.366834	0.018898	16.2
975	-1.116756	214.477763	0.367518	0.015447	16.2
976	-1.128729	214.237702	0.367893	0.007174	19.3
977	-1.137566	214.259680	0.367859	0.018869	16.3
978	-1.136113	215.125675	0.366510	0.013088	25.0
979	-1.114063	216.076872	0.365039	0.011090	16.0
980	-1.110251	215.742798	0.365554	0.015129	17.5
981	-1.102330	215.440185	0.366022	0.010194	20.9
982	-1.104610	215.010838	0.366688	0.018129	17.8
983	-1.145517	216.006482	0.365148	0.013074	14.5
984	-1.101191	215.599123	0.365776	0.018934	17.1
985	-1.127841	216.093057	0.365014	0.012044	13.5
986	-1.135764	217.075861	0.363508	0.011550	9.5
987	-1.115186	216.788590	0.363947	0.013027	11.1
988	-1.120495	216.612924	0.364216	0.013784	11.3
989	-1.105650	217.117319	0.363444	0.016309	11.6
990	-1.108556	217.297427	0.363170	0.010039	8.0
991	-1.137289	217.971980	0.362144	0.016510	9.0
992	-1.111021	218.862999	0.360799	0.008855	10.3
993	-1.103223	219.429044	0.359950	0.018369	14.2
994	-1.117515	219.022618	0.360559	0.010525	9.7
995	-1.139158	218.960479	0.360653	0.010980	8.4
996	-1.147248	219.737936	0.359488	0.020182	9.6
997	-1.122129	219.339782	0.360083	0.015425	9.0
998	-1.129560	218.892906	0.360754	0.013789	9.1
999	-1.099601	218.612243	0.361177	0.011688	10.7
1000	-1.106888	218.752486	0.360965	0.011793	11.5
1001	-1.117915	218.760347	0.360954	0.013975	9.3
1002	-1.134629	219.751424	0.359468	0.012527	8.4
1003	-1.120976	219.319184	0.360114	0.007441	8.9
1004	-1.127275	218.939644	0.360684	0.007333	15.2
1005	-1.177948	219.317502	0.360117	0.010483	8.2
1006	-1.089843	219.260389	0.360202	0.016850	9.0
1007	-1.116231	220.165173	0.358851	0.010165	8.7
1008	-1.117070	220.817090	0.357884	0.008665	11.8
1009	-1.147216	220.686782	0.358077	0.008765	11.9
1010	-1.131418	220.348268	0.358579	0.010429	8.3
1011	-1.114877	220.060161	0.359007	0.014625	10.6
1012	-1.120858	219.641065	0.359633	0.014014	10.9
1013	-1.094613	219.216878	0.360268	0.019237	8.3
1014	-1.104963	220.214656	0.358777	0.014999	12.1
1015	-1.129758	219.851669	0.359318	0.012445	12.3
1016	-1.102623	219.447317	0.359922	0.014011	8.8
1017	-1.136107	220.353613	0.358571	0.013367	11.2
1018	-1.151714	221.137672	0.357410	0.011806	12.6
1019	-1.099820	221.534321	0.356825	0.011334	9.2
1020	-1.096599	222.026917	0.356102	0.012143	10.7
1021	-1.114801	221.624020	0.356693	0.014632	15.6
1022	-1.118579	221.765704	0.356485	0.015637	8.2
1023	-1.126852	221.953230	0.356210	0.011624	16.6
1024	-1.134469	221.583581	0.356753	0.015537	10.1
1025	-1.158236	222.538444	0.355354	0.011680	8.6
1026	-1.159425	222.121159	0.355964	0.007877	10.3
1027	-1.132736	222.062546	0.356050	0.013521	12.1
1028	-1.117417	222.691321	0.355131	0.013399	8.3
1029	-1.141517	222.255432	0.355767	0.017260	9.5
1030	-1.101996	223.185533	0.354412	0.011273	9.6
1031	-1.136926	222.740486	0.355059	0.003937	9.3
1032	-1.110231	222.514335	0.355389	0.006177	8.7
1033	-1.142697	222.424497	0.355520	0.011464	12.0
1034	-1.103825	222.677624	0.355151	0.014908	9.4
1035	-1.123408	223.276817	0.354280	0.009545	10.7
1036	-1.100342	223.140114	0.354478	0.008019	12.1
1037	-1.146569	223.212888	0.354373	0.010722	11.0
1038	-1.128083	223.326597	0.354208	0.016946	8.2
1039	-1.116160	223.874067	0.353416	0.016454	10.8
1040	-1.131290	223.429990	0.354058	0.014462	10.4
1041	-1.115966	223.098885	0.354538	0.013922	8.1
1042	-1.138277	222.682666	0.355144	0.016359	9.9
1043	-1.098118	223.514932	0.353935	0.014752	13.9
1044	-1.159142	224.275480	0.352837	0.013812	8.3
1045	-1.139407	224.374957	0.352694	0.010629	9.0
1046	-1.097941	224.471775	0.352555	0.012153	10.1
1047	-1.144814	224.100368	0.353090	0.021173	9.7
1048	-1.091713	225.097424	0.351659	0.014042	11.7
1049	-1.154589	225.933830	0.350468	0.015936	9.8
1050	-1.147209	226.908880	0.349089	0.009976	9.5
1051	-1.126004	227.882459	0.347724	0.022437	8.3
1052	-1.109025	227.442433	0.348340	0.021000	10.6
1053	-1.138809	228.442322	0.346943	0.010630	12.5
1054	-1.109783	229.057389	0.346090	0.007408	8.2
1055	-1.147388	228.716786	0.346562	0.013025	10.5
1056	-1.126237	228.618263	0.346699	0.016080	12.1
1057	-1.118253	229.031004	0.346127	0.009754	12.1
1058	-1.127145	228.670096	0.346627	0.014980	16.5
1059	-1.137104	228.457685	0.346922	0.017935	9.7
1060	-1.106888	229.320338	0.345726	0.011327	8.5
1061	-1.123328	228.876351	0.346341	0.014064	9.4
1062	-1.119922	229.737954	0.345151	0.007827	10.9
1063	-1.160554	230.514903	0.344084	0.016091	10.4
1064	-1.131438	230.152140	0.344581	0.010800	9.3
1065	-1.124886	229.711866	0.345187	0.010295	8.3
1066	-1.134211	230.497537	0.344108	0.012958	11.7
1067	-1.119715	231.304489	0.343008	0.013968	12.8
1068	-1.105828	232.249371	0.341728	0.007730	8.2
1069	-1.107356	232.090613	0.341942	0.010858	10.2
1070	-1.127838	231.828169	0.342297	0.010913	10.0
1071	-1.140042	232.319668	0.341633	0.013670	8.6
1072	-1.128274	233.172381	0.340487	0.015570	11.6
1073	-1.120180	233.131614	0.340542	0.019122	9.9
1074	-1.149600	234.129340	0.339210	0.009124	9.2
1075	-1.121163	235.069727	0.337964	0.011449	8.2
1076	-1.121942	235.960980	0.336792	0.011977	8.5
1077	-1.112759	235.813732	0.336985	0.006478	10.9
1078	-1.123899	235.524522	0.337365	0.013207	8.7
1079	-1.116642	235.793108	0.337012	0.010962	10.0
1080	-1.151524	236.278771	0.336376	0.021389	8.5
1081	-1.098256	235.842186	0.336948	0.006936	9.8
1082	-1.132898	235.491368	0.337408	0.012574	9.5
1083	-1.115314	235.197531	0.337795	0.010495	10.9
1084	-1.113618	235.111363	0.337909	0.020530	12.0
1085	-1.116358	236.078029	0.336639	0.011476	11.0
1086	-1.110086	235.634116	0.337221	0.023437	8.5
1087	-1.109966	235.801432	0.337001	0.010747	14.2
1088	-1.124286	236.310409	0.336334	0.012238	10.8
1089	-1.104334	236.949556	0.335501	0.010618	8.2
1090	-1.144807	237.245550	0.335117	0.016039	9.6
1091	-1.101189	238.140848	0.333959	0.009538	10.8
1092	-1.134169	237.919590	0.334244	0.017789	10.9
1093	-1.151892	237.555616	0.334715	0.014971	10.5
1094	-1.097496	237.443984	0.334859	0.015911	8.1
1095	-1.109738	238.429587	0.333587	0.015835	10.1
1096	-1.139402	239.417420	0.332322	0.016849	10.1
1097	-1.130307	238.994546	0.332862	0.010381	9.8
1098	-1.137818	239.801244	0.331833	0.015971	10.7
1099	-1.123636	240.359691	0.331124	0.014674	9.8
1100	-1.143979	239.912551	0.331691	0.012333	9.9
1101	-1.121624	239.492651	0.332226	0.014764	8.4
1102	-1.110824	239.096733	0.332731	0.018547	11.3
1103	-1.112030	240.017001	0.331558	0.019377	11.6
1104	-1.134797	239.570330	0.332127	0.018212	8.1
1105	-1.102507	240.549538	0.330883	0.017372	10.1
1106	-1.116095	240.511462	0.330931	0.011486	10.1
1107	-1.136515	240.081559	0.331476	0.008709	8.6
1108	-1.120252	240.296108	0.331204	0.007433	12.6
1109	-1.137077	240.572159	0.330855	0.018708	11.1
1110	-1.086705	240.908485	0.330430	0.013703	8.2
1111	-1.135954	240.488709	0.330960	0.016878	9.5
1112	-1.115533	240.081605	0.331476	0.006746	12.0
1113	-1.121140	240.413330	0.331056	0.017485	9.0
1114	-1.105399	241.014007	0.330297	0.014347	8.4
1115	-1.139467	240.572211	0.330855	0.012375	9.3
1116	-1.104590	241.286467	0.329954	0.013764	11.2
1117	-1.144835	240.857495	0.330494	0.007632	8.1
1118	-1.125424	240.518962	0.330922	0.011254	15.3
1119	-1.131742	240.643397	0.330765	0.009612	13.0
1120	-1.104559	241.288332	0.329951	0.013265	8.3
1121	-1.128102	241.999989	0.329058	0.017545	8.9
1122	-1.143501	241.571639	0.329595	0.012678	10.5
1123	-1.122333	242.546873	0.328376	0.016899	10.7
1124	-1.094643	242.388894	0.328573	0.006935	11.3
1125	-1.131998	242.047627	0.328999	0.012808	9.9
1126	-1.103298	241.708281	0.329424	0.017954	8.2
1127	-1.137111	242.640013	0.328260	0.011388	9.6
1128	-1.108893	243.433655	0.327274	0.010569	9.8
1129	-1.129706	243.976481	0.326604	0.013794	10.3
1130	-1.118472	244.793051	0.325601	0.010708	11.1
1131	-1.133770	245.495199	0.324743	0.010848	8.5
1132	-1.130474	245.063264	0.325270	0.017397	9.6
1133	-1.121708	246.048983	0.324069	0.012432	12.3
1134	-1.117892	246.893465	0.323048	0.017424	8.9
1135	-1.128026	247.821129	0.321933	0.020025	8.3
1136	-1.126699	248.068964	0.321636	0.017649	9.9
1137	-1.126736	247.621636	0.322172	0.013443	10.2
1138	-1.150777	248.558611	0.321052	0.008946	10.1
1139	-1.097773	248.476525	0.321150	0.008843	10.4
1140	-1.144429	248.290264	0.321372	0.013397	12.1
1141	-1.122230	248.428948	0.321207	0.006353	8.4
1142	-1.111367	248.560373	0.321050	0.008856	9.9
1143	-1.131302	248.931545	0.320609	0.015127	12.1
1144	-1.111262	248.858233	0.320696	0.014816	8.8
1145	-1.140157	248.962913	0.320571	0.015449	9.6
1146	-1.113183	248.556603	0.321055	0.012657	9.7
1147	-1.108632	248.590874	0.321014	0.021878	9.5
1148	-1.121566	248.561250	0.321049	0.008638	10.2
1149	-1.098970	248.548129	0.321065	0.010764	11.4
1150	-1.114738	248.269923	0.321396	0.009958	9.7
1151	-1.085323	247.888600	0.321852	0.016605	8.4
1152	-1.110962	247.744963	0.322024	0.014376	11.9
1153	-1.112915	248.555489	0.321056	0.005978	12.0
1154	-1.133317	248.838574	0.320719	0.011138	8.2
1155	-1.110975	249.330154	0.320136	0.017442	9.0
1156	-1.118974	249.944499	0.319410	0.005629	8.2
1157	-1.123425	250.198660	0.319111	0.007834	9.5
1158	-1.107137	249.963330	0.319388	0.013265	10.6
1159	-1.119537	250.321077	0.318967	0.006932	8.6
1160	-1.127785	249.907990	0.319453	0.013160	8.2
1161	-1.138433	250.302402	0.318989	0.016393	8.7
1162	-1.157881	250.515338	0.318738	0.019347	8.3
1163	-1.141103	251.371657	0.317736	0.010227	8.4
1164	-1.116613	252.331905	0.316620	0.013163	11.3
1165	-1.120655	252.044161	0.316954	0.017345	8.6
1166	-1.121116	252.578217	0.316335	0.014511	8.6
1167	-1.138502	252.189364	0.316785	0.013813	8.1
1168	-1.104252	251.747511	0.317298	0.013457	8.3
1169	-1.133413	251.335433	0.317779	0.012513	8.1
1170	-1.110226	251.973263	0.317036	0.012976	10.3
1171	-1.130354	252.656292	0.316245	0.014799	8.1
1172	-1.141294	252.848238	0.316023	0.014772	8.4
1173	-1.164670	253.760959	0.314973	0.015728	8.2
1174	-1.110835	253.332478	0.315465	0.014372	8.4
1175	-1.116287	253.716390	0.315024	0.016556	8.3
1176	-1.106165	254.711780	0.313887	0.011443	11.6
1177	-1.137696	254.333014	0.314319	0.012796	8.6
1178	-1.105519	254.965492	0.313599	0.009391	8.1
1179	-1.120134	255.279986	0.313242	0.010805	8.3
1180	-1.119989	255.337683	0.313176	0.015172	8.4
1181	-1.105857	255.728802	0.312734	0.012539	9.6
1182	-1.110490	255.373352	0.313136	0.010789	9.8
1183	-1.128583	256.140154	0.312269	0.019441	8.4
1184	-1.117018	257.116632	0.311173	0.007909	8.1
1185	-1.129512	257.130967	0.311157	0.014727	9.1
1186	-1.138909	257.919830	0.310277	0.009834	8.7
1187	-1.119557	258.657960	0.309458	0.010314	9.8
1188	-1.108614	258.370213	0.309777	0.014847	11.3
1189	-1.120098	257.976564	0.310214	0.010559	8.5
1190	-1.129738	258.767771	0.309336	0.009204	8.8
1191	-1.140979	258.746883	0.309360	0.010647	8.2
1192	-1.093062	258.385850	0.309759	0.010203	8.5
1193	-1.138838	258.285812	0.309870	0.010642	8.4
1194	-1.102994	259.025511	0.309052	0.015950	11.0
1195	-1.110569	258.727284	0.309381	0.012282	8.1
1196	-1.115914	259.722605	0.308284	0.013518	8.6
1197	-1.093707	260.546855	0.307382	0.009460	8.1
1198	-1.141027	260.135821	0.307831	0.019768	9.3
1199	-1.129581	260.781580	0.307126	0.012149	11.2
1200	-1.128804	261.499292	0.306345	0.014561	8.2
1201	-1.112959	261.076753	0.306804	0.017589	8.7
1202	-1.092350	260.630041	0.307291	0.012411	8.3
1203	-1.097042	261.468589	0.306379	0.009788	9.7
1204	-1.137462	261.211489	0.306658	0.009499	8.1
1205	-1.104614	261.383859	0.306471	0.007491	11.9
1206	-1.123120	261.398680	0.306455	0.020584	8.6
1207	-1.123034	261.093338	0.306786	0.013265	8.4
1208	-1.148691	261.744743	0.306079	0.008782	8.6
1209	-1.129898	261.685976	0.306143	0.012068	8.3
1210	-1.133350	261.803508	0.306016	0.014221	10.2
1211	-1.124465	261.515656	0.306328	0.013513	9.7
1212	-1.129082	262.011354	0.305791	0.005319	9.1
1213	-1.115701	262.009140	0.305794	0.013938	8.2
1214	-1.110001	261.747122	0.306077	0.022216	8.7
1215	-1.106681	262.745292	0.305000	0.011235	8.1
1216	-1.117906	262.301933	0.305478	0.010822	11.7
1217	-1.096324	262.116469	0.305678	0.016301	9.1
1218	-1.108802	263.050308	0.304673	0.015330	8.1
1219	-1.119566	262.631434	0.305123	0.014371	9.2
1220	-1.098905	263.439095	0.304256	0.013481	8.1
1221	-1.121902	262.994603	0.304732	0.013240	10.2
1222	-1.114167	262.612308	0.305143	0.015672	8.6
1223	-1.111111	263.519521	0.304170	0.012904	10.3
1224	-1.140834	263.176116	0.304538	0.012344	8.1
1225	-1.136752	263.349774	0.304352	0.012727	9.2
1226	-1.122707	263.323987	0.304379	0.012421	8.6
1227	-1.113900	264.176594	0.303469	0.010438	11.2
1228	-1.112120	264.361780	0.303272	0.013492	8.9
1229	-1.125542	263.989961	0.303668	0.015768	8.1
1230	-1.122948	263.617651	0.304065	0.014325	9.3
1231	-1.129748	263.204797	0.304507	0.010763	8.0
1232	-1.151782	262.762288	0.304982	0.023978	8.7
1233	-1.114707	263.622210	0.304060	0.011336	11.1
1234	-1.116870	263.175008	0.304539	0.013152	8.8
1235	-1.106808	263.105234	0.304614	0.015497	8.4
1236	-1.124092	262.917640	0.304815	0.008978	8.1
1237	-1.140506	262.742131	0.305004	0.009539	8.3
1238	-1.122497	262.358705	0.305416	0.008758	10.3
1239	-1.124954	262.445936	0.305322	0.016129	14.5
1240	-1.109243	262.588399	0.305169	0.007145	9.0
1241	-1.132697	263.252522	0.304456	0.017331	8.2
1242	-1.133198	263.112658	0.304606	0.015685	9.6
1243	-1.095448	262.692786	0.305057	0.015365	11.2
1244	-1.093290	263.675268	0.304004	0.009261	9.0
1245	-1.090914	263.390342	0.304308	0.006055	8.1
1246	-1.107503	263.217586	0.304493	0.011576	8.8
1247	-1.124670	263.384794	0.304314	0.021275	9.3
1248	-1.116507	264.379245	0.303254	0.016749	8.5
1249	-1.136434	265.376298	0.302198	0.011828	16.6
1250	-1.121032	264.931112	0.302669	0.018342	14.5
1251	-1.097701	265.860285	0.301688	0.012989	13.2
1252	-1.094668	265.413703	0.302159	0.011762	9.9
1253	-1.142923	266.066148	0.301472	0.010391	8.2
1254	-1.097191	265.632259	0.301928	0.011577	8.5
1255	-1.121734	265.587328	0.301976	0.015680	8.3
1256	-1.097876	265.145530	0.302442	0.010108	11.6
1257	-1.104917	265.277961	0.302302	0.004781	8.1
1258	-1.127375	265.326709	0.302250	0.011717	8.7
1259	-1.097498	265.177630	0.302408	0.015601	8.8
1260	-1.113096	265.591267	0.301971	0.009398	8.3
1261	-1.131170	265.542887	0.302022	0.015113	9.9
1262	-1.134054	266.253173	0.301276	0.017645	9.0
1263	-1.123862	265.839139	0.301710	0.014231	8.9
1264	-1.140320	266.598441	0.300914	0.009562	8.4
1265	-1.147842	267.034812	0.300458	0.005999	9.5
1266	-1.154452	267.456702	0.300019	0.014548	8.2
1267	-1.119863	267.045818	0.300447	0.010246	8.5
1268	-1.138636	266.703479	0.300804	0.016589	9.5
1269	-1.111301	266.924135	0.300574	0.013624	8.6
1270	-1.110857	266.534941	0.300980	0.007649	8.2
1271	-1.120650	266.194637	0.301337	0.012308	8.7
1272	-1.091500	266.514500	0.301002	0.010612	8.4
1273	-1.135496	266.109404	0.301426	0.021784	8.6
1274	-1.124287	265.787453	0.301765	0.007401	9.7
1275	-1.110686	265.535340	0.302030	0.013873	8.4
1276	-1.158037	266.221866	0.301308	0.013522	8.5
1277	-1.136585	265.816623	0.301734	0.007285	12.4
1278	-1.118497	265.937021	0.301608	0.017713	12.8
1279	-1.132142	266.015250	0.301525	0.019598	9.4
1280	-1.126649	265.567851	0.301996	0.018473	8.0
1281	-1.141701	266.565521	0.300948	0.015660	8.4
1282	-1.109622	266.118259	0.301417	0.019137	8.2
1283	-1.114032	265.703728	0.301853	0.020680	9.3
1284	-1.120044	266.703132	0.300804	0.010880	8.5
1285	-1.100548	266.259034	0.301269	0.009594	10.0
1286	-1.138259	265.844128	0.301705	0.008726	8.6
1287	-1.119286	265.476204	0.302093	0.012833	8.3
1288	-1.115718	265.953153	0.301591	0.014686	8.5
1289	-1.119939	265.741219	0.301813	0.017306	8.8
1290	-1.134217	266.560868	0.300953	0.012008	12.7
1291	-1.111973	266.123985	0.301411	0.007743	8.8
1292	-1.100758	266.053797	0.301485	0.013291	10.7
1293	-1.125093	265.662393	0.301896	0.012680	14.9
1294	-1.127179	266.002969	0.301538	0.013187	11.0
1295	-1.148446	265.985751	0.301556	0.014162	15.9
1296	-1.130453	265.630382	0.301930	0.009630	12.5
1297	-1.127623	265.249255	0.302332	0.009818	8.9
1298	-1.119851	265.307567	0.302271	0.017630	9.1
1299	-1.114908	264.979005	0.302618	0.008409	10.6
1300	-1.151612	265.285918	0.302293	0.017553	9.0
1301	-1.117081	265.510596	0.302056	0.015041	8.1
1302	-1.150556	265.102683	0.302487	0.012173	9.0
1303	-1.118798	265.132739	0.302455	0.017659	8.2
1304	-1.112889	264.888251	0.302714	0.015615	9.6
1305	-1.134774	264.448867	0.303180	0.017590	9.9
1306	-1.123881	265.447621	0.302123	0.013970	8.5
1307	-1.135798	266.354634	0.301169	0.017772	8.1
1308	-1.125453	266.506756	0.301010	0.010117	8.6
1309	-1.128414	266.098622	0.301438	0.014012	8.5
1310	-1.114127	266.192191	0.301340	0.009763	8.5
1311	-1.125456	266.938057	0.300559	0.006183	10.9
1312	-1.129726	267.210176	0.300275	0.011538	8.2
1313	-1.127822	267.060267	0.300431	0.012951	9.2
1314	-1.141435	267.750280	0.299714	0.015904	8.2
1315	-1.074636	268.594290	0.298840	0.011426	8.7
1316	-1.133621	268.173153	0.299275	0.009151	9.8
1317	-1.105434	268.554587	0.298881	0.007764	9.7
1318	-1.129306	268.938182	0.298486	0.007973	8.3
1319	-1.135795	269.053540	0.298367	0.020226	8.1
1320	-1.139992	268.949132	0.298474	0.006488	8.9
1321	-1.103049	268.674332	0.298757	0.014670	8.5
1322	-1.121228	268.640578	0.298792	0.008569	12.3
1323	-1.130279	268.976254	0.298446	0.022094	8.3
1324	-1.112519	268.539951	0.298896	0.012804	9.4
1325	-1.122559	268.205095	0.299242	0.011451	8.6
1326	-1.108130	267.882974	0.299576	0.014040	9.4
1327	-1.118444	268.836484	0.298590	0.016376	10.4
1328	-1.124316	269.802826	0.297598	0.012473	8.3
1329	-1.138421	269.478215	0.297931	0.007981	8.9
1330	-1.131961	269.480626	0.297928	0.012850	8.1
1331	-1.129907	269.549011	0.297858	0.010437	9.6
1332	-1.119254	269.232690	0.298183	0.019381	8.1
1333	-1.146907	270.131210	0.297262	0.012966	10.5
1334	-1.125101	269.684519	0.297719	0.012212	8.2
1335	-1.127011	269.282071	0.298132	0.018026	9.3
1336	-1.122883	268.854012	0.298572	0.010396	8.2
1337	-1.102660	269.781182	0.297620	0.010095	8.4
1338	-1.127645	269.488676	0.297920	0.014056	8.2
1339	-1.108368	270.171568	0.297221	0.012187	10.8
1340	-1.126596	269.755424	0.297647	0.014006	9.3
1341	-1.127212	270.545549	0.296840	0.014205	8.5
1342	-1.112162	270.357642	0.297031	0.017969	8.7
1343	-1.122285	271.268014	0.296106	0.013566	8.0
1344	-1.138704	271.590665	0.295780	0.009059	9.9
1345	-1.137299	272.113162	0.295252	0.018020	9.0
1346	-1.132219	271.675931	0.295693	0.011822	8.3
1347	-1.118326	272.671061	0.294692	0.010205	8.1
1348	-1.134165	272.711373	0.294651	0.011983	8.8
1349	-1.141771	272.278954	0.295086	0.017360	8.3
1350	-1.118796	271.888974	0.295478	0.009758	11.1
1351	-1.139695	272.574828	0.294788	0.010175	9.0
1352	-1.144951	273.020517	0.294341	0.009749	8.2
1353	-1.131812	273.110417	0.294251	0.010321	9.0
1354	-1.107687	273.203820	0.294158	0.011300	8.0
1355	-1.146378	272.956686	0.294405	0.011873	8.9
1356	-1.106354	272.570318	0.294793	0.014478	10.4
1357	-1.097071	272.491273	0.294872	0.011864	8.4
1358	-1.104370	272.082834	0.295283	0.018352	8.2
1359	-1.141326	273.037930	0.294324	0.010522	9.1
1360	-1.146504	272.814826	0.294547	0.010425	8.9
1361	-1.128115	273.516435	0.293846	0.013314	8.8
1362	-1.144592	274.421091	0.292946	0.015944	10.6
1363	-1.115093	274.706593	0.292663	0.012164	8.2
1364	-1.152991	274.278666	0.293087	0.004872	9.2
1365	-1.117900	274.390899	0.292976	0.014890	8.6
1366	-1.099986	274.619613	0.292749	0.014502	8.6
1367	-1.144529	275.612198	0.291769	0.009453	9.6
1368	-1.110720	276.510374	0.290889	0.016702	9.3
1369	-1.106028	277.094478	0.290319	0.011585	8.2
1370	-1.126667	276.648996	0.290753	0.014282	8.5
1371	-1.161112	277.190539	0.290225	0.009424	8.6
1372	-1.157980	277.688069	0.289742	0.012214	9.2
1373	-1.104211	277.492856	0.289931	0.010341	10.9
1374	-1.111377	277.125314	0.290289	0.010033	8.5
1375	-1.115761	276.823015	0.290583	0.015893	8.7
1376	-1.159063	276.517547	0.290882	0.011457	8.0
1377	-1.114824	277.378029	0.290043	0.010943	9.6
1378	-1.135354	278.186273	0.289259	0.012285	8.7
1379	-1.148729	278.527016	0.288930	0.010500	10.9
1380	-1.121401	278.182608	0.289263	0.012197	8.3
1381	-1.116291	278.317421	0.289132	0.007188	8.9
1382	-1.124917	278.162787	0.289282	0.012697	8.4
1383	-1.137750	277.924249	0.289513	0.010530	8.2
1384	-1.131221	277.665309	0.289764	0.017299	9.4
1385	-1.132773	277.254790	0.290163	0.016558	14.1
1386	-1.115739	278.254629	0.289193	0.012588	15.0
1387	-1.140002	279.183017	0.288299	0.011543	17.8
1388	-1.108471	278.767774	0.288698	0.016535	14.4
1389	-1.150938	278.373893	0.289078	0.013073	8.5
1390	-1.119899	279.365182	0.288124	0.014321	8.1
1391	-1.124364	280.253037	0.287275	0.010785	8.4
1392	-1.120153	280.452099	0.287085	0.018480	8.5
1393	-1.139894	280.702595	0.286847	0.017430	11.7
1394	-1.110001	280.744826	0.286806	0.009561	11.2
1395	-1.114511	280.380779	0.287153	0.009561	8.4
1396	-1.152962	280.391347	0.287143	0.016154	10.0
1397	-1.124096	280.443525	0.287093	0.017089	8.1
1398	-1.122574	281.390562	0.286194	0.008079	9.6
1399	-1.146440	280.993937	0.286570	0.016431	9.7
1400	-1.098849	281.854239	0.285756	0.009070	8.1
1401	-1.138025	281.481480	0.286108	0.016002	8.6
1402	-1.153433	281.373779	0.286210	0.011215	9.8
1403	-1.129943	281.548846	0.286044	0.019819	8.7
1404	-1.107315	281.291689	0.286288	0.007908	9.6
1405	-1.124658	280.934888	0.286626	0.014130	9.8
1406	-1.134081	281.029701	0.286536	0.015876	8.4
1407	-1.133386	281.937967	0.285677	0.020686	9.1
1408	-1.118219	281.652351	0.285946	0.010752	8.3
1409	-1.124437	281.485350	0.286104	0.014565	8.9
1410	-1.115511	281.088470	0.286480	0.021051	10.8
1411	-1.122616	282.033388	0.285587	0.011405	8.3
1412	-1.146027	281.586521	0.286009	0.012148	8.9
1413	-1.138736	282.379158	0.285261	0.009339	8.4
1414	-1.118017	282.156348	0.285471	0.013844	9.9
1415	-1.064524	282.926335	0.284748	0.011656	9.4
1416	-1.119769	283.445566	0.284262	0.006241	9.5
1417	-1.131715	283.385806	0.284318	0.015213	8.8
1418	-1.131245	283.564251	0.284151	0.010150	13.7
1419	-1.149589	283.126623	0.284560	0.010622	11.3
1420	-1.112056	282.781332	0.284884	0.018294	14.7
1421	-1.120361	283.217355	0.284475	0.014392	8.7
1422	-1.134004	284.131257	0.283623	0.012393	12.4
1423	-1.111209	284.806418	0.282997	0.016795	11.5
1424	-1.121595	285.653407	0.282216	0.010865	9.2
1425	-1.128176	285.215223	0.282619	0.009060	14.6
1426	-1.127567	285.167736	0.282663	0.009298	12.1
1427	-1.120987	284.989465	0.282828	0.010866	9.4
1428	-1.151371	284.585565	0.283202	0.011582	9.8
1429	-1.129910	285.320105	0.282523	0.007315	13.1
1430	-1.123684	285.176834	0.282655	0.014447	12.2
1431	-1.124120	285.582736	0.282281	0.016987	9.1
1432	-1.124899	285.141956	0.282687	0.017004	10.9
1433	-1.108010	284.708667	0.283088	0.011266	8.7
1434	-1.142308	285.687661	0.282184	0.012443	16.2
1435	-1.120221	286.283093	0.281637	0.008765	10.5
1436	-1.102371	287.102568	0.280888	0.009084	8.2
1437	-1.117697	286.817011	0.281149	0.010862	13.0
1438	-1.132088	286.934442	0.281042	0.007819	9.7
1439	-1.121308	286.720471	0.281237	0.011613	8.2
1440	-1.111955	286.659147	0.281293	0.008621	8.6
1441	-1.125244	286.638863	0.281312	0.015435	7.8
1442	-1.137348	286.215356	0.281699	0.010516	8.9
1443	-1.115496	285.885830	0.282002	0.017372	8.1
1444	-1.105839	286.194078	0.281719	0.011002	8.7
1445	-1.116615	285.914516	0.281975	0.012055	10.2
1446	-1.117436	285.721979	0.282152	0.017631	8.4
1447	-1.114915	285.275832	0.282563	0.013883	8.8
1448	-1.106481	285.522707	0.282336	0.014909	7.9
1449	-1.141539	285.107561	0.282719	0.010290	8.8
1450	-1.148064	285.125634	0.282702	0.007959	10.1
1451	-1.109284	285.008928	0.282810	0.006428	9.2
1452	-1.101698	285.124725	0.282703	0.007609	7.9
1453	-1.129203	285.305892	0.282536	0.009686	9.0
1454	-1.120608	285.913377	0.281977	0.017436	8.5
1455	-1.124506	286.012576	0.281885	0.013820	9.6
1456	-1.142547	285.893856	0.281994	0.012008	10.7
1457	-1.132177	286.843996	0.281124	0.009756	8.5
1458	-1.112386	286.986202	0.280994	0.015470	8.8
1459	-1.131005	287.721133	0.280325	0.008737	8.4
1460	-1.129457	287.339363	0.280672	0.006746	9.7
1461	-1.111946	287.291045	0.280716	0.008516	10.5
1462	-1.111608	287.693206	0.280351	0.012930	8.9
1463	-1.114743	287.285814	0.280721	0.009695	8.4
1464	-1.132866	287.006335	0.280976	0.010381	8.6
1465	-1.125112	287.044580	0.280941	0.012067	8.6
1466	-1.123862	286.619252	0.281329	0.004605	8.2
1467	-1.122340	286.309925	0.281613	0.014472	11.0
1468	-1.127674	285.967463	0.281927	0.016612	8.4
1469	-1.097684	286.555304	0.281388	0.012718	9.3
1470	-1.137233	286.115134	0.281791	0.012209	8.9
1471	-1.120667	286.861189	0.281108	0.015384	11.0
1472	-1.115226	286.622052	0.281327	0.008381	11.7
1473	-1.090346	287.054084	0.280932	0.010603	14.7
1474	-1.104134	286.966395	0.281012	0.007462	8.8
1475	-1.110828	286.782332	0.281180	0.014035	10.3
1476	-1.112528	286.637656	0.281313	0.013058	8.7
1477	-1.127152	287.594829	0.280440	0.012606	12.4
1478	-1.142255	287.677825	0.280365	0.013520	12.6
1479	-1.123088	287.408864	0.280609	0.014230	8.5
1480	-1.137291	288.368569	0.279739	0.015401	11.0
1481	-1.130789	289.059518	0.279115	0.009545	11.7
1482	-1.134726	288.814689	0.279336	0.017708	11.1
1483	-1.141195	288.391668	0.279718	0.015031	10.6
1484	-1.118335	289.367888	0.278838	0.011570	9.3
1485	-1.120028	290.339109	0.277968	0.013971	13.5
1486	-1.116927	291.310162	0.277104	0.011503	12.5
1487	-1.153469	290.939807	0.277433	0.009378	11.2
1488	-1.129204	290.586337	0.277748	0.020295	11.2
1489	-1.149231	290.176918	0.278113	0.017671	10.3
1490	-1.122908	290.984855	0.277393	0.011301	9.6
1491	-1.118920	291.861328	0.276616	0.015834	15.0
1492	-1.117139	292.850938	0.275744	0.021240	8.9
1493	-1.137771	292.411352	0.276130	0.022738	10.7
1494	-1.160437	292.400652	0.276140	0.011160	8.7
1495	-1.111451	292.746822	0.275835	0.012671	27.5
1496	-1.143938	292.417725	0.276125	0.017864	16.0
1497	-1.107741	293.245800	0.275397	0.014019	13.6
1498	-1.114846	294.219665	0.274546	0.011175	11.9
1499	-1.119661	293.937662	0.274792	0.015961	13.1
1500	-1.108947	293.601832	0.275085	0.013869	12.8
1501	-1.148024	293.446391	0.275221	0.013421	9.6
1502	-1.121950	293.580271	0.275104	0.009556	11.2
1503	-1.117995	293.178547	0.275456	0.010708	11.4
1504	-1.096890	292.770084	0.275815	0.007248	9.2
1505	-1.139241	292.609710	0.275956	0.011600	8.2
1506	-1.135283	292.551142	0.276007	0.010394	8.6
1507	-1.137575	292.398224	0.276142	0.015213	8.7
1508	-1.112209	292.906665	0.275695	0.017292	9.9
1509	-1.122670	293.325375	0.275327	0.013567	8.5
1510	-1.135664	294.316069	0.274462	0.010233	8.6
1511	-1.109675	293.891080	0.274833	0.010792	8.2
1512	-1.114448	294.654322	0.274168	0.015808	9.2
1513	-1.125872	294.209241	0.274555	0.006360	8.5
1514	-1.138428	294.341350	0.274440	0.008184	11.3
1515	-1.102445	294.006899	0.274732	0.011432	9.1
1516	-1.107958	294.586208	0.274227	0.013151	8.3
1517	-1.129149	294.197508	0.274566	0.004902	9.8
1518	-1.126470	294.371641	0.274414	0.010922	8.6
1519	-1.125582	294.726835	0.274105	0.009896	9.0
1520	-1.109735	295.168506	0.273722	0.011774	11.5
1521	-1.145108	295.795656	0.273180	0.015060	8.2
1522	-1.124722	296.040114	0.272970	0.011531	9.7
1523	-1.119762	295.690853	0.273271	0.013760	8.1
1524	-1.117307	295.247170	0.273654	0.010872	8.8
1525	-1.141477	295.306855	0.273603	0.011197	9.0
1526	-1.144590	295.264936	0.273639	0.014311	10.5
1527	-1.112550	295.073411	0.273805	0.007852	8.1
1528	-1.129516	295.415608	0.273509	0.015032	8.6
1529	-1.086249	295.317094	0.273594	0.011155	8.0
1530	-1.101669	295.078480	0.273800	0.016804	8.5
1531	-1.123086	294.782421	0.274057	0.012472	9.6
1532	-1.102027	294.336466	0.274445	0.012025	8.6
1533	-1.126162	295.065256	0.273812	0.012215	8.2
1534	-1.121343	294.651378	0.274171	0.012653	8.1
1535	-1.116238	294.403455	0.274386	0.006800	8.2
1536	-1.111330	294.078453	0.274669	0.012417	9.0
1537	-1.124036	294.277205	0.274496	0.011036	11.0
1538	-1.094964	294.026124	0.274715	0.006961	8.4
1539	-1.120194	293.919093	0.274808	0.008715	12.2
1540	-1.109898	294.394948	0.274394	0.011131	9.5
1541	-1.117954	294.066066	0.274680	0.017571	13.4
1542	-1.106910	295.032028	0.273840	0.008943	12.3
1543	-1.119881	294.704036	0.274125	0.010259	9.5
1544	-1.129436	294.511135	0.274293	0.006323	12.8
1545	-1.145385	294.169716	0.274590	0.013727	10.0
1546	-1.129255	294.409837	0.274381	0.013361	11.3
1547	-1.122944	294.069836	0.274677	0.017798	10.4
1548	-1.120484	294.973577	0.273891	0.014764	12.6
1549	-1.105828	295.492703	0.273442	0.007687	11.0
1550	-1.097131	295.831441	0.273150	0.010858	11.1
1551	-1.103029	296.053890	0.272958	0.010014	12.5
1552	-1.125829	296.712906	0.272392	0.009561	12.1
1553	-1.164065	297.145654	0.272021	0.007065	9.5
1554	-1.137575	296.861004	0.272265	0.010825	9.4
1555	-1.141069	296.495709	0.272578	0.013105	10.5
1556	-1.135501	296.105681	0.272913	0.011507	17.6
1557	-1.104194	297.002529	0.272144	0.009558	12.2
1558	-1.122542	296.775566	0.272338	0.015256	10.3
1559	-1.149057	297.069975	0.272086	0.013691	13.9
1560	-1.145721	297.744328	0.271510	0.010822	11.7
1561	-1.139865	298.181641	0.271138	0.016148	9.2
1562	-1.112321	298.250715	0.271080	0.010532	11.5
1563	-1.112468	297.931657	0.271351	0.016898	11.5
1564	-1.106799	297.508264	0.271712	0.011451	12.2
1565	-1.119874	298.239521	0.271089	0.009930	12.9
1566	-1.128456	297.853326	0.271417	0.014335	10.4
1567	-1.144239	298.297051	0.271040	0.021926	9.3
1568	-1.094529	299.218994	0.270260	0.010218	12.2
1569	-1.118682	299.230532	0.270250	0.010181	13.0
1570	-1.101387	299.201215	0.270275	0.012075	10.7
1571	-1.131872	298.827527	0.270591	0.013472	10.0
1572	-1.103413	299.802443	0.269768	0.008983	13.7
1573	-1.127392	299.439935	0.270074	0.013485	13.6
1574	-1.110079	299.871862	0.269710	0.015296	9.3
1575	-1.145827	299.529574	0.269998	0.015402	10.9
1576	-1.136772	300.501473	0.269182	0.010146	12.6
1577	-1.128014	301.164900	0.268628	0.006655	12.6
1578	-1.083725	301.426912	0.268409	0.012382	11.6
1579	-1.119178	301.567933	0.268292	0.021880	14.5
1580	-1.123860	301.949495	0.267975	0.009082	11.7
1581	-1.138588	301.575816	0.268285	0.008907	12.9
1582	-1.094026	301.662429	0.268213	0.013168	8.8
1583	-1.142737	301.428723	0.268408	0.010006	14.6
1584	-1.158641	301.044381	0.268728	0.010081	19.7
1585	-1.094550	300.871519	0.268872	0.012395	21.8
1586	-1.147320	301.197731	0.268600	0.008323	8.8
1587	-1.095848	301.204967	0.268594	0.008110	11.2
1588	-1.099222	301.436697	0.268401	0.009426	8.7
1589	-1.125350	301.751931	0.268139	0.015645	15.1
1590	-1.146468	301.335458	0.268485	0.010696	10.5
1591	-1.120829	301.908081	0.268009	0.010706	8.9
1592	-1.110438	302.208071	0.267761	0.012840	12.5
1593	-1.127914	301.903839	0.268013	0.018784	9.6
1594	-1.133478	302.751224	0.267311	0.012000	8.9
1595	-1.098658	303.563481	0.266642	0.009331	8.0
1596	-1.133731	303.451745	0.266734	0.015367	8.1
1597	-1.112338	303.042207	0.267071	0.007182	8.7
1598	-1.142992	303.417867	0.266762	0.016425	8.5
1599	-1.126259	304.350261	0.265998	0.010016	8.9
1600	-1.122538	304.999119	0.265468	0.011076	9.5
1601	-1.101765	305.083758	0.265399	0.008927	7.9
1602	-1.110732	304.795760	0.265634	0.011586	8.6
1603	-1.124257	304.942463	0.265514	0.017885	7.9
1604	-1.120860	304.521835	0.265857	0.010368	8.4
1605	-1.105273	304.084048	0.266215	0.013520	8.2
1606	-1.120908	304.606796	0.265788	0.010199	11.2
1607	-1.131166	305.064660	0.265415	0.015025	8.0
1608	-1.110222	304.686243	0.265723	0.017710	8.2
1609	-1.119282	305.212268	0.265295	0.011117	8.6
1610	-1.123173	304.870547	0.265573	0.013949	9.3
1611	-1.111975	304.436115	0.265927	0.014491	10.7
1612	-1.085221	304.217092	0.266106	0.012551	8.4
1613	-1.129463	304.194424	0.266125	0.013883	9.7
1614	-1.098990	305.118674	0.265371	0.011593	12.8
1615	-1.116901	304.860494	0.265581	0.011526	12.4
1616	-1.117887	304.954062	0.265505	0.017131	13.6
1617	-1.143744	304.507813	0.265869	0.012565	9.0
1618	-1.132773	304.409915	0.265949	0.009494	13.7
1619	-1.104533	304.816071	0.265617	0.008800	10.7
1620	-1.108440	304.466954	0.265902	0.012058	13.5
1621	-1.153439	304.748822	0.265672	0.012658	10.5
1622	-1.121200	305.534574	0.265033	0.013921	11.3
1623	-1.141529	306.394600	0.264337	0.011526	10.6
1624	-1.109078	307.347142	0.263570	0.014569	12.0
1625	-1.079835	308.059069	0.262999	0.013233	12.0
1626	-1.117345	308.933288	0.262303	0.019504	12.6
1627	-1.104827	309.602661	0.261772	0.013352	10.1
1628	-1.118629	310.508282	0.261056	0.011100	9.1
1629	-1.118234	310.074565	0.261398	0.008596	12.7
1630	-1.135703	310.571461	0.261007	0.016695	12.3
1631	-1.099733	310.190604	0.261307	0.007990	8.5
1632	-1.119952	310.494706	0.261067	0.017139	10.1
1633	-1.101763	311.295565	0.260438	0.010995	11.3
1634	-1.107530	312.186223	0.259742	0.010200	10.8
1635	-1.132423	312.788342	0.259273	0.020816	8.6
1636	-1.141746	313.671030	0.258589	0.019858	8.0
1637	-1.119529	313.223661	0.258935	0.014743	9.7
1638	-1.098476	312.777122	0.259282	0.011238	7.9
1639	-1.141551	312.350010	0.259614	0.016098	8.6
1640	-1.110996	313.304270	0.258873	0.008629	9.5
1641	-1.157601	313.389610	0.258807	0.013473	8.7
1642	-1.119166	313.596266	0.258647	0.013663	8.1
1643	-1.131613	314.544678	0.257916	0.015565	8.4
1644	-1.144506	315.493878	0.257189	0.016623	7.8
1645	-1.105714	316.414531	0.256487	0.011212	8.4
1646	-1.114732	316.008921	0.256795	0.011602	10.1
1647	-1.125192	315.631436	0.257083	0.011739	8.7
1648	-1.111769	315.197881	0.257415	0.009476	8.5
1649	-1.114653	315.712239	0.257022	0.011342	8.0
1650	-1.120258	315.968821	0.256826	0.010631	8.5
1651	-1.138193	315.598291	0.257109	0.014394	8.7
1652	-1.133255	315.974191	0.256822	0.017595	9.8
1653	-1.095586	315.538653	0.257154	0.011095	7.9
1654	-1.111073	316.166564	0.256675	0.015814	9.1
1655	-1.107632	316.285917	0.256585	0.007479	7.9
1656	-1.120770	315.935638	0.256851	0.011277	9.1
1657	-1.145187	316.074762	0.256745	0.010471	9.8
1658	-1.119003	316.811745	0.256185	0.011611	8.6
1659	-1.123718	317.573457	0.255609	0.011889	8.1
1660	-1.117165	318.438022	0.254958	0.017847	9.0
1661	-1.150919	318.224528	0.255118	0.017252	7.9
1662	-1.126932	319.194865	0.254391	0.012412	8.4
1663	-1.109537	318.957166	0.254568	0.012253	9.8
1664	-1.124746	319.219783	0.254372	0.016105	8.2
1665	-1.128250	319.608269	0.254082	0.013003	8.4
1666	-1.169761	319.166771	0.254412	0.015375	8.1
1667	-1.141959	319.355167	0.254271	0.007524	8.1
1668	-1.101065	319.189256	0.254395	0.014090	7.9
1669	-1.137953	319.505630	0.254158	0.010039	10.3
1670	-1.140170	319.202627	0.254385	0.013632	8.6
1671	-1.118792	320.058993	0.253746	0.007267	9.1
1672	-1.108058	319.771503	0.253960	0.012823	8.0
1673	-1.140816	319.553832	0.254122	0.019037	8.5
1674	-1.129772	319.342519	0.254280	0.016354	8.1
1675	-1.091601	319.850303	0.253901	0.015897	11.4
1676	-1.112957	320.849047	0.253160	0.009963	8.1
1677	-1.114613	320.535504	0.253392	0.019018	8.3
1678	-1.142706	320.233132	0.253617	0.007364	7.9
1679	-1.123957	321.084933	0.252985	0.007043	8.9
1680	-1.149825	320.981158	0.253062	0.013464	8.1
1681	-1.112685	320.845978	0.253162	0.009784	10.3
1682	-1.138881	321.620120	0.252590	0.014922	8.5
1683	-1.142104	321.611384	0.252596	0.009272	8.1
1684	-1.131541	321.645271	0.252571	0.017279	8.4
1685	-1.134209	322.524631	0.251925	0.006800	8.1
1686	-1.129546	322.101012	0.252236	0.015267	8.3
1687	-1.146737	322.443023	0.251985	0.014357	10.0
1688	-1.114643	322.360566	0.252045	0.012118	9.5
1689	-1.107588	321.920580	0.252369	0.019875	8.7
1690	-1.108872	321.499942	0.252678	0.010934	8.7
1691	-1.156014	322.444154	0.251984	0.010669	8.1
1692	-1.109562	322.268203	0.252113	0.013763	9.0
1693	-1.108753	321.997836	0.252312	0.014175	9.7
1694	-1.123060	321.598947	0.252605	0.011713	9.0
1695	-1.146626	321.319179	0.252812	0.015549	8.1
1696	-1.111657	321.264866	0.252852	0.011325	8.3
1697	-1.121118	320.827952	0.253175	0.012757	7.9
1698	-1.104270	321.733866	0.252506	0.014854	10.1
1699	-1.134733	321.291631	0.252832	0.014367	9.4
1700	-1.153259	321.924060	0.252366	0.013844	8.1
1701	-1.116107	322.707181	0.251791	0.015743	8.3
1702	-1.103786	323.398864	0.251285	0.013929	7.9
1703	-1.136568	324.382161	0.250570	0.008476	8.7
1704	-1.153354	324.777786	0.250283	0.010999	8.6
1705	-1.105275	325.423932	0.249816	0.017938	9.6
1706	-1.147604	324.996520	0.250125	0.007277	7.9
1707	-1.137067	324.780917	0.250281	0.013454	9.2
1708	-1.139095	324.847534	0.250233	0.012701	8.0
1709	-1.113102	324.460261	0.250513	0.014977	8.8
1710	-1.123093	324.068418	0.250798	0.009381	8.7
1711	-1.148809	323.816643	0.250981	0.009490	9.4
1712	-1.119550	324.010262	0.250840	0.011433	7.9
1713	-1.124614	323.917129	0.250908	0.015224	8.8
1714	-1.102477	324.559075	0.250442	0.008339	8.1
1715	-1.128066	324.225473	0.250684	0.007802	8.6
1716	-1.127120	324.368898	0.250580	0.018629	8.1
1717	-1.118301	323.935455	0.250894	0.006086	10.3
1718	-1.099573	323.567083	0.251163	0.009649	8.3
1719	-1.152218	323.394078	0.251289	0.011422	8.0
1720	-1.108501	324.115541	0.250763	0.010340	8.1
1721	-1.128496	324.136792	0.250748	0.014413	8.2
1722	-1.115307	323.725836	0.251047	0.008563	8.8
1723	-1.109021	323.324921	0.251339	0.022646	9.8
1724	-1.136262	322.880932	0.251664	0.012911	8.5
1725	-1.140527	322.434405	0.251991	0.007370	7.9
1726	-1.117102	322.282599	0.252102	0.012167	8.9
1727	-1.133309	322.880634	0.251664	0.014967	8.0
1728	-1.145997	323.710309	0.251058	0.011218	9.3
1729	-1.120459	324.209203	0.250695	0.012206	8.8
1730	-1.149528	323.811805	0.250984	0.014171	8.3
1731	-1.128431	323.396262	0.251287	0.012320	7.9
1732	-1.115977	324.306964	0.250624	0.013501	9.4
1733	-1.111705	323.868304	0.250943	0.011066	8.2
1734	-1.128249	324.815662	0.250256	0.010860	9.5
1735	-1.106270	324.517494	0.250472	0.012102	8.2
1736	-1.133177	325.472537	0.249781	0.006255	8.7
1737	-1.129225	325.688190	0.249626	0.016286	7.9
1738	-1.083328	326.117721	0.249317	0.016584	8.6
1739	-1.109076	326.218271	0.249245	0.015023	7.9
1740	-1.122690	326.909823	0.248749	0.012177	9.3
1741	-1.129554	327.070271	0.248635	0.014947	9.2
1742	-1.141978	327.348190	0.248436	0.016914	8.3
1743	-1.124136	327.551480	0.248291	0.013574	8.3
1744	-1.122874	328.512257	0.247609	0.012221	8.0
1745	-1.105888	328.121538	0.247886	0.018377	8.4
1746	-1.139676	327.697436	0.248188	0.016552	9.7
1747	-1.139870	328.662220	0.247503	0.009581	9.3
1748	-1.134536	328.810329	0.247398	0.011246	7.9
1749	-1.115242	328.497418	0.247619	0.009646	8.3
1750	-1.150789	328.340113	0.247731	0.011943	8.1
1751	-1.146023	328.056102	0.247933	0.008490	9.2
1752	-1.125635	327.747918	0.248152	0.009794	10.5
1753	-1.096962	327.716722	0.248174	0.012571	8.4
1754	-1.139487	327.395255	0.248403	0.006180	7.9
1755	-1.102888	327.593971	0.248261	0.013386	9.0
1756	-1.118919	327.255142	0.248503	0.010330	7.9
1757	-1.112947	327.677089	0.248202	0.008736	8.4
1758	-1.147067	327.451674	0.248363	0.010470	10.0
1759	-1.119158	327.974394	0.247991	0.013709	9.1
1760	-1.130889	328.203489	0.247828	0.009078	8.9
1761	-1.133324	329.058704	0.247222	0.015561	7.9
1762	-1.129698	328.618351	0.247534	0.013694	8.5
1763	-1.120290	328.246408	0.247797	0.013869	9.0
1764	-1.137007	327.815653	0.248103	0.008965	8.6
1765	-1.134717	327.406835	0.248395	0.011111	9.8
1766	-1.130834	327.028170	0.248665	0.010237	8.3
1767	-1.143097	326.708440	0.248893	0.018969	8.0
1768	-1.116760	326.274387	0.249205	0.013592	8.3
1769	-1.141348	327.270426	0.248492	0.011579	8.1
1770	-1.132071	328.243616	0.247799	0.013051	9.3
1771	-1.112753	327.875194	0.248061	0.010788	9.2
1772	-1.131193	327.636716	0.248231	0.011752	8.2
1773	-1.131756	327.621221	0.248242	0.008007	8.0
1774	-1.145771	327.666904	0.248209	0.010815	8.9
1775	-1.132248	327.255555	0.248502	0.016357	8.1
1776	-1.125185	328.093218	0.247906	0.016477	8.6
1777	-1.151971	328.900065	0.247335	0.013970	9.6
1778	-1.131763	328.492446	0.247623	0.009836	8.0
1779	-1.101304	328.989949	0.247271	0.016784	8.1
1780	-1.106009	329.200373	0.247122	0.008859	8.2
1781	-1.115484	329.677330	0.246786	0.015403	8.2
1782	-1.102249	329.275686	0.247069	0.011575	8.6
1783	-1.162025	329.554588	0.246873	0.014497	10.7
1784	-1.142554	330.130551	0.246468	0.016529	8.1
1785	-1.124653	331.103400	0.245787	0.014633	8.4
1786	-1.136432	330.679914	0.246083	0.020050	8.0
1787	-1.129421	331.665758	0.245395	0.011581	8.6
1788	-1.154580	331.450237	0.245545	0.017571	9.0
1789	-1.149986	331.561280	0.245468	0.016758	9.9
1790	-1.130305	331.131217	0.245767	0.006804	8.5
1791	-1.126293	331.352970	0.245613	0.015375	8.4
1792	-1.121026	331.567233	0.245463	0.010381	8.1
1793	-1.114321	331.628410	0.245421	0.016405	9.6
1794	-1.114763	332.594518	0.244750	0.013391	11.6
1795	-1.128864	333.574694	0.244074	0.017090	8.1
1796	-1.111249	333.285100	0.244273	0.007730	8.4
1797	-1.140159	333.072137	0.244420	0.013932	8.2
1798	-1.104705	332.793417	0.244613	0.016868	9.7
1799	-1.125962	333.143183	0.244371	0.017375	7.9
1800	-1.114192	332.696275	0.244680	0.013958	10.5
1801	-1.105893	332.458623	0.244844	0.012306	8.3
1802	-1.142998	332.046299	0.245130	0.011123	9.2
1803	-1.101506	332.777962	0.244623	0.010562	9.6
1804	-1.115102	332.985460	0.244480	0.005960	8.4
1805	-1.130433	333.041347	0.244441	0.010382	9.2
1806	-1.123701	333.369103	0.244215	0.015792	9.3
1807	-1.132299	334.348250	0.243542	0.016120	9.3
1808	-1.150484	334.139046	0.243686	0.010215	8.7
1809	-1.118817	334.084833	0.243723	0.015462	9.9
1810	-1.141408	334.642963	0.243341	0.018673	16.8
1811	-1.129568	335.611358	0.242680	0.010644	11.3
1812	-1.135414	336.057668	0.242376	0.008848	14.9
1813	-1.149378	336.240172	0.242253	0.012046	12.0
1814	-1.142593	336.502097	0.242075	0.018088	10.1
1815	-1.125767	336.301988	0.242211	0.013274	8.5
1816	-1.124237	336.583503	0.242020	0.014753	8.6
1817	-1.152083	336.826032	0.241856	0.015273	8.4
1818	-1.135651	337.806193	0.241195	0.011693	9.9
1819	-1.109497	337.412118	0.241460	0.015699	9.1
1820	-1.131909	336.974848	0.241755	0.007260	10.6
1821	-1.111371	336.890378	0.241813	0.011223	8.7
1822	-1.135713	336.588571	0.242017	0.008068	8.4
1823	-1.125967	336.943786	0.241776	0.012704	9.8
1824	-1.112687	336.708453	0.241935	0.010271	8.3
1825	-1.108921	337.626109	0.241316	0.005718	8.5
1826	-1.145665	338.075735	0.241014	0.009760	10.2
1827	-1.096819	338.318433	0.240851	0.012037	8.7
1828	-1.133982	338.628969	0.240643	0.027445	8.4
1829	-1.123387	339.627898	0.239977	0.014288	8.7
1830	-1.119922	340.627735	0.239313	0.012237	8.7
1831	-1.112625	340.356595	0.239493	0.009795	10.1
1832	-1.147424	339.927374	0.239778	0.018194	10.0
1833	-1.132755	339.525042	0.240045	0.017947	8.8
1834	-1.100833	339.080973	0.240341	0.013468	8.7
1835	-1.113788	339.060268	0.240355	0.009046	8.0
1836	-1.138391	338.633364	0.240641	0.006872	9.2
1837	-1.111463	338.665178	0.240619	0.014023	11.4
1838	-1.106406	338.362654	0.240822	0.003627	8.6
1839	-1.144876	338.112473	0.240990	0.012598	8.7
1840	-1.106090	338.387408	0.240805	0.010217	8.2
1841	-1.131186	338.221969	0.240916	0.018762	9.1
1842	-1.131741	338.283750	0.240875	0.017724	8.2
1843	-1.112832	337.984102	0.241076	0.021035	10.3
1844	-1.100203	338.980079	0.240409	0.016276	8.0
1845	-1.113658	338.618054	0.240651	0.011095	9.2
1846	-1.112359	338.187221	0.240939	0.019966	8.0
1847	-1.122332	337.807446	0.241194	0.018314	8.5
1848	-1.137515	338.776516	0.240545	0.010010	9.2
1849	-1.134621	339.451308	0.240094	0.018653	9.0
1850	-1.111458	339.219895	0.240249	0.012082	8.4
1851	-1.132894	339.545854	0.240032	0.010065	8.4
1852	-1.125989	340.218393	0.239585	0.019075	9.4
1853	-1.124543	339.797694	0.239864	0.010286	8.1
1854	-1.141605	340.462271	0.239423	0.015417	10.9
1855	-1.134666	340.112489	0.239655	0.010293	8.1
1856	-1.129989	340.263295	0.239555	0.010186	8.4
1857	-1.096783	340.515836	0.239387	0.009869	8.1
1858	-1.134696	340.449677	0.239431	0.011239	8.6
1859	-1.134929	340.038756	0.239704	0.009939	8.2
1860	-1.146768	340.476533	0.239414	0.012345	11.9
1861	-1.113946	340.314152	0.239521	0.008240	8.5
1862	-1.118085	340.237127	0.239572	0.018239	8.3
1863	-1.116217	340.400928	0.239464	0.013086	8.3
1864	-1.115288	341.334406	0.238847	0.007916	8.5
1865	-1.114510	341.534404	0.238715	0.016320	9.1
1866	-1.120621	341.721565	0.238592	0.007697	9.6
1867	-1.125638	342.205228	0.238274	0.008686	8.7
1868	-1.111025	342.084166	0.238353	0.010724	8.1
1869	-1.131904	341.691618	0.238611	0.012685	9.4
1870	-1.121624	341.579032	0.238686	0.016786	8.0
1871	-1.129927	342.568308	0.238036	0.013622	9.5
1872	-1.134828	342.183365	0.238288	0.016361	10.1
1873	-1.116583	341.791397	0.238546	0.014169	9.7
1874	-1.128092	341.345023	0.238840	0.013438	8.3
1875	-1.105459	341.655247	0.238635	0.007719	8.1
1876	-1.113061	341.373873	0.238821	0.010443	8.4
1877	-1.102817	341.244217	0.238906	0.014152	11.0
1878	-1.105001	340.986721	0.239076	0.014085	9.7
1879	-1.114938	341.939475	0.238448	0.014358	8.4
1880	-1.146498	341.492972	0.238742	0.010195	8.4
1881	-1.143967	342.125645	0.238326	0.005516	8.6
1882	-1.141639	342.691860	0.237955	0.010425	9.1
1883	-1.136353	342.396452	0.238149	0.010964	10.6
1884	-1.111482	342.776893	0.237900	0.011049	9.9
1885	-1.142418	342.718629	0.237938	0.018229	8.9
1886	-1.103200	342.331479	0.238191	0.011631	8.6
1887	-1.106065	342.515010	0.238071	0.004939	9.5
1888	-1.149122	342.865286	0.237842	0.015686	10.2
1889	-1.141328	342.574582	0.238032	0.009677	8.7
1890	-1.161625	342.591327	0.238021	0.009192	8.4
1891	-1.139103	342.528146	0.238062	0.015200	10.6
1892	-1.135267	342.890600	0.237825	0.014723	9.8
1893	-1.119836	343.066447	0.237710	0.010276	8.5
1894	-1.120260	342.743548	0.237921	0.010791	12.2
1895	-1.147856	342.383354	0.238157	0.011743	8.2
1896	-1.146439	342.056350	0.238372	0.019113	10.0
1897	-1.107789	341.684462	0.238616	0.016129	8.4
1898	-1.149042	341.237218	0.238911	0.011759	8.4
1899	-1.146293	340.813567	0.239190	0.012904	10.9
1900	-1.114798	341.083379	0.239012	0.006562	8.8
1901	-1.107200	341.265312	0.238892	0.009944	8.6
1902	-1.149824	341.518243	0.238726	0.010961	8.0
1903	-1.110474	342.330618	0.238192	0.014715	8.7
1904	-1.134320	342.040997	0.238382	0.014829	8.2
1905	-1.124218	343.017506	0.237742	0.015206	16.6
1906	-1.154331	343.636923	0.237338	0.014498	16.8
1907	-1.113165	344.605797	0.236710	0.015741	13.8
1908	-1.116407	345.533322	0.236111	0.007116	14.6
1909	-1.109095	345.225785	0.236309	0.018095	8.3
1910	-1.118787	344.833259	0.236562	0.014377	8.5
1911	-1.127378	345.803122	0.235937	0.011234	8.9
1912	-1.151041	346.525626	0.235473	0.007815	8.3
1913	-1.114603	346.172273	0.235700	0.013633	8.9
1914	-1.126260	346.700388	0.235361	0.010635	10.5
1915	-1.123566	346.848887	0.235266	0.014069	9.3
1916	-1.119078	347.336349	0.234955	0.009491	8.5
1917	-1.122091	347.014012	0.235161	0.007098	8.6
1918	-1.119524	346.660222	0.235387	0.017820	8.0
1919	-1.106358	346.745806	0.235332	0.010928	9.0
1920	-1.105135	347.518415	0.234839	0.013023	10.0
1921	-1.124194	347.287476	0.234986	0.010623	8.3
1922	-1.152002	346.895235	0.235236	0.021696	8.9
1923	-1.107313	346.457777	0.235516	0.012425	8.8
1924	-1.094805	346.010750	0.235803	0.019654	8.8
1925	-1.102960	345.565612	0.236090	0.011697	9.6
1926	-1.112914	345.683663	0.236014	0.022832	8.8
1927	-1.128281	346.679519	0.235374	0.014778	8.1
1928	-1.129241	346.232911	0.235661	0.013738	8.8
1929	-1.140362	347.092278	0.235111	0.008232	8.1
1930	-1.107371	347.187781	0.235050	0.009200	9.1
1931	-1.135118	347.050195	0.235137	0.015624	10.4
1932	-1.099848	346.881355	0.235245	0.013467	8.7
1933	-1.121737	346.557069	0.235453	0.011635	8.4
1934	-1.135970	347.037210	0.235146	0.007465	8.4
1935	-1.121547	347.364443	0.234937	0.017043	8.4
1936	-1.122461	347.006263	0.235165	0.013611	8.7
1937	-1.159255	346.585321	0.235435	0.007891	10.7
1938	-1.136270	346.650385	0.235393	0.013789	8.2
1939	-1.116900	346.565101	0.235448	0.009609	10.0
1940	-1.152523	346.805089	0.235294	0.014566	8.2
1941	-1.114916	346.430836	0.235534	0.017053	8.4
1942	-1.121474	346.265775	0.235640	0.009702	8.8
1943	-1.099394	345.866545	0.235896	0.009000	10.7
1944	-1.104418	345.747894	0.235972	0.016213	8.5
1945	-1.113853	346.042542	0.235783	0.014231	8.2
1946	-1.101426	345.618495	0.236056	0.007878	8.6
1947	-1.103804	345.416213	0.236186	0.012612	8.4
1948	-1.136091	345.584129	0.236078	0.012478	12.4
1949	-1.120708	345.588216	0.236075	0.013990	8.7
1950	-1.124934	345.262528	0.236285	0.007026	8.5
1951	-1.142845	345.691686	0.236009	0.011668	8.1
1952	-1.132528	345.867115	0.235896	0.009827	9.1
1953	-1.157753	345.607890	0.236062	0.010002	8.1
1954	-1.138736	345.282720	0.236272	0.009306	10.9
1955	-1.120100	345.367518	0.236217	0.014066	8.4
1956	-1.105243	345.994688	0.235814	0.011807	8.1
1957	-1.109038	346.848195	0.235267	0.017279	8.4
1958	-1.132959	347.718723	0.234711	0.018021	8.2
1959	-1.109155	347.987564	0.234540	0.009763	8.7
1960	-1.112246	348.961495	0.233923	0.011410	10.1
1961	-1.119050	349.022429	0.233884	0.015405	9.6
1962	-1.143847	348.663760	0.234111	0.017222	8.1
1963	-1.104658	348.805252	0.234021	0.016041	8.6
1964	-1.127183	348.358331	0.234305	0.011111	8.1
1965	-1.145716	349.190907	0.233778	0.022582	8.5
1966	-1.119696	350.164308	0.233165	0.014732	9.2
1967	-1.111815	349.717997	0.233445	0.014080	10.3
1968	-1.134958	350.034222	0.233246	0.009526	8.4
1969	-1.132814	349.671864	0.233474	0.010403	8.0
1970	-1.122945	349.580866	0.233532	0.008310	8.2
1971	-1.114385	349.236165	0.233749	0.009607	8.3
1972	-1.135027	349.003608	0.233896	0.014124	8.9
1973	-1.102153	349.518945	0.233571	0.013268	8.8
1974	-1.113694	350.467306	0.232974	0.005887	9.0
1975	-1.120809	350.209223	0.233136	0.006743	8.2
1976	-1.115404	350.135452	0.233183	0.020080	8.4
1977	-1.131719	350.988673	0.232648	0.011134	8.3
1978	-1.124743	351.938105	0.232056	0.012800	8.3
1979	-1.130206	351.678736	0.232217	0.010337	10.2
1980	-1.137526	351.247684	0.232486	0.014355	9.0
1981	-1.120272	350.820647	0.232753	0.010602	8.2
1982	-1.132012	351.691751	0.232209	0.017294	8.5
1983	-1.108436	352.641879	0.231618	0.013991	8.0
1984	-1.149515	353.342237	0.231185	0.011788	8.8
1985	-1.112901	353.084208	0.231345	0.006650	9.5
1986	-1.099127	353.538908	0.231064	0.011574	9.5
1987	-1.138747	353.278775	0.231224	0.013934	8.4
1988	-1.121578	352.856170	0.231486	0.014002	8.3
1989	-1.141260	353.583205	0.231036	0.008633	9.1
1990	-1.128610	353.182275	0.231284	0.013075	9.6
1991	-1.121527	353.193711	0.231277	0.008564	8.6
1992	-1.118405	353.873994	0.230857	0.017163	8.1
1993	-1.134722	353.766533	0.230923	0.010974	8.4
1994	-1.129357	353.586061	0.231035	0.014416	8.1
1995	-1.116452	353.246595	0.231244	0.008445	9.4
1996	-1.105794	353.927927	0.230824	0.014895	10.1
1997	-1.127270	354.733665	0.230329	0.018521	8.7
1998	-1.135023	355.711903	0.229731	0.008941	8.3
1999	-1.128007	355.278121	0.229996	0.018970	9.3
