1:ItNr	2:Metric	3a:Time	3b:StepSize	4:||Gradient||	Time[ms]
0	-1.189853	0.000000	1.096725	0.106237	3310.0
1	-1.182416	0.000000	1.096725	0.104806	25.0
2	-1.190565	1.000000	1.046873	0.107708	22.8
3	-1.177577	1.999989	1.001358	0.122053	31.6
4	-1.158707	2.999989	0.959634	0.131424	22.7
5	-1.193179	3.999989	0.921249	0.177685	21.5
6	-1.175047	4.999989	0.885816	0.136575	23.7
7	-1.212898	5.999989	0.853008	0.283113	28.0
8	-1.155403	6.999989	0.822544	0.123662	22.4
9	-1.161827	7.999989	0.794180	0.107049	21.3
10	-1.152925	7.534018	0.807149	0.093819	21.2
11	-1.185579	7.068135	0.820547	0.143064	21.1
12	-1.176088	8.067360	0.792339	0.147788	20.9
13	-1.185202	9.067360	0.765987	0.174603	20.9
14	-1.190969	10.067360	0.741332	0.136886	20.8
15	-1.195234	11.067360	0.718214	0.155547	28.2
16	-1.196546	12.067360	0.696494	0.124838	25.4
17	-1.172501	13.067360	0.676049	0.159024	22.2
18	-1.183304	14.067298	0.656772	0.144981	27.8
19	-1.176617	15.067298	0.638562	0.116951	28.1
20	-1.173345	16.067298	0.621335	0.178538	21.5
21	-1.166854	17.067296	0.605013	0.162707	22.1
22	-1.182602	18.067296	0.589527	0.141682	27.3
23	-1.187037	19.067296	0.574813	0.160186	28.0
24	-1.179256	20.067296	0.560816	0.166867	21.9
25	-1.162108	21.067296	0.547485	0.129283	20.9
26	-1.182576	22.067296	0.534773	0.229038	33.7
27	-1.168928	23.067296	0.522637	0.086227	29.2
28	-1.178902	24.067295	0.511041	0.104046	21.2
29	-1.183392	25.063388	0.499990	0.149576	21.5
30	-1.163889	24.598211	0.505090	0.187774	29.9
31	-1.160216	25.598211	0.494251	0.112023	22.9
32	-1.160384	26.598211	0.483867	0.128383	22.1
33	-1.213457	26.132234	0.488651	0.316511	20.2
34	-1.181240	27.132234	0.478499	0.083579	32.1
35	-1.185175	28.132234	0.468760	0.120132	23.4
36	-1.169450	29.131486	0.459416	0.087391	23.0
37	-1.176138	30.131480	0.450431	0.117685	29.7
38	-1.178973	29.667974	0.454552	0.127338	23.8
39	-1.199330	30.427889	0.447835	0.133487	22.1
40	-1.176093	29.990546	0.451676	0.214640	20.8
41	-1.184001	30.990546	0.442989	0.108003	22.6
42	-1.188436	31.990546	0.434629	0.150264	20.4
43	-1.189467	32.884445	0.427419	0.105023	23.1
44	-1.195392	33.884445	0.419631	0.112148	20.4
45	-1.209298	33.426327	0.423163	0.203032	20.4
46	-1.186858	34.426327	0.415528	0.138572	20.6
47	-1.200968	35.426327	0.408164	0.183184	21.6
48	-1.180359	34.967913	0.411508	0.180865	21.1
49	-1.192557	35.967913	0.404284	0.139906	20.8
50	-1.177765	36.967913	0.397310	0.171461	20.7
51	-1.178127	36.502254	0.400527	0.120619	22.0
52	-1.186448	37.502254	0.393681	0.135427	30.5
53	-1.170992	38.502254	0.387065	0.157354	23.0
54	-1.179168	39.502254	0.380667	0.160640	20.7
55	-1.192836	40.502254	0.374478	0.134763	21.8
56	-1.173173	41.502254	0.368486	0.147644	23.5
57	-1.182905	42.502130	0.362684	0.214465	20.5
58	-1.190527	43.502130	0.357061	0.115040	22.3
59	-1.173226	44.502130	0.351610	0.140981	20.4
60	-1.183659	44.036150	0.354129	0.195189	30.9
61	-1.188775	45.036150	0.348767	0.074953	21.0
62	-1.194663	46.036150	0.343564	0.187649	21.5
63	-1.163452	45.570524	0.345967	0.198375	20.9
64	-1.198790	46.570524	0.340847	0.158425	25.3
65	-1.175965	47.570524	0.335876	0.212152	26.6
66	-1.196050	48.570524	0.331048	0.159417	26.4
67	-1.202737	49.570524	0.326357	0.219118	21.4
68	-1.197251	50.570524	0.321798	0.191857	21.3
69	-1.180323	51.570524	0.317363	0.112412	30.7
70	-1.206328	52.570524	0.313050	0.160489	27.0
71	-1.172148	53.570524	0.308851	0.133089	28.3
72	-1.172488	54.570524	0.304765	0.154251	22.0
73	-1.164734	55.570524	0.300784	0.140045	20.9
74	-1.164963	56.570524	0.296907	0.263798	25.0
75	-1.187672	57.570524	0.293128	0.117552	27.3
76	-1.190753	58.570524	0.289444	0.163947	24.9
77	-1.182419	58.104542	0.291149	0.128667	29.6
78	-1.191936	59.104542	0.287514	0.155361	23.0
79	-1.184607	58.638723	0.289196	0.147293	22.2
80	-1.190061	59.638723	0.285610	0.113559	35.0
81	-1.159227	60.163646	0.283763	0.292707	20.9
82	-1.194083	61.163646	0.280309	0.102654	20.6
83	-1.168489	62.163646	0.276939	0.113057	20.0
84	-1.181436	61.697665	0.278499	0.173772	29.2
85	-1.178848	61.268288	0.279953	0.186050	23.4
86	-1.179730	62.268288	0.276590	0.148329	20.7
87	-1.186569	63.268288	0.273308	0.234067	21.2
88	-1.198859	64.268288	0.270103	0.183804	20.8
89	-1.192949	65.268288	0.266972	0.185577	20.4
90	-1.204165	66.268288	0.263913	0.146240	25.9
91	-1.186657	67.268288	0.260923	0.165429	28.2
92	-1.212070	66.802307	0.262308	0.182187	21.3
93	-1.186905	67.802307	0.259354	0.171758	21.3
94	-1.200583	68.802307	0.256466	0.161943	29.0
95	-1.191784	69.802307	0.253641	0.282289	22.5
96	-1.191349	70.802307	0.250878	0.100904	21.4
97	-1.184121	71.802307	0.248175	0.152794	20.5
98	-1.182631	71.336330	0.249427	0.168582	22.9
99	-1.197783	70.871592	0.250689	0.231104	20.7
100	-1.207956	71.871592	0.247990	0.210429	20.5
101	-1.194832	72.871592	0.245348	0.163454	20.7
102	-1.191708	73.871592	0.242762	0.176019	31.0
103	-1.196842	74.871592	0.240230	0.169709	26.7
104	-1.178042	75.871592	0.237750	0.186189	21.0
105	-1.184545	76.871592	0.235321	0.179567	26.1
106	-1.211337	77.871592	0.232941	0.202981	26.9
107	-1.190018	78.871592	0.230608	0.183188	20.7
108	-1.201613	79.871592	0.228322	0.153004	20.7
109	-1.188911	80.871592	0.226081	0.116514	20.8
110	-1.202203	81.871592	0.223883	0.228046	27.1
111	-1.217083	82.871592	0.221728	0.226853	36.1
112	-1.186482	83.871592	0.219613	0.110083	21.1
113	-1.186512	84.871592	0.217539	0.125318	20.5
114	-1.208086	85.871502	0.215504	0.249019	24.6
115	-1.192886	86.871502	0.213506	0.150729	37.7
116	-1.181599	87.871502	0.211545	0.174140	21.6
117	-1.191130	88.871502	0.209620	0.243702	21.5
118	-1.171162	89.871502	0.207729	0.140094	25.5
119	-1.202993	90.871502	0.205872	0.219068	33.5
120	-1.188729	90.405521	0.206733	0.189819	27.6
121	-1.194068	91.405521	0.204894	0.125498	20.8
122	-1.190591	92.405521	0.203087	0.190757	20.9
123	-1.174179	92.009588	0.203799	0.238517	29.7
124	-1.195534	93.009588	0.202011	0.178340	33.4
125	-1.182314	94.009588	0.200255	0.257088	23.3
126	-1.184142	95.009588	0.198529	0.200299	20.6
127	-1.199159	96.009588	0.196832	0.223867	22.3
128	-1.166264	97.009588	0.195164	0.148413	27.4
129	-1.201000	98.009588	0.193524	0.151787	21.2
130	-1.186389	99.009587	0.191911	0.210847	30.4
131	-1.188405	100.009587	0.190326	0.181675	24.6
132	-1.197594	101.009587	0.188766	0.197638	22.4
133	-1.197419	102.009587	0.187231	0.200229	28.6
134	-1.191798	103.009587	0.185721	0.175591	26.9
135	-1.190729	104.009587	0.184236	0.191987	24.0
136	-1.192490	105.009587	0.182774	0.235606	20.9
137	-1.195634	106.009587	0.181334	0.159280	23.9
138	-1.187179	107.009587	0.179918	0.137039	21.9
139	-1.209190	106.543606	0.180575	0.201653	20.2
140	-1.191677	107.543606	0.179170	0.160035	21.9
141	-1.177218	108.543606	0.177787	0.199229	21.7
142	-1.180238	109.543606	0.176425	0.182544	44.0
143	-1.189168	110.543606	0.175084	0.246934	24.0
144	-1.165644	111.543606	0.173763	0.175189	26.0
145	-1.194273	112.543606	0.172462	0.151126	36.4
146	-1.172250	113.543598	0.171180	0.178587	33.2
147	-1.192957	114.543598	0.169917	0.176890	33.9
148	-1.194209	115.543598	0.168673	0.230724	35.8
149	-1.183958	116.543598	0.167447	0.212226	30.3
150	-1.188833	117.543598	0.166238	0.205897	25.6
151	-1.205931	118.543598	0.165047	0.171538	22.8
152	-1.195239	119.543598	0.163872	0.162809	33.6
153	-1.188258	120.543598	0.162715	0.165105	34.0
154	-1.191437	121.543598	0.161573	0.148292	29.9
155	-1.153069	122.543598	0.160448	0.178349	29.1
156	-1.209920	123.543598	0.159338	0.266628	20.8
157	-1.178979	124.543598	0.158243	0.174651	22.7
158	-1.182815	125.543598	0.157163	0.151217	27.2
159	-1.177074	126.543598	0.156098	0.193459	22.7
160	-1.174148	127.543598	0.155047	0.144639	23.0
161	-1.190539	128.543598	0.154010	0.139846	21.1
162	-1.195389	129.543598	0.152987	0.166781	20.7
163	-1.193972	130.543598	0.151977	0.172841	20.2
164	-1.157457	131.543598	0.150981	0.154433	22.3
165	-1.201652	132.543598	0.149998	0.197233	20.7
166	-1.199200	133.543598	0.149027	0.187600	29.4
167	-1.188377	134.543598	0.148069	0.153727	23.5
168	-1.161316	135.543598	0.147123	0.151908	22.4
169	-1.196274	136.543598	0.146189	0.171709	20.9
170	-1.204093	137.543598	0.145267	0.200076	25.8
171	-1.183709	138.543598	0.144357	0.211254	24.2
172	-1.173006	139.543598	0.143458	0.195138	22.5
173	-1.193824	140.543598	0.142570	0.179453	21.0
174	-1.182691	141.543598	0.141693	0.126975	21.1
175	-1.178815	142.543598	0.140826	0.189960	20.0
176	-1.190357	143.543598	0.139970	0.186609	20.2
177	-1.187138	144.543598	0.139125	0.115595	94.0
178	-1.212432	145.543598	0.138289	0.072777	48.2
179	-1.202000	146.543596	0.137464	0.126516	26.2
180	-1.203684	147.542754	0.136649	0.146469	32.6
181	-1.190749	148.542754	0.135843	0.137004	55.5
182	-1.198045	149.542754	0.135047	0.204167	78.3
183	-1.190016	150.542754	0.134259	0.260277	41.0
184	-1.182125	151.542754	0.133481	0.191576	47.3
185	-1.192557	152.542754	0.132712	0.169486	61.7
186	-1.223465	153.542754	0.131952	0.223526	48.4
187	-1.195124	154.542754	0.131200	0.142900	52.1
188	-1.191034	155.542754	0.130457	0.144426	52.0
189	-1.180275	156.542745	0.129722	0.227978	96.0
190	-1.193283	157.542745	0.128996	0.126531	68.6
191	-1.177756	158.542745	0.128277	0.109156	31.8
192	-1.194841	159.542745	0.127567	0.148544	45.8
193	-1.198501	160.539710	0.126866	0.285312	42.3
194	-1.180339	161.539710	0.126171	0.185900	41.0
195	-1.187538	162.539710	0.125484	0.139975	50.1
196	-1.190095	162.075412	0.125802	0.221755	37.6
197	-1.176393	163.075412	0.125118	0.189858	42.7
198	-1.186551	164.075412	0.124442	0.141150	41.0
199	-1.194542	165.075412	0.123774	0.120533	39.2
200	-1.197655	166.075412	0.123112	0.132278	39.6
201	-1.195686	167.075269	0.122457	0.208355	40.4
202	-1.189091	168.075269	0.121810	0.214469	37.3
203	-1.201777	169.075269	0.121169	0.300563	56.2
204	-1.190104	170.075269	0.120535	0.186129	92.3
205	-1.186364	171.075269	0.119907	0.074645	54.0
206	-1.202045	170.609290	0.120199	0.211996	48.8
207	-1.187772	171.609252	0.119575	0.200686	49.5
208	-1.196859	172.609252	0.118957	0.136168	39.4
209	-1.165572	173.609252	0.118346	0.167051	24.3
210	-1.175823	174.609252	0.117741	0.145175	34.5
211	-1.206576	175.609252	0.117142	0.188448	40.1
212	-1.197721	176.609252	0.116549	0.178429	38.0
213	-1.182477	177.609252	0.115962	0.172247	40.5
214	-1.187083	178.609252	0.115382	0.201394	33.8
215	-1.178466	179.609252	0.114806	0.184221	34.1
216	-1.183401	180.609252	0.114237	0.116676	26.7
217	-1.209723	181.609252	0.113673	0.237014	36.9
218	-1.186244	182.609252	0.113115	0.249400	42.3
219	-1.185546	183.609252	0.112562	0.225184	34.4
220	-1.193018	184.609252	0.112014	0.249874	46.6
221	-1.192898	185.609252	0.111472	0.141993	42.0
222	-1.185177	186.609252	0.110935	0.118661	49.9
223	-1.199489	186.143271	0.111185	0.147052	39.5
224	-1.196081	187.143271	0.110651	0.179809	30.2
225	-1.191346	188.143271	0.110122	0.190006	25.5
226	-1.205788	189.143271	0.109598	0.228693	32.2
227	-1.195831	190.143271	0.109079	0.189738	25.1
228	-1.186482	191.143271	0.108564	0.098128	23.6
229	-1.186937	192.143271	0.108055	0.119988	25.1
230	-1.195651	193.143271	0.107551	0.119727	29.7
231	-1.191222	194.143271	0.107051	0.156973	60.9
232	-1.183988	195.143271	0.106555	0.133854	106.1
233	-1.180602	196.143271	0.106065	0.135894	62.7
234	-1.196421	196.969745	0.105662	0.120071	40.8
235	-1.198718	197.969745	0.105180	0.130632	32.6
236	-1.196074	198.969745	0.104702	0.165291	25.0
237	-1.187976	199.969745	0.104228	0.179653	26.2
238	-1.198454	200.969745	0.103758	0.288234	24.6
239	-1.206586	201.969745	0.103293	0.188077	25.1
240	-1.193746	202.969745	0.102832	0.166219	26.6
241	-1.183453	203.969745	0.102375	0.196548	33.0
242	-1.166959	204.969745	0.101922	0.146358	24.7
243	-1.183037	205.969745	0.101473	0.124885	24.3
244	-1.178940	206.969661	0.101028	0.105538	23.5
245	-1.193420	207.969661	0.100586	0.132776	23.1
246	-1.196744	208.969661	0.100149	0.200381	23.2
247	-1.202095	209.969661	0.099715	0.155136	24.6
248	-1.192197	210.969661	0.099285	0.141684	28.0
249	-1.175463	211.969661	0.098859	0.187617	32.4
250	-1.180506	212.969661	0.098437	0.249813	32.1
251	-1.174985	213.969661	0.098018	0.188216	44.1
252	-1.205741	214.969661	0.097602	0.154093	31.9
253	-1.203110	215.969661	0.097191	0.121027	36.3
254	-1.215574	216.969661	0.096782	0.137926	70.1
255	-1.188847	217.969661	0.096377	0.239884	59.3
256	-1.168018	218.969661	0.095976	0.189816	43.7
257	-1.221471	219.969661	0.095577	0.179279	36.4
258	-1.170693	220.969661	0.095182	0.098531	23.1
259	-1.187706	221.969661	0.094791	0.116479	20.8
260	-1.208924	222.969661	0.094402	0.208277	24.8
261	-1.193945	223.969661	0.094017	0.229020	24.1
262	-1.208050	224.969661	0.093634	0.239672	27.3
263	-1.197727	225.969661	0.093255	0.278152	22.5
264	-1.181765	226.969661	0.092879	0.210112	23.5
265	-1.210050	227.969661	0.092506	0.159936	24.1
266	-1.191665	228.969661	0.092136	0.099703	24.3
267	-1.181460	229.969661	0.091769	0.078166	23.8
268	-1.183114	229.508522	0.091938	0.111733	34.2
269	-1.192119	230.508522	0.091572	0.099411	35.1
270	-1.187212	231.508509	0.091210	0.143061	35.2
271	-1.195336	232.508509	0.090850	0.082455	37.3
272	-1.197718	233.508407	0.090493	0.099342	54.7
273	-1.202675	233.964659	0.090331	0.191900	49.0
274	-1.183500	234.964659	0.089978	0.196347	40.8
275	-1.173595	235.964659	0.089628	0.121234	23.6
276	-1.201298	236.964659	0.089281	0.156538	25.8
277	-1.198884	237.964659	0.088936	0.170548	23.8
278	-1.201675	238.964659	0.088594	0.166086	22.9
279	-1.171948	239.964659	0.088254	0.140571	21.5
280	-1.194822	240.964659	0.087917	0.117967	21.6
281	-1.207881	241.964659	0.087583	0.136063	28.5
282	-1.196360	242.964658	0.087251	0.189764	33.6
283	-1.194555	243.964658	0.086922	0.175157	25.2
284	-1.187912	244.964658	0.086595	0.115311	28.3
285	-1.206110	245.964658	0.086271	0.200165	26.3
286	-1.194212	246.964658	0.085949	0.207000	24.4
287	-1.188942	247.964658	0.085629	0.104805	24.8
288	-1.199118	248.964658	0.085312	0.072970	29.0
289	-1.205073	249.964493	0.084997	0.131178	30.6
290	-1.195511	250.964364	0.084685	0.161470	23.1
291	-1.187480	251.964364	0.084374	0.144795	24.0
292	-1.209788	252.964364	0.084066	0.187819	22.6
293	-1.177892	253.964364	0.083761	0.191227	24.3
294	-1.207235	254.964364	0.083457	0.091988	22.5
295	-1.185868	255.964364	0.083156	0.180968	22.9
296	-1.185170	255.499983	0.083296	0.186088	21.0
297	-1.200934	256.499983	0.082995	0.139604	22.8
298	-1.186097	257.499983	0.082697	0.118866	23.3
299	-1.197188	258.499983	0.082401	0.088237	23.5
300	-1.194847	259.499850	0.082108	0.084504	29.3
301	-1.201159	260.394520	0.081847	0.094429	26.2
302	-1.202115	261.394499	0.081557	0.101001	40.3
303	-1.216431	262.394499	0.081269	0.139685	37.7
304	-1.184839	263.394499	0.080983	0.202607	24.1
305	-1.179216	264.394499	0.080700	0.112116	30.2
306	-1.157379	265.394499	0.080418	0.184530	24.8
307	-1.185557	265.805447	0.080303	0.232350	28.5
308	-1.185024	266.805447	0.080024	0.210742	28.2
309	-1.186570	267.805447	0.079746	0.164165	77.5
310	-1.180015	268.805447	0.079471	0.197471	30.4
311	-1.202387	269.805447	0.079198	0.205607	26.0
312	-1.178738	270.805447	0.078927	0.157999	23.3
313	-1.200928	271.805447	0.078657	0.196201	30.0
314	-1.190899	272.805447	0.078389	0.238575	42.4
315	-1.195564	273.805447	0.078123	0.166053	71.6
316	-1.165049	274.805447	0.077859	0.152408	50.7
317	-1.212920	275.805447	0.077597	0.170139	57.6
318	-1.209348	276.805447	0.077336	0.177195	66.3
319	-1.198747	277.805447	0.077078	0.204406	61.4
320	-1.195719	278.805447	0.076821	0.232277	41.6
321	-1.178850	279.805447	0.076565	0.166933	28.0
322	-1.175734	280.805447	0.076311	0.113749	26.9
323	-1.205427	281.805447	0.076059	0.122182	25.2
324	-1.180481	282.805447	0.075809	0.039894	24.8
325	-1.174650	282.435644	0.075901	0.080360	30.0
326	-1.163943	283.088423	0.075739	0.097401	30.9
327	-1.187564	284.088423	0.075490	0.094170	36.5
328	-1.192972	283.622448	0.075606	0.100259	29.1
329	-1.196953	284.609936	0.075361	0.096032	31.4
330	-1.192794	285.609935	0.075116	0.175194	26.2
331	-1.191843	286.609935	0.074871	0.200672	29.6
332	-1.189250	287.609935	0.074629	0.263594	30.3
333	-1.198825	288.609935	0.074388	0.189193	26.6
334	-1.179553	289.609935	0.074148	0.120206	34.8
335	-1.193512	290.609935	0.073910	0.205837	31.2
336	-1.198765	291.609935	0.073674	0.222435	33.4
337	-1.193972	292.609935	0.073439	0.143847	28.2
338	-1.197079	293.609935	0.073206	0.077877	30.6
339	-1.207232	294.609935	0.072974	0.152579	33.4
340	-1.176863	295.609933	0.072743	0.135251	24.7
341	-1.207327	296.609933	0.072514	0.145367	34.3
342	-1.201875	297.609474	0.072287	0.182895	55.3
343	-1.177604	298.609474	0.072060	0.142700	39.9
344	-1.192890	299.609474	0.071836	0.138099	24.2
345	-1.177560	300.609474	0.071612	0.144050	42.5
346	-1.189052	301.609474	0.071390	0.108716	37.5
347	-1.172372	302.609368	0.071170	0.067916	37.8
348	-1.187043	303.609295	0.070951	0.139403	55.2
349	-1.221368	304.609283	0.070733	0.191881	31.8
350	-1.185412	305.609283	0.070516	0.113045	22.9
351	-1.202847	306.609282	0.070301	0.177081	22.0
352	-1.209026	307.609282	0.070087	0.169935	22.1
353	-1.170284	308.609282	0.069874	0.161163	22.5
354	-1.229849	309.609282	0.069663	0.094907	23.3
355	-1.184836	310.609282	0.069453	0.133866	24.6
356	-1.174745	311.609282	0.069244	0.098352	26.0
357	-1.177998	312.609282	0.069036	0.059565	23.2
358	-1.191614	313.609267	0.068830	0.165833	22.3
359	-1.189193	314.609248	0.068625	0.152162	21.0
360	-1.204815	315.609248	0.068421	0.185016	20.7
361	-1.191389	316.609248	0.068219	0.213222	21.7
362	-1.181572	317.609248	0.068017	0.110406	22.1
363	-1.192216	318.609248	0.067817	0.133750	20.5
364	-1.202710	319.295095	0.067680	0.080982	21.4
365	-1.199935	320.295074	0.067482	0.066236	20.8
366	-1.189277	321.130511	0.067317	0.096499	21.9
367	-1.190487	322.120545	0.067123	0.179046	22.9
368	-1.182379	323.120545	0.066928	0.186704	23.5
369	-1.188158	324.120545	0.066734	0.155507	23.1
370	-1.189582	325.120545	0.066541	0.109990	29.3
371	-1.198557	326.120545	0.066349	0.180646	25.1
372	-1.215361	327.120545	0.066159	0.162315	28.2
373	-1.195137	328.120545	0.065969	0.177679	38.5
374	-1.184891	329.120545	0.065781	0.099921	32.7
375	-1.208360	330.120545	0.065593	0.061284	32.0
376	-1.191705	331.120128	0.065407	0.069565	26.8
377	-1.207677	332.115575	0.065223	0.064293	22.3
378	-1.177704	333.112637	0.065039	0.084516	21.2
379	-1.199751	334.112625	0.064856	0.156589	21.3
380	-1.199756	335.053625	0.064685	0.081113	21.7
381	-1.208438	336.053625	0.064504	0.084873	22.6
382	-1.170379	335.587745	0.064588	0.077131	24.3
383	-1.172972	336.587658	0.064407	0.115313	25.3
384	-1.168200	337.587597	0.064228	0.061924	22.8
385	-1.205563	337.622018	0.064221	0.098513	26.4
386	-1.190843	338.131967	0.064130	0.090442	29.1
387	-1.204271	339.131905	0.063952	0.123489	24.7
388	-1.197868	340.131904	0.063775	0.154896	35.0
389	-1.202767	341.131904	0.063599	0.115080	27.5
390	-1.195733	342.131904	0.063424	0.097888	23.5
391	-1.202704	343.104838	0.063254	0.074392	27.2
392	-1.179533	344.104628	0.063081	0.104529	28.7
393	-1.184592	343.653254	0.063159	0.159520	26.1
394	-1.185870	344.653254	0.062986	0.151187	28.9
395	-1.190048	345.653254	0.062815	0.092056	26.2
396	-1.195059	345.779831	0.062793	0.121179	30.6
397	-1.189166	346.763104	0.062625	0.124766	35.3
398	-1.196051	347.763104	0.062455	0.108938	28.4
399	-1.189481	348.763104	0.062286	0.119712	28.6
400	-1.203619	349.763104	0.062118	0.113588	26.0
401	-1.185755	350.761174	0.061952	0.116143	22.0
402	-1.185684	351.761174	0.061785	0.128368	21.7
403	-1.199119	352.761174	0.061620	0.085508	20.6
404	-1.213459	353.761174	0.061456	0.118704	22.7
405	-1.200630	353.295293	0.061532	0.166862	20.7
406	-1.183188	354.295293	0.061368	0.117747	21.6
407	-1.205572	355.295293	0.061205	0.122301	22.0
408	-1.195827	356.295293	0.061043	0.136787	24.0
409	-1.195967	357.295078	0.060882	0.072570	23.4
410	-1.173121	357.599947	0.060833	0.076971	26.4
411	-1.182170	358.576108	0.060676	0.061474	40.2
412	-1.192842	359.448305	0.060537	0.136294	38.5
413	-1.202062	360.444710	0.060379	0.157093	38.0
414	-1.180687	361.444710	0.060221	0.130635	39.2
415	-1.192150	362.444710	0.060064	0.095424	28.2
416	-1.192942	363.306111	0.059929	0.087755	33.2
417	-1.207640	363.167039	0.059951	0.114717	33.4
418	-1.193447	363.925895	0.059833	0.196314	32.4
419	-1.205220	364.925895	0.059678	0.118924	30.9
420	-1.172816	365.925895	0.059524	0.114756	23.8
421	-1.176823	366.925863	0.059370	0.135648	21.7
422	-1.187220	367.925863	0.059217	0.095041	22.0
423	-1.222274	368.925863	0.059066	0.138074	47.0
424	-1.187282	368.523912	0.059127	0.115973	38.2
425	-1.184679	369.523912	0.058975	0.083927	31.8
426	-1.208156	370.482026	0.058831	0.101605	61.7
427	-1.191178	370.017639	0.058901	0.098828	33.4
428	-1.173390	370.990072	0.058755	0.056423	21.5
429	-1.192378	370.645421	0.058806	0.116062	21.5
430	-1.176559	371.645155	0.058657	0.107668	21.9
431	-1.216111	372.645024	0.058508	0.061291	28.2
432	-1.221423	373.340087	0.058404	0.122726	26.7
433	-1.198521	373.546229	0.058374	0.116452	23.4
434	-1.182286	374.546229	0.058226	0.118489	22.0
435	-1.196865	375.540586	0.058080	0.120866	22.4
436	-1.180562	376.540586	0.057934	0.121696	32.1
437	-1.224763	377.540585	0.057789	0.238592	30.2
438	-1.175024	378.540585	0.057644	0.158372	33.2
439	-1.196676	379.540585	0.057500	0.088089	39.6
440	-1.192462	380.540043	0.057357	0.096410	38.0
441	-1.189835	381.540042	0.057215	0.128791	30.4
442	-1.199847	382.538486	0.057073	0.131105	31.1
443	-1.198462	383.538486	0.056932	0.125145	28.6
444	-1.197223	384.511785	0.056795	0.139851	36.9
445	-1.190167	385.511785	0.056656	0.072164	31.6
446	-1.213470	386.511573	0.056517	0.074291	26.6
447	-1.210884	386.786934	0.056479	0.098611	21.8
448	-1.212880	387.786858	0.056340	0.100010	25.5
449	-1.198443	388.786858	0.056203	0.175769	28.9
450	-1.201995	389.786854	0.056066	0.182620	23.2
451	-1.189657	390.786854	0.055930	0.120866	22.9
452	-1.194548	391.786854	0.055794	0.089653	22.9
453	-1.174080	392.786854	0.055660	0.100577	23.1
454	-1.200479	392.322822	0.055722	0.169173	22.2
455	-1.202543	393.322822	0.055588	0.122429	22.9
456	-1.206274	394.322822	0.055454	0.094847	21.9
457	-1.198093	395.321782	0.055321	0.154034	22.0
458	-1.207638	396.321782	0.055188	0.198969	23.3
459	-1.188810	397.321782	0.055056	0.184966	27.3
460	-1.189027	398.321782	0.054925	0.108200	42.5
461	-1.204868	399.321782	0.054794	0.135438	22.2
462	-1.203885	400.319414	0.054665	0.155073	22.0
463	-1.173534	401.319414	0.054535	0.151875	35.7
464	-1.199493	402.319414	0.054406	0.120220	33.6
465	-1.200874	403.319414	0.054278	0.103275	30.5
466	-1.201633	404.319414	0.054150	0.115664	23.4
467	-1.188632	405.319414	0.054023	0.136450	22.6
468	-1.189821	406.319414	0.053897	0.165651	22.5
469	-1.201813	407.319414	0.053771	0.121186	23.3
470	-1.182336	408.319414	0.053646	0.105903	21.4
471	-1.197159	409.319260	0.053521	0.142803	21.2
472	-1.171864	410.319243	0.053397	0.136270	21.9
473	-1.184202	411.319243	0.053274	0.104495	22.7
474	-1.195085	412.319243	0.053151	0.075305	23.7
475	-1.210778	413.319242	0.053028	0.166583	23.2
476	-1.191534	413.173683	0.053046	0.182384	24.6
477	-1.193566	414.173683	0.052924	0.178992	23.4
478	-1.152542	415.173683	0.052803	0.152656	22.4
479	-1.186244	416.173683	0.052682	0.106765	21.5
480	-1.198710	417.011204	0.052581	0.086756	21.3
481	-1.194200	418.011119	0.052462	0.109446	23.4
482	-1.200044	419.011097	0.052342	0.100102	21.8
483	-1.174185	420.011097	0.052224	0.047667	21.5
484	-1.199072	420.004663	0.052224	0.087212	21.2
485	-1.192380	420.956161	0.052112	0.089687	21.9
486	-1.199251	421.953144	0.051995	0.206447	21.0
487	-1.186080	422.953144	0.051878	0.210399	22.9
488	-1.183287	423.953144	0.051761	0.076355	20.4
489	-1.183912	424.953144	0.051645	0.069562	20.9
490	-1.214356	424.492524	0.051698	0.131364	20.8
491	-1.188798	425.492523	0.051583	0.091564	21.9
492	-1.193464	426.492523	0.051467	0.132258	20.6
493	-1.205171	427.492523	0.051353	0.128183	22.1
494	-1.200764	428.492522	0.051238	0.143449	20.8
495	-1.200280	429.492522	0.051125	0.080524	20.7
496	-1.177053	430.492522	0.051011	0.088365	21.5
497	-1.196201	430.108017	0.051055	0.083232	21.8
498	-1.180266	431.108016	0.050942	0.104487	30.1
499	-1.194336	430.650302	0.050993	0.088941	22.7
