1:ItNr	2:Metric	3a:Time	3b:StepSize	4:||Gradient||	Time[ms]
0	-1.283958	0.000000	1.262328	0.140234	2826.8
1	-1.266078	0.000000	1.262328	0.098610	24.4
2	-1.260228	1.000000	1.204950	0.203493	22.9
3	-1.263904	0.824900	1.214617	0.158836	24.9
4	-1.270247	1.824900	1.161402	0.086964	24.3
5	-1.271501	2.824886	1.112656	0.133918	23.1
6	-1.276315	3.688392	1.073739	0.193701	25.1
7	-1.269584	4.688392	1.031941	0.128125	27.0
8	-1.275987	5.688392	0.993274	0.205005	25.0
9	-1.268159	6.688392	0.957401	0.232952	23.8
10	-1.267205	7.688392	0.924029	0.109321	24.2
11	-1.274144	8.688392	0.892904	0.162336	25.7
12	-1.276063	8.513292	0.898202	0.229607	22.8
13	-1.258874	9.513292	0.868765	0.136881	22.5
14	-1.264948	10.513292	0.841197	0.190348	22.6
15	-1.272952	11.513292	0.815325	0.172882	22.5
16	-1.268338	12.513292	0.790996	0.177704	22.3
17	-1.276770	13.513292	0.768078	0.229444	21.4
18	-1.282019	14.513292	0.746450	0.147957	20.8
19	-1.271209	15.513292	0.726007	0.158247	20.8
20	-1.298498	15.338192	0.729505	0.223718	23.0
21	-1.269917	16.338192	0.709967	0.196541	20.7
22	-1.284705	17.338192	0.691449	0.158602	20.4
23	-1.269454	18.338192	0.673872	0.207412	21.3
24	-1.275687	19.338192	0.657166	0.107499	21.9
25	-1.270426	20.338192	0.641269	0.223553	21.9
26	-1.247141	20.163092	0.643997	0.125809	22.3
27	-1.270282	21.163092	0.628723	0.288674	22.6
28	-1.257769	20.987992	0.631345	0.119333	22.6
29	-1.255876	21.987992	0.616658	0.169782	23.5
30	-1.278912	21.812892	0.619180	0.203926	24.6
31	-1.260886	22.812892	0.605048	0.176549	23.7
32	-1.259868	23.812892	0.591546	0.190564	23.3
33	-1.292007	24.812892	0.578634	0.241087	24.0
34	-1.263532	25.812892	0.566273	0.212712	24.1
35	-1.279959	26.812892	0.554430	0.164703	23.3
36	-1.268900	27.812892	0.543072	0.231683	23.6
37	-1.275308	28.812892	0.532169	0.142721	23.3
38	-1.282717	29.812892	0.521696	0.151184	23.9
39	-1.279996	29.637792	0.523500	0.261045	25.0
40	-1.269498	30.637792	0.513362	0.192783	21.2
41	-1.279492	31.637792	0.503610	0.186722	21.3
42	-1.281220	32.633370	0.494261	0.279204	22.0
43	-1.280692	33.633370	0.485214	0.162088	22.4
44	-1.277837	34.633370	0.476493	0.289433	21.8
45	-1.269021	35.633370	0.468079	0.183712	22.4
46	-1.273596	36.633370	0.459957	0.224594	25.7
47	-1.281408	36.458270	0.461359	0.277057	22.2
48	-1.266874	37.458270	0.453467	0.146512	21.7
49	-1.310094	38.458270	0.445840	0.198426	21.7
50	-1.294807	38.283171	0.447157	0.252675	20.8
51	-1.266829	39.283171	0.439740	0.236117	20.7
52	-1.266455	40.283171	0.432564	0.248499	21.1
53	-1.298650	41.283171	0.425619	0.193102	20.6
54	-1.282572	42.283171	0.418893	0.338566	24.6
55	-1.252897	43.283171	0.412377	0.129470	21.4
56	-1.290775	44.283171	0.406060	0.173241	21.5
57	-1.296437	44.108071	0.407152	0.170860	22.5
58	-1.290519	45.108071	0.400993	0.258502	21.6
59	-1.284094	46.108071	0.395018	0.227880	21.4
60	-1.262528	47.108071	0.389218	0.221524	21.8
61	-1.286342	48.108071	0.383586	0.222691	21.9
62	-1.264592	49.108071	0.378115	0.237322	21.0
63	-1.270963	50.108071	0.372797	0.238773	20.8
64	-1.289238	51.108071	0.367627	0.247817	21.7
65	-1.296062	52.108071	0.362599	0.237153	21.6
66	-1.284986	53.108071	0.357706	0.251984	21.7
67	-1.262099	54.108071	0.352943	0.216366	22.7
68	-1.295909	55.108071	0.348306	0.273091	23.3
69	-1.263444	56.108071	0.343789	0.188423	21.6
70	-1.252774	57.108071	0.339387	0.181398	20.6
71	-1.267979	58.108070	0.335097	0.259402	21.4
72	-1.288126	59.108070	0.330914	0.203835	22.5
73	-1.290118	60.108070	0.326834	0.281561	21.9
74	-1.281128	61.108070	0.322854	0.240731	20.5
75	-1.288928	62.108070	0.318969	0.248440	20.4
76	-1.278596	63.108070	0.315177	0.258452	22.6
77	-1.292063	64.108070	0.311473	0.274241	22.1
78	-1.268727	65.108070	0.307856	0.262157	21.0
79	-1.270379	66.108070	0.304322	0.261948	21.8
80	-1.272232	67.108070	0.300868	0.261592	22.0
81	-1.275344	68.108070	0.297492	0.288168	20.9
82	-1.285345	69.108070	0.294190	0.260431	21.2
83	-1.274135	70.108070	0.290961	0.234840	21.6
84	-1.268422	71.108070	0.287802	0.256066	22.3
85	-1.272922	72.108070	0.284711	0.179921	22.5
86	-1.283288	73.108070	0.281686	0.218082	20.6
87	-1.279072	74.108070	0.278724	0.257391	22.2
88	-1.276415	75.108070	0.275824	0.229354	20.5
89	-1.287108	76.108070	0.272983	0.227438	21.0
90	-1.298626	77.108070	0.270201	0.278465	22.1
91	-1.263372	78.108070	0.267475	0.155673	20.9
92	-1.314707	79.108070	0.264803	0.299253	21.4
93	-1.279732	78.932970	0.265267	0.347158	21.0
94	-1.278876	79.932970	0.262639	0.281973	21.4
95	-1.297881	80.932970	0.260062	0.194260	20.5
96	-1.284084	81.932970	0.257536	0.201596	21.5
97	-1.301185	82.932970	0.255058	0.285916	20.6
98	-1.295273	83.932970	0.252627	0.300270	21.5
99	-1.277964	84.932970	0.250242	0.238251	21.6
100	-1.295100	85.932970	0.247902	0.355966	20.8
101	-1.250148	86.932970	0.245605	0.220037	22.1
102	-1.286898	87.932970	0.243351	0.186922	20.7
103	-1.273675	87.757871	0.243742	0.302456	21.7
104	-1.284925	88.757871	0.241522	0.158500	21.0
105	-1.309025	89.757871	0.239341	0.138832	21.3
106	-1.298165	89.582771	0.239720	0.195909	21.0
107	-1.278027	90.582771	0.237572	0.205894	21.2
108	-1.270625	91.582771	0.235461	0.234861	21.3
109	-1.275290	92.582771	0.233388	0.215690	22.6
110	-1.283031	93.582771	0.231351	0.215887	22.0
111	-1.278869	94.582771	0.229350	0.226185	21.6
112	-1.275415	95.582771	0.227383	0.186982	21.4
113	-1.278309	96.582771	0.225449	0.247060	22.1
114	-1.295387	97.582771	0.223548	0.274015	21.9
115	-1.257458	98.582771	0.221678	0.182758	21.2
116	-1.255132	99.582771	0.219840	0.236037	22.4
117	-1.278193	100.582771	0.218032	0.258067	22.6
118	-1.258155	101.582771	0.216253	0.284128	21.8
119	-1.281770	102.582771	0.214503	0.275090	21.8
120	-1.268664	103.582771	0.212781	0.265963	23.3
121	-1.303285	104.582771	0.211087	0.286193	21.3
122	-1.275852	105.582771	0.209419	0.216593	21.2
123	-1.309148	106.582771	0.207778	0.245196	22.4
124	-1.290771	107.582771	0.206162	0.243334	22.1
125	-1.267951	108.582771	0.204571	0.269873	22.8
126	-1.275925	109.582771	0.203005	0.272575	21.7
127	-1.289238	110.582771	0.201462	0.231845	21.4
128	-1.295764	111.582771	0.199942	0.330862	21.6
129	-1.269790	112.582771	0.198445	0.186994	21.7
130	-1.287097	113.582771	0.196971	0.186367	21.5
131	-1.272166	113.407671	0.197228	0.228853	22.0
132	-1.293171	114.407671	0.195771	0.270934	22.4
133	-1.268915	115.407671	0.194336	0.324231	21.4
134	-1.284673	116.407671	0.192922	0.266045	22.0
135	-1.275298	117.407671	0.191528	0.269964	22.5
136	-1.263323	118.407671	0.190154	0.221612	22.5
137	-1.297674	119.407671	0.188799	0.248295	21.2
138	-1.303244	120.407671	0.187464	0.282451	22.1
139	-1.301132	121.407671	0.186148	0.210053	21.8
140	-1.281724	122.407671	0.184850	0.250843	21.8
141	-1.280007	123.407671	0.183570	0.248980	21.5
142	-1.303860	124.407671	0.182307	0.328476	21.2
143	-1.273098	125.407671	0.181062	0.291697	21.2
144	-1.296937	126.407671	0.179834	0.241009	21.4
145	-1.272829	127.407671	0.178622	0.223380	21.5
146	-1.289160	128.407671	0.177427	0.196641	20.8
147	-1.304953	129.407671	0.176247	0.250515	21.0
148	-1.270666	130.407671	0.175083	0.238453	21.2
149	-1.303687	131.407671	0.173934	0.206966	21.7
150	-1.261508	132.407671	0.172800	0.228796	21.6
151	-1.287186	133.407671	0.171681	0.214334	21.2
152	-1.306320	134.407671	0.170576	0.161274	21.1
153	-1.282081	135.407671	0.169486	0.198192	22.0
154	-1.292232	136.407671	0.168409	0.212945	21.3
155	-1.312343	137.407671	0.167346	0.318265	21.6
156	-1.265636	138.407671	0.166296	0.241783	21.7
157	-1.267672	139.407671	0.165260	0.133065	22.1
158	-1.288590	140.407671	0.164236	0.193961	21.8
159	-1.277115	141.407671	0.163224	0.184437	22.7
160	-1.298212	142.407671	0.162226	0.208045	22.3
161	-1.254085	143.407671	0.161239	0.197076	22.5
162	-1.269465	144.407671	0.160264	0.189780	24.1
163	-1.281447	145.407671	0.159301	0.225446	22.1
164	-1.287970	146.407671	0.158349	0.232849	22.7
165	-1.294556	147.407671	0.157409	0.297330	35.7
166	-1.284433	148.407671	0.156480	0.326086	26.2
167	-1.295671	149.407671	0.155562	0.313623	27.1
168	-1.271525	150.407671	0.154654	0.330337	22.4
169	-1.288824	151.407671	0.153757	0.243548	21.2
170	-1.286364	152.407671	0.152870	0.226332	22.4
171	-1.270154	153.407671	0.151994	0.204739	21.0
172	-1.270324	154.407671	0.151127	0.171798	21.5
173	-1.303865	155.407671	0.150271	0.228583	22.0
174	-1.278374	156.407671	0.149424	0.284194	23.8
175	-1.299589	157.407671	0.148586	0.238661	22.1
176	-1.296657	158.407671	0.147758	0.251388	22.1
177	-1.292079	159.407671	0.146939	0.193146	24.9
178	-1.308101	160.407671	0.146129	0.140179	21.3
179	-1.269082	161.407671	0.145328	0.228395	22.7
180	-1.285706	162.407671	0.144535	0.199483	23.1
181	-1.311919	163.407671	0.143752	0.203848	21.2
182	-1.283636	164.407671	0.142976	0.233404	21.3
183	-1.276800	165.407671	0.142209	0.186426	21.8
184	-1.291017	166.407671	0.141450	0.162574	28.6
185	-1.290015	167.407671	0.140700	0.178394	21.7
186	-1.313742	168.407671	0.139957	0.267366	21.9
187	-1.276608	169.407671	0.139222	0.221498	22.3
188	-1.295329	170.407671	0.138494	0.191170	21.1
189	-1.286211	171.407671	0.137775	0.232285	21.0
190	-1.280404	172.407671	0.137062	0.218269	21.3
191	-1.283682	173.407671	0.136357	0.217805	21.4
192	-1.266903	174.407671	0.135659	0.228377	21.1
193	-1.276557	175.407671	0.134969	0.216256	21.1
194	-1.285979	176.407671	0.134285	0.256299	21.3
195	-1.295396	177.407671	0.133608	0.199546	21.4
196	-1.261480	178.407671	0.132938	0.147047	21.1
197	-1.264565	179.407671	0.132275	0.175578	21.2
198	-1.307201	180.407671	0.131618	0.217120	21.0
199	-1.293006	181.407671	0.130968	0.288926	21.0
200	-1.271664	182.407671	0.130324	0.243506	21.0
201	-1.318232	183.407671	0.129686	0.174723	20.8
202	-1.275455	184.407671	0.129055	0.193565	21.0
203	-1.289688	185.407671	0.128430	0.223099	22.2
204	-1.315279	186.407671	0.127811	0.249310	21.0
205	-1.282761	187.407671	0.127197	0.249432	21.1
206	-1.296393	188.407671	0.126590	0.223598	21.2
207	-1.295920	189.407671	0.125988	0.224432	21.4
208	-1.300364	190.407671	0.125392	0.170099	21.1
209	-1.281265	191.407671	0.124802	0.154834	21.6
210	-1.281886	192.407671	0.124217	0.186205	20.8
211	-1.270662	193.407671	0.123638	0.204945	21.8
212	-1.294081	194.407671	0.123064	0.220981	21.0
213	-1.284748	195.407671	0.122495	0.213404	21.2
214	-1.291532	196.407671	0.121932	0.192479	21.2
215	-1.275054	197.407671	0.121373	0.153836	21.3
216	-1.277167	198.407671	0.120820	0.108589	21.2
217	-1.276337	199.407671	0.120272	0.147515	22.2
218	-1.272556	200.407671	0.119729	0.131090	22.5
219	-1.303281	201.407671	0.119191	0.106677	22.5
220	-1.278606	202.407671	0.118657	0.135768	27.0
221	-1.297200	203.407671	0.118128	0.193437	22.3
222	-1.275934	204.407671	0.117604	0.250923	22.0
223	-1.309067	205.407671	0.117085	0.306566	21.1
224	-1.282993	206.407671	0.116570	0.197846	20.9
225	-1.303917	207.407671	0.116060	0.130220	20.6
226	-1.287637	208.407671	0.115554	0.150191	22.9
227	-1.271200	209.407671	0.115052	0.125676	20.1
228	-1.311693	210.407671	0.114555	0.156688	21.4
229	-1.256727	211.407671	0.114062	0.095974	22.0
230	-1.269750	212.407671	0.113573	0.128780	21.1
231	-1.299092	212.232571	0.113659	0.151362	21.4
232	-1.303405	213.232571	0.113173	0.187298	21.9
233	-1.305947	214.232571	0.112692	0.235041	23.7
234	-1.288586	215.232571	0.112215	0.223078	24.7
235	-1.278793	216.232571	0.111742	0.206180	26.3
236	-1.280722	217.232571	0.111273	0.186990	24.1
237	-1.292462	218.232571	0.110808	0.170684	23.5
238	-1.293232	219.232571	0.110347	0.157712	27.4
239	-1.307868	220.232571	0.109889	0.123350	23.9
240	-1.290123	221.232571	0.109436	0.124681	25.9
241	-1.292717	222.232571	0.108986	0.247863	23.8
242	-1.294303	223.232571	0.108540	0.257460	24.8
243	-1.277289	224.232571	0.108097	0.143869	23.9
244	-1.306099	225.232571	0.107658	0.141842	24.0
245	-1.281152	226.232571	0.107223	0.165720	24.0
246	-1.303928	227.232571	0.106791	0.167757	23.7
247	-1.310003	228.232571	0.106362	0.161778	22.7
248	-1.305958	229.232571	0.105937	0.136652	22.1
249	-1.285612	230.232571	0.105515	0.089278	21.4
250	-1.290772	231.232571	0.105097	0.091118	21.3
251	-1.281350	232.232571	0.104682	0.129564	21.8
252	-1.307613	233.232571	0.104270	0.168061	21.0
253	-1.297478	234.232571	0.103862	0.228886	21.0
254	-1.301620	235.232571	0.103456	0.184663	21.8
255	-1.285883	236.232571	0.103054	0.158044	21.7
256	-1.292371	237.232571	0.102655	0.191021	21.9
257	-1.288426	238.232571	0.102259	0.131508	23.1
258	-1.291608	239.232571	0.101866	0.078355	34.5
259	-1.302597	240.232571	0.101476	0.167093	29.5
260	-1.281240	241.232571	0.101089	0.141645	31.4
261	-1.276291	242.232571	0.100705	0.131491	31.5
262	-1.304367	243.232571	0.100324	0.066306	32.2
263	-1.278138	244.232571	0.099946	0.050801	30.4
264	-1.272463	244.057507	0.100012	0.105626	30.0
265	-1.280738	245.057507	0.099636	0.097913	33.4
266	-1.275029	246.057507	0.099263	0.138494	33.1
267	-1.300823	247.057507	0.098893	0.133670	32.1
268	-1.294773	248.057507	0.098525	0.115994	32.1
269	-1.281294	249.057507	0.098160	0.123367	26.5
270	-1.303000	250.057507	0.097798	0.089653	23.3
271	-1.289865	251.057507	0.097439	0.080484	24.4
272	-1.301343	252.057507	0.097082	0.076460	25.8
273	-1.273254	253.057507	0.096727	0.111244	25.7
274	-1.310933	254.057507	0.096376	0.113771	24.3
275	-1.274159	255.057507	0.096027	0.144632	30.6
276	-1.277534	256.057507	0.095680	0.073065	30.6
277	-1.296695	257.057507	0.095336	0.063781	22.6
278	-1.291013	256.882408	0.095396	0.114971	22.8
279	-1.298661	257.882408	0.095054	0.146555	22.1
280	-1.287951	258.882408	0.094714	0.173246	22.6
281	-1.279680	259.882408	0.094377	0.208102	22.0
282	-1.296714	260.882408	0.094042	0.161007	22.9
283	-1.298423	261.882408	0.093710	0.079949	21.8
284	-1.286149	262.882408	0.093380	0.062343	21.9
285	-1.278100	263.882408	0.093052	0.050043	21.4
286	-1.279115	264.784358	0.092758	0.060949	21.7
287	-1.275844	265.125780	0.092648	0.085005	22.4
288	-1.294731	266.125780	0.092325	0.086525	21.8
289	-1.304325	267.125780	0.092005	0.065630	22.3
290	-1.294501	268.124239	0.091687	0.064135	21.5
291	-1.292398	269.124239	0.091371	0.095470	22.4
292	-1.282905	270.123758	0.091057	0.116157	22.1
293	-1.304030	271.123758	0.090745	0.098456	22.4
294	-1.297225	272.123758	0.090436	0.146417	21.0
295	-1.320194	273.123758	0.090128	0.146683	22.5
296	-1.305480	274.123758	0.089823	0.138955	21.1
297	-1.295170	275.123758	0.089520	0.125955	22.5
298	-1.267639	276.123758	0.089218	0.107619	20.6
299	-1.275599	277.123758	0.088919	0.085265	21.3
300	-1.277213	278.123758	0.088622	0.071543	22.6
301	-1.317210	279.123758	0.088327	0.084740	21.5
302	-1.278743	280.123758	0.088033	0.099879	22.0
303	-1.307102	281.123758	0.087742	0.084207	21.5
304	-1.308610	282.123758	0.087452	0.076327	22.1
305	-1.296417	283.123758	0.087165	0.061723	21.4
306	-1.318305	284.123758	0.086879	0.117224	23.2
307	-1.298893	285.123758	0.086595	0.140221	22.5
308	-1.296567	286.123758	0.086313	0.121096	22.2
309	-1.289663	287.123758	0.086033	0.129840	23.9
310	-1.288602	288.123758	0.085755	0.062081	21.4
311	-1.309663	289.123758	0.085478	0.079592	20.9
312	-1.287606	290.123757	0.085204	0.077997	22.9
313	-1.301824	291.123757	0.084931	0.097823	21.3
314	-1.292786	292.123756	0.084659	0.081830	22.0
315	-1.288003	293.123756	0.084390	0.081510	22.5
316	-1.275271	294.123756	0.084122	0.074420	23.1
317	-1.304586	295.123756	0.083856	0.098294	24.9
318	-1.298597	296.123755	0.083592	0.133633	21.2
319	-1.282996	297.123755	0.083329	0.096899	20.8
320	-1.308306	298.123755	0.083068	0.124552	22.0
321	-1.278876	299.123755	0.082808	0.131605	23.6
322	-1.326077	300.123755	0.082550	0.124943	21.5
323	-1.306357	301.123755	0.082294	0.057071	21.6
324	-1.289734	302.123589	0.082039	0.070358	21.5
325	-1.302030	301.948517	0.082084	0.124050	21.7
326	-1.304071	302.948257	0.081831	0.133346	23.1
327	-1.299845	303.948257	0.081579	0.076210	23.2
328	-1.275071	304.948257	0.081329	0.095799	24.1
329	-1.294186	305.948257	0.081080	0.078775	21.5
330	-1.310319	306.948257	0.080833	0.087715	21.2
331	-1.262796	307.948257	0.080587	0.119467	22.0
332	-1.302876	308.948257	0.080343	0.084331	24.0
333	-1.285596	309.948257	0.080100	0.124125	22.9
334	-1.286422	310.948257	0.079859	0.149166	23.3
335	-1.299490	311.948257	0.079619	0.121876	24.2
336	-1.296264	312.948257	0.079380	0.094734	26.3
337	-1.329655	313.948257	0.079143	0.068160	25.9
338	-1.285098	314.948257	0.078908	0.078467	24.9
339	-1.272371	315.948257	0.078673	0.084824	25.7
340	-1.295432	316.948256	0.078441	0.070556	24.3
341	-1.287508	317.948256	0.078209	0.099622	24.5
342	-1.284948	318.948256	0.077979	0.085809	24.8
343	-1.320223	319.948255	0.077750	0.097532	24.6
344	-1.314234	320.948255	0.077523	0.065132	22.5
345	-1.304238	321.948255	0.077297	0.057891	22.0
346	-1.257702	322.945895	0.077073	0.066309	22.1
347	-1.300578	322.792830	0.077107	0.071324	22.4
348	-1.290089	323.792828	0.076884	0.125075	23.2
349	-1.289911	324.792828	0.076661	0.080830	22.3
350	-1.279426	325.792828	0.076440	0.095944	23.1
351	-1.294158	325.618203	0.076479	0.051879	22.7
352	-1.318715	325.651145	0.076471	0.068982	23.5
353	-1.282591	326.651137	0.076251	0.092739	21.4
354	-1.301336	327.651137	0.076033	0.085630	22.0
355	-1.273463	328.651137	0.075815	0.092843	23.7
356	-1.296376	329.651137	0.075599	0.069999	23.6
357	-1.291062	329.487040	0.075634	0.079857	25.9
358	-1.287157	329.342397	0.075666	0.107328	22.9
359	-1.302057	330.342397	0.075450	0.106056	26.0
360	-1.280271	331.342397	0.075236	0.103737	24.2
361	-1.306239	332.342397	0.075023	0.139823	23.4
362	-1.289496	333.342397	0.074812	0.159949	22.8
363	-1.300287	334.342397	0.074601	0.153331	22.2
364	-1.312856	335.342397	0.074392	0.137700	22.5
365	-1.299656	336.342397	0.074183	0.059229	22.8
366	-1.288838	337.342397	0.073976	0.078470	23.4
367	-1.293417	337.167358	0.074013	0.113605	22.0
368	-1.285785	338.167158	0.073807	0.095474	22.1
369	-1.281270	339.167158	0.073602	0.086741	23.3
370	-1.281453	340.167158	0.073398	0.053395	22.9
371	-1.293618	341.165060	0.073196	0.062094	22.4
372	-1.282257	342.131260	0.073001	0.100273	22.9
373	-1.287636	343.131260	0.072800	0.092750	21.1
374	-1.272946	344.131260	0.072601	0.061485	23.8
375	-1.273872	345.129096	0.072403	0.095232	22.2
376	-1.306518	346.129096	0.072206	0.118063	21.6
377	-1.294400	347.129096	0.072010	0.107511	21.3
378	-1.289912	348.129096	0.071815	0.076796	21.4
379	-1.293034	349.129096	0.071621	0.085566	22.1
380	-1.298977	350.129096	0.071428	0.058067	21.6
381	-1.288018	351.099393	0.071241	0.059474	22.1
382	-1.328717	352.099391	0.071050	0.061671	21.7
383	-1.294229	351.961263	0.071077	0.093669	22.8
384	-1.311319	352.961250	0.070887	0.045527	22.9
385	-1.288154	352.786150	0.070920	0.089801	22.0
386	-1.275961	353.786150	0.070731	0.062611	23.8
387	-1.307442	354.786150	0.070543	0.110168	21.5
388	-1.310015	354.611051	0.070575	0.132850	22.6
389	-1.288482	355.611051	0.070388	0.054067	24.5
390	-1.289344	355.747764	0.070362	0.078729	24.3
391	-1.289507	356.742634	0.070177	0.121879	22.5
392	-1.293781	357.742634	0.069992	0.102591	24.0
393	-1.312118	358.742634	0.069808	0.078142	24.8
394	-1.313143	358.567541	0.069840	0.113188	23.6
395	-1.282199	359.567541	0.069656	0.144799	23.6
396	-1.284798	360.567541	0.069474	0.081569	24.0
397	-1.302207	361.567541	0.069292	0.087362	22.2
398	-1.295135	361.392441	0.069324	0.130389	23.3
399	-1.293214	362.392441	0.069143	0.119197	23.6
400	-1.273369	363.392441	0.068963	0.062773	21.1
401	-1.295549	364.392441	0.068784	0.072855	22.8
402	-1.326423	365.348099	0.068614	0.089239	24.2
403	-1.285878	366.348099	0.068437	0.085408	22.8
404	-1.281817	367.348099	0.068261	0.072996	22.5
405	-1.280714	368.348069	0.068085	0.051433	23.9
406	-1.305661	369.279778	0.067923	0.045483	21.6
407	-1.296076	370.279679	0.067749	0.069853	21.4
408	-1.254138	371.248444	0.067582	0.074560	22.0
409	-1.271671	372.248444	0.067410	0.091158	22.1
410	-1.280251	373.248444	0.067239	0.083183	21.8
411	-1.295143	374.248444	0.067069	0.106263	21.2
412	-1.287066	375.248444	0.066900	0.100975	21.4
413	-1.304296	376.248444	0.066731	0.063224	21.2
414	-1.293248	376.073352	0.066761	0.107958	23.0
415	-1.258655	377.073351	0.066593	0.080788	23.6
416	-1.280901	378.073351	0.066426	0.082705	22.5
417	-1.303235	377.898275	0.066455	0.085258	23.7
418	-1.283800	378.898202	0.066289	0.125927	24.4
419	-1.280317	379.898202	0.066124	0.092873	21.5
420	-1.297313	380.898202	0.065959	0.075973	22.5
421	-1.322157	380.965054	0.065948	0.110292	22.7
422	-1.319412	381.965054	0.065785	0.061756	22.7
423	-1.287195	382.965054	0.065622	0.060798	23.0
424	-1.307917	383.936779	0.065464	0.036441	23.2
425	-1.316350	383.870884	0.065475	0.098635	22.4
426	-1.289088	383.696015	0.065503	0.114770	21.7
427	-1.305282	384.696015	0.065342	0.043118	21.7
428	-1.272545	384.595922	0.065358	0.090756	21.3
429	-1.274778	385.542411	0.065206	0.067041	20.9
430	-1.306441	386.542129	0.065046	0.097553	22.1
431	-1.328231	387.542129	0.064887	0.057927	21.0
432	-1.308367	388.541160	0.064728	0.093058	23.0
433	-1.308468	389.541159	0.064571	0.131767	21.2
434	-1.266227	390.541159	0.064414	0.117781	21.8
435	-1.313589	391.541159	0.064258	0.100820	23.9
436	-1.310837	392.541159	0.064102	0.096950	33.1
437	-1.271744	393.541159	0.063948	0.063687	31.0
438	-1.291033	394.541159	0.063794	0.083434	32.3
439	-1.285186	395.541159	0.063641	0.053535	24.0
440	-1.296787	396.541089	0.063488	0.111131	20.9
441	-1.299711	397.538929	0.063337	0.076010	21.9
442	-1.311615	398.538929	0.063186	0.084567	21.5
443	-1.266620	399.538906	0.063036	0.084205	21.6
444	-1.300228	399.501742	0.063041	0.080269	21.7
445	-1.286415	400.501742	0.062892	0.049951	21.8
446	-1.274726	401.501259	0.062743	0.101305	21.6
447	-1.304063	401.912686	0.062682	0.089127	21.4
448	-1.302662	402.912686	0.062534	0.039266	21.2
449	-1.307055	402.737586	0.062560	0.094300	21.6
450	-1.287423	403.737585	0.062412	0.133997	21.2
451	-1.307689	404.737585	0.062266	0.075900	22.0
452	-1.316726	405.737585	0.062120	0.107714	21.6
453	-1.265827	406.736005	0.061975	0.079802	21.2
454	-1.300358	407.310481	0.061892	0.075383	21.2
455	-1.296859	408.310481	0.061748	0.066636	20.8
456	-1.289157	409.310481	0.061604	0.090167	21.4
457	-1.286507	409.135381	0.061629	0.117527	21.1
458	-1.285697	410.135381	0.061486	0.071406	21.5
459	-1.282366	411.135381	0.061344	0.094965	22.4
460	-1.300658	412.135381	0.061202	0.066980	21.7
461	-1.268054	413.135381	0.061061	0.073232	22.3
462	-1.310126	413.630949	0.060992	0.070958	21.9
463	-1.271809	414.546649	0.060864	0.122688	26.0
464	-1.280116	415.546649	0.060724	0.092262	21.0
465	-1.270888	416.546649	0.060585	0.064951	23.1
466	-1.302860	416.516649	0.060589	0.073999	25.9
467	-1.294022	417.516649	0.060451	0.076127	22.6
468	-1.306554	417.444749	0.060461	0.123313	21.9
469	-1.294442	418.444749	0.060324	0.138701	22.4
470	-1.276735	419.444749	0.060187	0.088518	24.2
471	-1.274621	420.444749	0.060050	0.082203	20.7
472	-1.314015	421.444749	0.059915	0.121917	21.9
473	-1.280089	422.444749	0.059779	0.085757	21.4
474	-1.309492	423.444749	0.059645	0.073226	22.6
475	-1.282553	424.346032	0.059524	0.095315	21.9
476	-1.277018	425.346032	0.059391	0.123252	22.2
477	-1.291540	426.346032	0.059258	0.090799	22.6
478	-1.287937	427.346032	0.059126	0.082840	20.4
479	-1.304635	428.346032	0.058994	0.087593	20.2
480	-1.287606	429.072795	0.058899	0.108051	20.5
481	-1.277697	430.072793	0.058769	0.067616	20.9
482	-1.305441	431.072793	0.058639	0.091113	21.1
483	-1.266151	430.924149	0.058658	0.109031	21.3
484	-1.305795	431.924149	0.058528	0.057338	20.4
485	-1.290249	432.924149	0.058399	0.089890	20.9
486	-1.280513	433.924149	0.058271	0.097950	21.7
487	-1.273550	434.924149	0.058143	0.065211	22.6
488	-1.300170	435.924149	0.058016	0.038579	24.5
489	-1.312970	435.944549	0.058013	0.073242	23.2
490	-1.287471	435.769449	0.058036	0.085987	30.9
491	-1.284719	436.769449	0.057909	0.083269	24.1
492	-1.300836	437.769448	0.057783	0.055258	27.6
493	-1.301250	438.576191	0.057681	0.082340	26.0
494	-1.270141	439.576189	0.057556	0.054790	24.6
495	-1.291335	440.576189	0.057431	0.052300	23.1
496	-1.265896	440.401089	0.057453	0.088551	24.5
497	-1.281123	441.401089	0.057329	0.062077	20.9
498	-1.253424	442.401089	0.057205	0.034974	21.9
499	-1.278446	442.768467	0.057160	0.073933	22.8
