1:ItNr	2:Metric	3a:Time	3b:StepSize	4:||Gradient||	Time[ms]
0	-0.953246	0.000000	671.759706	0.007794	3317.0
1	-0.963631	0.000000	671.759706	0.004691	15.5
2	-0.940070	1.000000	641.225174	0.009626	16.7
3	-0.954982	2.000000	613.345819	0.007162	13.6
4	-0.912968	3.000000	587.789743	0.006589	21.3
5	-0.930357	4.000000	564.278154	0.006655	13.6
6	-0.970813	5.000000	542.575148	0.007850	8.4
7	-0.957480	6.000000	522.479772	0.007867	15.7
8	-0.944195	7.000000	503.819780	0.008778	20.0
9	-0.945505	7.751094	490.657981	0.007941	12.9
10	-0.970782	8.751094	474.165883	0.009495	19.1
11	-0.942505	9.751094	458.746403	0.007769	37.8
12	-0.959903	10.751094	444.298195	0.008922	29.0
13	-0.969826	11.751094	430.732291	0.006502	16.1
14	-0.951765	12.751094	417.970267	0.006772	25.8
15	-0.934719	13.751094	405.942724	0.006452	25.2
16	-0.948485	14.031446	402.694019	0.005867	18.7
17	-0.941426	15.031446	391.517837	0.006634	24.3
18	-0.933512	14.204910	400.709843	0.006431	26.7
19	-0.976223	13.378371	410.343876	0.006567	40.7
20	-0.976190	14.378371	398.745154	0.008840	16.1
21	-0.973061	15.378369	387.784117	0.009468	17.5
22	-0.938743	16.378369	377.409558	0.007410	24.7
23	-0.937884	16.673577	374.452201	0.005297	29.4
24	-0.930554	17.673577	364.769823	0.006096	21.5
25	-0.970280	16.847038	372.736008	0.009060	23.8
26	-0.929034	16.020499	381.057909	0.006289	31.4
27	-0.964793	15.193960	389.759894	0.006069	39.5
28	-0.940271	16.193958	379.280795	0.007393	20.7
29	-0.948915	17.193958	369.350408	0.009221	24.5
30	-0.967255	18.193958	359.926751	0.007352	19.9
31	-0.958174	17.369691	367.658779	0.009251	23.6
32	-0.958083	18.369691	358.320154	0.006848	19.1
33	-0.984455	19.369428	349.446464	0.005815	12.4
34	-0.943853	20.369428	340.999491	0.005697	12.8
35	-0.952104	19.542889	347.951374	0.007089	19.2
36	-0.952297	18.716350	355.192610	0.006076	9.3
37	-0.969768	19.716336	346.469140	0.007063	8.5
38	-0.947519	20.715922	338.167134	0.007024	7.9
39	-0.942071	21.715920	330.250501	0.005896	13.4
40	-0.962575	20.893552	336.733294	0.007102	13.7
41	-0.973018	21.893552	328.882853	0.009528	15.5
42	-0.982322	22.893541	321.390195	0.007740	12.1
43	-0.951960	22.067055	327.557893	0.009598	18.1
44	-0.968217	23.067055	320.124723	0.006594	12.4
45	-0.958118	24.012015	313.404181	0.008350	8.2
46	-1.009039	23.185476	319.266760	0.007159	8.0
47	-0.985051	24.185476	312.201066	0.006796	11.8
48	-0.938873	23.568631	316.522035	0.005882	14.8
49	-0.957801	24.233544	311.869305	0.008215	16.4
50	-0.967888	25.233544	305.123785	0.005949	12.9
51	-0.959110	24.407005	310.677922	0.009407	15.2
52	-0.934048	25.406954	303.983618	0.008295	13.2
53	-0.946992	26.406954	297.571402	0.007809	20.3
54	-0.990272	25.580415	302.851613	0.008960	14.8
55	-0.925984	26.580387	296.486743	0.006577	11.0
56	-0.977707	25.753847	301.728192	0.005917	16.4
57	-0.991592	24.927313	307.158269	0.006372	18.8
58	-0.908640	25.927216	300.613481	0.006124	12.9
59	-0.960641	25.100685	306.003129	0.006271	13.7
60	-0.947732	26.073556	299.678948	0.008497	14.5
61	-0.972296	27.073556	293.445190	0.007178	16.2
62	-0.922931	26.247017	298.578719	0.006709	38.8
63	-0.974872	27.247017	292.390177	0.008424	16.4
64	-0.946292	28.018567	287.787968	0.008062	15.2
65	-0.992951	29.018400	282.035288	0.008845	16.6
66	-1.016141	30.018400	276.507179	0.006699	31.5
67	-0.963983	31.014998	271.209353	0.006303	22.7
68	-0.990034	32.011463	266.111384	0.007307	32.1
69	-0.980234	33.011458	261.184464	0.006178	26.8
70	-0.946565	32.184919	265.243494	0.008973	36.4
71	-0.967189	33.184794	260.348941	0.008120	19.2
72	-0.963741	34.184794	255.631175	0.006662	14.9
73	-0.953969	33.424499	259.202271	0.006085	18.4
74	-0.993463	32.597960	263.199453	0.007808	37.0
75	-0.953601	33.597938	258.378876	0.007333	43.9
76	-1.012634	34.597935	253.731616	0.008289	27.8
77	-0.918538	35.597935	249.248562	0.006953	16.5
78	-0.946196	34.771396	252.942454	0.007784	15.4
79	-0.977349	35.771396	248.486998	0.009107	26.5
80	-0.942520	36.769319	244.194566	0.008704	22.2
81	-0.968556	35.942783	247.739102	0.009143	26.2
82	-0.987015	36.942783	243.463521	0.009408	13.6
83	-0.972631	36.346513	245.994971	0.007688	20.4
84	-0.981426	37.346513	241.778867	0.008078	15.8
85	-0.985685	36.519974	245.253132	0.006036	11.4
86	-0.981365	37.519974	241.062201	0.006273	12.4
87	-0.942000	36.693785	244.514274	0.007692	16.0
88	-0.985368	35.867276	248.068041	0.007139	10.1
89	-0.954352	36.867276	243.781197	0.006710	10.4
90	-0.957502	37.867276	239.639997	0.007780	9.0
91	-0.931024	38.867276	235.637143	0.005603	12.6
92	-0.971907	38.040738	238.935934	0.009206	9.7
93	-0.999771	39.040738	234.956371	0.006688	11.9
94	-0.960072	39.075653	234.819818	0.008222	8.8
95	-0.957058	38.249114	238.095610	0.007103	10.7
96	-0.956639	39.249077	234.143901	0.006907	8.0
97	-0.986643	38.422537	237.400731	0.006865	9.0
98	-0.950055	39.422519	233.471793	0.009290	10.1
99	-0.953299	40.422519	229.670715	0.007302	10.6
100	-0.962734	39.595980	232.803462	0.007280	10.4
101	-0.927209	40.595980	229.023938	0.007997	7.9
102	-0.965765	39.775791	232.114689	0.005572	9.6
103	-0.944382	38.949252	235.314927	0.010078	10.6
104	-0.992102	39.949252	231.454093	0.007482	9.2
105	-0.980287	40.949252	227.717904	0.008087	9.2
106	-0.961275	41.949252	224.100420	0.008190	7.8
107	-0.962226	42.949252	220.596073	0.007520	9.4
108	-0.974763	42.122713	223.484594	0.007314	8.5
109	-1.007746	41.319999	226.363190	0.006014	12.4
110	-0.982907	40.493460	229.405758	0.007856	11.3
111	-0.969303	39.667047	232.530748	0.010758	8.0
112	-0.941447	40.667047	228.760002	0.007378	9.1
113	-0.976114	41.667047	225.109599	0.007112	8.2
114	-0.974315	40.863139	228.034887	0.005637	12.1
115	-0.982693	41.863139	224.407406	0.007726	10.8
116	-0.972916	42.405161	222.489047	0.007252	8.3
117	-0.926462	43.405161	219.034525	0.005993	8.8
118	-0.959095	44.401227	215.698611	0.007008	8.5
119	-0.980948	44.193401	216.386224	0.006823	12.2
120	-0.955269	44.136112	216.576541	0.005726	12.0
121	-0.991637	43.310057	219.358441	0.009223	10.0
122	-0.954953	42.485536	222.207367	0.007779	10.0
123	-0.967547	41.659206	225.137768	0.006299	9.0
124	-0.976035	42.659206	221.601158	0.005717	13.8
125	-0.950507	41.837370	224.499432	0.005562	9.4
126	-0.984611	42.837358	220.982732	0.007831	8.4
127	-0.960036	42.030927	223.810034	0.009902	10.1
128	-0.968654	43.030927	220.314691	0.008009	8.6
129	-0.980744	44.030927	216.926846	0.006498	13.2
130	-0.978831	45.024335	213.662946	0.006636	9.1
131	-0.985305	44.197795	216.371639	0.009005	8.6
132	-0.956803	45.197795	213.103076	0.008537	9.9
133	-0.946423	44.373103	215.791407	0.007662	9.5
134	-0.987317	43.546564	218.554682	0.009076	13.8
135	-0.958892	44.546564	215.220339	0.007410	11.7
136	-0.975643	43.720133	217.968556	0.008517	11.4
137	-1.019091	44.720133	214.651938	0.007208	19.6
138	-0.969628	45.720133	211.434739	0.007683	15.0
139	-0.971212	44.893593	214.086880	0.008072	13.0
140	-0.965961	45.882972	210.919961	0.007346	11.2
141	-0.973989	46.882972	207.812850	0.007363	10.3
142	-0.977154	46.056433	210.374356	0.005509	14.0
143	-0.939926	47.052534	207.295056	0.007146	7.8
144	-0.957486	46.226187	209.843134	0.007794	9.9
145	-0.987815	47.226187	206.767436	0.008602	8.7
146	-1.005095	48.226187	203.780598	0.009092	12.4
147	-0.998626	47.399648	206.243076	0.007172	12.4
148	-0.950567	48.399648	203.271258	0.006681	8.9
149	-0.980103	47.660189	205.460456	0.007599	8.3
150	-0.982559	46.833650	207.963950	0.008014	9.1
151	-0.989488	46.007224	210.528852	0.006374	9.4
152	-0.956608	45.180771	213.157896	0.008681	11.8
153	-0.945991	46.180771	209.984996	0.006499	8.2
154	-0.950383	47.174432	206.924407	0.005826	9.6
155	-0.961807	46.349915	209.457635	0.007057	8.1
156	-0.996260	47.349914	206.393146	0.007292	9.4
157	-0.985433	48.331514	203.471019	0.008138	14.5
158	-0.960950	47.505171	205.925386	0.005678	8.4
159	-0.992859	46.678981	208.439218	0.006361	9.3
160	-0.989053	46.215195	209.877451	0.006214	8.2
161	-0.988724	47.215191	206.800767	0.007078	10.5
162	-0.971673	48.215191	203.812972	0.006213	13.2
163	-0.962772	47.388655	206.276228	0.007137	8.1
164	-0.969339	48.387107	203.307997	0.007743	10.6
165	-0.985404	49.269742	200.754314	0.006071	10.0
166	-0.959119	50.251501	197.988163	0.006853	8.4
167	-0.964454	51.251501	195.247900	0.006100	13.1
168	-0.965447	50.709385	196.723955	0.006597	8.1
169	-0.973347	49.882865	199.017829	0.007023	13.3
170	-0.948155	49.057081	201.363713	0.006575	18.8
171	-0.984808	48.230541	203.767781	0.007318	18.4
172	-0.965277	47.404002	206.229948	0.007684	16.2
173	-0.990708	48.399775	203.270888	0.008496	18.0
174	-0.952218	49.399775	200.383508	0.007246	22.7
175	-0.978326	49.958573	198.805490	0.005984	14.8
176	-0.999073	49.132106	201.148298	0.008855	30.7
177	-0.979755	50.132106	198.320485	0.005370	34.8
178	-0.978364	49.305575	200.651995	0.007145	19.5
179	-1.006363	48.479035	203.038999	0.007865	33.9
180	-0.967157	49.395670	200.395193	0.007992	19.6
181	-0.969115	49.157100	201.076638	0.007605	15.7
182	-0.977539	50.157100	198.250825	0.008456	16.4
183	-0.958626	51.157072	195.503412	0.006726	30.2
184	-0.961387	50.330533	197.768798	0.007132	11.6
185	-1.020951	49.503994	200.087300	0.006723	19.0
186	-0.962700	50.503994	197.289033	0.006875	15.6
187	-0.977536	49.677455	199.596234	0.006537	21.1
188	-0.966973	48.914911	201.773180	0.010324	12.1
189	-1.005041	49.888630	199.001642	0.009040	14.2
190	-0.954490	50.888630	196.233449	0.007719	15.6
191	-0.952764	51.803549	193.767392	0.008023	31.2
192	-0.978614	52.750308	191.279930	0.007928	14.1
193	-0.972029	53.750308	188.721012	0.007786	12.6
194	-0.992421	54.689233	186.379929	0.007134	17.3
195	-0.977788	53.862693	188.437701	0.006909	17.6
196	-1.025050	54.862693	185.953770	0.010383	14.1
197	-0.930634	54.036154	188.002090	0.007173	12.4
198	-0.957236	55.036123	185.529630	0.006285	15.8
199	-0.999002	56.025949	183.145473	0.007293	9.9
200	-1.000280	55.199415	185.132049	0.007715	9.4
201	-1.005759	54.372876	187.162207	0.007271	12.3
202	-0.958874	53.546480	189.237022	0.006883	9.8
203	-0.942988	53.668473	188.927847	0.006625	10.4
204	-0.970500	54.668473	186.431063	0.008418	10.9
205	-0.975968	55.668473	183.999411	0.008033	11.4
206	-1.018960	56.668473	181.630375	0.009120	14.1
207	-0.983810	55.841934	183.584056	0.009908	14.4
208	-0.984915	56.841934	181.225635	0.007558	9.2
209	-0.999071	57.841934	178.927040	0.009465	10.7
210	-0.961168	58.841934	176.686024	0.005069	9.3
211	-0.978936	59.841933	174.500451	0.006140	13.1
212	-0.984496	60.841661	172.368860	0.005749	12.2
213	-0.974639	61.840580	170.290381	0.007151	8.6
214	-1.015093	62.839955	168.260512	0.007220	9.9
215	-0.953716	63.839955	166.277242	0.007888	12.9
216	-0.963662	64.722506	164.565346	0.007672	10.9
217	-0.995228	63.952538	166.056886	0.007895	9.3
218	-0.970622	64.952514	164.124970	0.007734	12.0
219	-0.944296	65.952514	162.237446	0.005920	13.8
220	-0.970015	66.952514	160.392843	0.007123	13.1
221	-0.952488	66.125975	161.914444	0.010733	13.1
222	-0.973781	65.317544	163.430899	0.010205	13.3
223	-0.966934	64.491092	165.010804	0.007600	14.5
224	-0.999257	65.491092	163.102968	0.007854	14.7
225	-0.966679	64.664568	164.676646	0.005391	12.7
226	-1.010402	63.838029	166.281018	0.008322	16.2
227	-0.961333	63.109567	167.721157	0.006496	21.4
228	-0.991016	64.109567	165.750507	0.007614	20.8
229	-1.013121	63.283040	167.375950	0.006993	23.8
230	-0.994556	64.005222	165.953967	0.006595	26.0
231	-0.962809	63.199683	167.541650	0.006878	14.5
232	-0.966060	64.199683	165.575191	0.009698	14.2
233	-1.007769	63.373144	167.197205	0.007060	13.4
234	-0.980919	64.114639	165.740630	0.007133	14.3
235	-0.984588	63.288108	167.365886	0.008365	18.5
236	-0.999310	62.529674	168.885538	0.009428	17.1
237	-0.974383	61.703134	170.573388	0.007368	12.3
238	-0.970200	62.703134	168.535550	0.007669	9.7
239	-0.969602	61.876595	170.216378	0.008676	14.9
240	-0.992568	62.876595	168.187011	0.005681	13.4
241	-0.977456	63.876586	166.205482	0.009302	15.1
242	-0.980664	63.140637	167.659222	0.007275	13.8
243	-0.942856	62.642352	168.658024	0.006025	13.8
244	-0.975265	61.820063	170.332566	0.006758	14.3
245	-0.968012	60.993524	172.049611	0.007387	11.2
246	-0.956058	61.986278	169.991403	0.007341	17.1
247	-0.971210	61.196899	171.623917	0.006525	26.9
248	-0.985667	62.196899	169.561053	0.006955	10.7
249	-1.015372	62.711013	168.519688	0.007057	13.7
250	-0.992246	61.884474	170.200197	0.006931	8.5
251	-1.007636	62.884474	168.171213	0.006824	8.7
252	-0.991300	63.883938	166.191085	0.007933	11.3
253	-0.974207	64.883938	164.256019	0.007448	15.7
254	-0.974745	65.883938	162.365498	0.006586	17.8
255	-0.976828	66.883937	160.518000	0.006431	15.6
256	-0.925467	67.883937	158.712072	0.005820	18.8
257	-0.991763	68.883937	156.946327	0.008107	14.9
258	-0.984549	69.883937	155.219440	0.008408	15.2
259	-1.032228	70.883937	153.530142	0.007317	20.2
260	-0.942295	71.883937	151.877217	0.007433	12.4
261	-0.963128	72.883934	150.259510	0.006590	8.6
262	-0.998668	72.057856	151.593368	0.010845	13.5
263	-0.980614	73.057856	149.981665	0.007558	21.5
264	-0.979952	74.057751	148.404035	0.005903	17.0
265	-0.960662	75.057747	146.859095	0.007566	14.7
266	-0.991018	76.057747	145.345984	0.005909	19.0
267	-0.993007	77.056581	143.865446	0.006630	12.7
268	-0.998935	77.703056	142.923171	0.008678	13.0
269	-0.962323	78.703056	141.489683	0.006671	12.9
270	-0.955715	79.703056	140.084664	0.005578	18.7
271	-1.000026	80.703056	138.707275	0.007644	15.1
272	-1.011913	81.698780	137.362429	0.007560	25.4
273	-1.004797	80.872241	138.476917	0.007869	25.4
274	-0.937212	80.047889	139.606617	0.006458	18.1
275	-0.998233	81.047889	138.238567	0.007160	18.6
276	-0.970357	82.047889	136.897068	0.008739	10.9
277	-0.988989	83.047889	135.581356	0.007811	8.8
278	-0.999874	82.221349	136.667016	0.005576	8.3
279	-0.993187	83.221349	135.355701	0.008397	8.9
280	-1.009467	82.394813	136.437732	0.005680	12.3
281	-0.978016	81.568274	137.537206	0.006769	13.9
282	-0.950865	80.741735	138.654544	0.005027	12.6
283	-0.998092	79.917918	139.786414	0.006149	11.8
284	-0.990668	80.917915	138.414859	0.005121	13.9
285	-0.967455	80.091376	139.546561	0.009435	10.1
286	-0.978988	81.091261	138.179837	0.008124	8.5
287	-0.984606	80.264722	139.307683	0.007893	12.8
288	-0.995425	81.264722	137.945457	0.007073	16.6
289	-0.975845	82.264722	136.609614	0.007597	12.0
290	-0.992188	81.438183	137.711871	0.005712	12.4
291	-0.987057	80.611644	138.832060	0.006921	12.8
292	-1.004096	79.785105	139.970622	0.009158	17.3
293	-0.976126	80.785018	138.595582	0.005573	12.0
294	-1.004439	81.781689	137.251624	0.007758	12.3
295	-1.041934	80.955150	138.364308	0.007235	13.4
296	-0.925129	81.954607	137.021103	0.007178	15.0
297	-0.985637	81.128068	138.130037	0.006643	12.5
298	-0.986001	80.304367	139.253167	0.008984	12.5
299	-0.993108	79.477953	140.398500	0.005561	14.2
300	-0.964824	80.477946	139.014972	0.005805	14.6
301	-0.975416	81.477946	137.658437	0.008018	12.3
302	-0.951257	80.653099	138.775443	0.007920	13.7
303	-0.973983	81.653099	137.423556	0.007814	16.3
304	-0.989171	80.826559	138.539040	0.007399	20.2
305	-0.959593	80.000022	139.672779	0.006704	17.9
306	-0.977790	79.288040	140.664369	0.007213	12.2
307	-0.997997	78.467920	141.824157	0.009249	8.7
308	-0.994080	79.467835	140.412638	0.007607	8.0
309	-0.974228	80.272943	139.296375	0.006701	8.3
310	-0.984568	81.272942	137.934370	0.007917	8.0
311	-1.002804	82.272942	136.598740	0.006080	10.0
312	-0.983509	81.446405	137.700819	0.008770	12.0
313	-0.946251	80.692367	138.721856	0.009164	8.4
314	-0.988725	81.692367	137.371007	0.008098	10.0
315	-0.983406	82.692367	136.046213	0.007783	8.0
316	-0.972291	81.865828	137.139360	0.007873	12.4
317	-0.964066	81.039289	138.250217	0.006689	13.8
318	-0.990977	80.212750	139.379217	0.005833	12.1
319	-1.007613	79.386211	140.526809	0.008265	12.7
320	-1.002040	80.386191	139.140782	0.007714	11.1
321	-0.970785	81.386191	137.781802	0.007150	14.9
322	-0.989468	82.386191	136.449111	0.009620	8.9
323	-0.978493	83.377023	135.153825	0.006279	10.5
324	-0.976753	82.554111	136.227849	0.007745	14.2
325	-1.003509	83.553978	134.925080	0.008738	12.2
326	-0.999305	84.553977	133.646824	0.005524	7.9
327	-0.975394	85.553977	132.392560	0.006897	10.3
328	-1.011000	86.444092	131.295761	0.006531	13.8
329	-0.970237	87.434986	130.095962	0.006041	12.5
330	-0.959867	86.608447	131.095227	0.005855	10.8
331	-0.961791	85.781908	132.109962	0.007291	12.6
332	-0.978822	85.385167	132.602638	0.007201	13.6
333	-0.952190	86.385167	131.367806	0.008047	11.7
334	-0.979365	87.385167	130.155760	0.007531	10.9
335	-0.994980	88.385167	128.965875	0.007386	13.2
336	-1.001490	89.385167	127.797549	0.006892	10.0
337	-1.003395	88.558628	128.761687	0.007350	8.6
338	-1.002394	89.558628	127.597041	0.007339	8.5
339	-1.011458	88.732089	128.558145	0.007854	11.6
340	-1.004758	89.732089	127.397162	0.006214	7.9
341	-1.002426	88.905556	128.355238	0.008796	7.9
342	-1.027655	89.070826	128.162514	0.006813	10.5
343	-0.968394	90.070826	127.008633	0.007777	8.5
344	-0.959791	89.244287	127.960861	0.008545	11.1
345	-0.968336	88.418113	128.927044	0.007403	7.9
346	-0.988588	89.418113	127.759418	0.009088	8.8
347	-0.997210	88.591574	128.722979	0.007262	8.2
348	-1.017302	89.591570	127.559034	0.007665	10.1
349	-0.973615	90.591568	126.415948	0.007106	13.4
350	-0.954151	91.591568	125.293165	0.006257	13.2
351	-0.968232	90.765029	126.219749	0.006445	13.6
352	-0.975409	91.765016	125.100446	0.005489	14.6
353	-0.976566	90.947786	126.013692	0.006146	13.7
354	-0.976246	91.842641	125.014390	0.008548	12.3
355	-0.979148	91.016104	125.936837	0.008065	15.5
356	-0.967723	92.016104	124.822510	0.009290	12.2
357	-0.992958	93.016104	123.727731	0.006492	18.6
358	-0.963216	92.189565	124.631222	0.009082	14.1
359	-1.015385	91.363027	125.548005	0.008505	16.8
360	-0.990255	92.363027	124.440519	0.006294	24.0
361	-0.994568	91.536488	125.354488	0.008006	15.2
362	-0.992552	92.536488	124.250399	0.006904	13.0
363	-0.981548	91.709948	125.161568	0.006749	14.9
364	-0.971020	92.702359	124.069139	0.006864	7.8
365	-0.987624	93.699939	122.990072	0.006977	12.0
366	-0.962144	94.699939	121.927063	0.008601	11.7
367	-0.997948	93.875285	122.802340	0.007746	13.4
368	-0.992147	93.049785	123.691192	0.006062	13.3
369	-0.949017	92.223251	124.594142	0.006281	10.9
370	-0.970170	91.396712	125.510379	0.005951	10.3
371	-0.963405	91.959118	124.885481	0.011503	7.8
372	-0.996354	91.132579	125.806023	0.008378	11.3
373	-0.950123	92.132579	124.694000	0.007401	8.0
374	-1.012177	93.132579	123.601464	0.006706	9.9
375	-1.005664	92.306040	124.503105	0.009464	8.8
376	-1.005202	91.952403	124.892906	0.007864	8.1
377	-0.964627	91.125864	125.813558	0.007165	7.8
378	-0.989247	90.299324	126.747884	0.006280	16.6
379	-0.991405	91.299273	125.619280	0.006924	14.3
380	-0.971986	90.472735	126.550710	0.007804	12.4
381	-0.946770	91.472735	125.425543	0.005058	14.1
382	-0.990408	92.362988	124.440561	0.006970	12.0
383	-1.005435	91.536449	125.354531	0.009151	12.1
384	-0.979372	92.536449	124.250441	0.006298	12.7
385	-0.948358	91.709911	125.161609	0.006065	13.2
386	-0.969411	90.883386	126.086226	0.008324	11.3
387	-1.024829	91.883386	124.969266	0.008537	12.2
388	-1.029879	91.056846	125.891048	0.006455	8.2
389	-0.991661	90.230307	126.826529	0.005659	7.7
390	-0.983451	89.404513	127.775156	0.006997	13.4
391	-0.986740	88.577974	128.738955	0.010466	12.8
392	-0.973728	89.577974	127.574718	0.008189	8.1
393	-0.987940	90.577974	126.431350	0.005848	10.0
394	-0.969704	91.577974	125.308294	0.007515	8.7
395	-0.988201	90.751581	126.234938	0.007594	11.2
396	-0.986428	91.751574	125.115360	0.006980	8.9
397	-1.001539	90.925073	126.039264	0.007874	13.0
398	-1.026786	90.117467	126.955322	0.008156	12.0
399	-0.988667	91.117467	125.822980	0.005871	12.2
400	-0.990079	90.290952	126.757419	0.007888	15.7
401	-0.980209	89.465335	127.704803	0.006966	10.7
402	-1.004169	88.638796	128.667537	0.008357	12.2
403	-0.965552	87.812263	129.644889	0.008487	9.3
404	-0.973368	88.812263	128.464285	0.008203	9.1
405	-0.999646	89.812263	127.304988	0.008315	10.5
406	-0.994960	88.998858	128.246366	0.007992	13.2
407	-1.000408	89.994251	127.096257	0.008133	11.9
408	-1.012615	89.232718	127.974290	0.006405	12.1
409	-1.014447	90.231759	126.824875	0.005654	12.3
410	-0.932876	91.231759	125.694848	0.005910	11.5
411	-0.993337	90.468138	126.555929	0.008414	7.9
412	-0.992475	89.641599	127.501355	0.008812	10.2
413	-0.994895	88.815061	128.461012	0.008637	12.2
414	-0.986011	89.815061	127.301774	0.005391	8.0
415	-0.988911	89.043430	128.194421	0.006622	8.1
416	-0.978569	88.216922	129.164543	0.007585	9.0
417	-1.019698	89.216922	127.992631	0.007883	12.7
418	-0.983313	88.390383	128.959726	0.007063	16.0
419	-1.004132	87.563848	129.941543	0.005439	8.5
420	-0.985700	88.563848	128.755553	0.008522	12.2
421	-1.018985	89.563848	127.591018	0.005825	12.7
422	-0.967398	88.738836	128.550241	0.006160	13.0
423	-1.022883	87.912297	129.525813	0.008449	8.9
424	-1.004374	88.912297	128.347366	0.006427	10.6
425	-1.017228	89.912297	127.190170	0.007798	14.1
426	-0.989412	90.912297	126.053653	0.005313	15.7
427	-0.981181	90.087299	126.989799	0.007409	15.0
428	-1.005145	90.983905	125.973048	0.008307	15.9
429	-0.991875	90.157366	126.909753	0.009634	10.2
430	-0.968039	91.157366	125.778220	0.007771	14.1
431	-0.983152	92.157366	124.666686	0.006767	10.2
432	-1.008425	91.330827	125.583993	0.007757	9.1
433	-1.000173	92.330827	124.475875	0.007215	8.4
434	-0.979317	91.504288	125.390366	0.007783	8.7
435	-0.990812	92.504288	124.285647	0.007788	14.3
436	-0.993727	91.677749	125.197335	0.006285	15.3
437	-1.000416	90.851210	126.122497	0.006721	11.9
438	-0.976973	90.024772	127.061317	0.007826	12.8
439	-1.030783	89.970832	127.123079	0.006683	11.7
440	-1.011854	89.144293	128.077030	0.009100	13.1
441	-1.008009	88.652016	128.652024	0.006971	14.2
442	-1.013300	89.652016	127.489352	0.007364	26.9
443	-0.980209	90.649264	126.350621	0.005714	10.2
444	-1.031454	91.516987	125.376214	0.007141	9.8
445	-1.011170	92.516938	124.271797	0.008672	7.9
446	-0.993321	91.690399	125.183281	0.007242	11.0
447	-1.003487	92.690386	124.082205	0.005928	9.9
448	-0.981690	91.867779	124.986546	0.006166	15.4
449	-0.996361	92.867779	123.888900	0.007654	14.0
450	-1.015269	93.866716	122.811501	0.008145	18.3
451	-0.998292	94.866714	121.751565	0.005214	16.2
452	-1.000693	94.040175	122.626324	0.007671	14.3
453	-1.006731	93.213798	123.513569	0.007269	14.6
454	-1.007479	94.204794	122.451101	0.006507	21.0
455	-1.010957	93.378255	123.335978	0.005702	14.0
456	-0.988370	94.378255	122.267007	0.008482	15.0
457	-1.004955	95.312832	121.284587	0.006807	15.9
458	-0.913927	94.486294	122.152624	0.006124	10.7
459	-0.999817	95.486038	121.104246	0.006066	13.6
460	-1.021441	94.659499	121.969696	0.008036	9.5
461	-0.966093	95.659499	120.924177	0.007531	11.2
462	-0.997702	94.832960	121.787045	0.007672	13.0
463	-0.998150	95.832960	120.744642	0.008308	20.5
464	-0.993303	96.820182	119.732915	0.010217	23.3
465	-0.977893	97.820182	118.725233	0.006867	18.5
466	-0.980746	96.993643	119.556897	0.008135	13.8
467	-1.006315	97.993643	118.552163	0.007315	19.9
468	-0.969646	98.993643	117.564176	0.006967	14.9
469	-0.987775	99.993643	116.592521	0.007257	8.8
470	-0.972442	100.993625	115.636812	0.009208	13.9
471	-1.016554	100.185366	116.408064	0.006510	19.2
472	-0.979613	99.358826	117.207473	0.007154	19.1
473	-1.036273	98.532287	118.017936	0.007637	18.8
474	-0.998707	99.387445	117.179610	0.008335	28.3
475	-1.006963	100.387445	116.214275	0.007131	20.5
476	-1.029087	101.387445	115.264714	0.008656	29.1
477	-0.986031	102.387445	114.330545	0.006390	15.8
478	-1.011159	101.560905	115.101580	0.007644	9.1
479	-0.968210	100.736728	115.880836	0.007091	17.4
480	-0.989914	101.736728	114.936694	0.009244	15.8
481	-0.985680	102.736728	114.007813	0.008115	16.7
482	-0.998346	103.736728	113.093826	0.007579	19.1
483	-1.023434	102.970809	113.792545	0.006655	8.4
484	-0.994325	103.800763	113.035798	0.010815	10.7
485	-0.978308	104.800763	112.137267	0.009466	14.3
486	-1.002854	105.800361	111.253262	0.007386	10.8
487	-0.978924	104.973822	111.983217	0.005532	11.6
488	-1.023879	104.147283	112.722814	0.009608	13.0
489	-1.000426	105.138053	111.837416	0.008339	11.6
490	-0.965205	106.135843	110.959691	0.006367	13.7
491	-1.018338	105.309388	111.685711	0.006877	22.6
492	-0.970091	104.516952	112.390825	0.005005	16.3
493	-0.991936	105.516952	111.502479	0.005698	25.0
494	-1.020441	106.516873	110.628135	0.007199	19.4
495	-0.971534	105.690594	111.349654	0.007601	28.7
496	-1.016581	104.864055	112.080879	0.008287	16.7
497	-0.998293	105.864052	111.197408	0.009475	15.4
498	-1.004091	106.864052	110.327755	0.007307	11.3
499	-0.962750	107.864052	109.471599	0.007003	9.2
500	-1.001956	108.805541	108.677593	0.007563	7.8
501	-0.986248	109.805541	107.846760	0.008679	8.7
502	-1.011623	109.015677	108.501945	0.007759	8.1
503	-0.987164	110.014536	107.674723	0.006621	8.2
504	-1.013297	109.187997	108.358329	0.007547	18.9
505	-0.974197	110.187996	107.532352	0.008296	11.5
506	-1.006591	111.187996	106.718872	0.006111	16.7
507	-1.028607	112.187996	105.917607	0.008912	12.0
508	-1.010094	111.410944	106.539184	0.007791	17.5
509	-0.991883	110.584405	107.208402	0.008777	18.9
510	-1.019824	109.757866	107.886082	0.008186	14.6
511	-1.020502	110.757866	107.067261	0.009084	12.2
512	-0.978761	111.757866	106.260776	0.007486	10.2
513	-1.001295	112.757866	105.466349	0.007966	12.8
514	-1.010070	111.931327	106.122117	0.006743	13.8
515	-0.994029	112.931327	105.329755	0.007377	12.8
516	-1.007553	112.104788	105.983820	0.007437	8.6
517	-1.020999	111.278248	106.646059	0.006579	12.3
518	-1.005656	110.451757	107.316586	0.005874	15.9
519	-0.989248	111.451665	106.506429	0.006207	10.9
520	-0.976617	110.954574	106.907653	0.006889	10.8
521	-1.003396	111.954574	106.103561	0.009949	10.1
522	-1.018999	111.128035	106.767302	0.005986	8.9
523	-0.997008	110.301496	107.439399	0.008338	12.6
524	-1.009581	111.301496	106.627319	0.006614	11.7
525	-0.994615	110.474957	107.297649	0.007590	9.3
526	-1.017687	111.474957	106.487703	0.008055	9.6
527	-0.971487	112.474957	105.689892	0.009635	13.5
528	-0.985169	113.474957	104.903948	0.006274	14.0
529	-1.018522	114.474957	104.129606	0.006948	13.6
530	-0.990062	113.652334	104.765758	0.005519	12.3
531	-1.014741	112.825800	105.412812	0.007989	9.7
532	-1.043777	111.999260	106.067912	0.007332	10.9
533	-0.999645	111.172721	106.731205	0.007650	10.3
534	-0.945972	110.346189	107.402841	0.005619	8.7
535	-0.986156	111.346188	106.591312	0.005143	10.7
536	-1.004394	112.345312	105.792649	0.008760	9.5
537	-0.986527	111.518791	106.452479	0.008776	12.3
538	-0.968229	112.518791	105.655195	0.006240	10.0
539	-1.006937	113.518790	104.869765	0.007954	10.3
540	-1.007913	112.692251	105.518112	0.007092	9.6
541	-1.000084	111.865711	106.174525	0.006703	10.4
542	-1.015306	111.041163	106.837546	0.009037	10.1
543	-1.030159	112.039882	106.035525	0.006484	14.7
544	-1.005936	113.039882	105.244451	0.010701	13.8
545	-1.042292	112.213343	105.897454	0.007572	18.1
546	-1.007556	113.213343	105.108430	0.009559	16.7
547	-0.973350	112.386804	105.759741	0.005629	13.1
548	-0.988398	113.386804	104.972761	0.006855	19.5
549	-1.001598	112.560265	105.622386	0.007905	23.8
550	-0.981348	113.560265	104.837441	0.006295	21.5
551	-1.011325	114.560265	104.064077	0.007748	27.2
552	-0.986303	113.733726	104.702470	0.005362	18.9
553	-1.003637	114.733726	103.931088	0.007004	19.1
554	-1.019571	113.907676	104.567466	0.007607	16.3
555	-1.010139	113.083991	105.209830	0.008029	13.2
556	-0.995540	112.257695	105.862208	0.007676	9.6
557	-0.992644	113.247096	105.082004	0.008139	11.4
558	-0.979400	114.247096	104.305040	0.006555	15.0
559	-0.983802	115.247094	103.539484	0.005982	13.6
560	-1.011986	115.273779	103.519209	0.007576	13.9
561	-0.995008	116.273779	102.765101	0.006565	15.2
562	-0.996657	116.991596	102.230529	0.007046	9.2
563	-0.982146	116.177867	102.836953	0.006704	9.0
564	-0.985135	117.177860	102.092722	0.005779	8.8
565	-1.006259	116.351321	102.707085	0.006801	10.2
566	-1.039517	117.350795	101.965109	0.006790	10.0
567	-1.021954	116.559411	102.551717	0.006794	9.2
568	-0.967871	117.559411	101.811589	0.008473	11.3
569	-1.010074	118.559411	101.082068	0.008610	8.4
570	-1.001858	119.559390	100.362942	0.008307	9.6
571	-0.990059	118.732887	100.956576	0.009086	11.0
572	-1.014778	119.732887	100.239213	0.008741	9.6
573	-0.985917	120.732887	99.531973	0.009269	9.2
574	-1.043638	121.732887	98.834642	0.009857	8.5
575	-1.011316	120.906348	99.410309	0.008178	9.4
576	-0.999345	121.906348	98.714676	0.006814	11.5
577	-1.012315	121.079809	99.288942	0.007649	9.6
578	-0.965287	120.253513	99.869756	0.005840	8.3
579	-1.018868	119.426974	100.457579	0.009083	8.9
580	-1.023836	120.426974	99.747265	0.006274	8.5
581	-1.021253	121.426974	99.046925	0.007298	10.6
582	-0.998041	120.797946	99.486306	0.007607	10.0
583	-1.016981	121.797946	98.789613	0.009681	8.1
584	-1.041549	122.797946	98.102610	0.006874	9.6
585	-0.985809	123.797498	97.425398	0.007440	10.2
586	-0.991678	122.983891	97.975917	0.009412	8.9
587	-0.961830	123.983891	97.300146	0.005769	12.5
588	-0.995460	124.983891	96.633633	0.007017	8.7
589	-1.026970	125.964419	95.988906	0.007879	10.9
590	-0.992375	125.137880	96.531809	0.007725	9.5
591	-1.006588	124.311341	97.080887	0.006080	8.7
592	-0.976136	125.308628	96.419152	0.007008	14.1
593	-1.025108	124.482089	96.966946	0.006670	9.2
594	-0.977014	125.481871	96.305117	0.008654	8.6
595	-1.043970	126.481594	95.652301	0.009840	10.0
596	-1.015124	126.593921	95.579505	0.007508	18.4
597	-0.994531	127.593921	94.936278	0.009101	8.1
598	-0.990918	128.593921	94.301652	0.006637	9.1
599	-1.029710	127.767384	94.825582	0.007163	8.2
600	-0.988458	126.971463	95.335638	0.007474	9.6
601	-1.031740	127.676575	94.883500	0.007541	10.1
602	-0.980739	126.850036	95.413936	0.008902	9.5
603	-0.989892	126.306121	95.766243	0.006637	9.5
604	-1.023769	126.967546	95.338162	0.008178	8.2
605	-1.017257	127.967546	94.698169	0.008514	9.7
606	-0.981683	127.141590	95.226154	0.007761	8.5
607	-1.028380	126.315051	95.760438	0.007709	11.4
608	-1.021519	127.315010	95.114809	0.006884	9.4
609	-1.016010	128.297127	94.489118	0.009001	17.1
610	-1.013487	129.297127	93.860435	0.007811	26.3
611	-1.023761	128.471124	94.379125	0.007623	17.6
612	-0.986631	129.471124	93.751901	0.006669	19.0
613	-0.990591	130.471124	93.132958	0.007587	21.3
614	-1.016206	129.644587	93.643947	0.009042	18.1
615	-1.001939	130.644549	93.026448	0.005929	20.8
616	-1.040902	129.818010	93.536268	0.007758	20.4
617	-1.027188	128.991482	94.051700	0.007032	16.1
618	-0.997401	128.164943	94.572850	0.007048	15.6
619	-1.004398	127.338404	95.099809	0.006366	15.9
620	-1.003984	126.514040	95.631262	0.007804	13.8
621	-0.985969	125.690811	96.167945	0.006033	13.5
622	-1.003188	126.690810	95.516802	0.006919	16.4
623	-1.025723	126.442450	95.677695	0.008404	13.5
624	-1.013538	125.615911	96.217073	0.005422	16.6
625	-1.006063	124.789522	96.762467	0.007033	17.3
626	-1.014604	123.962983	97.314180	0.008673	12.8
627	-0.978453	124.962983	96.647475	0.007510	19.1
628	-0.986759	125.962979	95.989847	0.010157	15.5
629	-1.044233	125.136441	96.532759	0.010492	10.9
630	-1.028361	126.136441	95.876683	0.007170	16.8
631	-1.016764	127.136441	95.229464	0.008335	13.6
632	-1.040233	128.136441	94.590925	0.011659	20.0
633	-1.011541	129.136441	93.960892	0.009301	14.7
634	-1.030255	130.136440	93.339196	0.008084	10.3
635	-0.988009	129.309901	93.852459	0.007132	10.2
636	-0.970717	128.954877	94.074658	0.006565	13.8
637	-1.002153	128.128338	94.596064	0.006175	13.4
638	-1.027199	129.118736	93.971973	0.007723	8.8
639	-1.023414	128.292196	94.492239	0.007243	10.5
640	-1.041832	127.465662	95.018293	0.009325	23.5
641	-0.994705	126.639123	95.550242	0.005306	14.1
642	-1.014718	125.813269	96.087731	0.010368	30.1
643	-1.032771	124.986730	96.631755	0.007950	12.7
644	-0.989461	125.106450	96.552574	0.008074	8.5
645	-1.022454	126.106430	95.896242	0.007779	8.6
646	-1.018920	127.106413	95.248771	0.006586	8.1
647	-0.992118	128.105316	94.610670	0.007487	11.0
648	-0.997975	127.278777	95.138051	0.006781	10.3
649	-0.993584	128.278777	94.500733	0.006647	9.6
650	-1.030049	127.452767	95.026547	0.006981	8.6
651	-1.023633	126.626228	95.558588	0.006688	8.9
652	-0.989522	125.799689	96.096620	0.006299	11.8
653	-0.984602	124.973150	96.640744	0.007407	8.1
654	-0.990498	124.146610	97.191066	0.005691	9.2
655	-1.003462	125.146610	96.526042	0.007781	8.0
656	-1.007539	124.320071	97.075055	0.007052	8.6
657	-1.004308	123.494555	97.629657	0.007101	8.1
658	-0.986982	124.494555	96.958638	0.006293	10.9
659	-1.008911	123.668016	97.512596	0.007028	8.4
660	-1.022027	124.668016	96.843180	0.010002	8.4
661	-0.952870	125.663219	96.186037	0.008200	8.2
662	-1.018849	124.836680	96.731178	0.004758	8.4
663	-1.024465	125.836680	96.072411	0.007273	8.5
664	-1.010243	125.010239	96.616196	0.007309	10.6
665	-1.039261	124.184210	97.165896	0.008133	9.1
666	-0.998153	125.184181	96.501234	0.008840	7.9
667	-0.981799	126.184181	95.845584	0.007854	9.0
668	-0.997337	125.646487	96.197012	0.006685	8.3
669	-1.015511	124.819948	96.742277	0.008264	11.7
670	-1.001268	124.216255	97.144454	0.006538	8.3
671	-1.014274	123.390017	97.700340	0.007335	8.4
672	-1.017526	124.390017	97.028352	0.007736	8.4
673	-1.004066	123.563479	97.583110	0.007811	13.6
674	-0.998935	122.736939	98.144248	0.006470	12.2
675	-1.018681	123.736939	97.466161	0.006658	10.7
676	-1.018894	122.910405	98.025948	0.006436	8.1
677	-1.030726	122.998216	97.966171	0.005709	8.9
678	-0.980816	123.998216	97.290534	0.007835	8.4
679	-1.006193	124.370479	97.041393	0.008747	8.9
680	-1.032745	123.543941	97.596300	0.006664	12.3
681	-1.031304	124.543941	96.925738	0.004960	8.2
682	-1.021223	123.717402	97.479319	0.007212	9.1
683	-1.019324	124.717402	96.810358	0.007319	8.5
684	-1.035424	124.910991	96.681914	0.008565	12.9
685	-1.012463	124.084452	97.232706	0.008221	15.1
686	-1.028934	123.269413	97.782014	0.005899	14.5
687	-1.005294	124.269413	97.108906	0.007780	9.1
688	-1.037559	123.449500	97.660108	0.008603	18.2
689	-0.985328	124.449500	96.988672	0.006484	15.1
690	-1.037415	123.957773	97.317677	0.009005	17.7
691	-0.986357	123.131234	97.875758	0.008529	21.9
692	-1.017887	124.131233	97.201364	0.006987	13.7
693	-1.016671	123.304694	97.758108	0.009284	11.0
694	-0.995045	124.304694	97.085328	0.007388	16.4
695	-1.027569	125.304694	96.421745	0.007756	15.5
696	-0.995168	124.478155	96.969568	0.008369	13.1
697	-1.019900	125.447637	96.327631	0.007451	14.7
698	-0.997187	126.447636	95.674330	0.006979	12.2
699	-1.001662	125.661643	96.187071	0.007597	9.5
700	-1.005117	124.835214	96.732151	0.007609	9.0
701	-0.999208	124.588890	96.895813	0.007452	8.4
702	-0.992808	125.588887	96.234811	0.008623	9.4
703	-1.026731	124.764751	96.778911	0.007253	8.5
704	-1.037921	125.764751	96.119495	0.007787	14.6
705	-1.026569	124.938228	96.663870	0.008721	9.6
706	-1.054841	125.938227	96.006016	0.008025	8.0
707	-1.011679	126.937252	95.357685	0.007230	9.5
708	-1.024395	127.937241	94.717437	0.005464	8.8
709	-1.018082	127.119041	95.240651	0.006890	12.8
710	-0.994661	126.295716	95.773008	0.007851	8.7
711	-1.021722	127.295716	95.127184	0.007743	8.2
712	-0.999356	128.295716	94.490011	0.007332	9.1
713	-0.978168	129.295716	93.861317	0.009059	9.6
714	-0.981472	128.469177	94.380354	0.006331	11.6
715	-1.010256	128.003261	94.675471	0.006514	9.4
716	-1.012756	129.003232	94.044333	0.006098	9.6
717	-1.031913	130.003232	93.421536	0.005918	12.7
718	-0.977960	129.710643	93.602904	0.010272	13.7
719	-0.997516	128.884104	94.119079	0.007655	12.3
720	-1.021935	129.884104	93.495295	0.007407	7.9
721	-0.999645	130.884104	92.879725	0.008502	15.7
722	-1.014964	131.884104	92.272208	0.009015	10.5
723	-0.966815	132.884104	91.672587	0.007534	9.7
724	-0.993519	133.583555	91.257791	0.007116	8.8
725	-0.986820	132.757016	91.748359	0.007212	8.0
726	-0.993679	131.930477	92.244228	0.006862	9.9
727	-0.981231	132.930477	91.644969	0.007883	13.7
728	-0.992145	133.930477	91.053446	0.007539	10.1
729	-1.017886	134.909519	90.481671	0.008681	8.8
730	-1.029535	135.909519	89.905023	0.006632	9.7
731	-1.006140	135.082980	90.381116	0.007210	11.1
732	-0.975219	134.256441	90.862278	0.009098	9.5
733	-1.032588	135.256441	90.280783	0.009030	10.2
734	-0.969015	136.256437	89.706686	0.007408	10.4
735	-1.000994	135.429898	90.180675	0.007633	8.8
736	-1.002902	134.603359	90.659700	0.005796	8.5
737	-0.993874	135.603359	90.080787	0.008236	8.8
738	-1.008579	136.603356	89.509223	0.008809	8.0
739	-0.992788	135.776816	89.981122	0.005841	11.6
740	-1.031796	134.950277	90.458023	0.007297	8.1
741	-0.992857	135.930137	89.893211	0.008430	8.0
742	-1.005288	135.103598	90.369178	0.006678	7.9
743	-1.009447	136.103598	89.793958	0.006190	8.1
744	-1.040976	135.277059	90.268872	0.007298	7.9
745	-1.003478	136.277059	89.694924	0.009824	11.0
746	-0.996479	135.450519	90.168789	0.007411	9.2
747	-1.031321	134.623980	90.647687	0.006779	13.1
748	-1.020314	135.623980	90.068927	0.007645	14.7
749	-0.999181	136.623980	89.497511	0.005952	13.6
750	-1.020509	137.623980	88.933299	0.007437	18.3
751	-1.019673	138.623980	88.376156	0.007498	11.3
752	-0.987752	137.797441	88.836153	0.006726	8.5
753	-1.034694	138.797441	88.280224	0.006613	7.7
754	-1.008848	138.997941	88.169596	0.007129	8.4
755	-0.998969	138.298030	88.556989	0.007090	7.9
756	-1.020140	137.471513	89.018863	0.010033	11.3
757	-0.997119	138.471513	88.460651	0.009385	8.0
758	-1.006510	139.471513	87.909396	0.007105	8.7
759	-1.005001	138.644974	88.364535	0.008042	8.0
760	-1.019244	137.818435	88.824410	0.007228	9.2
761	-1.000449	138.818435	88.268627	0.006593	9.0
762	-1.022746	139.682785	87.793809	0.008714	9.9
763	-1.002312	138.856246	88.247749	0.006402	8.2
764	-0.962909	139.856222	87.699149	0.006745	7.9
765	-1.024315	140.283736	87.466686	0.007035	7.9
766	-0.992248	139.457197	87.917240	0.007540	8.0
767	-1.029258	138.630658	88.372459	0.008827	9.3
768	-0.995026	139.630561	87.822353	0.007056	8.7
769	-1.006027	140.630561	87.279000	0.009009	8.5
770	-1.011524	141.630561	86.742330	0.009401	9.9
771	-1.008502	140.804041	87.185424	0.007516	9.2
772	-1.007647	139.982088	87.630581	0.007881	7.8
773	-1.035972	140.982051	87.089611	0.007147	11.1
774	-1.018274	140.155512	87.536279	0.007375	8.1
775	-1.017583	139.328973	87.987552	0.006899	8.9
776	-1.019567	140.328899	87.442200	0.008965	7.8
777	-1.023724	139.502360	87.892501	0.008455	8.7
778	-1.028260	138.685769	88.341960	0.007588	7.8
779	-1.014605	137.859230	88.801600	0.006728	12.8
780	-0.978397	138.859217	88.246109	0.006339	8.6
781	-1.052803	138.032684	88.704746	0.007034	7.8
782	-1.016994	139.032501	88.150555	0.008365	8.7
783	-1.019211	138.221405	88.599607	0.006580	7.7
784	-1.054544	139.221305	88.046679	0.006658	9.6
785	-1.029646	140.221060	87.500689	0.008620	9.5
786	-0.967145	141.220631	86.961527	0.007707	8.7
787	-1.029971	142.220631	86.428742	0.007080	7.8
788	-1.005153	143.220631	85.902445	0.007926	9.3
789	-0.981151	144.220550	85.382562	0.007983	7.8
790	-1.022818	145.220550	84.868892	0.008301	10.5
791	-1.027960	144.394010	85.293015	0.006695	9.9
792	-0.993940	143.567537	85.721365	0.006119	7.9
793	-1.005726	144.567537	85.203622	0.008607	8.7
794	-0.971352	145.567536	84.692096	0.007924	7.8
795	-1.044103	146.567536	84.186676	0.008948	8.8
796	-1.030057	147.567536	83.687252	0.006659	10.6
797	-1.020694	148.567536	83.193718	0.007513	8.9
798	-1.015539	147.740997	83.601224	0.008990	8.0
799	-0.999429	146.914463	84.012738	0.009364	8.6
800	-0.971331	146.087923	84.428327	0.006036	8.9
801	-1.022347	147.087923	83.926040	0.007470	9.0
802	-1.002264	146.261387	84.340768	0.008350	11.3
803	-1.000692	147.261387	83.839520	0.005850	7.8
804	-1.020359	148.261387	83.344194	0.006400	8.7
805	-0.974313	147.434966	83.753119	0.005374	7.8
806	-1.001004	146.608427	84.166137	0.008626	8.8
807	-1.025756	145.781888	84.583248	0.007422	7.8
808	-1.018225	144.955349	85.004514	0.005649	11.5
809	-0.987234	144.128875	85.429964	0.007147	7.8
810	-1.051233	145.128875	84.915725	0.006965	8.6
811	-1.027779	144.302336	85.340318	0.008874	7.8
812	-1.008600	143.486788	85.763446	0.007879	8.4
813	-1.018478	144.486788	85.245197	0.008861	7.8
814	-1.049219	143.660249	85.673099	0.007557	10.9
815	-0.999312	144.660249	85.155938	0.007381	7.8
816	-1.011893	143.833710	85.582942	0.008017	8.9
817	-1.014590	144.833710	85.066865	0.006801	7.9
818	-1.023302	144.007171	85.492974	0.006279	8.5
819	-1.018014	143.180632	85.923374	0.007521	11.9
820	-1.025900	142.354093	86.358129	0.008084	8.5
821	-1.022193	141.527981	86.797078	0.009030	8.6
822	-1.022360	142.527981	86.266300	0.008313	7.7
823	-1.027195	141.701441	86.704541	0.008209	8.6
824	-1.048782	142.701441	86.174891	0.007103	7.8
825	-1.040271	143.701441	85.651672	0.008283	9.1
826	-1.017112	144.598089	85.187902	0.006455	9.5
827	-1.004309	145.598089	84.676564	0.011594	8.7
828	-1.044215	146.398723	84.271574	0.008455	7.7
829	-1.002694	145.572184	84.689733	0.009989	8.9
830	-1.020383	144.745645	85.112063	0.006233	8.0
831	-0.976086	143.921085	85.537600	0.005668	12.0
832	-0.994033	143.094546	85.968450	0.008971	8.8
833	-1.022834	142.387802	86.340312	0.006970	8.2
834	-0.995472	141.561263	86.779308	0.006334	8.8
835	-1.045225	140.734915	87.222687	0.005375	7.9
836	-1.019983	141.734915	86.686706	0.006422	9.0
837	-0.992073	142.585747	86.235837	0.005212	11.0
838	-1.025173	143.401237	85.808076	0.006286	9.5
839	-1.038098	144.211750	85.387110	0.007738	11.1
840	-1.011226	143.385211	85.816441	0.007818	7.9
841	-1.027197	144.385207	85.297555	0.007841	8.9
842	-1.010270	145.223850	84.867207	0.006724	9.0
843	-1.020283	146.223559	84.359847	0.008570	9.0
844	-0.991250	147.212372	83.863949	0.008188	8.3
845	-1.029111	146.385833	84.278064	0.006992	8.6
846	-0.974649	145.559296	84.696287	0.007322	7.7
847	-1.033548	144.732756	85.118682	0.007339	8.8
848	-1.000131	143.906217	85.545312	0.008007	7.7
849	-1.028579	144.742657	85.113598	0.007008	10.8
850	-1.009544	145.738802	84.605105	0.007459	7.7
851	-0.998824	146.738802	84.100719	0.007180	8.9
852	-1.011455	145.922581	84.511956	0.005384	7.8
853	-1.030940	146.247553	84.347744	0.007653	8.8
854	-0.994924	147.229802	83.855260	0.007260	15.5
855	-1.022834	146.403263	84.269288	0.008811	8.0
856	-0.984168	147.403263	83.768887	0.008213	9.0
857	-1.029320	148.403263	83.274393	0.009244	8.1
858	-1.039531	147.576765	83.682670	0.006672	9.7
859	-1.034605	148.576765	83.189191	0.006290	7.9
860	-1.038051	149.576760	82.701500	0.008747	10.0
861	-1.016320	150.576759	82.219491	0.007151	8.7
862	-0.993745	149.750220	82.617486	0.006391	8.0
863	-1.019822	148.980122	82.991786	0.006005	10.4
864	-0.979851	148.153583	83.397310	0.008193	7.8
865	-0.991004	147.344331	83.798211	0.007277	9.4
866	-1.063078	146.517792	84.211675	0.007439	8.6
867	-1.039414	145.691253	84.629239	0.006828	8.5
868	-0.993321	144.864714	85.050964	0.006593	7.9
869	-1.000723	145.864714	84.541264	0.004930	8.8
870	-0.990138	145.038175	84.962111	0.008384	7.8
871	-1.016903	144.211635	85.387169	0.009796	9.4
872	-1.020624	143.385096	85.816501	0.008740	10.3
873	-1.034897	143.462444	85.776141	0.006213	7.9
874	-1.017708	144.462444	85.257739	0.005725	8.4
875	-1.007639	145.462444	84.745565	0.007409	7.9
876	-1.035866	144.635905	85.168453	0.008243	8.1
877	-1.043964	143.809424	85.595553	0.006980	9.2
878	-1.019857	142.982885	86.026989	0.007959	10.4
879	-1.013648	143.982885	85.505559	0.006154	8.4
880	-1.002162	143.156347	85.936085	0.006255	9.2
881	-1.039769	144.156347	85.415754	0.007385	7.7
882	-1.002878	143.329808	85.845374	0.006119	8.5
883	-1.010575	142.590159	86.233512	0.006732	10.1
884	-1.003916	143.590159	85.709583	0.007111	8.7
885	-1.004773	142.763619	86.142172	0.006142	7.8
886	-1.014365	141.937080	86.579150	0.007881	9.0
887	-1.009571	142.937080	86.051025	0.006053	7.9
888	-0.987681	143.937080	85.529305	0.007020	9.4
889	-1.016622	143.110541	85.960071	0.005635	10.5
890	-1.037860	144.110541	85.439450	0.009685	8.8
891	-1.026771	144.223347	85.381117	0.008638	8.9
892	-1.032554	145.223347	84.867464	0.006606	7.8
893	-1.007974	146.223347	84.359954	0.007064	8.7
894	-1.031239	145.396808	84.778993	0.006610	7.8
895	-1.048160	146.396808	84.272538	0.008415	11.5
896	-1.025014	147.396808	83.772098	0.007032	8.1
897	-1.030766	148.396808	83.277566	0.007578	8.5
898	-1.043075	147.620143	83.661143	0.009230	7.7
899	-1.011839	148.620129	83.167923	0.005404	8.8
900	-1.022085	148.199916	83.374473	0.007294	8.3
901	-1.000400	147.373378	83.783755	0.008178	10.1
902	-1.020634	146.588320	84.176235	0.007482	8.1
903	-1.045009	147.588320	83.676934	0.006043	7.9
904	-0.998394	148.515201	83.219403	0.006627	7.9
905	-0.992575	149.482473	82.747238	0.008202	8.0
906	-0.982337	148.655934	83.150371	0.005995	7.9
907	-1.020148	149.655934	82.663131	0.005562	10.1
908	-0.989235	148.842093	83.059232	0.006179	8.6
909	-0.988399	148.015884	83.465255	0.006637	7.8
910	-1.009796	149.015884	82.974329	0.007694	8.8
911	-1.032968	150.015884	82.489144	0.006662	8.0
912	-1.023369	149.216750	82.876414	0.006761	9.7
913	-1.032078	150.216749	82.392371	0.006174	9.8
914	-1.005331	151.216740	81.913953	0.008537	8.5
915	-1.028721	152.216740	81.441054	0.006561	7.8
916	-0.999242	153.216740	80.973584	0.006597	8.4
917	-1.074474	152.390201	81.359579	0.007537	7.8
918	-1.018007	153.390201	80.893042	0.008125	8.5
919	-1.018940	154.390201	80.431824	0.007316	10.0
920	-1.013605	155.228390	80.049269	0.008188	8.4
921	-0.989677	156.228390	79.597596	0.005377	7.8
922	-1.009500	157.228390	79.150992	0.006762	8.6
923	-0.993983	157.323135	79.108938	0.006308	8.3
924	-1.005493	158.319531	78.669366	0.006623	8.1
925	-1.023658	157.492992	79.033657	0.006814	10.4
926	-1.006543	156.666453	79.401337	0.006639	7.8
927	-1.004168	157.666453	78.956926	0.006521	8.0
928	-1.026208	156.839914	79.323890	0.005621	7.9
929	-1.015258	157.839913	78.880344	0.006863	8.7
930	-1.024914	157.013374	79.246595	0.009696	8.1
931	-1.010848	158.013374	78.803910	0.006827	10.1
932	-1.010440	157.186835	79.169451	0.007923	7.8
933	-1.017692	158.154078	78.742019	0.009933	7.8
934	-1.019396	159.154078	78.304938	0.008572	7.9
935	-1.022919	158.327923	78.665685	0.008665	7.9
936	-0.992897	159.327923	78.229448	0.006665	8.2
937	-1.034688	159.499036	78.155286	0.006455	10.4
938	-1.037798	159.871271	77.994442	0.007883	7.7
939	-1.028335	159.044732	78.352494	0.007667	8.0
940	-1.024719	160.044732	77.919715	0.008464	8.1
941	-1.019147	159.218193	78.277080	0.008018	7.9
942	-1.011152	160.218193	77.845130	0.007962	8.0
943	-1.006967	159.391654	78.201810	0.006857	9.0
944	-1.037598	158.565142	78.561761	0.009011	8.6
945	-1.006821	159.509273	78.150854	0.009466	8.1
946	-1.020220	158.718196	78.494855	0.005782	8.2
947	-1.013203	157.891657	78.857528	0.006445	7.9
948	-0.981708	157.065598	79.223353	0.007495	7.9
949	-1.008819	156.239059	79.592805	0.008973	7.9
950	-1.049090	157.239059	79.146254	0.007349	9.8
951	-1.054162	158.239019	78.704703	0.010600	8.0
952	-1.014646	159.237951	78.268499	0.008390	7.8
953	-1.010931	158.411412	78.629078	0.007905	7.9
954	-1.003683	157.585332	78.992791	0.007272	8.0
955	-1.008882	156.758793	79.360090	0.008840	8.4
956	-0.999838	157.697236	78.943324	0.006400	9.5
957	-1.031108	156.871116	79.309975	0.007657	8.5
958	-1.012415	156.044577	79.680237	0.007482	7.8
959	-1.064563	155.218038	80.053972	0.007598	9.5
960	-0.993999	154.391538	80.431211	0.008768	11.6
961	-1.013230	155.391538	79.975230	0.005451	8.3
962	-0.991698	154.685887	80.296454	0.007749	9.0
963	-1.039672	153.859683	80.675852	0.008604	8.0
964	-1.002770	154.859673	80.217105	0.008621	8.1
965	-1.037038	155.859673	79.763541	0.007953	7.9
966	-1.008242	156.859670	79.315079	0.008149	8.0
967	-1.038928	157.859670	78.871631	0.007278	8.0
968	-1.024840	158.859670	78.433113	0.008070	10.2
969	-0.999763	158.033479	78.795060	0.006009	7.8
970	-1.025090	157.206989	79.160497	0.007213	8.1
971	-1.058307	156.380452	79.529360	0.008272	8.3
972	-1.063779	155.553912	79.901678	0.007913	7.9
973	-1.011409	154.727373	80.277498	0.006365	8.1
974	-1.007939	153.900839	80.656868	0.008732	10.3
975	-1.021363	154.900839	80.198332	0.007889	7.7
976	-0.989739	155.900833	79.744982	0.009436	7.9
977	-0.991850	155.075845	80.118621	0.009271	8.0
978	-1.015463	154.249486	80.496406	0.007529	8.1
979	-0.997043	153.424093	80.877324	0.007422	7.9
980	-1.020020	154.423100	80.416740	0.005081	10.4
981	-1.024273	153.623534	80.784952	0.006936	7.7
982	-1.023537	152.796994	81.169147	0.006771	8.8
983	-1.028909	151.995491	81.545211	0.005717	7.8
984	-1.029716	152.995443	81.076571	0.006222	8.9
985	-1.012740	152.294917	81.404314	0.007545	7.8
986	-1.004157	153.294074	80.937656	0.005837	10.8
987	-1.048189	154.294069	80.475933	0.009762	8.1
988	-1.013898	153.572951	80.808360	0.009399	8.0
989	-1.045955	154.572951	80.348104	0.007044	8.9
990	-1.011074	155.572951	79.893062	0.007103	7.7
991	-1.034527	156.572951	79.443146	0.006266	8.0
992	-1.014934	156.368914	79.534534	0.007137	10.6
993	-1.021308	157.368914	79.088635	0.007605	8.8
994	-1.012407	158.368914	78.647707	0.006028	7.8
995	-1.032421	159.368914	78.211669	0.007310	9.0
996	-1.023247	160.367239	77.781158	0.009480	7.8
997	-1.033555	161.366706	77.354876	0.006851	9.9
998	-1.033382	162.366706	76.933017	0.010698	7.9
999	-1.024406	163.366706	76.515734	0.010313	8.5
