1:ItNr	2:Metric	3a:Time	3b:StepSize	4:||Gradient||	Time[ms]
0	-1.023749	0.000000	3.044488	0.027031	395.3
1	-1.020166	0.000000	3.044488	0.052993	5.6
2	-0.994848	0.972343	2.909760	0.040610	6.8
3	-1.014834	1.972343	2.783096	0.024852	6.6
4	-0.999850	2.905980	2.674404	0.024050	5.9
5	-0.993126	3.867819	2.570963	0.024425	6.4
6	-1.039350	4.864656	2.471877	0.027263	7.9
7	-1.007270	5.101916	2.449408	0.029253	17.1
8	-0.979871	6.101910	2.359031	0.041421	8.6
9	-1.026896	7.093093	2.275799	0.029055	9.0
10	-1.053993	6.495639	2.325250	0.042912	7.4
11	-1.041971	7.495600	2.243653	0.041428	20.3
12	-0.989114	8.495600	2.167586	0.025062	10.7
13	-1.033601	9.495470	2.096516	0.013114	7.3
14	-1.041983	8.913429	2.137309	0.034494	18.4
15	-1.037237	8.423247	2.172916	0.025736	14.2
16	-1.090651	9.420911	2.101654	0.049780	6.1
17	-1.039185	10.420880	2.034769	0.048911	7.1
18	-1.042017	11.420880	1.972008	0.037553	10.4
19	-1.014707	10.787744	2.011286	0.027639	10.0
20	-1.001087	11.407325	1.972833	0.022163	6.3
21	-1.010658	12.388333	1.914868	0.027851	8.7
22	-1.035942	12.947134	1.883347	0.041556	5.3
23	-0.994060	13.904796	1.831675	0.026382	4.3
24	-1.038660	13.271672	1.865513	0.049111	7.3
25	-0.993780	14.271672	1.812623	0.035478	4.9
26	-1.022683	13.641865	1.845577	0.024803	5.9
27	-1.039946	14.444454	1.803787	0.054501	4.7
28	-1.008220	15.428375	1.755067	0.036664	4.4
29	-1.030712	14.800863	1.785830	0.038177	6.0
30	-0.982177	15.800863	1.737303	0.018245	6.7
31	-1.031984	15.167943	1.767705	0.049703	5.6
32	-0.999261	16.167199	1.720179	0.031038	4.2
33	-0.978998	17.167199	1.675110	0.026793	4.3
34	-1.008083	18.165152	1.632427	0.012804	5.0
35	-1.010910	19.123862	1.593422	0.013456	4.6
36	-1.022220	18.823679	1.605433	0.030474	4.9
37	-1.035227	19.602116	1.574653	0.026181	4.5
38	-1.037450	20.601988	1.536807	0.030021	5.7
39	-1.055661	19.969025	1.560551	0.023247	6.9
40	-1.035976	20.378308	1.545115	0.022090	3.8
41	-1.022847	21.101733	1.518566	0.026680	5.8
42	-1.031272	20.474518	1.541531	0.034144	4.5
43	-1.016731	20.083850	1.556189	0.030094	3.8
44	-0.996244	21.082846	1.519247	0.017242	6.0
45	-1.015005	21.240025	1.513594	0.033505	5.5
46	-1.020497	22.224606	1.479117	0.032533	4.2
47	-0.979040	23.224603	1.445671	0.037845	6.5
48	-0.991704	22.603021	1.466280	0.025750	5.6
49	-1.011600	23.602977	1.433408	0.023832	7.8
50	-0.994351	24.598820	1.402103	0.041860	7.1
51	-1.043075	23.980214	1.421386	0.024910	5.1
52	-1.051351	24.968376	1.390831	0.018450	5.7
53	-0.987975	24.348572	1.409840	0.030945	5.5
54	-1.002726	24.400414	1.408230	0.034465	4.1
55	-1.021796	24.151774	1.415985	0.045074	5.1
56	-1.014063	25.151774	1.385304	0.036141	4.1
57	-1.030672	26.151774	1.355924	0.043420	4.8
58	-1.048996	27.147763	1.327876	0.041880	5.2
59	-0.983789	26.514630	1.345570	0.034406	4.2
60	-1.050975	27.514630	1.317834	0.038979	5.0
61	-0.992772	27.146801	1.327902	0.027090	4.2
62	-1.060883	28.125613	1.301444	0.020299	4.6
63	-1.047811	27.725533	1.312130	0.029317	4.1
64	-0.983852	28.724861	1.285760	0.044647	3.9
65	-1.023554	29.724800	1.260414	0.032265	4.5
66	-1.005873	30.724800	1.236046	0.037743	4.2
67	-1.029390	31.722515	1.212655	0.036334	3.9
68	-1.019789	32.489095	1.195276	0.030917	4.2
69	-1.073717	32.034820	1.205515	0.033387	6.3
70	-1.055711	31.401735	1.220079	0.038602	4.2
71	-1.013018	32.316076	1.199155	0.042355	5.0
72	-1.053926	32.980002	1.184406	0.031085	4.0
73	-1.022136	33.980002	1.162864	0.030665	6.5
74	-1.030200	33.408962	1.175068	0.042484	6.6
75	-1.018061	34.408958	1.153861	0.021493	3.8
76	-1.023939	34.830812	1.145143	0.023679	5.8
77	-0.990316	35.814637	1.125313	0.027334	7.1
78	-1.013470	35.182471	1.137975	0.026840	7.9
79	-1.035421	35.654408	1.128496	0.039470	6.1
80	-1.014075	36.654407	1.108922	0.024107	3.9
81	-1.020962	36.021353	1.121233	0.042641	7.6
82	-0.999780	37.021351	1.101909	0.025767	4.9
83	-1.028340	38.021350	1.083239	0.021890	3.9
84	-1.031875	38.991372	1.065724	0.031113	7.1
85	-0.986057	38.360244	1.077055	0.029296	16.0
86	-1.034477	39.005824	1.065467	0.027907	8.6
87	-1.030472	40.005810	1.048003	0.027926	12.0
88	-1.058183	41.004854	1.031117	0.019281	8.2
89	-0.997461	42.004352	1.014759	0.027373	9.8
90	-1.031735	42.201808	1.011589	0.027031	8.8
91	-1.022533	43.195852	0.995925	0.021245	10.2
92	-1.047147	43.422078	0.992428	0.030922	7.7
93	-1.042030	42.843077	1.001428	0.022537	9.1
94	-0.975770	42.711677	1.003493	0.034875	7.9
95	-1.005699	43.285413	0.994537	0.030915	11.4
96	-1.043517	44.283485	0.979333	0.025218	16.7
97	-1.048364	44.727349	0.972719	0.041932	8.1
98	-1.027376	44.099163	0.982105	0.027970	7.3
99	-1.005328	43.730085	0.987705	0.028388	6.6
100	-1.031459	44.727316	0.972720	0.042526	12.6
101	-1.007797	44.094305	0.982179	0.035438	28.4
102	-1.022408	45.094305	0.967319	0.030884	11.1
103	-1.002991	46.083796	0.953050	0.036390	6.1
104	-1.027674	47.083774	0.939053	0.033808	9.1
105	-1.030171	46.450638	0.947867	0.049177	18.0
106	-1.046969	47.450638	0.934020	0.034827	7.0
107	-1.010909	48.450638	0.920571	0.018288	15.7
108	-1.030607	48.099935	0.925243	0.028059	10.5
109	-1.047691	47.849383	0.928610	0.017254	9.7
110	-1.036417	48.560143	0.919122	0.025551	7.4
111	-1.018559	48.311128	0.922424	0.028259	7.3
112	-1.037326	48.560191	0.919121	0.028251	9.0
113	-1.035137	49.364111	0.908620	0.020624	8.8
114	-1.019329	50.029663	0.900106	0.029144	6.0
115	-1.069393	49.434929	0.907707	0.031818	12.1
116	-1.006784	49.930855	0.901360	0.036094	8.2
117	-1.059178	50.930855	0.888829	0.025533	9.0
118	-1.038204	51.930711	0.876644	0.035227	10.0
119	-1.033761	51.579826	0.880882	0.027587	7.0
120	-1.046470	50.947139	0.888628	0.035651	7.7
121	-1.021903	51.429863	0.882706	0.025898	7.4
122	-1.020713	51.456199	0.882385	0.025443	8.2
123	-1.009985	52.456157	0.870373	0.037363	10.9
124	-1.060372	51.823021	0.877940	0.033920	13.5
125	-1.038401	51.937449	0.876563	0.032008	8.5
126	-1.013309	52.937445	0.864707	0.048077	8.7
127	-1.033395	52.306655	0.872148	0.034964	5.2
128	-1.018722	53.306655	0.860411	0.041281	6.9
129	-1.036999	54.304874	0.849005	0.032615	5.3
130	-1.031746	55.304731	0.837880	0.020240	5.2
131	-1.026051	54.674111	0.844863	0.025558	5.8
132	-1.041032	54.182901	0.850383	0.024462	5.5
133	-1.059738	53.550253	0.857599	0.041909	8.3
134	-1.054311	54.550253	0.846248	0.044045	6.2
135	-1.011542	55.550253	0.835193	0.028197	6.3
136	-1.021355	54.917128	0.842158	0.028195	7.3
137	-1.063644	55.917101	0.831210	0.020095	7.8
138	-1.034367	55.470577	0.836063	0.023419	5.6
139	-1.018976	54.841893	0.842994	0.029363	5.4
140	-1.071844	54.229375	0.849857	0.036638	5.8
141	-1.019968	55.229374	0.838709	0.024794	7.6
142	-1.044557	54.596284	0.845733	0.027443	7.0
143	-1.050349	55.365567	0.837213	0.063115	8.4
144	-1.016164	56.335587	0.826712	0.025472	5.5
145	-1.040018	57.335587	0.816158	0.025958	6.4
146	-1.001033	57.665256	0.812738	0.015499	6.0
147	-1.005878	58.219511	0.807052	0.027134	4.0
148	-0.992772	59.190883	0.797276	0.030875	6.6
149	-1.001197	58.724678	0.801938	0.022887	7.8
150	-1.032453	59.384799	0.795352	0.022420	6.2
151	-1.008297	58.925442	0.799924	0.038478	4.9
152	-1.039282	58.737176	0.801812	0.028444	3.9
153	-1.013251	58.106042	0.808209	0.016675	4.4
154	-1.034788	57.480037	0.814656	0.018601	5.4
155	-1.011070	58.281737	0.806418	0.020451	4.9
156	-1.081195	58.672329	0.802465	0.034953	4.4
157	-1.021236	58.044418	0.808839	0.025500	5.7
158	-1.032071	59.027036	0.798908	0.028611	5.7
159	-1.100493	58.606357	0.803130	0.036461	4.6
160	-1.021089	57.974178	0.809559	0.029059	7.4
161	-1.058437	58.974175	0.799436	0.033697	4.0
162	-1.012309	59.342158	0.795775	0.026522	3.8
163	-1.037028	58.907285	0.800105	0.033468	6.7
164	-1.048284	59.075803	0.798422	0.039194	4.4
165	-1.050163	60.075730	0.788574	0.024480	3.8
166	-1.038571	61.075278	0.778971	0.030381	5.8
167	-1.019353	60.452194	0.784930	0.030152	4.8
168	-1.047865	59.835286	0.790920	0.051138	5.8
169	-1.017800	59.202150	0.797164	0.028211	4.9
170	-1.053889	58.569738	0.803499	0.040395	3.9
171	-1.050919	58.761588	0.801567	0.028817	3.8
172	-1.040527	58.128452	0.807980	0.013126	4.4
173	-1.049325	57.977148	0.809528	0.033797	5.6
174	-1.058747	57.607112	0.813339	0.043411	5.8
175	-0.996087	56.983249	0.819846	0.029206	5.0
176	-1.035825	57.039982	0.819250	0.024604	4.1
177	-1.011455	58.039388	0.808891	0.036563	3.9
178	-0.998682	58.991622	0.799262	0.022091	4.3
179	-1.041562	59.187471	0.797310	0.030439	6.6
180	-1.063033	59.598393	0.793245	0.045783	3.9
181	-1.023914	58.972205	0.799456	0.024290	4.3
182	-1.041226	58.339928	0.805827	0.027629	3.8
183	-1.047739	58.866013	0.800519	0.030481	5.3
184	-1.026131	59.865781	0.790622	0.018933	3.9
185	-1.067364	60.208886	0.787281	0.049875	4.4
186	-1.028575	59.750673	0.791749	0.043889	4.2
187	-1.052497	59.117537	0.798006	0.022306	4.6
188	-1.007696	60.083540	0.788498	0.036447	4.0
189	-1.000720	60.839744	0.781213	0.018266	4.3
190	-1.016022	60.264065	0.786747	0.034252	6.6
191	-1.001319	59.631179	0.792922	0.028602	4.3
192	-1.022324	60.428370	0.785159	0.022250	4.1
193	-0.994741	59.882714	0.790456	0.029047	4.1
194	-1.011651	60.862650	0.780994	0.023294	4.0
195	-1.036800	60.337134	0.786040	0.032717	4.2
196	-1.010069	59.705995	0.792187	0.029725	4.1
197	-0.991616	60.618633	0.783329	0.038132	5.1
198	-1.035493	61.607168	0.773955	0.028296	5.9
199	-1.021390	62.416252	0.766448	0.026692	6.4
200	-1.013585	63.278932	0.758603	0.022412	9.1
201	-1.019471	62.944320	0.761627	0.022397	6.9
202	-1.002598	62.321322	0.767322	0.032318	5.0
203	-1.027449	62.979215	0.761310	0.031321	4.3
204	-1.021591	63.890830	0.753135	0.026907	5.3
205	-1.040517	63.288558	0.758516	0.028215	4.6
206	-1.050068	64.288518	0.749623	0.028225	4.4
207	-1.046407	65.262465	0.741159	0.026059	4.7
208	-1.020324	65.874583	0.735937	0.034961	5.1
209	-1.033097	65.340009	0.740494	0.020750	6.5
210	-0.992802	65.747136	0.737019	0.028477	4.3
211	-1.043052	65.156273	0.742073	0.041095	4.3
212	-1.019103	66.156273	0.733559	0.027616	4.8
213	-0.976402	65.523137	0.738927	0.025484	4.5
214	-1.036845	65.639882	0.737931	0.041155	3.8
215	-1.021519	66.571975	0.730077	0.055464	5.4
216	-1.047302	67.571975	0.721834	0.036743	4.5
217	-1.058363	68.565458	0.713827	0.034895	4.0
218	-1.028310	69.542282	0.706126	0.051458	4.3
219	-0.995813	68.909149	0.711098	0.032953	4.5
220	-0.995057	69.908388	0.703282	0.035168	6.2
221	-0.982590	70.489171	0.698818	0.026313	4.4
222	-0.987596	69.856036	0.703687	0.022063	3.9
223	-1.084788	70.676515	0.697390	0.031064	4.1
224	-1.014928	70.064958	0.702073	0.024241	6.4
225	-1.025158	71.064801	0.694448	0.039386	3.9
226	-1.025051	70.433766	0.699241	0.024285	4.3
227	-1.036072	69.823330	0.703941	0.028575	4.0
228	-1.009953	69.190280	0.708882	0.034678	5.5
229	-0.977168	70.190279	0.701108	0.028364	4.3
230	-1.018664	71.189994	0.693505	0.025660	5.3
231	-1.022147	72.185019	0.686100	0.034030	4.8
232	-1.029280	71.556629	0.690758	0.029664	3.8
233	-1.057469	72.556628	0.683375	0.024591	4.5
234	-1.034544	73.422720	0.677107	0.018933	4.2
235	-1.036511	72.789967	0.681675	0.017962	4.0
236	-1.028490	73.332462	0.677754	0.031781	4.1
237	-0.967175	74.328631	0.670672	0.028713	4.6
238	-1.050204	73.695843	0.675154	0.023773	3.8
239	-1.068260	73.062754	0.679698	0.032406	4.2
240	-1.055574	74.061746	0.672555	0.028165	3.9
241	-1.028247	75.043294	0.665682	0.035535	4.6
242	-1.024884	74.423767	0.670003	0.042854	5.8
243	-1.013722	73.790631	0.674479	0.046597	3.8
244	-1.030208	74.790631	0.667437	0.031685	4.2
245	-1.017033	74.157496	0.671878	0.027757	4.0
246	-1.031557	75.157434	0.664891	0.032375	4.1
247	-1.035269	76.119715	0.658303	0.029362	3.8
248	-1.034616	77.117612	0.651608	0.038425	4.6
249	-1.046935	76.491725	0.655792	0.024386	3.8
250	-1.003679	77.491710	0.649133	0.035154	3.9
251	-1.036627	78.413395	0.643115	0.024559	3.7
252	-1.050158	79.408103	0.636744	0.027668	5.0
253	-1.035287	78.824094	0.640469	0.019604	4.0
254	-1.039925	79.815967	0.634168	0.036365	5.7
255	-0.994564	80.815927	0.627940	0.018794	4.4
256	-1.026346	81.815899	0.621832	0.019694	4.0
257	-1.016863	81.324947	0.624816	0.033407	6.1
258	-1.039387	82.317972	0.618810	0.034082	4.1
259	-1.017439	83.317972	0.612879	0.042468	5.5
260	-1.034228	84.317969	0.607059	0.029756	6.0
261	-1.050707	83.691558	0.610692	0.030115	4.3
262	-1.018535	83.359744	0.612633	0.031629	4.5
263	-1.032491	83.000692	0.614748	0.025323	4.2
264	-1.022584	83.908104	0.609431	0.034988	7.0
265	-1.054287	83.277886	0.613114	0.027220	4.1
266	-1.032272	84.277883	0.607290	0.036533	4.9
267	-1.029158	83.651452	0.610926	0.027019	3.9
268	-1.034413	84.649654	0.605153	0.016414	4.4
269	-1.032723	85.550465	0.600037	0.032166	5.2
270	-1.025826	86.261109	0.596062	0.026553	3.9
271	-1.014455	86.374657	0.595431	0.037477	3.8
272	-0.988349	86.697776	0.593645	0.030955	4.0
273	-1.024325	87.067976	0.591611	0.026586	5.2
274	-1.003019	87.727204	0.588024	0.033119	3.9
275	-1.068716	88.653930	0.583055	0.026175	6.1
276	-0.994537	88.309127	0.584894	0.023056	5.3
277	-1.050208	89.301627	0.579631	0.022893	4.0
278	-1.016594	90.204586	0.574925	0.024863	4.1
279	-1.028754	89.733116	0.577372	0.035425	3.8
280	-1.013455	90.533668	0.573228	0.050693	5.0
281	-1.043474	89.904159	0.576482	0.046667	3.9
282	-1.069596	90.904159	0.571330	0.027605	3.9
283	-1.041026	91.904131	0.566270	0.032956	3.8
284	-1.023597	91.271010	0.569464	0.016362	4.8
285	-1.044438	92.269799	0.564442	0.027800	4.1
286	-1.011308	91.648353	0.567556	0.029024	5.9
287	-0.981140	92.648324	0.562562	0.033301	4.7
288	-1.014855	93.533979	0.558212	0.025584	5.8
289	-0.995327	93.343515	0.559142	0.034380	3.8
290	-1.004642	94.342928	0.554297	0.028511	4.1
291	-1.014334	93.732276	0.557247	0.028723	4.3
292	-1.023594	94.566743	0.553224	0.015301	5.7
293	-1.031500	93.970602	0.556092	0.042597	4.0
294	-1.035245	94.902586	0.551621	0.025282	4.7
295	-1.039317	94.269578	0.554650	0.020212	4.0
296	-1.019695	95.266989	0.549892	0.032329	4.8
297	-1.032171	96.238830	0.545333	0.030860	5.3
298	-1.029062	96.618097	0.543575	0.042539	3.8
299	-1.034190	97.618097	0.538992	0.021047	3.8
300	-1.025513	98.617921	0.534487	0.030246	3.9
301	-1.019048	99.617789	0.530057	0.023756	3.8
302	-1.024415	100.611406	0.525726	0.024159	5.4
303	-0.996353	100.015622	0.528314	0.016756	3.9
304	-1.056020	99.643861	0.529942	0.033466	4.2
305	-1.024503	99.029522	0.532654	0.030658	4.7
306	-1.039154	98.397333	0.535475	0.021162	4.1
307	-1.013877	99.391986	0.531051	0.031029	3.9
308	-1.024398	98.759457	0.533855	0.020568	6.8
309	-0.978179	99.498136	0.530583	0.026700	4.2
310	-0.999970	100.476323	0.526310	0.026383	3.8
311	-1.041599	101.373160	0.522453	0.031438	4.1
312	-0.973393	102.332095	0.518391	0.026088	4.0
313	-1.030564	101.879552	0.520300	0.027004	4.5
314	-1.038304	101.246418	0.522995	0.026358	4.1
315	-1.005737	100.644797	0.525581	0.036522	4.5
316	-1.049439	101.640659	0.521314	0.040747	4.9
317	-1.034092	102.543984	0.517502	0.036441	3.8
318	-1.019384	103.543515	0.513349	0.021177	3.9
319	-1.002452	104.105690	0.511042	0.038492	9.2
320	-1.042202	104.334186	0.510110	0.039670	3.8
321	-1.000457	103.703499	0.512690	0.023581	5.2
322	-1.016850	104.702922	0.508614	0.017788	3.9
323	-1.021173	105.347206	0.506020	0.017013	5.1
324	-1.022502	104.717783	0.508554	0.026098	4.0
325	-1.048542	105.664345	0.504753	0.048680	3.9
326	-1.041794	105.031231	0.507289	0.037223	4.4
327	-1.015741	104.401013	0.509838	0.031050	3.8
328	-1.008297	105.401013	0.505805	0.020968	4.3
329	-1.006726	104.770738	0.508340	0.026580	3.9
330	-1.013000	104.454967	0.509619	0.030838	5.1
331	-1.023187	103.960076	0.511637	0.021502	4.9
332	-1.025625	103.429186	0.513820	0.030368	4.5
333	-1.027023	102.796163	0.516448	0.028039	4.0
334	-1.053830	102.237457	0.518789	0.044710	4.7
335	-1.015407	103.120224	0.515099	0.022055	4.4
336	-1.015878	104.115751	0.511001	0.028407	4.1
337	-1.054764	103.500546	0.513526	0.039747	4.6
338	-1.042664	103.441564	0.513769	0.040246	4.0
339	-1.009927	102.813047	0.516377	0.013148	4.7
340	-1.055993	102.515647	0.517621	0.023479	4.2
341	-1.040556	101.916169	0.520145	0.023374	4.7
342	-1.061880	102.348670	0.518321	0.033835	5.3
343	-1.033170	103.309979	0.514313	0.039159	3.9
344	-1.052971	104.309971	0.510209	0.023536	4.1
345	-1.058630	103.709137	0.512667	0.018190	4.5
346	-1.038060	104.577338	0.509122	0.037140	3.9
347	-1.019681	104.475234	0.509537	0.019152	4.0
348	-0.980830	105.459257	0.505572	0.031912	3.9
349	-0.997361	104.826869	0.508113	0.016344	5.1
350	-1.043768	105.641105	0.504846	0.024365	4.9
351	-1.028397	105.061960	0.507165	0.026580	4.1
352	-1.050952	104.442755	0.509669	0.027608	4.6
353	-1.032281	105.434932	0.505669	0.048356	6.9
354	-0.999388	106.434931	0.501701	0.024088	4.0
355	-1.028828	105.804537	0.504195	0.028428	4.8
356	-1.041676	105.533826	0.505274	0.029088	4.0
357	-1.005191	106.533808	0.501312	0.031410	3.9
358	-1.030830	105.902312	0.503807	0.026409	4.1
359	-1.015924	106.876022	0.499971	0.024111	4.9
360	-1.024254	107.875875	0.496092	0.035069	4.0
361	-1.024507	108.868480	0.492300	0.027558	4.3
362	-1.004967	109.839179	0.488648	0.032027	3.9
363	-1.029436	109.911835	0.488376	0.029329	4.9
364	-1.061310	110.911833	0.484674	0.031951	5.8
365	-1.048199	111.905539	0.481050	0.017206	3.9
366	-1.032576	111.345126	0.483087	0.037694	4.9
367	-1.044509	111.082034	0.484050	0.033639	4.1
368	-1.027411	112.081625	0.480414	0.029977	4.2
369	-1.019643	113.074382	0.476857	0.044655	4.0
370	-1.022816	112.771955	0.477935	0.034432	5.1
371	-1.023194	113.771904	0.474389	0.029221	4.0
372	-1.027583	114.674729	0.471232	0.034319	4.2
373	-1.024525	115.674729	0.467784	0.024461	3.9
374	-1.023997	116.674481	0.464387	0.034499	4.0
375	-1.039426	116.177701	0.466069	0.025949	5.8
376	-1.050478	115.977704	0.466749	0.034244	3.9
377	-1.029348	115.344719	0.468916	0.044112	4.8
378	-1.050557	114.711584	0.471104	0.046903	3.8
379	-1.050462	114.081520	0.473301	0.017696	6.4
380	-1.020120	114.972008	0.470202	0.023613	4.9
381	-1.028896	114.483029	0.471899	0.036263	3.9
382	-1.005343	114.013838	0.473538	0.028733	6.0
383	-1.041080	115.013097	0.470059	0.024184	4.2
384	-1.038926	114.417659	0.472126	0.036021	4.0
385	-1.019810	115.340738	0.468930	0.034427	4.5
386	-1.026830	114.707603	0.471118	0.047672	5.5
387	-1.020140	115.707599	0.467671	0.020887	3.9
388	-1.025902	115.083824	0.469815	0.028878	4.0
389	-1.002314	114.452774	0.472004	0.026081	4.6
390	-1.022163	113.822265	0.474211	0.022696	4.7
391	-1.007611	113.221974	0.476332	0.020840	3.9
392	-1.040651	113.812043	0.474247	0.034405	4.3
393	-1.028482	114.047895	0.473419	0.025379	4.2
394	-1.045818	115.047876	0.469939	0.045142	4.2
395	-0.981825	116.047876	0.466510	0.017071	3.7
396	-1.028647	116.943137	0.463483	0.034825	4.2
397	-1.046299	116.505935	0.464956	0.031797	5.9
398	-1.034502	117.474933	0.461703	0.018490	3.9
399	-1.019413	116.864913	0.463746	0.037015	4.3
400	-1.025023	117.781708	0.460682	0.039283	4.9
401	-1.058549	117.148573	0.462793	0.035473	4.0
402	-1.004906	116.515453	0.464924	0.030944	3.8
403	-1.051771	117.515453	0.461568	0.032761	4.3
404	-1.029356	116.882388	0.463687	0.029688	4.7
405	-1.016190	116.250391	0.465822	0.023219	3.9
406	-1.056606	116.748429	0.464138	0.017481	3.7
407	-1.006906	117.384829	0.462003	0.027493	3.8
408	-1.042910	118.377695	0.458712	0.021056	7.0
409	-1.041291	118.613208	0.457938	0.033670	4.4
410	-1.009380	119.603332	0.454714	0.015842	4.5
411	-1.005798	118.978090	0.456745	0.023265	8.0
412	-1.023833	118.554051	0.458132	0.040668	6.2
413	-1.057402	117.997736	0.459966	0.025336	7.7
414	-1.058198	117.552562	0.461444	0.025606	3.8
415	-1.042661	117.004035	0.463278	0.029029	3.9
416	-1.029521	116.406885	0.465291	0.036470	3.8
417	-1.003423	117.406850	0.461930	0.019397	5.0
418	-1.049721	117.150025	0.462789	0.039255	6.6
419	-1.030412	117.481736	0.461680	0.035439	4.1
420	-1.043847	118.451863	0.458468	0.054741	6.0
421	-1.027010	117.819973	0.460555	0.038589	4.6
422	-1.010472	117.186837	0.462665	0.022970	4.8
423	-1.042786	118.186830	0.459341	0.026833	5.0
424	-1.057503	119.067225	0.456454	0.044627	4.3
425	-1.022323	120.067091	0.453219	0.028537	3.9
426	-1.043071	119.926082	0.453672	0.025582	4.2
427	-1.010371	120.544128	0.451691	0.034154	4.0
428	-1.004314	120.427426	0.452064	0.023162	7.2
429	-1.017396	120.711472	0.451158	0.029060	5.6
430	-1.042320	121.641042	0.448218	0.035290	4.2
431	-1.047037	122.638977	0.445104	0.029053	4.2
432	-1.005537	123.638972	0.442026	0.025399	3.8
433	-1.032225	123.005860	0.443970	0.025975	4.6
434	-1.008504	123.984371	0.440973	0.034970	3.8
435	-1.038298	124.982622	0.437958	0.032181	4.0
436	-1.060516	124.374059	0.439791	0.020280	4.0
437	-1.027082	125.369563	0.436800	0.025131	4.5
438	-1.030327	124.762989	0.438618	0.034996	7.8
439	-1.033865	124.150157	0.440470	0.045798	9.7
440	-1.006781	125.150157	0.437456	0.023430	4.8
441	-1.045639	126.150108	0.434483	0.028624	3.8
442	-1.002646	127.145189	0.431565	0.023459	4.1
443	-1.021177	128.145036	0.428672	0.025017	4.6
444	-1.068903	128.788002	0.426832	0.034311	3.9
445	-1.011777	128.166339	0.428610	0.031107	4.0
446	-1.025802	127.566450	0.430341	0.027617	4.2
447	-1.023663	127.161222	0.431518	0.036956	4.1
448	-1.032903	126.920119	0.432221	0.039821	3.9
449	-1.046518	127.920093	0.429319	0.053301	6.5
450	-1.024411	127.286957	0.431152	0.025488	4.7
451	-1.028660	126.653821	0.433001	0.026565	4.0
452	-1.002126	127.653810	0.430088	0.023319	4.4
453	-1.078396	128.528596	0.427572	0.037546	4.0
454	-1.047681	129.468908	0.424900	0.038187	4.7
455	-1.031427	128.835772	0.426695	0.041111	3.9
456	-0.996263	129.835759	0.423867	0.021679	3.9
457	-1.028706	129.202627	0.425653	0.017987	4.5
458	-1.016632	130.140662	0.423012	0.023815	4.6
459	-1.008515	129.548224	0.424676	0.029573	3.8
460	-1.019956	130.525594	0.421937	0.035972	6.5
461	-1.029287	129.892459	0.423707	0.040849	5.0
462	-1.013673	130.892314	0.420918	0.026242	3.8
463	-1.037341	131.891666	0.418167	0.028878	4.6
464	-1.014828	131.261057	0.419899	0.018064	4.6
465	-1.067264	132.260454	0.417161	0.018297	4.5
466	-1.033512	131.717568	0.418644	0.039525	6.0
467	-1.058626	131.114473	0.420303	0.027692	3.8
468	-1.041818	130.481340	0.422060	0.047078	5.7
469	-1.021839	131.478802	0.419299	0.029792	4.1
470	-1.059176	130.845666	0.421048	0.027951	6.0
471	-1.012155	130.215645	0.422802	0.011938	5.4
472	-1.033015	130.689144	0.421482	0.025111	4.4
473	-1.052875	130.389936	0.422315	0.034544	4.1
474	-1.041782	129.756840	0.424089	0.035812	5.0
475	-1.030091	130.749245	0.421315	0.028710	3.8
476	-0.990469	130.123769	0.423059	0.030930	4.2
477	-1.029841	130.860679	0.421006	0.020296	3.8
478	-1.003145	130.316466	0.422520	0.036204	5.0
479	-1.014041	129.683612	0.424295	0.023257	4.0
480	-1.030414	129.050724	0.426084	0.038439	3.7
481	-1.041793	128.417589	0.427890	0.034044	6.0
482	-1.021037	129.417489	0.425045	0.014503	4.8
483	-1.045313	128.784850	0.426841	0.041557	4.1
484	-1.054607	128.277142	0.428292	0.039215	4.5
485	-1.004313	129.277142	0.425442	0.029338	4.2
486	-0.990447	130.038598	0.423297	0.034172	4.2
487	-1.040782	130.998182	0.420625	0.028705	3.8
488	-1.019987	131.994879	0.417885	0.035731	4.0
489	-1.036118	132.993809	0.415174	0.048632	3.9
490	-1.025448	133.993809	0.412495	0.040422	4.2
491	-1.021925	133.360673	0.414187	0.032104	3.8
492	-1.046714	134.359925	0.411523	0.037534	4.4
493	-1.008322	133.726800	0.413207	0.036551	6.4
494	-0.961795	134.723500	0.410563	0.035248	4.2
495	-1.008390	135.719762	0.407953	0.044559	4.1
496	-1.014944	136.009035	0.407201	0.036966	4.1
497	-1.030098	136.947954	0.404780	0.021977	6.1
498	-1.010979	136.368920	0.406270	0.032490	4.0
499	-1.041686	135.735828	0.407911	0.020317	3.9
500	-1.011621	136.542861	0.405821	0.020331	6.1
501	-1.008105	136.564055	0.405767	0.019561	3.9
502	-1.036638	137.544214	0.403258	0.044838	4.0
503	-1.005174	136.915714	0.404863	0.034173	5.2
504	-1.032049	137.909341	0.402332	0.034515	4.4
505	-1.057725	137.276415	0.403940	0.029981	4.2
506	-1.045398	138.185291	0.401634	0.034851	3.9
507	-1.029089	139.185267	0.399127	0.029997	4.8
508	-1.008007	138.552949	0.400709	0.020703	4.0
509	-0.998564	137.921885	0.402300	0.022715	4.0
510	-1.050685	137.363231	0.403719	0.025690	3.8
511	-1.006180	137.266569	0.403966	0.045959	4.6
512	-1.035995	136.633436	0.405588	0.021964	3.8
513	-1.035684	137.173519	0.404203	0.024336	4.3
514	-1.073631	136.906006	0.404888	0.015349	4.0
515	-1.047990	136.568795	0.405754	0.028714	6.7
516	-1.040200	137.447672	0.403504	0.017902	4.2
517	-1.052898	138.428345	0.401022	0.032414	3.8
518	-0.983909	139.095699	0.399350	0.022869	5.0
519	-1.029553	138.463570	0.400933	0.030239	4.7
520	-1.008997	139.463432	0.398435	0.035212	3.8
521	-1.045953	138.830338	0.400013	0.017736	4.2
522	-1.003919	138.201578	0.401593	0.031689	4.5
523	-1.017928	137.816582	0.402567	0.017560	4.2
524	-1.045680	138.815901	0.400049	0.019299	3.8
525	-1.067578	139.110772	0.399313	0.016910	4.4
526	-1.035838	138.488929	0.400869	0.020501	6.3
527	-1.015069	137.859755	0.402457	0.038905	4.0
528	-1.045304	138.368511	0.401172	0.036120	5.2
529	-1.020882	139.330356	0.398766	0.039151	5.1
530	-0.979355	140.330356	0.396294	0.014176	4.1
531	-1.053581	141.329538	0.393855	0.031715	4.0
532	-1.047893	140.768387	0.395221	0.023020	4.1
533	-1.016358	140.283648	0.396409	0.020266	5.3
534	-1.011007	139.656025	0.397957	0.021279	3.8
535	-0.968577	140.651961	0.395506	0.019019	4.1
536	-1.009986	140.166813	0.396696	0.024736	4.7
537	-1.008780	140.437625	0.396031	0.018028	6.3
538	-1.033357	140.481400	0.395923	0.024081	6.4
539	-1.055935	139.905000	0.397342	0.025891	7.1
540	-1.005879	140.606317	0.395617	0.026286	3.9
541	-1.028629	141.606211	0.393185	0.017331	4.1
542	-1.063683	142.333007	0.391435	0.030056	4.3
543	-1.027652	142.166535	0.391834	0.035008	3.9
544	-1.049606	143.164586	0.389452	0.034872	3.8
545	-1.051267	142.531452	0.390960	0.023409	3.9
546	-1.000070	143.524031	0.388601	0.033415	4.7
547	-1.003280	144.508044	0.386291	0.046705	4.0
548	-1.046263	145.508032	0.383971	0.029129	6.5
549	-1.075405	146.508032	0.381679	0.034590	4.7
550	-1.061123	147.507984	0.379414	0.028212	4.0
551	-1.053706	146.874848	0.380845	0.031342	4.1
552	-1.029370	146.267122	0.382228	0.032690	3.8
553	-1.031310	147.267122	0.379957	0.026368	4.2
554	-1.010733	148.267121	0.377712	0.024330	4.3
555	-1.016104	149.256890	0.375516	0.040865	4.2
556	-1.019312	148.625370	0.376914	0.028743	3.9
557	-1.000550	147.992234	0.378327	0.017428	4.9
558	-1.025265	147.359234	0.379749	0.042120	4.0
559	-1.010825	148.350315	0.377527	0.041107	7.3
560	-1.075822	149.350315	0.375310	0.019462	6.4
561	-1.014319	148.728176	0.376686	0.041577	4.2
562	-1.043228	149.606777	0.374746	0.017431	3.8
563	-1.014682	148.978251	0.376132	0.017954	4.4
564	-1.009119	149.791961	0.374340	0.023745	4.3
565	-1.017765	150.323581	0.373178	0.021931	4.0
566	-1.008793	151.160006	0.371365	0.024996	3.9
567	-1.022595	150.692421	0.372377	0.043906	4.1
568	-1.025078	151.432813	0.370778	0.022142	5.3
569	-1.027483	150.799677	0.372144	0.020490	4.6
570	-1.054657	151.788932	0.370014	0.029906	5.8
571	-0.999290	152.787653	0.367887	0.024154	4.0
572	-1.043364	153.785969	0.365786	0.038635	4.2
573	-1.043110	154.785353	0.363706	0.020849	3.9
574	-1.065413	155.752110	0.361717	0.031132	4.0
575	-1.008852	156.751485	0.359683	0.025276	4.2
576	-1.025921	156.803113	0.359579	0.027004	3.9
577	-1.046374	157.440802	0.358294	0.017598	3.9
578	-1.013294	157.662450	0.357849	0.019010	6.0
579	-1.016184	158.629067	0.355924	0.031878	4.1
580	-1.029205	159.628832	0.353954	0.030614	3.8
581	-0.996301	159.953191	0.353319	0.026789	6.5
582	-1.093521	160.813596	0.351647	0.019939	4.5
583	-1.070276	160.282890	0.352677	0.032308	3.8
584	-1.003773	159.769511	0.353678	0.039111	4.1
585	-1.039976	160.769511	0.351732	0.023713	4.0
586	-1.068524	160.237080	0.352766	0.033106	4.2
587	-1.060244	160.087134	0.353058	0.021185	5.1
588	-0.999271	159.454544	0.354296	0.022047	4.0
589	-1.053777	158.876434	0.355434	0.044826	5.4
590	-1.014502	159.870939	0.353480	0.024088	4.8
591	-1.030396	160.870753	0.351537	0.048741	4.0
592	-1.013010	160.238847	0.352762	0.027677	7.8
593	-1.077944	159.605711	0.353999	0.042010	3.9
594	-1.030471	160.605711	0.352050	0.037248	4.1
595	-1.044387	161.605692	0.350122	0.039725	3.9
596	-1.022848	162.605672	0.348215	0.025954	4.6
597	-1.022320	162.013507	0.349342	0.026022	3.9
598	-1.085907	162.907578	0.347643	0.025992	4.0
599	-1.036375	163.907194	0.345764	0.017445	3.9
600	-0.964640	163.887290	0.345801	0.019669	4.8
601	-1.016752	163.306218	0.346891	0.042451	4.1
602	-1.052041	164.306189	0.345019	0.037672	4.2
603	-1.069494	163.673053	0.346202	0.021844	7.3
604	-1.011746	164.673049	0.344338	0.017294	4.5
605	-1.031302	164.129032	0.345350	0.025812	3.8
606	-1.037093	164.160849	0.345290	0.014130	4.1
607	-1.048815	165.059537	0.343623	0.024436	4.2
608	-1.007842	165.974698	0.341941	0.027887	4.3
609	-1.029887	166.878339	0.340296	0.020068	3.8
610	-1.046344	167.839912	0.338563	0.043139	4.5
611	-1.042641	167.206778	0.339702	0.021991	4.1
612	-1.005822	168.003691	0.338270	0.043082	4.1
613	-1.070788	169.003592	0.336490	0.019093	3.9
614	-1.029359	169.806172	0.335074	0.031260	6.4
615	-1.059137	170.801589	0.333335	0.023553	4.3
616	-1.015705	170.952105	0.333074	0.024361	3.9
617	-1.066910	171.844537	0.331533	0.029900	4.8
618	-1.025236	172.843781	0.329824	0.017088	4.5
619	-0.984914	172.211146	0.330904	0.012887	5.5
620	-1.043247	172.657213	0.330141	0.044517	4.4
621	-1.029046	172.120693	0.331058	0.037589	5.9
622	-0.988135	173.120693	0.329353	0.017555	4.7
623	-1.023438	172.488108	0.330430	0.031845	4.2
624	-1.032992	171.872664	0.331484	0.024182	5.8
625	-1.037608	171.258227	0.332544	0.029633	4.9
626	-1.047111	172.162392	0.330987	0.030981	3.7
627	-1.020574	171.529703	0.332075	0.040739	3.8
628	-1.076068	171.163238	0.332708	0.025433	4.6
629	-1.019748	170.541667	0.333788	0.027101	4.2
630	-1.020461	170.967099	0.333048	0.026080	4.2
631	-1.030463	171.948295	0.331354	0.029009	4.2
632	-1.016605	172.866401	0.329785	0.044351	4.5
633	-1.073537	172.233378	0.330865	0.030929	3.9
634	-0.997797	171.604040	0.331947	0.018200	4.1
635	-1.073157	172.582408	0.330269	0.018698	4.1
636	-1.041951	172.988714	0.329577	0.033268	6.9
637	-1.014969	172.548562	0.330327	0.020281	4.2
638	-1.040347	171.916605	0.331409	0.038767	3.8
639	-1.005785	171.283522	0.332500	0.055772	4.7
640	-1.038387	172.283522	0.330780	0.026139	4.0
641	-1.007738	171.650387	0.331867	0.045240	4.1
642	-0.985155	172.648644	0.330156	0.034448	3.9
643	-1.038233	173.648096	0.328461	0.028766	4.9
644	-1.025766	173.015991	0.329531	0.013619	4.5
645	-1.028126	173.521192	0.328675	0.036556	3.8
646	-1.043897	172.906990	0.329716	0.030139	4.6
647	-1.034911	173.906990	0.328024	0.028585	5.2
648	-0.957825	173.277646	0.329087	0.040195	4.2
649	-0.988776	172.644510	0.330163	0.031557	3.9
650	-0.985232	173.644510	0.328467	0.018861	4.7
651	-1.028024	174.043524	0.327795	0.035936	4.0
652	-1.034831	173.410570	0.328862	0.036963	5.8
653	-1.015476	173.050420	0.329472	0.019939	4.5
654	-1.052809	173.696001	0.328380	0.028508	5.2
655	-1.026485	173.153859	0.329297	0.029704	5.5
656	-1.017905	173.814369	0.328180	0.032034	4.2
657	-1.035182	174.814367	0.326504	0.012630	9.0
658	-1.034805	175.600081	0.325199	0.034831	7.7
659	-1.031281	174.995670	0.326202	0.021437	5.1
660	-1.032014	175.253238	0.325774	0.031175	3.8
661	-1.021564	174.777880	0.326565	0.046891	4.1
662	-1.054414	175.777844	0.324906	0.027772	5.1
663	-1.042092	176.777828	0.323263	0.030840	4.4
664	-1.020606	176.157081	0.324281	0.021436	3.9
665	-1.005497	175.524064	0.325325	0.025476	4.3
666	-1.004670	176.328138	0.324000	0.034540	4.9
667	-1.032351	177.255281	0.322484	0.043396	5.0
668	-0.983964	178.255275	0.320866	0.031943	4.5
669	-1.029527	179.255275	0.319264	0.027925	4.4
670	-1.025308	180.244530	0.317694	0.019325	4.3
671	-1.001737	179.772320	0.318442	0.026929	6.4
672	-1.066473	180.768228	0.316870	0.043080	4.1
673	-0.983050	181.755225	0.315327	0.037783	4.7
674	-1.041362	181.122089	0.316315	0.025965	3.9
675	-0.980766	182.122089	0.314758	0.020394	4.1
676	-0.989952	182.213113	0.314617	0.015265	5.4
677	-1.004802	181.836577	0.315201	0.030783	4.0
678	-1.076179	181.219789	0.316162	0.029809	7.5
679	-1.039692	180.594208	0.317143	0.038977	6.3
680	-1.003754	180.016792	0.318054	0.024836	3.8
681	-1.048577	181.015452	0.316482	0.036789	4.2
682	-1.099958	182.015450	0.314923	0.024828	4.7
683	-1.013092	182.962072	0.313461	0.020788	5.0
684	-1.063109	183.691882	0.312344	0.030381	4.4
685	-1.012906	184.536840	0.311060	0.063622	3.9
686	-1.039529	183.981567	0.311902	0.049100	5.2
687	-1.031288	184.981567	0.310388	0.025019	3.9
688	-1.009751	185.975722	0.308897	0.030233	5.9
689	-1.021657	185.594114	0.309468	0.026862	4.3
690	-1.075804	184.961911	0.310418	0.029574	4.0
691	-1.049080	185.946072	0.308942	0.029414	4.0
692	-1.028514	186.944780	0.307458	0.029710	3.9
693	-1.008008	186.318027	0.308387	0.012400	4.9
694	-1.039471	187.270040	0.306978	0.038868	3.9
695	-0.988403	188.179238	0.305643	0.032089	4.1
696	-1.019470	188.193290	0.305623	0.030275	3.8
697	-1.017684	189.009341	0.304435	0.031098	4.7
698	-1.041562	190.008712	0.302993	0.049361	4.0
699	-1.013360	190.997756	0.301580	0.031124	3.9
700	-1.005607	191.997756	0.300164	0.037268	5.5
701	-1.008789	192.997736	0.298761	0.032353	4.6
702	-1.070592	192.855852	0.298960	0.034575	5.7
703	-1.020774	193.803267	0.297641	0.032072	4.3
704	-1.062809	194.803266	0.296262	0.023924	5.1
705	-1.031722	195.802696	0.294896	0.032217	4.1
706	-1.027670	196.802551	0.293542	0.034857	4.2
707	-1.022148	196.170692	0.294396	0.018637	4.6
708	-0.992741	195.538958	0.295255	0.029599	4.5
709	-1.030284	196.103654	0.294487	0.021420	6.0
710	-1.036250	197.088623	0.293157	0.028436	6.1
711	-1.040702	196.474585	0.293985	0.038544	5.3
712	-1.042031	196.872377	0.293448	0.045026	3.8
713	-1.038046	196.239242	0.294303	0.025049	4.3
714	-1.043567	197.239241	0.292955	0.025099	4.5
715	-1.008317	197.513298	0.292587	0.026134	4.0
716	-0.999209	198.509381	0.291260	0.021896	3.8
717	-1.047203	197.897423	0.292074	0.033459	3.9
718	-1.060404	198.896238	0.290747	0.038149	4.3
719	-1.014253	199.834211	0.289512	0.025719	4.0
720	-0.999505	200.636657	0.288464	0.034977	3.8
721	-1.035179	200.003562	0.289291	0.019479	5.3
722	-1.033960	199.370434	0.290122	0.047236	4.9
723	-1.042403	198.769151	0.290915	0.027437	3.9
724	-1.049077	199.768630	0.289598	0.020801	4.2
725	-1.030639	199.137915	0.290428	0.029736	4.2
726	-0.979982	200.070073	0.289204	0.018756	4.1
727	-1.016467	201.002951	0.287988	0.031026	4.9
728	-1.026829	200.370929	0.288810	0.022052	3.8
729	-1.061278	201.337982	0.287554	0.032549	4.3
730	-1.000903	201.700262	0.287087	0.054097	4.4
731	-1.042257	202.700262	0.285803	0.016240	4.1
732	-1.018963	203.540278	0.284734	0.021520	4.2
733	-1.026866	203.895639	0.284284	0.032702	6.2
734	-1.044086	204.758090	0.283198	0.018333	4.2
735	-1.043934	205.566376	0.282188	0.019104	3.8
736	-1.050569	204.948897	0.282959	0.038984	3.9
737	-1.023994	205.946704	0.281715	0.023267	8.5
738	-1.055418	205.313570	0.282503	0.034629	3.8
739	-1.062808	206.313495	0.281260	0.026733	4.2
740	-1.070928	207.311180	0.280031	0.017289	4.2
741	-1.032479	207.819465	0.279409	0.021499	5.0
742	-1.054403	208.594342	0.278466	0.041706	3.8
743	-1.066299	207.962443	0.279235	0.022763	6.6
744	-1.010522	207.329311	0.280009	0.018717	5.8
745	-0.998785	207.788361	0.279447	0.025409	5.8
746	-1.035895	208.369724	0.278739	0.024759	4.8
747	-1.058293	208.215696	0.278926	0.034209	4.2
748	-1.044903	207.582561	0.279699	0.013836	3.9
749	-1.024642	207.165069	0.280210	0.033522	4.0
750	-1.036643	207.748253	0.279496	0.028485	4.9
751	-1.053647	208.748250	0.278280	0.028653	3.9
752	-1.058540	208.115249	0.279048	0.028268	4.1
753	-1.024731	207.489464	0.279813	0.028099	4.8
754	-1.034675	206.897723	0.280539	0.036879	5.0
755	-1.009538	206.267479	0.281317	0.027968	3.9
756	-1.035198	207.267468	0.280085	0.012325	4.2
757	-1.041154	206.894285	0.280543	0.033779	4.6
758	-1.055366	206.715425	0.280764	0.022855	3.9
759	-1.038497	207.637603	0.279631	0.031870	4.0
760	-1.045897	207.146900	0.280233	0.032046	3.8
761	-1.037197	206.518363	0.281007	0.021688	4.8
762	-1.010481	207.514356	0.279782	0.014897	4.0
763	-1.058054	208.018218	0.279167	0.022349	4.1
764	-1.027202	207.596148	0.279682	0.028053	3.9
765	-1.022578	207.875292	0.279341	0.033373	6.4
766	-1.009335	207.242253	0.280116	0.019193	3.8
767	-1.030408	207.907862	0.279301	0.016355	3.9
768	-1.026655	207.282936	0.280066	0.028990	3.8
769	-1.029359	206.653585	0.280840	0.024818	5.8
770	-1.051680	206.024821	0.281618	0.047859	4.1
771	-1.002762	205.393205	0.282404	0.029437	3.9
772	-1.024735	206.301099	0.281276	0.028808	4.7
773	-1.042034	205.668017	0.282061	0.023248	5.8
774	-1.044108	206.109113	0.281513	0.039621	3.9
775	-1.051015	206.930943	0.280498	0.022764	4.3
776	-1.065055	206.299158	0.281278	0.019599	5.7
777	-1.029531	206.556061	0.280960	0.034194	4.0
778	-1.055808	207.555097	0.279732	0.030837	3.8
779	-1.053400	208.553324	0.278516	0.019340	4.7
780	-1.017805	207.983971	0.279208	0.043195	4.2
781	-1.053489	207.352267	0.279981	0.020473	3.8
782	-0.995251	208.346336	0.278767	0.021979	4.1
783	-1.011088	209.145170	0.277800	0.026174	4.7
784	-1.024314	210.121997	0.276626	0.012439	4.2
785	-1.026042	209.545447	0.277317	0.023582	3.8
786	-1.039835	209.874791	0.276922	0.013796	4.0
787	-1.041229	210.070542	0.276687	0.025348	4.3
788	-1.021743	210.891554	0.275708	0.020028	6.1
789	-1.044348	210.293666	0.276420	0.034500	4.7
790	-1.047506	211.196525	0.275345	0.026216	5.1
791	-1.057789	210.592366	0.276064	0.035296	4.9
792	-0.977808	211.486601	0.275002	0.018970	4.0
793	-1.052311	212.267473	0.274081	0.026542	4.1
794	-1.008775	211.921042	0.274489	0.045096	4.6
795	-1.017477	212.900186	0.273340	0.041183	3.8
796	-1.030459	213.900186	0.272176	0.022931	4.2
797	-1.028695	214.892404	0.271031	0.014456	4.3
798	-1.030459	214.335740	0.271672	0.022051	5.5
799	-1.083282	214.516326	0.271464	0.038164	5.2
800	-1.032895	215.515165	0.270318	0.025055	5.5
801	-1.030999	214.882057	0.271043	0.041692	5.3
802	-1.043454	214.248921	0.271773	0.028608	4.1
803	-1.012688	215.248921	0.270622	0.033392	4.0
804	-1.035771	215.334597	0.270524	0.024801	4.7
805	-1.026276	216.334530	0.269385	0.027846	5.0
806	-1.066822	217.129092	0.268486	0.020056	3.8
807	-1.013720	216.703700	0.268966	0.043643	4.8
808	-1.030897	217.699190	0.267844	0.036465	4.1
809	-1.011954	217.066054	0.268557	0.035855	6.0
810	-0.981930	218.066054	0.267433	0.024604	3.9
811	-1.056135	217.434069	0.268142	0.031200	4.6
812	-1.064329	217.724875	0.267816	0.024304	4.0
813	-1.053051	217.155210	0.268456	0.030858	4.2
814	-1.027043	217.903737	0.267615	0.025858	3.7
815	-1.016753	217.273500	0.268323	0.019197	4.8
816	-1.064859	216.663431	0.269012	0.016545	4.0
817	-1.025317	216.805522	0.268851	0.031079	3.9
818	-1.008729	216.176159	0.269564	0.028147	3.8
819	-1.042759	215.946245	0.269826	0.018368	4.7
820	-1.004006	216.928185	0.268712	0.032277	4.2
821	-1.025386	217.704475	0.267838	0.028905	5.5
822	-1.070721	217.074831	0.268547	0.034776	4.7
823	-1.018224	218.074829	0.267424	0.030769	3.9
824	-1.069762	217.458580	0.268115	0.024761	4.1
825	-1.032688	216.862726	0.268786	0.031159	3.9
826	-1.008988	216.247094	0.269484	0.019532	4.6
827	-1.053423	217.154873	0.268457	0.015601	4.3
828	-1.049699	217.529462	0.268035	0.028219	4.0
829	-1.005575	217.231623	0.268370	0.040306	4.1
830	-1.034265	216.598487	0.269085	0.028649	6.0
831	-1.033762	215.965351	0.269804	0.033883	3.9
832	-0.996446	215.334293	0.270525	0.019884	6.3
833	-1.001031	214.834618	0.271098	0.041635	4.7
834	-1.069934	215.833566	0.269954	0.034296	4.9
835	-1.047630	216.833566	0.268819	0.026158	3.9
836	-1.054400	217.579057	0.267979	0.020441	4.7
837	-1.052812	218.396851	0.267064	0.030037	4.3
838	-1.067731	218.932181	0.266468	0.041805	3.9
839	-0.997424	219.921308	0.265374	0.024188	4.1
840	-1.013095	219.293256	0.266068	0.030891	4.2
841	-1.006605	218.660371	0.266770	0.029417	4.4
842	-1.037704	219.659755	0.265662	0.033917	4.1
843	-1.028262	219.300647	0.266059	0.053699	6.6
844	-1.014773	220.300647	0.264957	0.029921	4.6
845	-1.011523	221.300646	0.263863	0.028983	4.0
846	-1.055416	222.274524	0.262807	0.022157	3.8
847	-1.072406	223.026012	0.261998	0.027474	4.8
848	-1.066759	223.971370	0.260987	0.024064	4.3
849	-1.014263	223.351244	0.261649	0.021812	4.0
850	-1.053111	224.336023	0.260599	0.027240	3.9
851	-1.040689	225.330789	0.259546	0.023022	4.7
852	-1.061134	225.009461	0.259885	0.031470	3.8
853	-1.035088	226.007803	0.258835	0.020443	4.2
854	-1.047252	226.533388	0.258285	0.031221	3.9
855	-1.053441	227.533256	0.257246	0.044103	7.6
856	-1.020594	228.533233	0.256215	0.027975	4.2
857	-1.029497	229.533227	0.255193	0.019107	3.9
858	-1.042972	230.482076	0.254230	0.024752	6.4
859	-1.037194	229.849480	0.254871	0.039083	3.8
860	-1.032081	230.849243	0.253859	0.049483	3.9
861	-1.040272	230.216118	0.254499	0.033321	3.8
862	-1.042220	229.583027	0.255142	0.027633	4.4
863	-1.043904	230.426894	0.254286	0.042368	5.1
864	-1.021389	229.813913	0.254907	0.028420	4.2
865	-1.021228	230.804943	0.253904	0.033843	6.7
866	-1.056431	231.290381	0.253415	0.037396	5.1
867	-1.041735	232.284362	0.252421	0.023808	4.0
868	-1.081744	231.660704	0.253044	0.039759	4.3
869	-1.001250	231.027579	0.253680	0.014048	4.4
870	-1.024381	231.939067	0.252765	0.025188	4.7
871	-1.063093	231.510048	0.253195	0.016774	4.0
872	-0.997063	230.897267	0.253811	0.038593	4.6
873	-1.005906	231.881600	0.252823	0.026128	3.7
874	-1.026776	231.268181	0.253438	0.025771	4.1
875	-1.008683	230.636527	0.254074	0.033497	4.2
876	-1.035916	231.534286	0.253171	0.021999	4.7
877	-1.028730	232.493573	0.252212	0.030445	5.8
878	-1.050050	232.731412	0.251976	0.035487	3.9
879	-1.024036	232.098340	0.252606	0.020332	4.1
880	-1.038333	231.950963	0.252754	0.033347	4.4
881	-1.004773	231.320675	0.253385	0.025067	3.8
882	-1.010504	230.696020	0.254014	0.044078	4.0
883	-1.008112	230.062922	0.254654	0.016854	4.3
884	-1.036138	229.430060	0.255298	0.027207	4.4
885	-1.063383	229.809032	0.254912	0.038157	4.8
886	-0.986289	229.175913	0.255557	0.030110	4.2
887	-1.043897	228.544529	0.256204	0.022750	6.5
888	-0.998372	229.439144	0.255289	0.020182	5.6
889	-1.001977	230.362524	0.254351	0.027718	4.4
890	-1.010851	229.759187	0.254963	0.020962	6.5
891	-1.005008	230.740275	0.253969	0.036853	3.9
892	-1.061280	230.107770	0.254609	0.028920	4.1
893	-1.043706	231.107077	0.253600	0.033772	4.3
894	-1.034197	232.106371	0.252598	0.021943	5.4
895	-1.018644	233.099529	0.251611	0.033457	3.8
896	-1.009530	233.502696	0.251212	0.021966	4.0
897	-1.052861	234.502695	0.250229	0.024114	5.2
898	-1.003978	233.871515	0.250849	0.027420	6.5
899	-1.023316	234.313719	0.250414	0.026665	4.9
900	-1.014571	233.680594	0.251037	0.032919	5.7
901	-0.985371	234.679871	0.250056	0.028146	3.9
902	-1.045654	234.046765	0.250677	0.020202	3.9
903	-1.036928	234.907218	0.249834	0.028866	4.2
904	-1.044618	235.508100	0.249248	0.037479	4.1
905	-1.030856	234.874964	0.249865	0.024823	4.0
906	-1.024977	235.874767	0.248893	0.024899	4.0
907	-1.019421	235.652519	0.249108	0.028021	3.9
908	-1.018117	236.652324	0.248142	0.021480	4.6
909	-1.014438	237.463408	0.247363	0.028521	6.7
910	-1.030551	236.830302	0.247970	0.024983	5.0
911	-1.013765	236.276780	0.248504	0.031625	4.1
912	-1.035553	237.275371	0.247543	0.022501	4.1
913	-1.052748	238.268285	0.246595	0.032665	3.9
914	-1.020120	239.268283	0.245647	0.019491	4.7
915	-1.023062	238.642588	0.246239	0.034113	4.1
916	-1.027562	238.021465	0.246830	0.025451	3.8
917	-1.033840	238.956641	0.245942	0.033197	4.4
918	-1.041134	239.955296	0.245001	0.033770	4.9
919	-1.022661	239.887352	0.245065	0.038518	4.6
920	-1.064462	239.273863	0.245642	0.023163	6.6
921	-1.006572	240.273725	0.244702	0.023661	6.1
922	-1.036053	241.252623	0.243789	0.027213	4.0
923	-1.009177	242.190298	0.242920	0.022608	3.8
924	-1.051243	243.088826	0.242094	0.019000	3.8
925	-1.038046	243.014564	0.242162	0.021353	4.1
926	-1.032770	243.253730	0.241943	0.028283	5.0
927	-1.068464	244.247756	0.241036	0.030137	4.3
928	-1.040830	243.616843	0.241611	0.034255	4.7
929	-1.049932	242.999957	0.242175	0.032532	4.1
930	-1.029655	242.366821	0.242757	0.034655	4.5
931	-1.035206	243.287795	0.241911	0.021143	6.4
932	-0.990515	244.087393	0.241182	0.037547	4.2
933	-1.045462	243.454302	0.241759	0.044331	3.7
934	-1.019716	244.164954	0.241111	0.018941	4.0
935	-0.981340	244.386824	0.240910	0.017485	3.9
936	-1.050231	245.375054	0.240016	0.020211	4.4
937	-1.077444	244.823409	0.240514	0.042061	3.9
938	-1.048653	244.190275	0.241088	0.035509	4.0
939	-0.992540	243.557280	0.241665	0.011489	4.4
940	-1.010914	244.553387	0.240759	0.028235	4.3
941	-1.010149	244.757492	0.240574	0.040887	4.3
942	-1.016981	244.124356	0.241148	0.047868	6.9
943	-1.037093	245.123561	0.240243	0.018520	4.8
944	-1.049872	244.490426	0.240816	0.022839	4.5
945	-1.011155	245.198113	0.240175	0.042822	3.9
946	-1.019525	244.565536	0.240748	0.021202	4.6
947	-1.045527	245.564285	0.239846	0.040553	4.1
948	-1.041980	245.597257	0.239816	0.025858	4.0
949	-1.025288	244.965176	0.240386	0.023218	4.2
950	-1.007703	245.367277	0.240023	0.022118	4.9
951	-1.031039	246.279313	0.239204	0.029357	4.2
952	-0.996907	247.278055	0.238313	0.020926	7.8
953	-1.025855	246.803952	0.238735	0.031610	5.2
954	-1.028729	246.200375	0.239275	0.032056	4.8
955	-1.048255	247.200368	0.238382	0.050458	3.8
956	-1.021035	248.200318	0.237497	0.029381	4.5
957	-1.053763	249.193285	0.236624	0.014499	3.8
958	-1.048356	249.311319	0.236521	0.029793	4.1
959	-1.040564	248.960430	0.236828	0.016844	3.9
960	-1.039274	248.461694	0.237267	0.039258	4.8
961	-1.068624	249.460674	0.236390	0.019220	4.4
962	-1.020021	248.829607	0.236943	0.045453	4.1
963	-1.034866	248.199636	0.237498	0.024092	4.8
964	-1.040802	249.199532	0.236619	0.023561	5.7
965	-1.049138	248.977348	0.236813	0.012252	4.1
966	-1.040995	249.803892	0.236091	0.026496	4.0
967	-1.056565	249.182913	0.236633	0.029538	4.1
968	-1.002664	249.208208	0.236611	0.044867	4.5
969	-1.067348	250.208070	0.235739	0.020272	3.8
970	-1.023650	251.034618	0.235022	0.030260	4.8
971	-1.038539	250.402447	0.235570	0.017837	5.1
972	-1.053827	251.333287	0.234765	0.023464	4.2
973	-1.003200	250.809748	0.235217	0.032467	4.9
974	-1.049076	251.809639	0.234355	0.019335	6.5
975	-1.042045	252.805394	0.233503	0.030970	4.0
976	-1.038317	253.460761	0.232945	0.023114	3.8
977	-1.029291	252.926291	0.233399	0.017866	3.9
978	-1.029794	253.705862	0.232737	0.039459	5.2
979	-1.019327	253.091903	0.233258	0.024539	3.8
980	-1.021722	252.496070	0.233767	0.011386	4.3
981	-0.989472	251.993589	0.234197	0.031560	3.9
982	-1.034928	251.502209	0.234619	0.026933	6.1
983	-1.085372	252.502209	0.233761	0.026729	4.0
984	-1.034822	251.869088	0.234304	0.034115	3.8
985	-1.044850	251.317949	0.234778	0.023673	5.6
986	-1.037500	250.930738	0.235112	0.032584	5.3
987	-0.974212	250.301215	0.235658	0.017071	4.0
988	-1.042395	251.300904	0.234793	0.020236	3.9
989	-1.072961	251.804449	0.234359	0.022798	4.4
990	-1.071269	252.597012	0.233680	0.048735	3.9
991	-1.041349	253.596889	0.232829	0.028324	3.9
992	-1.022910	254.596889	0.231985	0.027942	4.6
993	-1.041616	253.970584	0.232513	0.040228	3.8
994	-1.036765	253.337616	0.233050	0.015360	4.1
995	-1.028360	254.152427	0.232359	0.020496	4.0
996	-1.029022	254.282559	0.232250	0.041627	4.6
997	-1.056873	255.193740	0.231483	0.029733	6.2
998	-1.050038	254.564408	0.232012	0.028423	3.9
999	-1.037554	253.934462	0.232544	0.031403	3.8
