1:ItNr	2:Metric	3a:Time	3b:StepSize	4:||Gradient||	Time[ms]
0	-1.158300	0.000000	740.258321	0.007466	5221.8
1	-1.154743	0.000000	740.258321	0.007539	7.7
2	-1.163904	1.000000	706.610216	0.006984	7.8
3	-1.131373	2.000000	675.888033	0.005850	7.9
4	-1.182519	2.999997	647.726110	0.006019	12.2
5	-1.147425	3.999740	621.823451	0.006611	12.7
6	-1.146110	4.999701	597.907817	0.006531	13.6
7	-1.167377	5.999701	575.762838	0.006336	8.8
8	-1.139175	5.076600	596.144620	0.006420	10.7
9	-1.130894	6.076600	574.127656	0.006562	11.5
10	-1.162133	7.076596	553.679112	0.006602	12.8
11	-1.139276	8.076596	534.637023	0.007031	10.0
12	-1.163408	7.117689	552.869935	0.007408	11.0
13	-1.129138	6.158783	572.390334	0.006712	16.1
14	-1.140247	7.158783	552.063094	0.007256	8.1
15	-1.157748	6.200934	571.503350	0.005428	12.3
16	-1.152871	6.864815	557.887243	0.005834	15.3
17	-1.174188	5.905908	577.769936	0.007103	13.7
18	-1.166779	4.947011	599.121980	0.007136	12.6
19	-1.172618	3.988104	622.113017	0.006647	13.8
20	-1.161658	4.988104	598.174641	0.005726	10.1
21	-1.169551	4.129249	618.618750	0.007421	13.2
22	-1.210436	5.129249	594.943415	0.006452	8.8
23	-1.169761	6.129242	573.013609	0.007125	12.1
24	-1.151182	5.170335	594.009402	0.006049	15.2
25	-1.153682	4.211834	616.592370	0.006001	12.9
26	-1.136876	3.394109	637.261418	0.007041	12.7
27	-1.146056	4.394109	612.166569	0.005620	13.7
28	-1.142514	5.394107	588.973318	0.006513	9.7
29	-1.147509	4.435202	611.177558	0.008074	11.1
30	-1.139319	3.476295	635.121648	0.006948	10.5
31	-1.121067	2.517388	661.018350	0.006244	12.1
32	-1.138967	3.499364	634.523615	0.006648	13.9
33	-1.158933	4.499161	609.644569	0.007149	12.0
34	-1.162048	3.542637	633.404822	0.007187	13.5
35	-1.171293	4.542637	608.606881	0.007892	12.4
36	-1.149157	5.542637	585.677476	0.005775	12.9
37	-1.144296	4.583730	607.629334	0.007040	10.6
38	-1.174959	3.624920	631.288339	0.006274	13.2
39	-1.153423	2.666127	656.863923	0.006575	12.2
40	-1.182945	1.707241	684.602090	0.007557	13.1
41	-1.156920	2.707241	655.724765	0.005466	10.6
42	-1.146776	1.748359	683.364677	0.005563	11.4
43	-1.161758	2.748359	654.589439	0.005396	12.4
44	-1.181551	1.805136	681.663315	0.006519	15.2
45	-1.181563	1.689130	685.148560	0.006950	14.4
46	-1.193076	2.689043	656.228483	0.006597	14.2
47	-1.142444	1.730142	683.912351	0.006312	8.1
48	-1.164954	2.730142	655.091944	0.005883	12.5
49	-1.129952	3.383646	637.534882	0.005436	13.2
50	-1.149768	4.383644	612.418961	0.007398	14.8
51	-1.162823	3.426589	636.414059	0.006380	12.4
52	-1.188725	4.424130	611.443725	0.007056	13.0
53	-1.144270	3.465223	635.409084	0.007044	11.3
54	-1.154555	4.462597	610.519997	0.007166	10.5
55	-1.191048	3.641746	630.857278	0.006279	11.3
56	-1.135980	4.641746	606.254536	0.005250	12.2
57	-1.142020	5.312683	590.795892	0.007271	13.4
58	-1.175852	6.278414	569.880075	0.006934	12.9
59	-1.153829	5.319507	590.642705	0.006309	10.6
60	-1.159671	6.302166	569.384307	0.007067	12.3
61	-1.135271	7.302166	549.266260	0.005470	13.8
62	-1.152267	6.349542	568.398000	0.006404	13.1
63	-1.167799	7.290554	549.491702	0.007033	8.1
64	-1.174643	6.331647	568.770146	0.006921	10.6
65	-1.179589	5.372755	589.450168	0.007354	8.1
66	-1.186706	6.372755	567.915976	0.005986	12.6
67	-1.157649	7.372755	547.899733	0.007571	14.6
68	-1.162407	8.372755	529.246401	0.006085	14.2
69	-1.173564	8.047964	535.164004	0.006727	12.5
70	-1.174360	9.047964	517.353679	0.007931	13.4
71	-1.179747	8.089719	534.395837	0.006884	10.7
72	-1.160578	9.089719	516.635757	0.005608	13.5
73	-1.155448	8.132698	533.607457	0.007746	8.1
74	-1.155998	7.173790	551.769021	0.006593	12.5
75	-1.140064	6.214883	571.210418	0.006660	13.0
76	-1.165292	7.214871	550.965647	0.005374	12.4
77	-1.178790	8.214796	532.107932	0.007323	13.1
78	-1.177169	9.012673	517.962027	0.005289	12.3
79	-1.168618	8.943080	519.165850	0.006888	13.9
80	-1.171396	7.984173	536.341842	0.004663	10.4
81	-1.172110	7.283741	549.624074	0.007858	13.1
82	-1.220275	8.276767	530.981601	0.007927	12.8
83	-1.144643	9.273596	513.497789	0.005656	13.7
84	-1.122074	10.210923	498.076419	0.005240	10.4
85	-1.205152	9.252376	513.857984	0.006041	11.0
86	-1.177416	8.309878	530.381765	0.006525	12.3
87	-1.166355	9.309846	512.883652	0.006470	13.2
88	-1.180113	8.383794	529.047571	0.007302	11.8
89	-1.170142	9.383790	511.635479	0.007635	9.3
90	-1.172325	8.424882	528.308817	0.007233	8.6
91	-1.172420	9.424845	510.945073	0.006240	8.9
92	-1.142781	8.465938	527.572712	0.006164	12.3
93	-1.179876	7.531933	544.843020	0.005894	13.5
94	-1.185668	8.530065	526.427041	0.006544	16.3
95	-1.140491	7.571159	544.094993	0.006920	12.4
96	-1.175487	8.571159	525.695478	0.006329	14.6
97	-1.170845	8.628655	524.675345	0.007331	8.9
98	-1.184836	9.628655	507.545133	0.005724	13.8
99	-1.198487	10.628655	491.498130	0.007287	8.5
100	-1.127101	9.685174	506.610289	0.006937	12.3
101	-1.209575	10.685174	490.621414	0.006437	13.0
102	-1.163449	11.685170	475.610948	0.005823	13.5
103	-1.206016	10.726933	489.975648	0.006581	14.2
104	-1.155120	9.768030	505.246029	0.006459	13.2
105	-1.166153	10.768030	489.341800	0.007831	11.2
106	-1.149825	11.768028	474.408316	0.006397	11.6
107	-1.160082	12.766358	460.382038	0.005436	12.4
108	-1.156713	11.807451	473.838241	0.006670	12.5
109	-1.174857	12.807450	459.822451	0.008368	13.6
110	-1.176637	13.745184	447.412366	0.008385	10.9
111	-1.193310	14.745124	434.896376	0.008572	13.4
112	-1.178740	13.786928	446.875474	0.005561	12.4
113	-1.187703	14.786928	434.388360	0.006461	14.4
114	-1.163647	13.828020	446.348217	0.006335	10.4
115	-1.201389	14.828012	433.890235	0.006807	12.6
116	-1.176083	13.869146	445.821775	0.005960	12.8
117	-1.149964	13.251633	453.859377	0.006622	14.0
118	-1.150583	12.293249	466.924237	0.006762	10.7
119	-1.168196	13.293249	453.308607	0.006207	12.9
120	-1.157153	14.293249	440.464547	0.006138	7.7
121	-1.149977	13.334341	452.766069	0.005546	11.7
122	-1.183724	12.375435	465.774444	0.007599	12.4
123	-1.178526	12.234254	467.753079	0.006254	16.3
124	-1.204519	13.234254	454.089773	0.006455	12.7
125	-1.198338	14.234253	441.202052	0.005611	15.8
126	-1.164206	15.234253	429.025671	0.006746	10.9
127	-1.187413	14.275346	440.688090	0.005199	13.3
128	-1.210729	15.168234	429.808788	0.007603	8.9
129	-1.188975	14.629762	436.304477	0.006832	12.2
130	-1.177379	13.675807	448.307507	0.007275	12.9
131	-1.176188	14.675807	435.741360	0.006412	15.2
132	-1.178595	15.665055	423.984765	0.005396	13.9
133	-1.152946	15.547082	425.353376	0.006710	12.5
134	-1.149084	16.507424	414.462608	0.006171	14.1
135	-1.159659	17.507409	403.699579	0.005964	13.1
136	-1.180068	16.548502	414.009190	0.006927	12.0
137	-1.192570	15.589595	424.859169	0.006609	12.1
138	-1.176621	14.630687	436.293149	0.005717	14.3
139	-1.178862	15.630631	424.383213	0.006075	14.0
140	-1.187507	14.671723	435.791245	0.007095	11.9
141	-1.193506	13.712870	447.828852	0.006099	13.9
142	-1.185796	13.885570	445.611886	0.007270	11.6
143	-1.171508	14.881060	433.248760	0.007042	12.8
144	-1.179729	13.922153	445.145088	0.006126	12.1
145	-1.152594	12.963255	457.713038	0.007818	10.7
146	-1.164184	13.963245	444.621911	0.005616	13.9
147	-1.210104	14.963245	432.258679	0.006693	12.8
148	-1.177328	15.963245	420.564396	0.006584	7.9
149	-1.180180	16.963245	409.486196	0.005831	8.2
150	-1.168980	17.963242	398.976671	0.007834	12.2
151	-1.174279	17.004335	409.043460	0.006190	13.0
152	-1.179983	18.004335	398.556332	0.005724	17.4
153	-1.191137	19.004335	388.593504	0.006620	10.0
154	-1.197964	20.004335	379.116615	0.006437	11.3
155	-1.183065	19.045428	388.194744	0.007371	14.5
156	-1.210216	18.086740	397.716071	0.007408	14.2
157	-1.155086	17.127833	407.718549	0.007027	12.5
158	-1.166230	18.127833	397.298383	0.006072	9.9
159	-1.203498	17.168928	407.279573	0.006487	13.8
160	-1.160784	16.331159	416.419556	0.006300	13.4
161	-1.197404	15.840907	421.960964	0.008161	12.3
162	-1.174286	14.882000	433.237410	0.005727	10.1
163	-1.158453	13.923113	445.132845	0.006679	11.9
164	-1.190393	12.968793	457.638418	0.007138	14.4
165	-1.199037	13.966261	444.583563	0.008458	12.5
166	-1.207328	14.966261	432.222435	0.005913	13.0
167	-1.191368	14.683654	435.645542	0.007326	13.8
168	-1.192018	15.683653	423.769815	0.008227	15.2
169	-1.193905	14.724935	435.142146	0.006648	12.5
170	-1.195479	13.766027	447.144121	0.006633	11.5
171	-1.162616	12.867793	459.003187	0.005704	8.4
172	-1.189309	13.867790	445.839116	0.006044	12.8
173	-1.198970	14.867790	433.409046	0.007935	10.8
174	-1.205268	15.778857	422.672865	0.006265	13.0
175	-1.162932	14.973049	432.140873	0.005547	12.4
176	-1.187068	14.016188	443.949656	0.006685	11.9
177	-1.186463	13.057281	456.449378	0.007278	9.6
178	-1.189070	14.057281	443.429276	0.007905	7.8
179	-1.185626	15.057281	431.131364	0.006489	8.0
180	-1.212561	16.057252	419.497502	0.008287	10.6
181	-1.160060	15.761615	422.871110	0.006358	8.8
182	-1.178384	16.761615	411.672672	0.005504	14.0
183	-1.176556	15.804271	422.380999	0.006154	14.1
184	-1.174286	14.845384	433.679960	0.006285	13.3
185	-1.169099	14.093377	442.973174	0.005238	14.4
186	-1.168177	13.211847	454.387187	0.005922	14.7
187	-1.181791	13.580597	449.541821	0.005840	13.0
188	-1.178674	12.621912	462.359925	0.006708	13.5
189	-1.170183	13.621809	449.006711	0.008726	9.9
190	-1.162122	12.662910	461.796815	0.006447	11.4
191	-1.177719	13.662910	448.474309	0.006348	9.4
192	-1.187176	14.662907	435.898979	0.006179	12.5
193	-1.190522	13.704691	447.934400	0.006608	14.0
194	-1.181519	14.436935	438.678591	0.007549	13.1
195	-1.190963	13.478028	450.879175	0.006005	13.1
196	-1.194614	14.467526	438.300234	0.005876	15.0
197	-1.182903	13.511882	450.436894	0.006546	8.1
198	-1.183653	14.507920	437.801619	0.007251	13.2
199	-1.176596	15.507920	425.809658	0.005872	8.4
200	-1.187539	14.549014	437.295526	0.004839	10.5
201	-1.202274	13.698256	448.017472	0.007040	8.3
202	-1.195651	12.807540	459.821238	0.010363	13.5
203	-1.207779	13.807540	446.610846	0.006446	12.2
204	-1.203130	14.807539	434.138313	0.006342	12.4
205	-1.164372	15.807539	422.343493	0.007553	11.4
206	-1.210226	14.848632	433.640668	0.007695	9.9
207	-1.173518	15.414590	426.900998	0.005530	18.1
208	-1.166434	16.373071	415.952562	0.005669	13.4
209	-1.239773	15.727547	423.263354	0.007642	10.8
210	-1.198597	14.768696	434.609774	0.006807	13.5
211	-1.194208	13.811418	446.561085	0.006916	10.9
212	-1.178035	13.229836	454.148390	0.007255	8.4
213	-1.185042	12.270935	467.237394	0.006087	8.1
214	-1.199193	13.270923	453.603911	0.006379	12.4
215	-1.190813	14.263347	440.838043	0.006620	16.1
216	-1.202043	15.077603	430.888514	0.006096	15.2
217	-1.165390	16.077603	419.267253	0.005414	12.4
218	-1.183730	15.120583	430.375799	0.007075	14.0
219	-1.172143	15.756393	422.931177	0.006370	8.8
220	-1.177589	16.756393	411.729609	0.006593	10.5
221	-1.179562	16.216808	417.699034	0.005748	8.2
222	-1.177133	15.257901	428.745858	0.006154	12.5
223	-1.168568	16.171370	418.209626	0.006671	14.1
224	-1.180923	15.214941	429.254451	0.006906	11.9
225	-1.219577	16.214940	417.719997	0.007558	13.8
226	-1.193066	15.256033	428.767945	0.007550	13.6
227	-1.163085	16.256033	417.259260	0.006058	10.9
228	-1.184987	15.300510	428.242602	0.006834	9.3
229	-1.204416	14.341825	439.859145	0.006161	9.9
230	-1.191077	15.088203	430.761952	0.006851	11.8
231	-1.171637	14.242870	441.094176	0.007128	13.1
232	-1.142122	13.283963	453.431385	0.006717	11.5
233	-1.182771	14.282462	440.599210	0.006004	14.5
234	-1.191611	15.282461	428.455628	0.006897	12.3
235	-1.186210	16.282443	416.963684	0.005805	14.9
236	-1.188800	15.323637	427.969944	0.006124	8.3
237	-1.206868	14.364733	439.574212	0.005970	13.9
238	-1.195333	13.768880	447.107435	0.006059	12.4
239	-1.199088	12.939518	458.033162	0.006818	14.6
240	-1.175056	13.936379	444.963821	0.008469	9.1
241	-1.197960	14.936192	432.584086	0.006566	13.8
242	-1.212298	13.983569	444.363598	0.007261	12.5
243	-1.177128	13.024672	456.886833	0.006017	14.4
244	-1.227695	14.023127	443.861695	0.006491	9.3
245	-1.174697	13.064220	456.356396	0.007640	12.2
246	-1.195608	14.064220	443.341522	0.007177	8.5
247	-1.196109	15.064202	431.048630	0.007106	8.0
248	-1.193183	16.064202	419.418846	0.006905	13.8
249	-1.188440	15.105448	430.556208	0.006835	12.9
250	-1.222799	14.146541	442.303125	0.007735	15.9
251	-1.208207	13.187633	454.709005	0.006644	12.5
252	-1.178972	12.344237	466.210242	0.006192	14.7
253	-1.193334	11.385330	480.014397	0.006243	8.7
254	-1.202664	10.426425	494.660939	0.007735	14.0
255	-1.190236	9.467558	510.228779	0.006182	10.3
256	-1.212715	10.467558	494.014340	0.005634	10.2
257	-1.203541	9.523249	509.297839	0.007061	11.8
258	-1.177643	10.264010	497.230667	0.006479	15.4
259	-1.187849	11.264010	481.819357	0.007319	13.7
260	-1.221235	12.159254	468.811045	0.007898	12.5
261	-1.200877	13.159254	455.086769	0.005753	13.8
262	-1.191296	12.716588	461.061618	0.006826	11.2
263	-1.216274	13.714252	447.811019	0.006970	12.6
264	-1.167118	13.201086	454.530153	0.005941	12.1
265	-1.171103	14.201086	441.617763	0.006848	14.6
266	-1.198541	13.242927	453.974767	0.006138	11.0
267	-1.188714	12.284020	467.053708	0.006145	12.7
268	-1.178383	11.325136	480.908252	0.006123	12.5
269	-1.197484	12.325076	466.478295	0.006217	14.0
270	-1.196222	11.366169	480.298573	0.006386	10.0
271	-1.221794	12.366169	465.903795	0.006786	13.0
272	-1.186076	13.366169	452.346748	0.007082	12.8
273	-1.205853	14.349481	439.763872	0.007069	14.1
274	-1.183394	15.349481	427.665660	0.007116	10.2
275	-1.183396	16.349459	416.215525	0.006539	8.2
276	-1.198673	17.349459	405.362296	0.006931	10.3
277	-1.196431	16.390552	415.758100	0.005801	8.9
278	-1.200561	17.390552	404.928402	0.007432	12.3
279	-1.234908	16.431788	415.300089	0.005896	13.2
280	-1.211941	17.431787	404.493930	0.005156	13.3
281	-1.212403	16.475938	414.810826	0.006156	14.2
282	-1.210353	15.517032	425.703403	0.008247	12.8
283	-1.232497	16.517032	414.356466	0.006968	13.0
284	-1.199969	17.517032	403.598719	0.007102	10.0
285	-1.207168	16.558125	413.903115	0.005898	13.2
286	-1.226667	17.556464	403.185954	0.007848	13.6
287	-1.196532	18.556446	392.993465	0.005877	14.0
288	-1.192662	19.556446	383.303428	0.006052	9.6
289	-1.168591	18.597539	392.585630	0.006161	12.8
290	-1.209479	19.597506	382.915754	0.006910	12.6
291	-1.159315	20.597506	373.710496	0.007120	14.2
292	-1.233885	19.646338	382.455730	0.007068	9.2
293	-1.234977	18.694670	391.624994	0.006622	12.7
294	-1.203549	17.735762	401.319706	0.006930	12.7
295	-1.191289	18.735762	391.219996	0.009357	18.4
296	-1.200790	17.776855	400.894419	0.007702	9.7
297	-1.223990	18.668514	391.883213	0.006872	10.5
298	-1.240297	17.723882	401.442828	0.006637	7.9
299	-1.204336	18.711056	391.463395	0.006459	12.3
300	-1.191037	17.752149	401.150009	0.007222	12.9
301	-1.191742	18.242908	396.133355	0.006877	16.1
302	-1.220919	17.546013	403.295273	0.006482	12.4
303	-1.163165	18.545910	393.098168	0.007114	12.2
304	-1.216166	19.545910	383.403030	0.006395	12.4
305	-1.205166	18.587003	392.690118	0.006642	14.8
306	-1.197439	17.653055	402.178424	0.006037	15.5
307	-1.200698	16.694304	412.407790	0.007791	13.8
308	-1.215317	15.735398	423.172891	0.006754	14.8
309	-1.227910	14.776492	434.515061	0.005999	14.4
310	-1.163690	13.817586	446.481987	0.005409	15.6
311	-1.180141	12.858737	459.125956	0.005591	14.0
312	-1.202259	13.858737	445.954911	0.007568	7.9
313	-1.233101	14.858737	433.518475	0.007042	15.7
314	-1.184007	13.899829	445.429823	0.006546	12.3
315	-1.200531	12.941332	458.008683	0.009525	14.1
316	-1.210931	13.941332	444.900748	0.006109	9.1
317	-1.189076	13.247269	453.917214	0.006184	13.1
318	-1.237750	14.247221	441.039728	0.006565	8.2
319	-1.177229	15.247221	428.872182	0.005756	15.8
320	-1.209652	16.247221	417.357976	0.006525	13.1
321	-1.261128	17.148012	407.502882	0.007686	16.3
322	-1.209694	18.148012	397.093595	0.007752	13.4
323	-1.212493	19.148012	387.202854	0.006069	15.6
324	-1.193435	20.057205	378.628420	0.008164	14.7
325	-1.184227	21.057203	369.625743	0.007359	12.7
326	-1.185006	22.057203	361.041216	0.005801	14.2
327	-1.218232	21.098295	369.264947	0.008132	13.6
328	-1.197029	20.140211	377.864489	0.005786	17.2
329	-1.202652	21.136386	368.931140	0.006102	14.4
330	-1.217269	20.189663	377.410829	0.005753	13.2
331	-1.200892	21.124767	369.032898	0.006209	12.2
332	-1.223198	20.165860	377.629054	0.007823	14.0
333	-1.216927	19.285443	385.881937	0.007467	13.8
334	-1.194254	18.326536	395.290978	0.005599	13.1
335	-1.201169	17.493230	403.848284	0.006551	11.8
336	-1.201925	16.687579	412.481386	0.006337	12.7
337	-1.237575	15.728672	423.250395	0.007688	13.1
338	-1.191715	16.728672	412.032126	0.007267	10.9
339	-1.200897	15.772842	422.742005	0.006752	9.8
340	-1.192199	16.770814	411.572400	0.005760	13.2
341	-1.199833	17.770814	400.956879	0.007583	12.7
342	-1.207385	18.770789	390.875438	0.007835	13.1
343	-1.230100	17.811882	400.532618	0.007097	10.5
344	-1.199581	18.811492	390.475812	0.006739	13.2
345	-1.219906	19.811491	380.908031	0.007111	12.5
346	-1.214671	18.852584	390.073196	0.007496	13.0
347	-1.203018	17.893714	399.689907	0.006276	10.2
348	-1.248991	18.893714	389.671038	0.007242	10.3
349	-1.230791	17.934806	399.268064	0.006387	8.0
350	-1.181813	17.050760	408.544397	0.006880	8.1
351	-1.205586	18.050760	398.082516	0.006834	12.3
352	-1.205066	19.050544	388.145162	0.005691	15.1
353	-1.194589	18.232761	396.235806	0.006855	12.3
354	-1.199226	18.143805	397.136275	0.006759	12.5
355	-1.228657	17.184897	407.109246	0.007715	10.5
356	-1.234466	18.140288	397.171952	0.006737	12.0
357	-1.221821	19.140288	387.277355	0.007365	9.6
358	-1.207816	20.060242	378.600413	0.006974	10.6
359	-1.204362	19.101336	387.653538	0.006256	10.7
360	-1.220985	18.142429	397.150235	0.006447	12.7
361	-1.197785	19.090310	387.760149	0.005527	12.2
362	-1.196515	18.133067	397.245242	0.005896	12.9
363	-1.180174	17.174661	407.218406	0.008940	8.9
364	-1.203474	18.174625	396.823827	0.006598	10.7
365	-1.224554	19.174625	386.946353	0.006904	10.4
366	-1.241080	20.174625	377.548663	0.005831	15.6
367	-1.180658	21.174604	368.596820	0.005867	9.1
368	-1.211110	22.043777	361.153829	0.007436	12.4
369	-1.220641	21.084869	369.382750	0.007721	8.9
370	-1.196002	22.084869	360.809375	0.005267	15.1
371	-1.190251	21.218065	368.217370	0.006800	13.9
372	-1.214097	20.259745	376.769771	0.005735	13.1
373	-1.209663	21.259744	367.854209	0.006085	13.9
374	-1.227824	20.300840	376.394882	0.005940	10.5
375	-1.258582	19.677770	382.160201	0.007105	13.0
376	-1.218978	18.719992	391.375327	0.005824	12.5
377	-1.179127	19.651973	382.402711	0.006720	13.4
378	-1.214608	18.693988	391.631716	0.006020	10.0
379	-1.208333	19.621128	382.693079	0.007469	12.6
380	-1.219342	19.133415	387.343685	0.005497	12.3
381	-1.193163	18.243868	396.123659	0.006183	14.0
382	-1.227429	19.243243	386.286578	0.005206	11.7
383	-1.233384	20.243243	376.920521	0.007450	12.0
384	-1.216177	19.284348	385.892430	0.007480	13.1
385	-1.174193	20.284347	376.545245	0.006955	10.9
386	-1.227455	19.325440	385.499195	0.006430	12.9
387	-1.210064	20.128695	377.970287	0.006059	10.4
388	-1.216449	19.581517	383.066620	0.006625	8.0
389	-1.190432	20.566141	373.992497	0.006765	8.0
390	-1.193427	21.566140	365.206351	0.006076	10.5
391	-1.194467	22.566140	356.823550	0.005351	12.9
392	-1.193382	22.972600	353.525260	0.006955	15.3
393	-1.214683	22.021272	361.342747	0.005185	10.7
394	-1.212719	23.018806	353.154165	0.006932	12.1
395	-1.203167	23.972951	345.661659	0.006762	15.1
396	-1.222249	23.014118	353.191778	0.007818	11.5
397	-1.196963	24.014118	345.345540	0.007180	13.1
398	-1.203234	23.156810	352.050447	0.005201	13.1
399	-1.192546	24.156478	344.256806	0.006677	11.6
400	-1.252080	25.156474	336.798361	0.007674	10.7
401	-1.197738	24.214235	343.817044	0.005109	12.9
402	-1.208952	23.308861	350.842350	0.007733	12.4
403	-1.202936	24.308851	343.099076	0.005694	15.2
404	-1.212762	23.946152	345.867759	0.006070	9.8
405	-1.217415	24.945998	338.341212	0.006872	13.5
406	-1.204727	23.992460	345.511776	0.006186	12.4
407	-1.201808	24.962545	338.219408	0.006071	14.5
408	-1.171316	24.003638	345.425960	0.006807	10.5
409	-1.199016	25.003638	337.917294	0.005595	12.4
410	-1.216129	26.003638	330.728120	0.006028	7.8
411	-1.224904	25.045481	337.610216	0.006934	10.4
412	-1.222380	26.045481	330.433964	0.006517	12.4
413	-1.218692	25.086574	337.309187	0.005955	16.1
414	-1.223783	26.084636	330.159179	0.008478	13.3
415	-1.205788	26.442105	327.671483	0.006631	13.6
416	-1.187299	25.483197	334.431056	0.005905	10.6
417	-1.183878	24.773548	339.615905	0.005669	8.0
418	-1.218741	25.769833	332.381444	0.006729	13.5
419	-1.191880	26.769828	325.423500	0.006894	10.2
420	-1.216290	25.812016	332.081934	0.008041	12.7
421	-1.205893	26.810098	325.149401	0.008126	13.8
422	-1.220981	25.958485	331.046131	0.007064	14.4
423	-1.198724	26.958485	324.143367	0.006948	12.6
424	-1.247097	27.958482	317.522608	0.005797	13.9
425	-1.215876	27.003288	323.840833	0.006681	8.4
426	-1.211205	27.996603	317.275564	0.006364	14.1
427	-1.203444	28.991156	310.963497	0.007424	12.4
428	-1.217524	29.991156	304.865116	0.005874	14.5
429	-1.212938	30.991156	299.001328	0.005644	9.4
430	-1.211073	31.991146	293.358910	0.005765	13.6
431	-1.192034	32.990925	287.926623	0.006571	12.1
432	-1.215258	32.139095	292.542143	0.007242	15.1
433	-1.226306	31.180188	297.918145	0.007795	7.9
434	-1.207685	30.221281	303.495434	0.007423	10.3
435	-1.190602	31.206578	297.767551	0.006633	12.6
436	-1.241022	30.247670	303.339150	0.006416	12.6
437	-1.210560	29.288830	309.122817	0.008027	13.7
438	-1.245235	28.331318	315.122836	0.007969	10.1
439	-1.218832	29.293470	309.094299	0.005982	12.2
440	-1.236114	30.293470	303.068302	0.007136	12.4
441	-1.187359	29.334613	308.841645	0.006942	14.0
442	-1.197197	28.375706	314.839545	0.007299	10.7
443	-1.207179	29.375560	308.590609	0.007145	11.7
444	-1.237478	28.416653	314.578667	0.007448	7.9
445	-1.222600	27.457745	320.803714	0.005817	10.6
446	-1.226242	26.499101	327.278292	0.006292	14.1
447	-1.188529	27.474224	320.694657	0.007902	17.3
448	-1.229175	26.515317	327.166601	0.005946	13.7
449	-1.203725	27.515298	320.423156	0.006331	13.2
450	-1.230801	26.560651	326.854753	0.007547	10.6
451	-1.195835	27.560650	320.123899	0.006857	10.8
452	-1.238900	26.601743	326.572594	0.006204	11.1
453	-1.200411	25.642836	333.286440	0.006448	12.4
454	-1.230558	26.450946	327.610431	0.006448	13.1
455	-1.205733	25.548148	333.964413	0.006447	15.4
456	-1.197034	24.589266	340.988702	0.005882	12.6
457	-1.216522	25.589266	333.669662	0.008647	11.4
458	-1.206019	26.355008	328.274143	0.005316	14.6
459	-1.212941	25.396803	335.053789	0.007229	10.6
460	-1.226812	24.437896	342.124658	0.007197	12.7
461	-1.240128	23.479673	349.495035	0.007501	12.3
462	-1.216295	24.479670	341.810409	0.006417	14.0
463	-1.212898	25.473025	334.504258	0.005825	10.1
464	-1.234804	25.528492	334.105493	0.006941	12.9
465	-1.229814	26.463070	327.526743	0.007741	12.2
466	-1.223453	27.463070	320.768468	0.007148	14.5
467	-1.258814	28.463070	314.283459	0.007760	10.2
468	-1.212561	29.463062	308.055517	0.008252	13.1
469	-1.247128	30.463062	302.069568	0.005881	12.3
470	-1.179753	31.463062	296.311811	0.005774	14.2
471	-1.209712	32.447953	290.851640	0.005312	10.1
472	-1.209434	31.489046	296.165125	0.007181	12.8
473	-1.236327	30.532765	301.660988	0.005932	11.9
474	-1.227684	29.573858	307.380641	0.006675	14.7
475	-1.195825	30.573858	301.420632	0.007819	9.9
476	-1.191906	31.573858	295.687353	0.005838	13.3
477	-1.243581	32.573858	290.168106	0.006382	11.8
478	-1.228527	33.185832	286.890948	0.007042	13.3
479	-1.215272	32.226995	292.059036	0.005485	10.8
480	-1.232024	33.226926	286.673538	0.007004	10.9
481	-1.213586	33.542950	285.012538	0.007404	13.1
482	-1.189558	34.532479	279.933926	0.005106	12.6
483	-1.222939	33.573571	284.852620	0.006037	11.9
484	-1.213011	32.614664	289.947257	0.006444	8.1
485	-1.212636	32.478344	290.686353	0.006791	14.4
486	-1.213745	33.478344	285.350539	0.006916	10.3
487	-1.248894	32.693543	289.521306	0.006345	12.5
488	-1.226272	31.734638	294.785842	0.008712	14.8
489	-1.231999	32.734623	289.299967	0.008035	12.4
490	-1.216048	33.734623	284.014465	0.007566	14.3
491	-1.239393	34.734623	278.918630	0.007537	15.0
492	-1.209878	34.551564	279.837749	0.006311	8.2
493	-1.198468	35.546181	274.915557	0.007488	14.4
494	-1.230434	34.587274	279.657980	0.007179	12.4
495	-1.229664	35.586969	274.717396	0.006697	14.9
496	-1.247784	34.628252	279.451973	0.007224	8.7
497	-1.219556	33.745119	283.960015	0.006020	14.0
498	-1.227579	32.961546	288.083383	0.007433	11.6
499	-1.220973	32.002639	293.295298	0.007340	10.0
500	-1.241668	31.456452	296.349145	0.006938	10.3
501	-1.223537	30.497975	301.864780	0.007024	10.4
502	-1.204185	29.617082	307.118154	0.007120	11.2
503	-1.228527	28.973133	311.075645	0.007710	9.6
504	-1.225790	29.588852	307.289535	0.007020	10.0
505	-1.232671	29.139449	310.043789	0.007144	12.3
506	-1.229089	30.139442	303.981120	0.007160	10.6
507	-1.216663	31.139441	298.150966	0.006296	14.1
508	-1.184604	30.196168	303.644304	0.006007	14.7
509	-1.243703	30.340019	302.793514	0.006460	9.0
510	-1.218584	31.340017	297.008399	0.006417	12.8
511	-1.190917	32.340011	291.440221	0.005992	14.5
512	-1.208372	33.340011	286.076950	0.007224	12.5
513	-1.221234	34.340011	280.907509	0.007321	10.1
514	-1.239040	35.334097	275.950546	0.008051	10.0
515	-1.199736	36.334091	271.137545	0.007766	9.2
516	-1.225168	37.334091	266.489534	0.005638	11.7
517	-1.212607	36.582410	269.968289	0.006259	9.9
518	-1.230641	35.623512	274.540100	0.007153	12.0
519	-1.219020	35.724460	274.051526	0.008275	10.3
520	-1.228429	34.768869	278.747354	0.007422	11.1
521	-1.198753	35.768869	273.837139	0.006289	10.9
522	-1.202145	36.768838	269.097064	0.006141	11.5
523	-1.218919	36.058027	272.449390	0.006877	8.2
524	-1.253129	37.058027	267.756681	0.008084	8.1
525	-1.237625	38.057853	263.223670	0.006514	7.9
526	-1.187259	37.098946	267.568105	0.007925	9.3
527	-1.229835	36.140038	272.058354	0.007188	8.4
528	-1.211557	36.582647	269.967177	0.007415	8.0
529	-1.200328	35.623740	274.538996	0.005761	7.8
530	-1.225964	34.664833	279.268327	0.007101	8.2
531	-1.251961	33.706329	284.161360	0.007063	11.2
532	-1.229393	32.747425	289.231060	0.006834	10.7
533	-1.233924	31.788518	294.484963	0.006330	14.2
534	-1.218914	30.829611	299.933273	0.006219	15.2
535	-1.213411	30.330798	302.847907	0.007581	14.3
536	-1.215505	29.452833	308.117973	0.005584	16.0
537	-1.221161	29.161988	309.904479	0.005817	14.9
538	-1.217997	28.601073	313.409039	0.007608	15.2
539	-1.205216	27.642178	319.587350	0.006294	16.1
540	-1.204622	28.642178	313.149531	0.006465	12.3
541	-1.190539	27.683323	319.317249	0.005834	13.8
542	-1.216780	26.725438	325.726180	0.006388	9.6
543	-1.232376	27.447561	320.871153	0.006772	12.4
544	-1.232605	28.447561	314.382033	0.006672	13.0
545	-1.229857	27.488701	320.598914	0.006719	13.1
546	-1.204712	26.922866	324.384291	0.006220	11.1
547	-1.233612	27.922866	317.753766	0.006196	9.7
548	-1.204239	26.966252	324.090878	0.006103	11.8
549	-1.228501	26.137358	329.789905	0.007050	7.9
550	-1.211960	25.178475	336.637901	0.006050	11.1
551	-1.200215	26.178287	329.503795	0.007352	12.4
552	-1.219998	25.365864	335.277366	0.006640	16.0
553	-1.190076	26.365864	328.198906	0.008484	11.5
554	-1.227424	25.406957	334.980483	0.007336	9.7
555	-1.197811	26.406948	327.914480	0.005784	10.3
556	-1.217396	26.628440	326.389543	0.007213	11.2
557	-1.227914	27.495030	320.557073	0.006708	14.3
558	-1.206981	27.874759	318.066523	0.007162	13.2
559	-1.235715	28.874744	311.689315	0.007433	14.2
560	-1.223782	28.856423	311.803853	0.006764	7.9
561	-1.223669	27.897517	317.918492	0.008747	12.8
562	-1.223023	26.938648	324.277496	0.007439	11.5
563	-1.226278	25.979741	330.896350	0.006136	14.3
564	-1.240903	25.020834	337.791030	0.007403	10.8
565	-1.206265	26.020345	330.610603	0.007164	16.6
566	-1.252332	27.020088	323.727535	0.007519	13.1
567	-1.223158	28.020086	317.123573	0.005873	13.6
568	-1.203968	27.061179	323.450760	0.006921	13.8
569	-1.223101	28.061178	316.857956	0.006785	14.4
570	-1.190200	29.061178	310.528542	0.007266	13.2
571	-1.221448	30.061178	304.447042	0.005162	12.0
572	-1.193036	29.103241	310.267846	0.006342	8.1
573	-1.225479	28.879056	311.662366	0.007589	14.8
574	-1.227919	29.879056	305.536816	0.007223	12.4
575	-1.243678	30.879054	299.647420	0.007668	13.6
576	-1.219318	31.879054	293.980764	0.006548	9.6
577	-1.254360	31.040912	298.715457	0.007246	13.6
578	-1.249547	32.040912	293.083664	0.005421	12.1
579	-1.214882	31.107277	298.335003	0.006174	13.7
580	-1.252262	32.107068	292.718566	0.006164	8.4
581	-1.234149	31.151012	298.084817	0.006735	11.4
582	-1.223610	30.192104	303.668407	0.006136	8.8
583	-1.238331	31.180829	297.914486	0.006959	8.0
584	-1.213075	30.222254	303.489668	0.007741	11.7
585	-1.209998	31.222223	297.678340	0.006682	12.9
586	-1.214282	30.263316	303.246570	0.006477	13.5
587	-1.195797	29.304409	309.027084	0.006626	14.2
588	-1.211788	28.345501	315.032258	0.006575	12.6
589	-1.228305	29.344475	308.781148	0.007764	13.6
590	-1.191672	30.310288	302.968962	0.007315	10.7
591	-1.234341	29.351407	308.738639	0.006152	9.6
592	-1.224933	28.509371	313.989542	0.006303	12.3
593	-1.222964	27.684446	319.309881	0.005895	13.0
594	-1.215310	28.684446	312.883123	0.009300	11.8
595	-1.212187	27.731876	318.999105	0.007419	12.3
596	-1.220051	28.731876	312.584725	0.006179	12.6
597	-1.198980	28.377064	314.830883	0.005857	13.3
598	-1.213648	29.374272	308.598502	0.006796	11.0
599	-1.191421	30.374272	302.591633	0.006674	12.1
600	-1.227185	31.371010	296.832633	0.008075	9.4
601	-1.225847	30.414675	302.353849	0.007001	7.9
602	-1.206777	31.413504	296.591975	0.006096	12.2
603	-1.215560	32.413504	291.039222	0.005556	10.1
604	-1.213424	33.413504	285.690564	0.006077	14.1
605	-1.236599	34.371877	280.745850	0.007284	13.7
606	-1.226909	35.360383	275.821843	0.006846	12.3
607	-1.201774	34.402918	280.588558	0.006021	13.7
608	-1.188377	33.444010	285.530487	0.007181	8.4
609	-1.224971	34.444010	280.380598	0.006167	12.1
610	-1.227995	35.405769	275.599908	0.006666	11.3
611	-1.241671	34.755400	278.814695	0.008140	14.6
612	-1.208954	35.508415	275.099287	0.006286	14.9
613	-1.254567	36.508415	270.315653	0.007271	14.7
614	-1.206554	37.508234	265.696357	0.008879	12.5
615	-1.266704	36.549574	270.122327	0.006979	13.7
616	-1.193800	37.549573	265.508762	0.007032	8.2
617	-1.234442	36.592163	269.922573	0.006051	12.7
618	-1.201317	37.592160	265.315782	0.007188	8.0
619	-1.274744	36.633253	269.730130	0.006484	8.7
620	-1.200371	35.674422	274.293488	0.006028	12.3
621	-1.224370	36.674420	269.537598	0.006738	12.8
622	-1.238624	36.065575	272.413357	0.007178	16.2
623	-1.260993	35.106668	277.069115	0.008109	13.8
624	-1.224008	34.147760	281.886783	0.006157	14.1
625	-1.226088	35.147760	276.866338	0.005037	8.1
626	-1.214368	36.137302	272.071381	0.006841	11.6
627	-1.238679	35.406296	275.597334	0.006937	9.6
628	-1.218949	36.406296	270.796513	0.006437	12.4
629	-1.267185	37.406219	266.160436	0.007633	10.0
630	-1.226487	36.447312	270.603171	0.006507	14.3
631	-1.216887	35.854758	273.423460	0.006147	14.4
632	-1.225871	36.854756	268.697439	0.006897	7.9
633	-1.214638	35.895853	273.225973	0.007913	9.4
634	-1.219739	34.936945	277.909790	0.006080	12.6
635	-1.216109	33.986009	282.716003	0.009603	14.6
636	-1.226527	33.212282	286.750976	0.007107	16.0
637	-1.202581	34.212236	281.557600	0.006485	12.9
638	-1.246619	35.212236	276.548769	0.008173	11.3
639	-1.199798	36.212235	271.715042	0.007363	14.5
640	-1.212233	35.253819	276.344346	0.005328	7.9
641	-1.196734	34.294955	281.136401	0.006010	9.5
642	-1.239170	33.341292	286.070208	0.007265	12.7
643	-1.235202	34.341292	280.901008	0.007379	14.1
644	-1.226190	35.341292	275.915304	0.006762	14.9
645	-1.221788	36.340967	271.105033	0.006476	13.4
646	-1.243112	37.340964	266.458141	0.006403	7.9
647	-1.216175	38.340964	261.967851	0.007077	12.5
648	-1.217893	39.116328	258.589062	0.007116	10.3
649	-1.229797	39.981876	254.918767	0.008139	8.5
650	-1.235754	39.022969	258.991266	0.007196	11.9
651	-1.211482	40.022969	254.747106	0.007005	15.3
652	-1.236827	39.064062	258.814077	0.006881	12.7
653	-1.226217	40.064062	254.575674	0.007034	14.1
654	-1.248417	41.063411	250.476480	0.006903	13.7
655	-1.244061	42.063411	246.504661	0.006487	9.3
656	-1.236978	41.106407	250.303076	0.006414	11.5
657	-1.211249	40.148170	254.225510	0.007302	7.7
658	-1.219812	41.148167	250.134888	0.005689	10.4
659	-1.215947	41.904201	247.128561	0.006124	12.6
660	-1.247773	41.329552	249.406972	0.006928	15.5
661	-1.248342	42.329169	245.470217	0.006474	14.6
662	-1.204164	41.370261	249.244182	0.006821	12.6
663	-1.227305	42.368949	245.316120	0.006024	14.5
664	-1.236518	41.410042	249.085312	0.007700	11.3
665	-1.214018	41.970614	246.867924	0.007943	8.1
666	-1.231840	42.970614	243.008841	0.007434	10.6
667	-1.265492	43.970614	239.268552	0.006855	10.3
668	-1.203404	44.970614	235.641657	0.006876	10.5
669	-1.205995	44.013185	239.111878	0.006708	15.7
670	-1.238021	44.342442	237.907006	0.006296	8.2
671	-1.233293	43.438481	241.244432	0.007000	10.0
672	-1.243705	44.438481	237.557848	0.006917	11.1
673	-1.219166	43.479574	241.090687	0.006677	10.7
674	-1.227142	42.520769	244.729796	0.005543	11.0
675	-1.278849	43.520663	240.937152	0.007988	14.1
676	-1.221962	44.520452	237.260646	0.005656	9.3
677	-1.211820	43.563663	240.776684	0.006804	11.6
678	-1.241479	42.604766	244.406600	0.006353	12.9
679	-1.219260	41.645859	248.147682	0.007559	13.5
680	-1.224396	41.347584	249.334839	0.005884	8.3
681	-1.258767	40.388676	253.229515	0.006981	10.9
682	-1.227740	41.388470	249.171436	0.009242	8.3
683	-1.219948	40.429603	253.060805	0.006850	10.6
684	-1.237922	39.470696	257.073688	0.005834	8.3
685	-1.218024	38.584533	260.896983	0.006643	7.9
686	-1.225740	38.416401	261.635245	0.006668	8.9
687	-1.205258	39.416259	257.305317	0.006645	13.8
688	-1.203984	38.500403	261.265872	0.005836	15.7
689	-1.211682	39.496983	256.961983	0.006924	18.3
690	-1.215858	38.830327	259.825167	0.008516	12.7
691	-1.229648	39.830327	255.553857	0.005672	19.9
692	-1.226208	38.871420	259.646835	0.005998	14.8
693	-1.236312	39.871416	255.381356	0.007118	13.7
694	-1.243200	39.687710	256.154413	0.006366	11.4
695	-1.219697	38.729578	260.263428	0.006810	10.9
696	-1.213185	37.770735	264.509618	0.005949	7.8
697	-1.243627	38.764569	260.111051	0.006534	11.5
698	-1.213767	37.806036	264.350835	0.008595	13.0
699	-1.209812	36.847129	268.732866	0.004940	11.8
700	-1.216270	37.847129	264.166239	0.006234	15.7
701	-1.219946	36.926049	268.366735	0.007382	12.8
702	-1.227323	37.926049	263.812438	0.006655	12.8
703	-1.229147	36.990897	268.066637	0.007383	10.5
704	-1.252167	36.031990	272.573775	0.006968	9.5
705	-1.222514	35.073082	277.235067	0.005421	10.8
706	-1.250122	36.071328	272.385897	0.007075	12.5
707	-1.236698	35.112438	277.040625	0.007212	12.9
708	-1.244652	34.153530	281.857293	0.006784	12.7
709	-1.224019	35.153528	276.837901	0.005659	12.5
710	-1.230652	34.885424	278.165999	0.007496	13.4
711	-1.224276	35.883280	273.286365	0.006330	10.2
712	-1.252625	36.778318	269.052912	0.005780	10.6
713	-1.242999	37.766662	264.527954	0.006437	14.1
714	-1.228207	36.807754	268.915908	0.006689	12.8
715	-1.213399	35.848847	273.451892	0.006544	11.9
716	-1.237453	36.848847	268.724885	0.006395	9.8
717	-1.215590	35.895453	273.227893	0.006756	11.6
718	-1.234486	34.936546	277.911776	0.006936	7.9
719	-1.257008	33.977639	282.759048	0.008281	10.7
720	-1.228415	34.977569	277.708108	0.005998	12.3
721	-1.212603	34.029973	282.490140	0.006645	15.3
722	-1.255640	33.775732	283.801314	0.006014	13.7
723	-1.208175	32.816825	288.858080	0.007442	13.6
724	-1.227033	33.792684	283.713513	0.007554	12.0
725	-1.240685	34.792684	278.628375	0.007022	9.2
726	-1.234295	35.792681	273.722326	0.006193	10.7
727	-1.243195	34.833774	278.423320	0.007597	10.8
728	-1.251324	33.874960	283.288127	0.007729	12.4
729	-1.218227	34.874960	278.218090	0.006569	13.8
730	-1.239395	35.874960	273.326340	0.007763	13.1
731	-1.202355	36.874959	268.603641	0.005230	12.5
732	-1.234697	35.916052	273.129008	0.007721	14.8
733	-1.222288	36.915765	268.414389	0.007000	7.8
734	-1.230915	35.957007	272.932613	0.006460	11.3
735	-1.253811	34.998111	277.606234	0.007287	10.0
736	-1.235506	35.994954	272.750897	0.007954	10.7
737	-1.230357	35.036047	277.418297	0.007277	12.4
738	-1.238104	36.036047	272.554386	0.006648	13.7
739	-1.220418	35.081754	277.192199	0.005902	12.7
740	-1.224826	34.122847	282.014185	0.007112	12.2
741	-1.188964	35.122847	276.989240	0.006920	14.1
742	-1.237981	34.164019	281.803700	0.005659	8.3
743	-1.238810	35.162609	276.793136	0.006029	14.2
744	-1.232126	34.601316	279.587355	0.007178	12.5
745	-1.234879	33.642411	284.493758	0.006352	14.1
746	-1.225006	33.219245	286.714150	0.006652	8.3
747	-1.251588	34.219225	281.521968	0.006355	15.9
748	-1.218039	35.215510	276.532664	0.006211	15.2
749	-1.246600	35.459522	275.337522	0.007657	18.3
750	-1.242488	34.500615	280.094642	0.007254	14.1
751	-1.229951	34.162682	281.810531	0.005316	15.0
752	-1.218819	35.034701	277.424959	0.006754	8.8
753	-1.215928	36.034606	272.561274	0.008890	10.6
754	-1.244244	35.075698	277.222133	0.008019	9.7
755	-1.219569	34.613477	279.526214	0.007399	12.4
756	-1.215730	33.681427	284.290768	0.007320	14.2
757	-1.250742	32.723066	289.362203	0.005415	8.2
758	-1.246476	31.764473	294.619162	0.006711	14.2
759	-1.221230	32.441355	290.887550	0.007418	12.3
760	-1.233812	33.441355	285.544414	0.007980	13.8
761	-1.208156	32.509527	290.516954	0.006941	8.4
762	-1.251001	33.509524	285.187315	0.007821	13.9
763	-1.230533	32.682464	289.581059	0.007453	12.4
764	-1.219029	31.723602	294.847549	0.006958	14.1
765	-1.235413	31.248703	297.527478	0.005742	8.3
766	-1.212972	32.248701	291.939978	0.007678	14.0
767	-1.215220	31.289794	297.293668	0.005739	7.9
768	-1.240033	30.330887	302.847382	0.006942	9.8
769	-1.229404	31.330887	297.060219	0.006522	12.5
770	-1.220444	30.372130	302.604250	0.007464	14.1
771	-1.196673	29.413345	308.359316	0.005546	14.6
772	-1.229156	30.412997	302.363717	0.007533	13.2
773	-1.261067	31.397132	296.684649	0.006474	14.9
774	-1.230193	30.438427	302.214235	0.007387	8.0
775	-1.243283	31.438427	296.451014	0.007433	13.6
776	-1.189792	32.438427	290.903489	0.006553	12.2
777	-1.257713	33.438427	285.559773	0.008360	14.9
778	-1.242263	33.052030	287.601128	0.007551	11.6
779	-1.200406	34.051781	282.378236	0.006932	14.2
780	-1.215853	33.092873	287.383971	0.007541	12.4
781	-1.245043	32.134114	292.569567	0.006105	14.4
782	-1.248946	31.248125	297.530766	0.006410	8.1
783	-1.229779	30.290985	303.082982	0.007283	14.2
784	-1.229959	31.290533	297.289467	0.006642	18.5
785	-1.252422	32.203976	292.185394	0.006671	14.2
786	-1.241348	33.203976	286.794915	0.005890	15.2
787	-1.217161	32.245069	291.959896	0.007886	12.2
788	-1.231149	33.245069	286.577657	0.006693	14.6
789	-1.265838	34.245069	281.390268	0.006847	10.1
790	-1.249032	34.986604	277.663289	0.006482	15.9
791	-1.226443	35.986604	272.790859	0.008302	10.8
792	-1.218586	36.986589	268.086553	0.007093	10.7
793	-1.240103	37.986589	263.541680	0.006136	10.1
794	-1.243965	38.984859	259.155811	0.007176	15.6
795	-1.223328	39.979374	254.929230	0.005807	14.2
796	-1.242899	40.979374	250.816099	0.006490	10.3
797	-1.253035	41.973698	246.855833	0.007156	10.8
798	-1.256147	42.973680	242.997196	0.006949	14.6
799	-1.246266	42.014772	246.694929	0.007006	11.5
800	-1.263580	41.055869	250.506921	0.008098	8.6
801	-1.223464	42.055869	246.534145	0.006537	7.9
802	-1.216252	43.036836	242.757538	0.007017	8.3
803	-1.252689	42.081049	246.435737	0.006320	13.7
804	-1.231395	41.653688	248.116675	0.007490	14.0
805	-1.202336	42.653688	244.218760	0.007948	14.2
806	-1.252165	43.637956	240.499943	0.006888	12.7
807	-1.215279	44.637956	236.835905	0.006558	15.5
808	-1.238796	43.681149	240.339341	0.006204	13.8
809	-1.222009	43.552606	240.817927	0.006071	13.5
810	-1.250062	44.552606	237.144268	0.006619	10.4
811	-1.208643	43.612164	240.595946	0.005508	13.1
812	-1.231758	44.611981	236.929666	0.005871	13.8
813	-1.205168	43.655488	240.434729	0.005281	14.3
814	-1.232926	42.696592	244.054261	0.007460	9.9
815	-1.223710	42.217286	245.904654	0.007395	12.9
816	-1.278098	41.258378	249.692092	0.006376	12.6
817	-1.222054	40.299471	253.598024	0.006262	13.0
818	-1.245971	39.545739	256.755056	0.007109	11.3
819	-1.236587	40.545727	252.583333	0.007599	12.2
820	-1.235185	39.586819	256.580968	0.006810	12.3
821	-1.219374	40.586819	252.414801	0.006229	12.5
822	-1.214892	41.586811	248.381800	0.006392	13.2
823	-1.248315	42.586811	244.475615	0.006775	12.8
824	-1.255375	43.586811	240.690391	0.005943	12.5
825	-1.235578	44.535106	237.207595	0.005953	14.9
826	-1.231762	43.684345	240.327465	0.007372	19.9
827	-1.227712	43.044096	242.730020	0.008906	11.4
828	-1.225645	42.085189	246.419564	0.006555	8.0
829	-1.242089	43.085189	242.574376	0.008782	12.6
830	-1.233242	44.085150	238.847492	0.006255	13.2
831	-1.220531	43.321843	241.681894	0.006301	15.4
832	-1.237770	42.363039	245.339003	0.006599	13.0
833	-1.230953	41.404693	249.106664	0.006260	11.4
834	-1.243957	42.404692	245.177830	0.006409	7.9
835	-1.238236	43.404608	241.371311	0.006891	19.0
836	-1.235721	43.249285	241.954829	0.006660	10.4
837	-1.235658	44.249284	238.246673	0.007377	10.7
838	-1.231474	43.291882	241.794520	0.006845	8.1
839	-1.211071	42.337527	245.437822	0.007445	9.7
840	-1.236356	41.378622	249.210777	0.006166	13.2
841	-1.246001	40.419741	253.101436	0.007907	13.6
842	-1.219274	41.238389	249.772287	0.008395	10.4
843	-1.223358	40.279843	253.679252	0.006301	15.1
844	-1.256435	41.279838	249.606055	0.007211	17.6
845	-1.205297	40.588970	252.405985	0.006002	14.0
846	-1.240146	41.576490	248.422766	0.007191	16.9
847	-1.236663	42.569996	244.540280	0.007293	13.1
848	-1.217657	41.611089	248.285487	0.006195	12.7
849	-1.238718	40.652182	252.147195	0.006667	13.4
850	-1.243135	40.880277	251.217761	0.008082	12.2
851	-1.217760	41.877687	247.232770	0.007521	11.4
852	-1.223832	40.919026	251.060549	0.008474	9.6
853	-1.239982	41.919026	247.070332	0.005780	8.8
854	-1.263748	42.902877	243.266432	0.006925	12.1
855	-1.208512	43.902827	239.518453	0.006329	14.2
856	-1.185545	42.945796	243.103154	0.006314	11.3
857	-1.225249	42.199180	245.975103	0.006965	13.9
858	-1.231669	43.198928	242.144614	0.006500	14.8
859	-1.228329	44.198924	238.430695	0.006906	10.0
860	-1.244035	45.198924	234.828965	0.005531	10.8
861	-1.259891	46.198924	231.334430	0.006939	8.4
862	-1.255290	47.198924	227.942376	0.007197	12.5
863	-1.253433	47.521450	226.869467	0.005491	10.9
864	-1.284109	48.434498	223.886184	0.009285	11.6
865	-1.233347	47.475590	227.021405	0.006912	10.2
866	-1.191487	46.516683	230.245682	0.005994	10.8
867	-1.252112	46.101805	231.669248	0.007113	7.8
868	-1.258181	47.101480	228.268529	0.008175	12.0
869	-1.183726	48.101480	224.965148	0.007480	13.4
870	-1.238233	49.101480	221.756012	0.007872	13.5
871	-1.253985	48.142573	224.831447	0.007722	16.1
872	-1.247608	49.141495	221.629503	0.009853	15.4
873	-1.279440	48.182588	224.701406	0.008838	10.5
874	-1.247304	49.182588	221.499737	0.006826	11.0
875	-1.236775	48.366552	224.105485	0.006634	8.0
876	-1.215260	49.364269	220.927822	0.007996	12.3
877	-1.241136	48.405362	223.980170	0.007278	13.6
878	-1.242120	47.446455	227.118040	0.006801	9.0
879	-1.206383	48.440623	223.866437	0.007441	14.7
880	-1.235620	47.481715	227.001101	0.006533	12.6
881	-1.266358	47.510284	226.906443	0.008377	15.1
882	-1.229505	46.595117	229.978518	0.006699	10.0
883	-1.212032	45.640948	233.271364	0.006872	10.1
884	-1.241281	44.730912	236.500975	0.006306	12.4
885	-1.197698	45.730502	232.958307	0.006813	13.3
886	-1.231441	44.771595	236.354688	0.008612	9.7
887	-1.218814	43.812700	239.851522	0.006465	11.5
888	-1.206054	44.812647	236.207256	0.005622	12.3
889	-1.229631	45.812647	232.671889	0.006921	13.3
890	-1.260211	46.376103	230.726090	0.006272	11.3
891	-1.234022	46.096790	231.686563	0.007883	10.3
892	-1.226410	45.137883	235.045696	0.007251	11.6
893	-1.231738	44.178976	238.503667	0.007307	8.2
894	-1.238958	43.220069	242.064904	0.005844	12.2
895	-1.231081	43.919937	239.455328	0.006702	13.5
896	-1.249154	42.961030	243.045255	0.005625	12.3
897	-1.249870	43.961029	239.303855	0.006468	14.6
898	-1.234126	43.183425	242.203103	0.009932	12.7
899	-1.271285	44.183425	238.487387	0.006731	13.2
900	-1.236294	45.183425	234.883956	0.006838	11.2
901	-1.233524	44.284007	238.119953	0.006662	8.1
902	-1.278726	43.911176	239.487647	0.006196	12.4
903	-1.242971	42.952467	243.077796	0.008041	13.2
904	-1.234745	43.951578	239.338678	0.006327	10.9
905	-1.234013	43.195418	242.157856	0.005837	14.8
906	-1.229983	44.195387	238.443629	0.008103	12.5
907	-1.245430	43.236480	242.003060	0.009190	13.0
908	-1.222329	44.170558	238.534472	0.006788	8.6
909	-1.265749	45.170558	234.929629	0.007428	12.7
910	-1.253024	44.211671	238.384088	0.006161	12.1
911	-1.240097	45.211650	234.783828	0.006697	12.8
912	-1.248881	44.524337	237.246577	0.006872	11.5
913	-1.228691	45.520015	233.695448	0.005236	11.7
914	-1.226001	46.520015	230.234319	0.006258	10.7
915	-1.206945	45.561300	233.550497	0.007227	8.9
916	-1.225638	44.602393	236.964294	0.009088	12.5
917	-1.209154	45.602354	233.406536	0.006287	14.5
918	-1.237948	46.589244	229.998501	0.007164	13.2
919	-1.240682	45.801810	232.709633	0.007962	13.7
920	-1.274921	44.842903	236.098714	0.007169	14.5
921	-1.263683	45.842903	232.566571	0.009631	8.2
922	-1.216198	46.842684	229.139295	0.007036	14.1
923	-1.229671	45.883776	232.424447	0.007936	8.5
924	-1.241801	45.257105	234.622758	0.006412	12.3
925	-1.265675	46.257105	231.134313	0.007560	14.1
926	-1.237030	45.298198	234.477335	0.007161	11.1
927	-1.228969	44.339290	237.918481	0.006574	14.3
928	-1.244864	43.380383	241.462135	0.006489	13.1
929	-1.239400	44.380383	237.768945	0.005875	13.3
930	-1.246234	43.421477	241.308110	0.007654	11.0
931	-1.254981	44.421477	237.619595	0.007167	13.9
932	-1.237361	43.462569	241.154284	0.007359	13.7
933	-1.244030	44.460689	237.477255	0.007619	13.3
934	-1.249992	43.501782	241.007679	0.006519	9.5
935	-1.185159	44.499273	237.337362	0.006197	12.7
936	-1.233214	45.491289	233.796412	0.008190	12.7
937	-1.236845	44.532975	237.215305	0.007052	8.4
938	-1.246088	45.532021	233.653276	0.006392	10.9
939	-1.230308	44.599914	236.973248	0.007046	13.2
940	-1.235717	45.478674	233.840778	0.006068	8.2
941	-1.241399	44.596370	236.986051	0.007021	9.8
942	-1.247111	45.596367	233.427521	0.007243	12.7
943	-1.240997	46.596324	229.974410	0.006694	14.4
944	-1.221983	45.639259	233.277274	0.007256	13.8
945	-1.261816	44.680356	236.683015	0.007041	14.0
946	-1.230560	43.721449	240.189690	0.006862	14.0
947	-1.249904	44.721449	236.535028	0.007719	10.5
948	-1.260947	45.721301	232.990431	0.008923	10.4
949	-1.221958	44.762398	236.387740	0.007164	10.8
950	-1.259644	43.803491	239.885605	0.007780	12.5
951	-1.237780	42.919305	243.203909	0.007033	13.7
952	-1.217628	43.919305	239.457660	0.005903	9.6
953	-1.210142	44.919304	235.825074	0.006796	13.4
954	-1.243175	44.032868	239.039508	0.007507	12.4
955	-1.232516	43.073961	242.616885	0.007175	14.1
956	-1.233289	43.381631	241.457455	0.005657	8.0
957	-1.250659	42.824830	243.563903	0.005988	14.5
958	-1.241286	43.824830	239.806640	0.007330	12.4
959	-1.229062	42.865923	243.407188	0.005509	14.1
960	-1.236887	43.865921	239.654729	0.006325	7.8
961	-1.256269	42.907014	243.250683	0.006819	14.0
962	-1.237156	43.907014	239.503003	0.006197	12.3
963	-1.267793	44.699216	236.615071	0.007070	13.9
964	-1.242920	43.740696	240.118282	0.005927	8.9
965	-1.233880	44.455349	237.496630	0.005974	13.9
966	-1.255268	45.455343	233.922874	0.006821	7.8
967	-1.271304	46.455342	230.455058	0.007446	11.1
968	-1.256017	45.496435	233.778320	0.006842	12.2
969	-1.248536	46.496425	230.314786	0.006473	13.6
970	-1.228769	45.537518	233.633974	0.005938	13.8
971	-1.254621	44.578611	237.050230	0.008409	14.1
972	-1.220000	43.619704	240.567875	0.006277	14.0
973	-1.250446	42.660796	244.191491	0.007307	11.9
974	-1.209308	42.930942	243.159638	0.006767	13.1
975	-1.237678	42.093054	246.388848	0.007026	12.3
976	-1.243752	41.223837	249.830700	0.005461	13.8
977	-1.232394	42.223837	245.879173	0.006305	9.9
978	-1.226931	41.265352	249.664126	0.006116	12.8
979	-1.221544	40.306445	253.569176	0.006329	12.4
980	-1.201676	39.347985	257.596419	0.007561	14.3
981	-1.243508	38.389077	261.755620	0.006883	10.0
982	-1.251201	37.526151	265.615022	0.006750	12.9
983	-1.272132	38.526151	261.152865	0.006359	12.2
984	-1.255255	38.695514	260.411940	0.006981	14.3
985	-1.252911	39.682872	256.174835	0.007128	8.4
986	-1.223903	38.723969	260.287871	0.006337	14.1
987	-1.243883	37.765063	264.535148	0.006038	8.2
988	-1.242998	36.813316	268.890037	0.007179	9.3
989	-1.258253	37.775925	264.486261	0.008614	12.1
990	-1.222392	38.775925	260.061632	0.006708	15.2
991	-1.245520	39.775917	255.782643	0.006220	12.6
992	-1.215601	40.775917	251.642152	0.007265	13.1
993	-1.240346	39.817015	255.609795	0.006834	14.8
994	-1.256876	38.858108	259.704580	0.008435	15.0
995	-1.241592	37.913459	263.868816	0.006221	7.8
996	-1.229385	38.913459	259.464650	0.006540	11.2
997	-1.260819	39.909897	255.220015	0.006760	12.4
998	-1.248525	38.951020	259.302090	0.006990	14.6
999	-1.241741	39.950976	255.048005	0.007033	15.1
