1:ItNr	2:Metric	3a:Time	3b:StepSize	4:||Gradient||	Time[ms]
0	-0.719938	0.000000	0.301221	0.076020	3013.9
1	-0.738687	0.000000	0.301221	0.088764	5.6
2	-0.718476	0.956187	0.288103	0.105222	6.4
3	-0.736333	1.189065	0.285079	0.109994	6.3
4	-0.722342	0.357681	0.296176	0.091098	6.4
5	-0.739786	1.357681	0.282929	0.113704	6.6
6	-0.733544	0.923901	0.288527	0.150401	6.2
7	-0.711598	1.923901	0.275941	0.066471	8.8
8	-0.741431	0.949929	0.288185	0.136190	7.0
9	-0.745285	1.949907	0.275628	0.054736	6.4
10	-0.763473	2.949884	0.264120	0.149003	6.7
11	-0.736650	3.949881	0.253534	0.065468	4.5
12	-0.762372	2.976074	0.263831	0.097709	4.4
13	-0.744099	3.973000	0.253299	0.137832	6.4
14	-0.733145	4.973000	0.243547	0.063220	6.2
15	-0.711901	4.018029	0.252843	0.074130	6.4
16	-0.742510	5.018011	0.243125	0.076976	6.5
17	-0.757044	4.169990	0.251317	0.110426	12.3
18	-0.721665	3.718415	0.255908	0.176947	7.9
19	-0.742029	4.718415	0.245958	0.116370	4.4
20	-0.731564	5.718415	0.236752	0.177473	8.1
21	-0.737926	4.835054	0.244847	0.065798	6.3
22	-0.740587	5.831632	0.235753	0.037403	6.7
23	-0.741496	5.432927	0.239309	0.087939	6.3
24	-0.744519	4.570497	0.247380	0.041832	12.4
25	-0.753752	5.219998	0.241252	0.063174	8.3
26	-0.741630	4.762988	0.245532	0.083907	8.3
27	-0.709268	3.788982	0.255179	0.033859	6.0
28	-0.726672	4.493622	0.248126	0.057140	6.5
29	-0.709245	5.012625	0.243176	0.095462	7.1
30	-0.755260	5.996066	0.234317	0.090929	12.1
31	-0.737203	6.996066	0.225947	0.078235	7.8
32	-0.753337	7.995854	0.218157	0.097151	8.0
33	-0.774629	7.626241	0.220973	0.062309	6.5
34	-0.737939	8.618332	0.213572	0.060529	7.0
35	-0.734014	9.524186	0.207234	0.089241	7.1
36	-0.736096	8.798714	0.212279	0.131250	7.6
37	-0.752130	7.825714	0.219444	0.161686	10.2
38	-0.744006	6.889542	0.226810	0.111390	10.5
39	-0.741094	7.889542	0.218959	0.094895	7.0
40	-0.746079	6.915483	0.226600	0.075515	9.8
41	-0.765507	5.941809	0.234789	0.093576	6.6
42	-0.732781	5.366211	0.239915	0.031142	7.4
43	-0.731715	6.335230	0.231410	0.175666	10.0
44	-0.779965	5.361675	0.239956	0.139623	11.7
45	-0.733828	4.387616	0.249162	0.156156	6.1
46	-0.744796	5.387616	0.239720	0.130104	5.7
47	-0.760607	4.413557	0.248908	0.068471	4.7
48	-0.762939	5.413555	0.239485	0.100891	5.1
49	-0.696855	4.724549	0.245899	0.063359	7.4
50	-0.729076	5.476457	0.238916	0.104990	7.1
51	-0.730476	4.505552	0.248010	0.091233	7.1
52	-0.734199	5.505551	0.238653	0.070662	6.1
53	-0.743388	6.505495	0.229977	0.104964	9.4
54	-0.748502	5.533467	0.238402	0.047285	7.5
55	-0.757215	4.841719	0.244784	0.046605	9.9
56	-0.746046	3.888561	0.254158	0.082519	8.8
57	-0.736567	4.833771	0.244859	0.086292	5.7
58	-0.710464	5.738376	0.236575	0.145151	6.1
59	-0.744044	4.764316	0.245519	0.104175	4.7
60	-0.744718	5.751850	0.236456	0.149547	4.7
61	-0.737455	4.777822	0.245391	0.095876	6.0
62	-0.729072	5.777822	0.236227	0.069536	5.5
63	-0.742891	4.803813	0.245144	0.099585	4.4
64	-0.725662	3.830094	0.254757	0.150094	8.6
65	-0.716764	4.665557	0.246464	0.138463	5.6
66	-0.730887	5.597226	0.237831	0.108390	5.1
67	-0.728968	6.595925	0.229224	0.069651	4.1
68	-0.747923	5.634825	0.237495	0.060854	5.6
69	-0.748735	5.750855	0.236465	0.093539	10.6
70	-0.737059	6.750729	0.227945	0.065140	10.0
71	-0.721847	5.776694	0.236237	0.073702	10.1
72	-0.727708	4.966975	0.243603	0.176790	6.5
73	-0.742912	3.992938	0.253097	0.068640	6.7
74	-0.734639	4.992937	0.243360	0.051640	6.3
75	-0.752516	5.894430	0.235203	0.192859	7.3
76	-0.713808	4.920408	0.244041	0.059516	11.7
77	-0.717788	5.912699	0.235043	0.074976	7.7
78	-0.711225	6.907529	0.226664	0.026513	7.2
79	-0.735200	6.157079	0.232928	0.132126	4.6
80	-0.747247	6.766918	0.227812	0.129080	4.2
81	-0.738706	7.761944	0.219931	0.110801	4.7
82	-0.730059	8.761944	0.212541	0.118101	4.3
83	-0.737070	9.152666	0.209787	0.088612	4.3
84	-0.738031	10.152665	0.203053	0.104215	4.2
85	-0.751127	11.152643	0.196738	0.126148	4.3
86	-0.764030	12.152637	0.190804	0.151390	4.5
87	-0.700335	12.463528	0.189031	0.117044	4.3
88	-0.753499	11.784969	0.192943	0.107990	6.8
89	-0.723030	12.784969	0.187232	0.075419	4.4
90	-0.746288	11.811012	0.192790	0.121893	6.2
91	-0.771331	10.837084	0.198688	0.096648	10.9
92	-0.758300	11.837084	0.192637	0.073906	11.1
93	-0.722021	10.863160	0.198525	0.095080	8.3
94	-0.731910	11.854065	0.192537	0.075090	5.3
95	-0.739924	10.880043	0.198420	0.074453	7.2
96	-0.736968	11.871654	0.192434	0.113554	9.4
97	-0.733567	10.898125	0.198308	0.053031	8.0
98	-0.723037	11.833509	0.192658	0.133837	7.3
99	-0.776185	12.833507	0.186964	0.120595	4.2
100	-0.723675	13.833475	0.181597	0.080953	5.5
101	-0.754501	12.859538	0.186820	0.038293	5.7
102	-0.739319	11.904356	0.192243	0.156424	5.9
103	-0.747117	11.521712	0.194505	0.146970	9.9
104	-0.734387	12.521669	0.188703	0.068576	9.7
105	-0.726074	13.521214	0.183239	0.122875	6.9
106	-0.782100	14.521126	0.178081	0.018371	8.1
107	-0.738706	15.351423	0.174014	0.118084	9.2
108	-0.750543	16.257598	0.169781	0.097203	6.3
109	-0.725002	17.257598	0.165343	0.100344	9.6
110	-0.766242	18.256992	0.161134	0.107019	8.5
111	-0.726791	17.307220	0.165129	0.050538	7.2
112	-0.717443	16.390067	0.169180	0.047728	7.6
113	-0.722280	17.267385	0.165301	0.054159	8.0
114	-0.720343	17.768915	0.163163	0.062980	5.9
115	-0.703044	18.509346	0.160105	0.067358	6.4
116	-0.720871	18.635850	0.159594	0.077380	11.4
117	-0.756221	17.666545	0.163595	0.101017	13.7
118	-0.763953	18.478880	0.160228	0.105370	12.6
119	-0.717225	17.526979	0.164187	0.133307	18.2
120	-0.727589	16.592181	0.168270	0.083282	14.1
121	-0.755845	17.425039	0.164623	0.080004	8.5
122	-0.726308	16.452096	0.168899	0.097029	11.8
123	-0.717291	17.413764	0.164671	0.114294	10.7
124	-0.703777	16.439705	0.168955	0.068129	14.0
125	-0.765093	17.299591	0.165162	0.077296	10.6
126	-0.744508	18.298588	0.160964	0.139368	10.7
127	-0.744828	19.280520	0.157040	0.083415	9.9
128	-0.756929	20.155189	0.153702	0.089857	12.2
129	-0.746700	21.050197	0.150431	0.104897	18.7
130	-0.697004	22.050196	0.146936	0.074897	12.0
131	-0.737412	23.049091	0.143604	0.148044	13.3
132	-0.714644	22.075031	0.146852	0.084646	12.4
133	-0.740697	22.771612	0.144515	0.086621	10.6
134	-0.730815	23.760794	0.141321	0.109022	9.9
135	-0.746409	22.786815	0.144464	0.032440	8.3
136	-0.712047	22.154041	0.146583	0.100634	4.2
137	-0.719931	21.211853	0.149855	0.042607	5.3
138	-0.743643	22.209610	0.146394	0.049694	4.5
139	-0.719074	21.405508	0.149170	0.027025	8.0
140	-0.728423	21.589883	0.148524	0.135011	4.4
141	-0.757984	21.120112	0.150181	0.122803	8.7
142	-0.763130	20.199783	0.153536	0.061458	6.5
143	-0.736663	19.251249	0.157154	0.083380	7.0
144	-0.748057	19.650309	0.155611	0.124473	9.4
145	-0.738877	20.633927	0.151935	0.100428	5.8
146	-0.730594	21.633926	0.148371	0.121268	7.0
147	-0.743900	22.621959	0.145010	0.073568	7.1
148	-0.746253	23.018330	0.143705	0.155167	9.0
149	-0.714595	23.793691	0.141217	0.113519	7.5
150	-0.715602	24.670739	0.138505	0.085566	8.0
151	-0.739568	23.697566	0.141521	0.143604	6.9
152	-0.750441	22.736800	0.144630	0.088584	6.2
153	-0.752181	23.736800	0.141397	0.051332	12.4
154	-0.755133	24.688826	0.138450	0.108983	9.4
155	-0.717767	23.714772	0.141466	0.105696	5.5
156	-0.764934	24.714766	0.138372	0.132466	5.8
157	-0.750020	25.713569	0.135413	0.090283	5.3
158	-0.725383	24.739585	0.138297	0.117662	5.3
159	-0.740800	24.840191	0.137993	0.165204	5.4
160	-0.723106	23.866132	0.140989	0.101017	9.1
161	-0.719304	24.866132	0.137915	0.027938	11.3
162	-0.754139	24.022838	0.140498	0.074522	5.1
163	-0.737822	24.919815	0.137754	0.120708	4.8
164	-0.736968	23.946110	0.140738	0.052963	7.3
165	-0.733372	22.977953	0.143837	0.103866	4.9
166	-0.778664	22.059679	0.146904	0.150507	4.3
167	-0.719340	23.059503	0.143570	0.117453	4.8
168	-0.762320	22.086199	0.146814	0.095888	8.2
169	-0.739904	21.112140	0.150209	0.108126	7.3
170	-0.759138	22.112140	0.146725	0.042727	9.5
171	-0.755926	22.755576	0.144568	0.158169	7.7
172	-0.738724	22.769492	0.144522	0.142739	7.4
173	-0.723242	21.795975	0.147809	0.037881	4.2
174	-0.757730	22.688045	0.144791	0.092315	4.3
175	-0.754934	21.823418	0.147714	0.045895	4.4
176	-0.756167	20.869092	0.151081	0.112155	6.2
177	-0.749344	21.498270	0.148845	0.069896	4.3
178	-0.696120	20.524643	0.152335	0.065800	9.2
179	-0.739524	21.265447	0.149665	0.067867	8.0
180	-0.740060	22.264893	0.146207	0.046611	7.1
181	-0.774455	23.171391	0.143207	0.106647	7.6
182	-0.750288	24.167577	0.140048	0.103549	9.4
183	-0.732486	25.167091	0.137016	0.106383	10.7
184	-0.722108	24.193033	0.139969	0.054407	5.3
185	-0.719720	25.179226	0.136980	0.174821	7.4
186	-0.759079	26.179226	0.134077	0.058803	9.4
187	-0.728273	27.177030	0.131300	0.130725	6.4
188	-0.767005	28.177027	0.128630	0.151958	7.6
189	-0.755806	29.177027	0.126066	0.090602	10.6
190	-0.744589	28.840222	0.126918	0.180233	5.9
191	-0.740025	27.866163	0.129448	0.023321	9.0
192	-0.696261	26.901110	0.132056	0.146509	8.2
193	-0.756162	27.874111	0.129427	0.082348	6.8
194	-0.776284	28.503176	0.127782	0.076400	7.5
195	-0.723000	29.492158	0.125280	0.086933	11.0
196	-0.769349	30.492121	0.122847	0.107923	6.5
197	-0.714085	31.492117	0.120506	0.123510	7.6
198	-0.728621	32.492117	0.118254	0.084656	9.7
199	-0.702270	31.518062	0.120447	0.117764	8.1
200	-0.743993	32.518062	0.118196	0.082897	10.2
201	-0.705065	31.544107	0.120387	0.094029	25.1
202	-0.734460	30.593051	0.122606	0.047929	14.3
203	-0.720372	31.404840	0.120707	0.118091	9.1
204	-0.731609	31.933028	0.119503	0.031484	17.7
205	-0.734106	32.236506	0.118821	0.137625	14.1
206	-0.745164	31.731107	0.119960	0.133763	9.7
207	-0.698595	30.757048	0.122218	0.051359	10.5
208	-0.742268	31.757026	0.119901	0.112299	19.9
209	-0.750988	32.117620	0.119087	0.070507	12.0
210	-0.748358	33.117546	0.116887	0.132567	11.1
211	-0.717294	32.144559	0.119027	0.171474	11.0
212	-0.737329	33.144559	0.116829	0.075174	7.2
213	-0.705796	32.170499	0.118969	0.058716	15.7
214	-0.720814	33.117475	0.116887	0.091236	15.6
215	-0.735485	32.144328	0.119028	0.084258	10.8
216	-0.734413	31.287878	0.120977	0.038914	6.9
217	-0.738024	32.101246	0.119124	0.060898	11.3
218	-0.753491	32.359796	0.118547	0.064051	4.4
219	-0.736264	33.356012	0.116374	0.050001	4.3
220	-0.732457	32.638491	0.117931	0.094283	4.7
221	-0.737666	33.638037	0.115774	0.102031	4.5
222	-0.698760	34.638037	0.113693	0.141428	4.8
223	-0.710147	33.664774	0.115717	0.062760	4.5
224	-0.722751	34.656805	0.113654	0.080121	11.8
225	-0.717431	33.962558	0.115090	0.145389	7.4
226	-0.750628	34.885386	0.113190	0.191780	5.0
227	-0.743381	33.911327	0.115197	0.083393	8.5
228	-0.784604	34.911327	0.113137	0.145143	5.6
229	-0.748506	35.911321	0.111149	0.137281	5.8
230	-0.750407	36.911321	0.109230	0.086622	7.5
231	-0.750705	36.129375	0.110725	0.017611	9.0
232	-0.757895	36.651848	0.109721	0.098484	7.6
233	-0.744773	36.696144	0.109637	0.093421	7.4
234	-0.753340	37.696143	0.107769	0.101822	6.9
235	-0.731874	38.034229	0.107152	0.085220	4.6
236	-0.728808	39.034226	0.105367	0.104248	4.2
237	-0.720218	40.034098	0.103641	0.154198	4.2
238	-0.736023	39.060039	0.105322	0.105378	4.4
239	-0.739534	40.060036	0.103597	0.128293	4.2
240	-0.720166	41.060036	0.101928	0.123087	7.7
241	-0.765212	42.060036	0.100311	0.083565	8.5
242	-0.738750	43.060035	0.098745	0.091894	7.4
243	-0.756518	42.087043	0.100268	0.035384	6.5
244	-0.719050	42.832894	0.099097	0.070325	6.4
245	-0.724797	43.456311	0.098138	0.088025	6.5
246	-0.731431	42.485400	0.099639	0.078751	7.8
247	-0.761010	41.511351	0.101192	0.086752	8.0
248	-0.764284	40.537293	0.102794	0.126414	5.5
249	-0.737378	41.537288	0.101150	0.045524	9.0
250	-0.712572	41.032599	0.101973	0.072304	7.4
251	-0.744899	41.701909	0.100884	0.088175	6.2
252	-0.704279	42.686298	0.099325	0.087961	9.3
253	-0.720964	43.655590	0.097836	0.075108	8.0
254	-0.748343	42.682012	0.099332	0.095003	7.0
255	-0.742976	42.672961	0.099346	0.098911	10.2
256	-0.732293	41.698904	0.100889	0.078807	8.2
257	-0.756988	42.693762	0.099313	0.075688	9.6
258	-0.758422	43.682334	0.097795	0.134555	6.4
259	-0.781348	42.708276	0.099291	0.140155	8.2
260	-0.757675	43.533210	0.098021	0.116703	7.4
261	-0.753367	42.559151	0.099524	0.107261	9.2
262	-0.742604	43.559151	0.097982	0.141923	6.3
263	-0.725134	44.559148	0.096488	0.062430	7.4
264	-0.764307	43.585721	0.097942	0.222900	8.1
265	-0.750592	42.613510	0.099439	0.112842	6.6
266	-0.765424	43.613510	0.097900	0.076677	5.3
267	-0.728533	42.639460	0.099398	0.134302	6.8
268	-0.762839	43.032820	0.098787	0.063876	6.2
269	-0.726734	42.087285	0.100268	0.089382	8.5
270	-0.724293	41.113311	0.101840	0.079051	4.3
271	-0.773669	42.047023	0.100332	0.030761	4.3
272	-0.764265	41.294753	0.101544	0.190291	4.3
273	-0.716017	42.290842	0.099946	0.094634	5.2
274	-0.732005	41.329067	0.101488	0.119326	4.4
275	-0.745944	42.329067	0.099885	0.068007	5.5
276	-0.754781	43.329060	0.098333	0.059997	6.3
277	-0.717394	44.327896	0.096829	0.081139	5.0
278	-0.723456	45.213510	0.095534	0.050551	4.5
279	-0.752854	46.164868	0.094181	0.105340	11.5
280	-0.753467	46.520392	0.093685	0.077383	4.3
281	-0.745006	47.518053	0.092321	0.071959	5.6
282	-0.741822	48.495870	0.091022	0.041847	6.8
283	-0.732692	49.478227	0.089753	0.069526	5.6
284	-0.724455	49.859328	0.089270	0.142440	5.1
285	-0.703531	50.859328	0.088028	0.108306	6.3
286	-0.693015	51.859328	0.086820	0.129014	4.4
287	-0.759336	50.885269	0.087996	0.079991	6.0
288	-0.740833	49.911209	0.089205	0.138701	7.2
289	-0.755796	48.937400	0.090447	0.051745	8.7
290	-0.736235	48.933017	0.090453	0.052810	6.6
291	-0.749711	49.531485	0.089685	0.067223	4.9
292	-0.774673	50.495914	0.088476	0.150736	5.5
293	-0.731359	50.647463	0.088288	0.064433	6.7
294	-0.748469	49.678351	0.089499	0.145348	9.4
295	-0.745727	48.756577	0.090682	0.107030	6.8
296	-0.736213	47.782829	0.091965	0.059254	4.9
297	-0.745764	46.809035	0.093286	0.076726	6.7
298	-0.723588	47.255998	0.092675	0.109931	6.7
299	-0.748017	46.282234	0.094016	0.094771	6.4
300	-0.763525	47.282222	0.092640	0.098682	7.3
301	-0.725694	48.282222	0.091302	0.051608	7.3
302	-0.786885	47.311061	0.092601	0.110826	8.1
303	-0.730439	46.354677	0.093915	0.081496	6.4
304	-0.723430	47.354617	0.092542	0.084455	4.3
305	-0.724001	46.412882	0.093834	0.119209	4.3
306	-0.734752	45.439592	0.095209	0.072372	5.6
307	-0.733366	44.465950	0.096625	0.055564	4.5
308	-0.745550	45.327822	0.095369	0.165371	4.4
309	-0.733479	46.327817	0.093953	0.085145	4.4
310	-0.733947	45.792493	0.094706	0.089065	5.2
311	-0.732478	45.120392	0.095669	0.085953	6.6
312	-0.758410	46.120391	0.094243	0.127817	11.2
313	-0.721816	45.146334	0.095631	0.170831	6.3
314	-0.739637	44.172275	0.097060	0.082218	6.1
315	-0.689911	45.172274	0.095593	0.055632	7.4
316	-0.740653	44.208285	0.097007	0.066666	8.4
317	-0.708606	44.169504	0.097064	0.103963	6.5
318	-0.744939	43.234070	0.098478	0.117394	6.1
319	-0.754252	44.233942	0.096969	0.149118	7.0
320	-0.796000	43.259910	0.098438	0.118105	7.9
321	-0.742645	44.259910	0.096930	0.034543	6.6
322	-0.727401	44.935572	0.095937	0.165462	6.5
323	-0.727398	43.961542	0.097375	0.099786	8.3
324	-0.757648	44.961542	0.095899	0.060336	6.5
325	-0.750972	43.994182	0.097326	0.128438	9.2
326	-0.719021	44.994152	0.095852	0.068082	4.3
327	-0.717402	44.020092	0.097287	0.050807	4.3
328	-0.726010	43.087974	0.098702	0.043947	4.2
329	-0.743989	44.008948	0.097304	0.108843	5.5
330	-0.740161	44.411349	0.096706	0.074775	6.2
331	-0.756349	43.684487	0.097792	0.123783	6.4
332	-0.755700	44.684397	0.096304	0.074473	6.5
333	-0.776903	43.710343	0.097753	0.093180	9.5
334	-0.751094	42.738871	0.099243	0.115694	6.5
335	-0.726506	43.738870	0.097710	0.078979	8.1
336	-0.722817	43.993061	0.097328	0.073866	6.8
337	-0.747407	43.038794	0.098778	0.055639	6.2
338	-0.727388	43.269771	0.098423	0.050245	7.1
339	-0.743662	43.561775	0.097978	0.119753	5.8
340	-0.741305	44.561749	0.096484	0.071424	4.2
341	-0.710841	45.310765	0.095394	0.081514	4.3
342	-0.733592	46.250714	0.094061	0.090569	8.0
343	-0.740526	45.277656	0.095442	0.215238	5.2
344	-0.725810	44.303600	0.096865	0.079200	5.9
345	-0.721744	45.303600	0.095404	0.173286	6.2
346	-0.745692	44.329541	0.096827	0.059230	6.4
347	-0.772331	43.433681	0.098173	0.096105	6.4
348	-0.748832	44.433647	0.096673	0.177522	6.5
349	-0.710091	43.459848	0.098133	0.098519	6.3
350	-0.767742	44.459848	0.096634	0.149649	8.9
351	-0.743253	45.448658	0.095196	0.096351	7.5
352	-0.710242	44.477824	0.096607	0.099417	8.1
353	-0.746907	43.511507	0.098054	0.124671	6.4
354	-0.765806	42.537455	0.099558	0.068635	6.7
355	-0.717519	43.524103	0.098035	0.066508	7.5
356	-0.773029	44.157531	0.097082	0.168799	4.3
357	-0.726911	43.505250	0.098064	0.125918	9.1
358	-0.732161	44.505250	0.096567	0.062114	6.8
359	-0.710815	45.505166	0.095115	0.067558	6.4
360	-0.725623	44.536014	0.096522	0.079420	7.4
361	-0.733734	43.563431	0.097976	0.100869	5.8
362	-0.707518	42.589372	0.099476	0.150241	8.6
363	-0.736978	43.588929	0.097937	0.152488	4.1
364	-0.718123	42.614869	0.099436	0.047505	7.3
365	-0.754587	43.475618	0.098109	0.101889	7.2
366	-0.714898	43.566680	0.097971	0.117337	4.5
367	-0.724129	42.592621	0.099471	0.067842	4.2
368	-0.733185	41.726195	0.100845	0.097521	4.1
369	-0.724750	42.726035	0.099263	0.060254	6.7
370	-0.746468	43.726003	0.097729	0.094933	6.3
371	-0.747914	43.968765	0.097364	0.071184	4.6
372	-0.726867	44.648824	0.096356	0.124106	4.3
373	-0.739848	45.642456	0.094919	0.088011	4.4
374	-0.778498	44.679535	0.096311	0.113563	8.1
375	-0.769866	45.663431	0.094889	0.121874	5.0
376	-0.738343	44.689371	0.096296	0.111554	4.3
377	-0.730369	44.017287	0.097292	0.111343	8.0
378	-0.736529	43.044088	0.098770	0.088112	6.2
379	-0.754770	42.070159	0.100295	0.118492	4.2
380	-0.692469	43.051088	0.098759	0.138808	6.8
381	-0.718112	42.295453	0.099938	0.179388	8.9
382	-0.748511	43.295453	0.098384	0.107962	8.3
383	-0.720452	42.321394	0.099897	0.112536	9.0
384	-0.753501	43.321394	0.098344	0.066329	8.0
385	-0.734315	44.176293	0.097054	0.051079	8.4
386	-0.725036	45.119835	0.095669	0.103549	4.8
387	-0.738501	44.171693	0.097061	0.119461	6.5
388	-0.755363	43.202817	0.098526	0.043834	7.6
389	-0.740636	44.188623	0.097036	0.180359	8.5
390	-0.742745	45.180811	0.095581	0.106034	6.6
391	-0.716975	46.180810	0.094158	0.080330	4.5
392	-0.744028	45.206751	0.095544	0.169174	4.7
393	-0.748749	45.860211	0.094610	0.114923	4.3
394	-0.732509	46.860211	0.093216	0.171264	4.4
395	-0.776825	45.886152	0.094573	0.075246	4.5
396	-0.756645	46.886152	0.093180	0.080322	4.4
397	-0.739579	45.918501	0.094528	0.100661	4.4
398	-0.732216	46.915150	0.093140	0.102516	6.6
399	-0.720720	47.915148	0.091789	0.090339	6.5
400	-0.707753	48.720174	0.090729	0.121599	6.4
401	-0.729681	49.720174	0.089446	0.123255	8.6
402	-0.741518	50.720174	0.088199	0.099770	6.9
403	-0.716068	51.717336	0.086989	0.070791	7.5
404	-0.722977	50.743835	0.088170	0.087934	9.6
405	-0.723120	51.044359	0.087802	0.102065	14.4
406	-0.711587	50.070791	0.089005	0.151051	6.4
407	-0.744750	51.070791	0.087770	0.111941	6.5
408	-0.716665	52.070791	0.086569	0.066763	6.3
409	-0.749678	53.068252	0.085403	0.134475	6.2
410	-0.721082	54.068090	0.084265	0.066252	7.5
411	-0.733749	53.413842	0.085006	0.203906	8.6
412	-0.735458	54.413842	0.083879	0.070411	8.7
413	-0.750617	55.413313	0.082782	0.144253	4.3
414	-0.730957	56.410645	0.081715	0.095588	4.2
415	-0.745794	57.410644	0.080673	0.085774	4.4
416	-0.749391	58.410611	0.079657	0.078853	6.2
417	-0.727042	57.673560	0.080404	0.040289	6.3
418	-0.754773	58.043395	0.080027	0.107367	6.8
419	-0.724775	58.809934	0.079259	0.118406	6.3
420	-0.733824	57.837732	0.080236	0.072932	11.9
421	-0.757325	58.836913	0.079232	0.071951	7.7
422	-0.724452	59.774919	0.078312	0.062238	7.4
423	-0.747259	58.874885	0.079194	0.109954	6.3
424	-0.738150	59.688863	0.078395	0.132394	6.5
425	-0.766635	58.715003	0.079353	0.083077	7.2
426	-0.730906	59.708933	0.078376	0.159925	6.0
427	-0.695479	58.734873	0.079333	0.118283	6.9
428	-0.724395	57.814212	0.080260	0.104782	8.2
429	-0.781118	58.749079	0.079319	0.043883	6.5
430	-0.737979	58.615853	0.079452	0.082245	6.3
431	-0.752037	59.184432	0.078889	0.083423	6.6
432	-0.737078	60.179405	0.077922	0.131858	7.9
433	-0.770446	60.622723	0.077499	0.167508	4.9
434	-0.734832	59.648663	0.078435	0.137880	4.3
435	-0.698715	58.674605	0.079393	0.048983	6.9
436	-0.718031	59.541304	0.078539	0.075832	6.2
437	-0.753050	58.571038	0.079497	0.107310	4.7
438	-0.745292	58.813246	0.079256	0.125067	6.2
439	-0.727622	57.839187	0.080235	0.174805	6.3
440	-0.740327	58.839187	0.079230	0.081749	6.7
441	-0.763178	57.865128	0.080208	0.129855	6.3
442	-0.725388	58.865120	0.079204	0.122133	8.1
443	-0.741082	59.864891	0.078225	0.073832	8.8
444	-0.754125	60.857193	0.077277	0.093820	6.6
445	-0.755407	61.856898	0.076344	0.111216	6.4
446	-0.736197	60.884365	0.077251	0.091959	7.8
447	-0.725938	61.880628	0.076322	0.092926	7.6
448	-0.718659	62.512693	0.075745	0.064875	5.7
449	-0.727518	61.620064	0.076563	0.133807	4.5
450	-0.743240	62.618920	0.075648	0.087643	4.2
451	-0.737232	63.618886	0.074754	0.122102	9.0
452	-0.750039	64.615613	0.073884	0.126232	6.7
453	-0.769166	65.615613	0.073031	0.052075	6.4
454	-0.748622	66.615606	0.072198	0.185717	6.5
455	-0.752869	67.595874	0.071399	0.088119	7.3
456	-0.730681	66.625929	0.072189	0.165223	6.4
457	-0.715911	65.651870	0.073001	0.095854	4.3
458	-0.741939	64.678065	0.073830	0.057199	6.1
459	-0.741302	65.676812	0.072980	0.118019	8.8
460	-0.726967	66.662580	0.072159	0.080777	6.2
461	-0.738672	67.655562	0.071351	0.127927	6.5
462	-0.718414	66.684395	0.072141	0.076403	6.7
463	-0.707835	67.684015	0.071328	0.096206	8.2
464	-0.737585	67.636397	0.071366	0.117558	4.4
465	-0.720177	66.844082	0.072010	0.127771	4.2
466	-0.728682	66.294417	0.072463	0.045067	9.2
467	-0.743995	67.294214	0.071643	0.046023	7.7
468	-0.714327	66.526137	0.072271	0.114171	6.5
469	-0.705673	67.501127	0.071475	0.091577	6.5
470	-0.723861	66.527082	0.072271	0.069287	7.4
471	-0.757358	66.381577	0.072391	0.138612	7.2
472	-0.755956	65.435853	0.073183	0.077242	4.1
473	-0.708379	66.200959	0.072541	0.044214	6.3
474	-0.714773	65.296746	0.073301	0.115444	7.4
475	-0.710491	64.326027	0.074135	0.200238	4.8
476	-0.723318	65.326027	0.073276	0.115760	4.2
477	-0.746380	66.326027	0.072437	0.067924	4.3
478	-0.728808	65.352143	0.073254	0.128264	6.4
479	-0.745817	66.331088	0.072433	0.072276	5.8
480	-0.710001	66.622968	0.072192	0.058025	8.0
481	-0.708379	66.440291	0.072342	0.063157	6.5
482	-0.746087	67.171644	0.071742	0.130060	9.4
483	-0.721147	66.212431	0.072531	0.121203	8.7
484	-0.706194	67.212431	0.071709	0.096213	7.7
485	-0.720054	68.052887	0.071032	0.111433	8.1
486	-0.750194	67.225459	0.071699	0.079405	8.3
487	-0.785809	67.001868	0.071881	0.074914	8.2
488	-0.735711	67.894225	0.071159	0.066783	4.5
489	-0.755488	66.996699	0.071885	0.048946	4.1
490	-0.717238	67.379807	0.071573	0.103589	10.3
491	-0.737677	66.485208	0.072305	0.059036	7.0
492	-0.711823	65.621481	0.073026	0.060299	6.5
493	-0.767014	66.619683	0.072194	0.079967	7.0
494	-0.738945	65.647178	0.073005	0.057674	6.8
495	-0.739744	64.673332	0.073834	0.174774	8.7
496	-0.700768	63.699272	0.074684	0.073326	4.2
497	-0.742295	64.588098	0.073908	0.088458	9.0
498	-0.722079	65.539661	0.073095	0.098931	7.4
499	-0.730393	66.198655	0.072543	0.087095	6.5
500	-0.742812	67.198655	0.071720	0.144438	6.5
501	-0.721750	66.224596	0.072521	0.054507	6.5
502	-0.741827	65.253941	0.073337	0.105005	8.3
503	-0.723069	66.243996	0.072505	0.099525	4.2
504	-0.754906	65.273176	0.073321	0.059955	8.0
505	-0.756035	65.439558	0.073180	0.181633	6.7
506	-0.717177	65.831009	0.072850	0.072120	6.2
507	-0.723027	66.830925	0.072021	0.110625	6.8
508	-0.724521	65.889906	0.072801	0.083591	6.5
509	-0.698998	64.950586	0.073596	0.148500	8.6
510	-0.708790	63.976527	0.074440	0.102903	4.5
511	-0.742879	63.002685	0.075303	0.133207	6.4
512	-0.716563	64.002636	0.074417	0.098558	7.4
513	-0.734597	63.028577	0.075280	0.098488	4.4
514	-0.731936	62.054874	0.076162	0.156540	4.2
515	-0.731768	63.054874	0.075256	0.139186	4.3
516	-0.773366	64.054874	0.074371	0.129629	6.4
517	-0.755307	64.768394	0.073753	0.041893	6.3
518	-0.734812	64.005279	0.074415	0.116774	6.6
519	-0.765547	63.047660	0.075263	0.102284	6.2
520	-0.737401	62.181936	0.076046	0.038463	6.3
521	-0.718811	61.210363	0.076945	0.069717	8.3
522	-0.726041	60.322529	0.077785	0.065533	8.5
523	-0.722554	61.304715	0.076856	0.085375	8.5
524	-0.752702	62.304394	0.075934	0.114477	7.8
525	-0.730119	61.355877	0.076809	0.089700	6.3
526	-0.749078	60.395943	0.077714	0.067214	9.0
527	-0.727191	60.661961	0.077461	0.093230	7.8
528	-0.752290	59.689639	0.078395	0.089038	8.2
529	-0.724502	58.717332	0.079351	0.093739	6.4
530	-0.753960	57.745181	0.080330	0.068477	6.3
531	-0.732782	57.475824	0.080606	0.116871	6.4
532	-0.738669	56.502752	0.081618	0.062473	8.3
533	-0.742961	56.928378	0.081172	0.087555	5.3
534	-0.747340	57.928354	0.080144	0.100870	6.2
535	-0.764987	58.460366	0.079607	0.125360	8.2
536	-0.749354	57.486306	0.080595	0.095652	6.5
537	-0.765677	57.222004	0.080868	0.082859	6.3
538	-0.716550	56.964012	0.081135	0.161643	6.6
539	-0.739190	55.989963	0.082162	0.053132	8.2
540	-0.729490	56.989951	0.081108	0.060032	4.8
541	-0.743368	56.022290	0.082127	0.103463	5.1
542	-0.735052	55.135678	0.083084	0.109430	8.1
543	-0.763989	56.135678	0.082007	0.130919	6.6
544	-0.768948	55.165783	0.083051	0.105106	6.3
545	-0.738981	54.257431	0.084053	0.045900	6.4
546	-0.748614	55.251222	0.082958	0.114012	6.3
547	-0.736159	54.281475	0.084027	0.069001	8.4
548	-0.747255	53.636187	0.084753	0.124173	5.1
549	-0.763760	54.515314	0.083766	0.059380	8.1
550	-0.742641	55.513950	0.082673	0.055242	6.7
551	-0.738021	54.832130	0.083416	0.122694	6.1
552	-0.741427	55.387550	0.082810	0.088955	4.4
553	-0.770402	55.808273	0.082356	0.063280	4.7
554	-0.757352	56.386291	0.081741	0.201638	4.3
555	-0.722457	57.386291	0.080698	0.111051	4.4
556	-0.764187	58.268475	0.079800	0.068161	4.2
557	-0.725063	57.300958	0.080786	0.077094	4.7
558	-0.701862	57.366215	0.080719	0.099035	6.2
559	-0.740822	58.366214	0.079702	0.084543	4.9
560	-0.714909	59.362662	0.078714	0.029828	4.6
561	-0.764996	58.778870	0.079290	0.193781	8.5
562	-0.775962	57.806534	0.080268	0.205487	6.1
563	-0.707043	56.834731	0.081270	0.145241	7.2
564	-0.715261	57.834186	0.080240	0.095988	8.5
565	-0.743673	56.860528	0.081243	0.059756	7.3
566	-0.728156	57.848895	0.080225	0.054588	8.6
567	-0.737391	56.970213	0.081129	0.117056	9.9
568	-0.741010	57.814393	0.080260	0.058119	6.8
569	-0.736246	58.806170	0.079263	0.131925	6.2
570	-0.719258	57.832124	0.080242	0.088395	9.6
571	-0.742678	58.832124	0.079237	0.145855	7.1
572	-0.736540	57.858650	0.080215	0.094576	6.6
573	-0.730823	56.884590	0.081218	0.077619	6.4
574	-0.716185	57.253059	0.080836	0.110467	8.3
575	-0.743533	57.862016	0.080211	0.066029	6.5
576	-0.734182	58.858137	0.079211	0.065477	6.4
577	-0.748859	59.231862	0.078842	0.183862	7.6
578	-0.710158	58.257803	0.079811	0.070468	7.8
579	-0.763093	57.289144	0.080798	0.124189	9.1
580	-0.797978	56.315356	0.081816	0.111387	4.5
581	-0.752103	55.341297	0.082860	0.109987	4.3
582	-0.754799	54.372202	0.083925	0.111518	4.1
583	-0.708193	53.398147	0.085024	0.053274	5.6
584	-0.752518	52.508465	0.086053	0.090619	6.3
585	-0.731612	52.923220	0.085570	0.069439	6.6
586	-0.741997	52.238467	0.086370	0.060552	6.3
587	-0.751428	51.952456	0.086709	0.148376	7.6
588	-0.751999	52.952454	0.085537	0.092778	10.3
589	-0.729824	53.937357	0.084412	0.114255	8.5
590	-0.771255	52.963303	0.085524	0.151700	6.8
591	-0.742824	53.963303	0.084383	0.086151	6.2
592	-0.762459	54.963303	0.083272	0.113787	7.9
593	-0.712724	54.014012	0.084326	0.062912	6.6
594	-0.753782	54.062647	0.084271	0.178170	4.9
595	-0.722102	54.924507	0.083315	0.133236	8.0
596	-0.754413	55.924507	0.082232	0.136652	8.2
597	-0.716413	56.924507	0.081177	0.139000	6.4
598	-0.718275	57.924507	0.080148	0.085740	6.3
599	-0.756533	58.924507	0.079145	0.055056	8.0
600	-0.750806	59.859324	0.078230	0.072012	7.2
601	-0.736116	58.885798	0.079184	0.118721	4.5
602	-0.735848	58.749257	0.079319	0.079717	7.2
603	-0.753491	59.749238	0.078337	0.142916	8.0
604	-0.768912	60.748123	0.077380	0.088098	6.7
605	-0.762707	59.774065	0.078313	0.070689	6.3
606	-0.734226	60.220660	0.077882	0.024939	6.5
607	-0.743545	61.040062	0.077104	0.121765	8.8
608	-0.788740	60.267084	0.077838	0.141562	4.4
609	-0.731023	61.267084	0.076891	0.134289	5.8
610	-0.721294	62.267084	0.075968	0.089425	9.0
611	-0.737556	61.295247	0.076865	0.116383	6.6
612	-0.722017	60.321323	0.077786	0.122892	6.3
613	-0.710868	61.321321	0.076841	0.074702	5.4
614	-0.738820	62.321141	0.075919	0.056910	5.0
615	-0.737096	61.785131	0.076410	0.064394	5.6
616	-0.717922	60.991778	0.077150	0.094976	7.7
617	-0.775305	61.872321	0.076330	0.061915	9.3
618	-0.751309	62.872281	0.075420	0.155094	6.7
619	-0.723828	61.898901	0.076305	0.090081	7.0
620	-0.752511	62.898901	0.075396	0.127874	8.2
621	-0.749468	63.898698	0.074508	0.064785	6.4
622	-0.727502	62.924641	0.075373	0.121858	8.5
623	-0.759723	63.671173	0.074708	0.047127	4.2
624	-0.753848	62.700322	0.075575	0.121073	7.7
625	-0.748555	63.694490	0.074688	0.112596	6.8
626	-0.747502	62.720431	0.075557	0.040663	4.3
627	-0.739624	63.422230	0.074929	0.095373	4.2
628	-0.744918	62.837925	0.075451	0.032528	4.3
629	-0.766624	62.530550	0.075728	0.095467	6.2
630	-0.703516	61.791581	0.076404	0.138873	6.5
631	-0.731735	62.791557	0.075493	0.116887	6.6
632	-0.724909	61.827935	0.076371	0.108121	8.8
633	-0.739156	60.853876	0.077280	0.094312	7.7
634	-0.760477	61.853835	0.076347	0.084759	7.0
635	-0.759547	60.909249	0.077227	0.077990	6.6
636	-0.713222	61.830608	0.076368	0.107808	4.5
637	-0.744199	60.858981	0.077275	0.157860	5.4
638	-0.703611	59.884921	0.078205	0.087019	4.4
639	-0.736372	60.884921	0.077250	0.094840	4.2
640	-0.729915	61.861717	0.076340	0.117155	4.2
641	-0.728057	62.829454	0.075458	0.095178	11.6
642	-0.759181	61.862825	0.076339	0.155271	6.3
643	-0.718877	62.862039	0.075429	0.088104	6.0
644	-0.767912	63.861954	0.074540	0.160144	7.3
645	-0.743456	62.888434	0.075405	0.047181	7.6
646	-0.718367	61.922388	0.076284	0.098361	8.6
647	-0.744896	62.832903	0.075455	0.094785	6.8
648	-0.730765	61.859436	0.076342	0.056587	6.3
649	-0.720685	62.857604	0.075433	0.100386	7.4
650	-0.737930	63.835190	0.074564	0.178409	5.1
651	-0.727452	63.477412	0.074880	0.103967	4.4
652	-0.727082	64.477412	0.074004	0.120245	4.4
653	-0.722670	63.503353	0.074857	0.040906	6.0
654	-0.738735	62.529961	0.075729	0.087385	7.4
655	-0.760404	62.701312	0.075574	0.032746	8.7
656	-0.759951	61.923816	0.076283	0.053869	6.7
657	-0.733176	61.598919	0.076583	0.106084	8.1
658	-0.768456	60.645399	0.077477	0.087391	6.2
659	-0.734266	61.645276	0.076540	0.109533	6.8
660	-0.720407	62.644863	0.075625	0.166199	8.0
661	-0.741391	61.670804	0.076516	0.022837	6.9
662	-0.720946	61.179225	0.076974	0.106780	6.7
663	-0.738498	60.611726	0.077509	0.104260	5.3
664	-0.733720	59.638387	0.078445	0.085836	4.3
665	-0.768730	58.670905	0.079397	0.084226	4.5
666	-0.733367	57.696863	0.080380	0.055817	6.1
667	-0.744152	56.722843	0.081387	0.050380	6.4
668	-0.721829	56.101691	0.082043	0.129178	6.3
669	-0.752463	57.097003	0.080997	0.087473	7.6
670	-0.770387	57.635947	0.080442	0.216153	7.3
671	-0.718207	58.633735	0.079434	0.115303	7.9
672	-0.722104	59.633735	0.078449	0.109858	8.3
673	-0.774161	59.179047	0.078894	0.075377	6.3
674	-0.733475	58.259259	0.079809	0.045901	5.3
675	-0.745831	59.163157	0.078910	0.137208	5.5
676	-0.758686	60.154937	0.077945	0.117321	7.3
677	-0.733668	59.180878	0.078892	0.075063	6.8
678	-0.747659	59.857653	0.078232	0.059679	4.1
679	-0.717742	58.935238	0.079135	0.099828	9.7
680	-0.740839	58.245489	0.079823	0.084373	6.6
681	-0.729529	57.274886	0.080813	0.063435	5.2
682	-0.723691	56.448154	0.081676	0.077486	6.5
683	-0.716092	57.291519	0.080796	0.117183	5.6
684	-0.758754	56.317649	0.081814	0.088039	7.7
685	-0.766238	57.317632	0.080769	0.106637	8.2
686	-0.762674	58.306359	0.079762	0.154050	9.2
687	-0.773473	58.574673	0.079493	0.068454	6.6
688	-0.750092	59.574673	0.078507	0.074018	6.4
689	-0.736960	58.606337	0.079462	0.087858	6.0
690	-0.750232	57.632284	0.080446	0.177898	6.2
691	-0.729864	56.658225	0.081455	0.058534	7.4
692	-0.730468	55.776693	0.082390	0.147411	7.4
693	-0.725350	54.850013	0.083397	0.122193	8.7
694	-0.725248	55.745704	0.082423	0.083492	5.9
695	-0.707677	54.771646	0.083483	0.095065	4.2
696	-0.723990	55.771109	0.082396	0.100086	4.3
697	-0.770266	56.771109	0.081337	0.139486	5.0
698	-0.733713	55.797050	0.082368	0.129088	6.1
699	-0.760640	54.822990	0.083426	0.142197	6.4
700	-0.712893	53.848931	0.084512	0.090369	6.4
701	-0.755920	54.841399	0.083406	0.165260	9.2
702	-0.738512	53.868728	0.084490	0.088125	9.6
703	-0.747558	52.894668	0.085603	0.054500	8.0
704	-0.741320	53.894566	0.084461	0.105270	6.4
705	-0.714813	54.880372	0.083363	0.056987	6.4
706	-0.712079	53.915909	0.084437	0.063203	8.8
707	-0.744158	54.724860	0.083535	0.049937	7.1
708	-0.750773	54.737626	0.083520	0.143496	7.4
709	-0.728469	55.568988	0.082614	0.140583	4.5
710	-0.718622	56.568988	0.081549	0.168272	4.2
711	-0.737947	55.594928	0.082586	0.110145	5.5
712	-0.732384	54.620881	0.083649	0.147641	6.2
713	-0.740300	53.646821	0.084741	0.128349	5.2
714	-0.726988	52.760731	0.085759	0.106351	4.7
715	-0.752010	51.786675	0.086907	0.061500	4.4
716	-0.741537	50.814089	0.088084	0.108493	4.4
717	-0.709491	51.796176	0.086895	0.062779	4.4
718	-0.733271	52.427407	0.086148	0.078122	7.6
719	-0.721183	51.453355	0.087306	0.134118	4.2
720	-0.735153	52.453355	0.086118	0.147732	4.3
721	-0.759583	51.479297	0.087275	0.117658	7.8
722	-0.735294	50.505237	0.088464	0.074224	7.0
723	-0.746348	51.499281	0.087251	0.056024	6.2
724	-0.743142	50.535924	0.088426	0.076214	9.0
725	-0.754548	51.062815	0.087780	0.068230	8.1
726	-0.735256	52.004470	0.086647	0.129276	8.5
727	-0.726747	53.004120	0.085477	0.143821	8.0
728	-0.738037	52.030061	0.086617	0.113755	9.0
729	-0.730292	51.056001	0.087788	0.036587	6.9
730	-0.736792	50.573351	0.088380	0.115324	7.6
731	-0.724068	51.363038	0.087415	0.112851	7.3
732	-0.752550	50.388978	0.088608	0.077341	6.3
733	-0.736471	49.509071	0.089714	0.063693	8.7
734	-0.748451	48.588404	0.090901	0.116370	6.2
735	-0.761452	47.634344	0.092164	0.078191	6.4
736	-0.675689	48.634139	0.090841	0.090974	6.5
737	-0.716960	49.629150	0.089561	0.106902	7.3
738	-0.724780	48.655091	0.090814	0.042659	7.4
739	-0.708229	49.654201	0.089530	0.079307	6.7
740	-0.754175	48.877525	0.090525	0.075786	9.4
741	-0.757807	47.924781	0.091776	0.111351	6.4
742	-0.718304	48.807990	0.090615	0.108678	6.5
743	-0.723019	49.807989	0.089335	0.065930	7.0
744	-0.744854	50.807107	0.088092	0.127537	8.2
745	-0.739430	51.807102	0.086882	0.081830	4.3
746	-0.743762	50.833043	0.088060	0.152106	4.6
747	-0.761595	49.890205	0.089231	0.087495	7.8
748	-0.740834	49.631269	0.089559	0.073662	8.6
749	-0.737180	48.657441	0.090811	0.073635	6.3
750	-0.741965	49.525363	0.089693	0.085035	6.6
751	-0.735812	50.521160	0.088444	0.128140	9.3
752	-0.737338	49.547100	0.089665	0.075492	4.9
753	-0.723596	50.547031	0.088412	0.065464	4.1
754	-0.733397	50.450556	0.088532	0.066233	6.6
755	-0.755182	49.582942	0.089620	0.105554	9.5
756	-0.736894	49.877664	0.089247	0.075484	6.2
757	-0.730363	48.906979	0.090487	0.105660	6.5
758	-0.729439	49.790727	0.089357	0.064422	6.1
759	-0.733432	50.790557	0.088112	0.075698	7.9
760	-0.711835	51.790523	0.086902	0.068355	6.6
761	-0.751230	51.687764	0.087025	0.157702	11.0
762	-0.735041	52.687531	0.085844	0.130839	6.0
763	-0.739898	53.687531	0.084695	0.050105	5.1
764	-0.744450	52.713720	0.085814	0.072348	6.4
765	-0.741813	53.244108	0.085201	0.148938	4.3
766	-0.730026	54.242548	0.084070	0.122173	4.2
767	-0.715186	55.242548	0.082967	0.175864	6.4
768	-0.755046	54.268489	0.084041	0.144563	8.9
769	-0.744968	53.294429	0.085143	0.122823	6.7
770	-0.738656	52.320370	0.086274	0.151670	5.3
771	-0.733594	53.320005	0.085114	0.107549	6.4
772	-0.727469	53.073363	0.085397	0.101715	7.3
773	-0.723795	54.073363	0.084259	0.097398	6.3
774	-0.718844	55.063788	0.083162	0.064272	6.5
775	-0.728779	54.100205	0.084229	0.114867	8.3
776	-0.712011	54.787792	0.083465	0.079796	6.5
777	-0.727664	55.757123	0.082411	0.206670	6.5
778	-0.717713	54.783064	0.083470	0.082660	7.0
779	-0.756127	55.783062	0.082383	0.122597	9.1
780	-0.745301	54.968800	0.083266	0.113190	5.7
781	-0.753688	53.995507	0.084347	0.097895	4.2
782	-0.729741	54.995498	0.083237	0.092121	4.3
783	-0.748857	54.021748	0.084317	0.071320	4.1
784	-0.731289	55.019453	0.083211	0.067771	4.7
785	-0.741490	54.119579	0.084208	0.102937	10.2
786	-0.752442	55.119577	0.083101	0.171661	8.1
787	-0.706889	56.119521	0.082024	0.140482	9.3
788	-0.750745	55.161246	0.083056	0.126074	6.2
789	-0.716414	54.187187	0.084132	0.094822	6.5
790	-0.741093	53.213132	0.085236	0.089480	6.3
791	-0.735099	54.190828	0.084128	0.121239	8.2
792	-0.759898	55.019072	0.083211	0.118747	9.5
793	-0.766891	56.019017	0.082131	0.092249	8.5
794	-0.691309	57.018160	0.081079	0.100838	6.1
795	-0.763695	58.018130	0.080053	0.092439	5.9
796	-0.729822	58.868756	0.079200	0.145942	6.1
797	-0.725274	57.989856	0.080082	0.075925	7.0
798	-0.748749	58.278745	0.079790	0.057644	8.1
799	-0.768534	59.167338	0.078905	0.080875	7.5
800	-0.727197	60.040145	0.078056	0.096967	8.4
801	-0.713220	59.066097	0.079005	0.056889	5.4
802	-0.719298	60.058048	0.078038	0.064528	6.6
803	-0.756578	60.961422	0.077178	0.108237	4.3
804	-0.712628	60.077685	0.078019	0.049356	6.9
805	-0.718699	59.137335	0.078935	0.060491	6.7
806	-0.708672	58.170385	0.079899	0.079874	4.1
807	-0.750441	57.229482	0.080860	0.077488	7.8
808	-0.736731	56.255999	0.081879	0.110995	8.7
809	-0.752788	55.283902	0.082922	0.059773	6.2
810	-0.761102	54.309869	0.083995	0.109208	6.6
811	-0.736841	53.335820	0.085095	0.071540	7.3
812	-0.724425	52.361791	0.086225	0.143525	5.9
813	-0.703964	51.477364	0.087277	0.154730	4.3
814	-0.733368	52.477364	0.086090	0.105815	4.1
815	-0.702864	51.503305	0.087246	0.073128	10.0
816	-0.751211	52.499153	0.086064	0.118658	6.2
817	-0.760715	53.499132	0.084909	0.071553	6.3
818	-0.727728	54.499118	0.083784	0.055624	6.5
819	-0.758498	55.422286	0.082772	0.081837	8.0
820	-0.720313	54.452036	0.083837	0.091710	4.7
821	-0.731476	53.619871	0.084772	0.103407	4.1
822	-0.747174	54.619867	0.083650	0.053047	4.2
823	-0.748639	55.030243	0.083199	0.087797	9.0
824	-0.746707	56.029633	0.082120	0.077363	5.0
825	-0.753314	56.016446	0.082134	0.073911	4.2
826	-0.715015	55.229384	0.082982	0.140060	4.7
827	-0.754494	54.659133	0.083607	0.111525	6.4
828	-0.718797	53.685073	0.084698	0.079125	6.3
829	-0.740053	54.088087	0.084243	0.096462	6.6
830	-0.740474	53.264586	0.085177	0.100359	8.5
831	-0.749647	53.427656	0.084990	0.059075	5.3
832	-0.710078	54.126962	0.084199	0.075305	6.6
833	-0.735461	53.326708	0.085106	0.229048	7.7
834	-0.719553	54.326708	0.083976	0.152516	8.0
835	-0.741801	55.326708	0.082876	0.085966	6.1
836	-0.735003	54.352652	0.083947	0.109945	7.2
837	-0.711393	54.539585	0.083739	0.164093	7.8
838	-0.722955	53.587837	0.084808	0.087367	8.5
839	-0.711447	52.850803	0.085654	0.101814	6.8
840	-0.704016	51.881703	0.086793	0.078794	6.6
841	-0.711561	50.962919	0.087901	0.151377	6.3
842	-0.711265	51.962919	0.086697	0.097417	6.5
843	-0.757425	50.988867	0.087870	0.068279	7.8
844	-0.740348	50.170346	0.088880	0.102659	4.3
845	-0.749676	51.170096	0.087649	0.103368	8.1
846	-0.725131	52.167103	0.086455	0.127049	6.8
847	-0.734680	53.167103	0.085289	0.065899	4.3
848	-0.743381	54.166228	0.084155	0.107693	6.0
849	-0.737731	55.159514	0.083058	0.075862	6.3
850	-0.768069	56.159511	0.081981	0.132409	6.6
851	-0.730925	55.856071	0.082305	0.135007	6.4
852	-0.719440	56.856071	0.081248	0.035875	8.2
853	-0.742077	55.883308	0.082276	0.127806	4.4
854	-0.729930	55.048354	0.083179	0.071594	4.1
855	-0.760069	56.048347	0.082100	0.200142	7.3
856	-0.701841	57.048347	0.081048	0.074911	8.0
857	-0.728220	56.074288	0.082072	0.058980	4.2
858	-0.710000	55.117305	0.083104	0.077382	4.6
859	-0.712966	54.944416	0.083293	0.125544	6.6
860	-0.761328	53.970536	0.084375	0.091717	4.2
861	-0.735073	54.967522	0.083268	0.115858	5.4
862	-0.721578	55.914891	0.082242	0.096149	5.3
863	-0.749719	56.914812	0.081187	0.092645	6.2
864	-0.740552	56.365074	0.081764	0.181146	9.7
865	-0.728731	57.192698	0.080898	0.078928	6.6
866	-0.740496	58.192698	0.079877	0.152584	7.3
867	-0.728297	59.192317	0.078881	0.113064	6.3
868	-0.741195	58.218258	0.079851	0.047302	4.5
869	-0.741021	59.217043	0.078857	0.055156	4.9
870	-0.751222	59.835950	0.078253	0.107203	5.6
871	-0.756745	60.833914	0.077299	0.111572	8.6
872	-0.750399	59.859854	0.078230	0.110203	10.0
873	-0.736179	59.366665	0.078710	0.158708	6.2
874	-0.739287	58.610325	0.079458	0.063537	6.7
875	-0.747041	59.610325	0.078472	0.137855	6.5
876	-0.735590	58.636269	0.079432	0.070553	7.7
877	-0.746910	59.636255	0.078447	0.080232	8.5
878	-0.776877	60.607728	0.077513	0.075581	6.5
879	-0.706093	61.374912	0.076791	0.121271	6.1
880	-0.765034	62.364487	0.075879	0.032934	8.3
881	-0.742521	61.458934	0.076713	0.108605	6.5
882	-0.747685	60.585827	0.077534	0.063371	5.0
883	-0.745920	59.611775	0.078470	0.062969	4.7
884	-0.772584	59.648603	0.078435	0.149570	7.1
885	-0.758124	60.507895	0.077608	0.121421	7.8
886	-0.699102	61.507895	0.076667	0.104592	6.5
887	-0.775642	62.507894	0.075749	0.142565	7.1
888	-0.721412	63.507893	0.074853	0.089654	7.1
889	-0.720473	64.469771	0.074010	0.070165	5.1
890	-0.740656	63.496695	0.074863	0.096393	6.7
891	-0.728062	64.457314	0.074021	0.099403	6.9
892	-0.729840	65.457273	0.073165	0.082675	7.3
893	-0.741593	66.457273	0.072328	0.077689	6.4
894	-0.772926	65.483240	0.073143	0.101598	6.3
895	-0.755667	64.783633	0.073739	0.103588	9.1
896	-0.746294	63.809580	0.074586	0.073764	6.4
897	-0.716861	64.802472	0.073723	0.080290	4.4
898	-0.729991	64.432060	0.074043	0.044828	4.3
899	-0.752593	65.304751	0.073294	0.108320	4.2
900	-0.770807	66.009787	0.072700	0.072840	4.4
901	-0.728803	67.009737	0.071874	0.085309	8.0
902	-0.720727	66.125430	0.072604	0.114221	9.4
903	-0.759733	67.125001	0.071780	0.063957	6.9
904	-0.729804	67.565456	0.071423	0.068696	4.2
905	-0.745314	66.614339	0.072199	0.089624	4.2
906	-0.753677	65.651057	0.073001	0.090263	4.7
907	-0.763296	66.474248	0.072314	0.122253	4.5
908	-0.751611	67.472711	0.071498	0.151840	4.3
909	-0.732764	66.498652	0.072294	0.111502	4.3
910	-0.759774	65.526067	0.073107	0.128965	4.7
911	-0.719069	66.526066	0.072271	0.062147	7.5
912	-0.759213	65.574192	0.073066	0.096426	4.3
913	-0.736641	65.110244	0.073460	0.124783	6.6
914	-0.721484	66.109779	0.072617	0.092991	9.9
915	-0.755898	67.109778	0.071793	0.117310	9.4
916	-0.721423	66.135720	0.072595	0.083202	12.3
917	-0.734806	65.678689	0.072978	0.056706	10.5
918	-0.730513	66.678581	0.072146	0.105560	8.7
919	-0.748347	65.704590	0.072956	0.143153	8.3
920	-0.736334	66.704590	0.072124	0.074970	6.5
921	-0.755178	65.732527	0.072933	0.059334	7.9
922	-0.717063	66.597417	0.072213	0.118077	10.5
923	-0.747773	65.627181	0.073021	0.146164	9.8
924	-0.754251	64.653122	0.073852	0.049110	6.3
925	-0.714391	65.652911	0.073000	0.111391	6.5
926	-0.743509	64.684141	0.073825	0.108570	6.4
927	-0.704669	65.684141	0.072973	0.088523	6.9
928	-0.719927	66.186414	0.072553	0.080699	7.4
929	-0.762834	67.186354	0.071730	0.101525	4.1
930	-0.737027	66.767283	0.072073	0.054972	7.1
931	-0.745538	65.864906	0.072822	0.135279	8.3
932	-0.726378	66.862627	0.071995	0.069778	4.1
933	-0.770660	67.862618	0.071184	0.199650	4.4
934	-0.760492	68.861677	0.070393	0.113811	7.3
935	-0.733025	69.861407	0.069619	0.126192	6.3
936	-0.730949	68.887399	0.070373	0.087182	6.6
937	-0.714646	67.913339	0.071144	0.108841	6.5
938	-0.732630	68.907949	0.070357	0.144438	11.2
939	-0.742218	67.933889	0.071127	0.044648	6.0
940	-0.706752	66.998734	0.071883	0.114121	9.1
941	-0.701482	66.912208	0.071954	0.046156	6.1
942	-0.732990	65.943998	0.072755	0.069417	6.6
943	-0.747484	66.924958	0.071944	0.073136	7.1
944	-0.722718	66.426194	0.072354	0.048038	6.3
945	-0.762394	67.315565	0.071625	0.070286	6.8
946	-0.743602	67.062834	0.071831	0.076557	6.5
947	-0.738604	68.051298	0.071034	0.106114	9.5
948	-0.735854	69.038901	0.070255	0.082927	7.4
949	-0.735883	70.036672	0.069485	0.089099	6.8
950	-0.714144	71.036594	0.068730	0.083274	8.1
951	-0.730371	72.036258	0.067991	0.084691	7.5
952	-0.747900	72.843650	0.067406	0.065860	6.7
953	-0.792156	73.842788	0.066696	0.156569	6.2
954	-0.762466	73.041811	0.067264	0.053079	7.3
955	-0.758441	74.041469	0.066557	0.045158	6.3
956	-0.726763	74.430572	0.066285	0.069647	6.9
957	-0.745552	74.599801	0.066168	0.127560	8.5
958	-0.758695	74.323554	0.066360	0.080852	7.0
959	-0.745390	73.349494	0.067045	0.152915	7.1
960	-0.751188	74.349449	0.066342	0.088285	6.3
961	-0.755505	75.345661	0.065656	0.167534	6.6
962	-0.759190	76.344597	0.064982	0.089421	6.2
963	-0.745271	75.390629	0.065625	0.086179	6.7
964	-0.756207	76.355174	0.064975	0.105308	7.8
965	-0.732561	77.302277	0.064349	0.121898	6.9
966	-0.749793	76.328218	0.064993	0.113545	5.2
967	-0.738865	75.354159	0.065650	0.063037	6.8
968	-0.757746	76.309078	0.065006	0.163464	6.4
969	-0.711079	75.336852	0.065662	0.107690	5.2
970	-0.717834	76.336852	0.064987	0.136937	6.2
971	-0.753790	75.362808	0.065644	0.121721	6.5
972	-0.762212	74.388749	0.066314	0.072888	6.1
973	-0.731454	75.388749	0.065626	0.139484	7.6
974	-0.729875	74.527138	0.066218	0.079577	4.2
975	-0.710564	75.515242	0.065540	0.104358	7.0
976	-0.734933	76.515242	0.064868	0.091388	8.5
977	-0.767127	77.515208	0.064210	0.106061	5.0
978	-0.739799	78.343764	0.063674	0.105166	4.5
979	-0.761226	77.543339	0.064191	0.152741	4.4
980	-0.769979	78.543338	0.063547	0.076087	5.4
981	-0.722358	79.414584	0.062995	0.062399	4.4
982	-0.734490	80.413189	0.062375	0.106105	4.6
983	-0.724091	81.385766	0.061782	0.083215	6.2
984	-0.738185	82.385761	0.061185	0.117430	12.9
985	-0.724464	83.385761	0.060599	0.038974	6.3
986	-0.716319	84.123195	0.060174	0.066957	8.6
987	-0.744378	85.046250	0.059650	0.066535	6.5
988	-0.730005	84.081653	0.060197	0.060203	6.8
989	-0.735394	84.953439	0.059702	0.083588	6.9
990	-0.760929	85.934343	0.059154	0.064078	5.2
991	-0.753721	86.894718	0.058628	0.067706	8.8
992	-0.756388	85.929419	0.059157	0.086395	4.5
993	-0.749442	86.928877	0.058609	0.101703	4.1
994	-0.749623	87.928876	0.058071	0.119185	5.5
995	-0.716788	88.928868	0.057543	0.060616	6.4
996	-0.721895	89.928178	0.057025	0.061150	6.5
997	-0.738708	90.626223	0.056668	0.129903	7.4
998	-0.761761	91.464025	0.056246	0.194582	6.3
999	-0.743270	90.752442	0.056604	0.088218	7.1
