1:ItNr	2:Metric	3a:Time	3b:StepSize	4:||Gradient||	Time[ms]
0	-1.428913	0.000000	719.766379	0.005881	260.7
1	-1.425876	0.000000	719.766379	0.005913	10.2
2	-1.440160	0.000000	719.766379	0.003745	9.6
3	-1.439442	0.000000	719.766379	0.004111	10.1
4	-1.451045	0.000000	719.766379	0.004251	11.4
5	-1.439609	0.000000	719.766379	0.003035	7.2
6	-1.426493	0.000000	719.766379	0.003653	7.6
7	-1.481090	0.000000	719.766379	0.002882	10.8
8	-1.442269	0.000000	719.766379	0.002705	7.3
9	-1.427798	0.000000	719.766379	0.002865	7.3
10	-1.470902	0.000000	719.766379	0.003692	10.0
11	-1.473679	0.000000	719.766379	0.003186	7.1
12	-1.483977	0.349376	707.987607	0.002608	7.2
13	-1.475667	0.082117	716.962826	0.003483	7.2
14	-1.507561	0.000000	719.766379	0.003631	9.7
15	-1.445231	0.502361	702.950423	0.003803	10.5
16	-1.455097	1.502351	671.711780	0.002872	14.5
17	-1.450872	1.235091	679.785573	0.002907	14.5
18	-1.468628	0.967831	688.055818	0.002420	8.9
19	-1.458034	0.700571	696.529771	0.002907	12.9
20	-1.457105	0.433312	705.215055	0.002696	12.4
21	-1.513010	0.166052	714.119672	0.002814	16.0
22	-1.486059	0.000000	719.766379	0.003043	11.9
23	-1.490720	0.000000	719.766379	0.002990	14.0
24	-1.509268	0.000000	719.766379	0.002773	13.1
25	-1.491585	0.961108	688.266451	0.003214	10.4
26	-1.496231	0.693848	696.745626	0.003371	11.8
27	-1.484635	1.693848	666.043666	0.002876	7.9
28	-1.477254	2.693837	637.933566	0.003023	10.2
29	-1.508295	3.692687	612.128358	0.002691	7.6
30	-1.508692	3.425786	618.817107	0.002592	11.1
31	-1.506603	3.158550	625.662294	0.002143	12.3
32	-1.528183	3.390326	619.716759	0.002648	11.3
33	-1.510313	3.123067	626.582609	0.002427	11.5
34	-1.491801	2.855816	633.602054	0.003375	10.4
35	-1.506802	3.855816	608.110956	0.002634	7.2
36	-1.503035	4.363027	595.949928	0.002728	9.6
37	-1.501230	4.095811	602.295495	0.003041	12.9
38	-1.494945	3.828551	608.778731	0.002599	12.1
39	-1.536310	4.828551	585.208757	0.003009	11.3
40	-1.489823	4.561291	591.327491	0.003725	12.0
41	-1.526418	5.561291	569.064737	0.005332	10.2
42	-1.507254	6.561291	548.417492	0.004762	8.6
43	-1.475430	7.561291	529.216066	0.002904	9.4
44	-1.507272	8.561291	511.313734	0.002461	8.6
45	-1.524845	8.294031	515.978629	0.003460	8.2
46	-1.504839	9.294031	498.946277	0.003094	10.5
47	-1.543649	10.294031	483.002461	0.003068	12.0
48	-1.510315	10.807351	475.207569	0.004034	10.2
49	-1.523660	11.807351	460.722780	0.003048	13.7
50	-1.522850	11.545928	464.423511	0.002707	11.2
51	-1.500131	11.278668	468.268828	0.002308	14.1
52	-1.522681	12.254786	454.523862	0.003056	7.8
53	-1.524653	11.993449	458.124088	0.002786	12.2
54	-1.521935	11.908947	459.300447	0.002754	9.6
55	-1.553753	12.831576	446.774753	0.002319	11.3
56	-1.512348	12.564337	450.331973	0.002673	13.7
57	-1.542855	13.520949	437.852788	0.002431	9.6
58	-1.533272	13.253690	441.269075	0.002833	10.6
59	-1.518279	14.242826	428.884277	0.003823	10.9
60	-1.516533	15.242826	417.050645	0.002652	12.6
61	-1.522448	16.242806	405.852713	0.002690	7.5
62	-1.520876	17.189861	395.788141	0.002623	9.2
63	-1.508339	18.189859	385.688904	0.002574	8.9
64	-1.501592	17.922602	388.337192	0.002406	8.6
65	-1.525625	17.660894	390.965968	0.002667	8.3
66	-1.546137	18.660850	381.108673	0.002768	10.9
67	-1.523578	18.393591	383.694238	0.002755	13.2
68	-1.550861	19.381225	374.309943	0.003338	7.6
69	-1.537802	20.381203	365.264733	0.002208	12.3
70	-1.533155	20.114440	367.634681	0.002822	11.1
71	-1.500759	19.847181	370.040072	0.002254	13.1
72	-1.537855	20.459093	364.578505	0.003001	7.6
73	-1.528786	20.191833	366.943953	0.002216	8.7
74	-1.515524	20.876913	360.940975	0.003067	12.6
75	-1.547180	20.609673	363.259142	0.002667	11.1
76	-1.541752	21.609673	354.733868	0.002977	13.8
77	-1.531001	21.342413	356.972902	0.002946	7.6
78	-1.513831	22.341564	348.743623	0.002530	11.6
79	-1.539615	22.074305	350.907437	0.002999	11.0
80	-1.509920	23.037406	343.233071	0.002281	11.6
81	-1.516467	22.770146	345.328847	0.002200	12.0
82	-1.528889	22.502886	347.450372	0.002480	8.4
83	-1.544604	22.235701	349.597519	0.002807	10.8
84	-1.510707	21.968442	351.771983	0.002607	7.1
85	-1.554106	21.701208	353.973455	0.002503	7.9
86	-1.535363	22.701148	345.874075	0.002488	10.0
87	-1.535266	22.433888	348.002326	0.003657	11.1
88	-1.559261	23.433838	340.170794	0.003535	14.9
89	-1.550947	24.433355	332.687165	0.002085	13.7
90	-1.549730	24.166095	334.655759	0.002231	11.2
91	-1.535448	23.898836	336.647794	0.003118	12.1
92	-1.543692	23.633180	338.651511	0.002616	7.1
93	-1.515167	23.585012	339.017383	0.002356	11.1
94	-1.539563	23.317752	341.061839	0.002995	10.0
95	-1.539326	23.050492	343.131104	0.003221	11.3
96	-1.507275	23.162609	342.259989	0.002500	12.7
97	-1.545694	22.918674	344.160985	0.002888	7.8
98	-1.519905	22.651414	346.268142	0.002322	12.8
99	-1.545061	22.865748	344.576226	0.003360	11.3
100	-1.535375	23.865697	336.896448	0.002969	11.7
101	-1.529116	24.865697	329.551167	0.002107	11.1
102	-1.533470	24.598437	331.482718	0.002435	9.1
103	-1.537120	24.331178	333.437046	0.002266	10.7
104	-1.549502	24.063919	335.414548	0.002186	7.1
105	-1.575361	23.796659	337.415653	0.002411	9.4
106	-1.532242	23.529574	339.439445	0.002223	9.0
107	-1.533896	23.262314	341.489010	0.003070	11.3
108	-1.516174	24.262314	333.944348	0.002293	15.1
109	-1.534453	23.995075	335.927740	0.002713	11.3
110	-1.550253	23.908312	336.576753	0.003162	12.1
111	-1.548917	24.884191	329.418337	0.002683	12.3
112	-1.569483	24.753837	330.356860	0.002592	9.9
113	-1.575502	24.502748	332.179804	0.002505	11.7
114	-1.577342	24.235488	334.142384	0.002076	10.8
115	-1.571448	23.968257	336.128082	0.003054	12.8
116	-1.526740	23.700997	338.137735	0.002754	7.1
117	-1.576808	23.434844	340.163090	0.002475	11.0
118	-1.527788	23.169480	342.206747	0.003169	7.7
119	-1.542063	22.902220	344.289969	0.002214	11.1
120	-1.530661	22.635002	346.398381	0.003517	11.6
121	-1.535514	23.628852	338.684355	0.002724	12.0
122	-1.570486	24.628852	331.261765	0.002107	12.8
123	-1.571635	24.361609	333.213356	0.002236	11.0
124	-1.588527	24.096551	335.171842	0.002760	15.5
125	-1.546076	25.003666	328.562813	0.002500	11.5
126	-1.535546	24.736406	330.482763	0.003286	15.3
127	-1.566010	25.736406	323.411557	0.002416	11.2
128	-1.542766	26.736406	316.636612	0.002437	10.2
129	-1.572673	26.469147	318.419332	0.003165	11.1
130	-1.571825	27.469147	311.849806	0.002779	15.8
131	-1.567643	27.202371	313.575738	0.002240	12.0
132	-1.550552	26.936165	315.317128	0.002247	11.3
133	-1.553250	27.438220	312.048912	0.002862	13.4
134	-1.569029	27.180510	313.718012	0.002477	11.3
135	-1.535720	26.914273	315.461200	0.002287	12.3
136	-1.559304	26.656705	317.166154	0.002572	12.5
137	-1.557552	26.389446	318.954858	0.002683	9.9
138	-1.527604	26.122191	320.763817	0.003783	10.5
139	-1.543956	25.931037	322.070314	0.002256	11.4
140	-1.561432	26.931010	315.351043	0.002940	9.3
141	-1.560534	26.667051	317.097318	0.002154	11.0
142	-1.578972	26.399791	318.885245	0.002601	11.5
143	-1.563920	26.132531	320.693448	0.002323	13.5
144	-1.543529	27.131681	314.036281	0.003274	11.0
145	-1.577452	28.131659	307.644689	0.003284	12.1
146	-1.543610	27.864399	309.327326	0.002996	9.1
147	-1.623767	28.864399	303.123956	0.002552	12.9
148	-1.536674	29.864352	297.164778	0.002571	12.7
149	-1.587590	29.597094	298.734427	0.003096	8.8
150	-1.572332	30.597094	292.944674	0.003457	10.7
151	-1.581157	31.597094	287.375076	0.002480	8.1
152	-1.566761	32.597094	282.013310	0.002575	13.2
153	-1.571397	32.329834	283.426606	0.002189	13.0
154	-1.569222	33.328255	278.217919	0.002542	11.1
155	-1.528095	33.092855	279.428661	0.002631	8.4
156	-1.538760	34.076555	274.437899	0.002601	12.6
157	-1.525575	35.076534	269.544011	0.002606	12.0
158	-1.574207	34.811374	270.824618	0.002579	8.1
159	-1.570988	35.811374	266.057534	0.002473	9.3
160	-1.545497	36.811373	261.455369	0.002679	11.1
161	-1.547325	37.369228	258.956552	0.002181	13.6
162	-1.546569	37.101969	260.147704	0.002328	9.2
163	-1.550339	36.886440	261.116315	0.002062	11.3
164	-1.525511	37.532864	258.232605	0.002339	9.2
165	-1.580809	37.303755	259.247348	0.001908	11.3
166	-1.537741	37.036507	260.441140	0.003098	14.6
167	-1.574680	37.527887	258.254563	0.002984	12.7
168	-1.544458	38.527887	253.916183	0.003069	11.4
169	-1.592834	39.204014	251.064553	0.002249	10.9
170	-1.542865	40.204014	246.962460	0.001829	11.7
171	-1.580158	39.936755	248.045600	0.002597	12.5
172	-1.526353	39.886252	248.251346	0.001974	10.3
173	-1.543982	39.618992	249.345847	0.002342	8.7
174	-1.601786	39.351732	250.450042	0.002224	10.9
175	-1.539792	39.084492	251.563981	0.001901	7.6
176	-1.565754	38.933366	252.198318	0.002107	11.1
177	-1.576445	38.666108	253.327968	0.002275	7.3
178	-1.545732	38.722914	253.087013	0.002233	7.5
179	-1.554553	38.949173	252.131816	0.002127	8.8
180	-1.584106	38.681916	253.260870	0.002694	7.1
181	-1.568173	38.475813	254.138503	0.002302	7.1
182	-1.557650	38.208553	255.285649	0.002951	7.4
183	-1.563972	37.941293	256.443201	0.002831	10.1
184	-1.555179	38.931075	252.207956	0.002849	10.7
185	-1.553149	38.663815	253.337704	0.003069	13.9
186	-1.558628	39.327815	250.549336	0.001979	13.2
187	-1.544730	39.060555	251.664240	0.002947	13.4
188	-1.580784	39.773989	248.709919	0.002242	11.9
189	-1.579751	39.506920	249.807691	0.002517	11.5
190	-1.561679	39.239661	250.915986	0.002573	11.9
191	-1.555249	40.071308	247.499101	0.002907	9.5
192	-1.584436	39.804049	248.586966	0.002871	9.9
193	-1.530340	39.536789	249.684435	0.002316	7.1
194	-1.534329	39.269986	250.789737	0.002542	9.4
195	-1.592834	39.002726	251.906787	0.002608	11.0
196	-1.562740	38.735467	253.033830	0.003214	11.8
197	-1.615170	39.735467	248.867668	0.003208	9.8
198	-1.569696	40.521340	245.688632	0.002749	12.7
199	-1.577505	40.254087	246.760580	0.001996	11.5
200	-1.568295	39.987398	247.839627	0.003623	11.8
201	-1.565003	39.720138	248.930493	0.002216	7.8
202	-1.548930	40.720132	244.897304	0.002178	8.5
203	-1.586800	40.456203	245.949037	0.002311	11.1
204	-1.561927	40.188943	247.023288	0.001899	11.5
205	-1.577718	39.922311	248.104409	0.002141	11.1
206	-1.544085	39.655051	249.197612	0.002642	7.3
207	-1.617487	40.015236	247.726551	0.002535	18.0
208	-1.578889	40.667042	245.108138	0.002848	12.3
209	-1.545298	40.399783	246.175037	0.002215	11.6
210	-1.587580	40.175599	247.077172	0.002972	12.8
211	-1.615246	41.175589	243.103349	0.003156	8.3
212	-1.615824	42.160808	239.311281	0.002475	13.0
213	-1.571513	43.160808	235.581414	0.003191	9.7
214	-1.550646	44.160808	231.966029	0.003423	11.3
215	-1.562787	43.893549	232.921365	0.002647	12.0
216	-1.545745	43.626289	233.884603	0.003213	12.8
217	-1.562632	43.359051	234.855762	0.002499	12.4
218	-1.572451	44.359051	231.262445	0.002340	11.9
219	-1.583522	44.091791	232.211983	0.002944	10.4
220	-1.551315	43.824532	233.169351	0.002344	7.6
221	-1.598937	43.557272	234.134646	0.002119	10.4
222	-1.595540	43.293843	235.093956	0.002269	11.7
223	-1.536083	44.067010	232.300422	0.002558	9.0
224	-1.568202	45.066987	228.784369	0.002307	10.1
225	-1.608704	46.065929	225.376644	0.002845	11.8
226	-1.604750	45.941100	225.796917	0.002850	13.1
227	-1.567053	46.941099	222.473498	0.002474	7.1
228	-1.565072	46.679265	223.334192	0.002554	7.0
229	-1.562159	47.679210	220.082525	0.001798	11.2
230	-1.581476	47.459504	220.788832	0.003038	11.7
231	-1.569961	47.192296	221.653981	0.002679	13.7
232	-1.547887	48.192296	218.450532	0.002616	14.3
233	-1.594342	47.927632	219.289326	0.002416	11.3
234	-1.618412	47.660372	220.142907	0.002892	11.8
235	-1.593705	48.654539	217.000848	0.002574	7.0
236	-1.544541	49.654539	213.929554	0.002149	13.1
237	-1.593092	49.497456	214.406233	0.002826	8.5
238	-1.566907	49.230196	215.222152	0.002384	10.9
239	-1.586140	48.962936	216.044305	0.002467	11.7
240	-1.608100	49.962924	212.999874	0.002645	10.3
241	-1.584244	49.695668	213.805093	0.002078	13.6
242	-1.536919	49.428438	214.616346	0.002070	11.1
243	-1.607266	49.182233	215.369237	0.002568	13.7
244	-1.546634	48.914988	216.192471	0.002884	7.2
245	-1.615263	48.647728	217.022068	0.002675	10.1
246	-1.563885	49.647728	213.950178	0.002010	12.3
247	-1.595520	49.500979	214.395517	0.002338	11.5
248	-1.565666	49.233725	215.211338	0.002767	12.8
249	-1.574551	50.233710	212.190183	0.001962	7.5
250	-1.587451	51.233706	209.252642	0.002326	12.5
251	-1.544519	50.966447	210.029738	0.002363	7.3
252	-1.593196	51.966436	207.151326	0.002769	7.1
253	-1.564682	51.699176	207.912864	0.002027	11.0
254	-1.592640	51.431925	208.679998	0.002714	11.7
255	-1.554103	51.164665	209.452838	0.002780	15.0
256	-1.597845	52.164437	206.590723	0.002449	13.3
257	-1.583920	51.897701	207.346649	0.002743	11.8
258	-1.577659	51.644083	208.070546	0.002429	11.2
259	-1.571742	51.733886	207.813645	0.002145	8.1
260	-1.572930	51.466648	208.580007	0.002725	9.4
261	-1.614153	51.230944	209.260646	0.002755	7.5
262	-1.555079	52.230930	206.403142	0.002663	11.2
263	-1.538485	51.963995	207.158255	0.002014	11.3
264	-1.578254	51.703749	207.899788	0.002433	13.3
265	-1.577379	52.703570	205.079538	0.002333	12.4
266	-1.605594	52.465104	205.745220	0.002556	11.3
267	-1.597266	53.463448	202.986760	0.002280	12.6
268	-1.593016	54.463448	200.296891	0.002597	8.8
269	-1.567435	54.196199	201.008750	0.002507	10.7
270	-1.568880	53.928939	201.725717	0.002206	7.2
271	-1.568812	54.833956	199.318283	0.002940	11.1
272	-1.599618	54.566697	200.023220	0.003770	11.4
273	-1.602760	55.566697	197.410815	0.002758	12.3
274	-1.581558	56.566697	194.865769	0.001938	12.7
275	-1.595010	57.566694	192.385516	0.002661	11.5
276	-1.539977	57.301521	193.037041	0.001959	14.2
277	-1.588532	57.034262	193.698174	0.002576	7.1
278	-1.575218	56.767623	194.362298	0.002127	9.4
279	-1.596146	56.533997	194.947953	0.002129	12.5
280	-1.579778	56.266737	195.622263	0.002434	11.2
281	-1.597528	56.315972	195.497690	0.002435	13.1
282	-1.573086	56.330602	195.460704	0.002977	7.9
283	-1.569616	57.330602	192.965374	0.002049	11.0
284	-1.591040	57.422823	192.738459	0.002636	11.8
285	-1.573045	57.537412	192.457244	0.002316	11.6
286	-1.604565	58.503441	190.118739	0.002177	11.3
287	-1.548612	58.237871	190.755931	0.002588	7.0
288	-1.582821	57.970612	191.401506	0.002321	11.8
289	-1.554464	58.935826	189.090359	0.002114	7.2
290	-1.581838	58.857582	189.275628	0.002691	7.0
291	-1.592829	58.813443	189.380302	0.002000	8.7
292	-1.601131	58.550605	190.006022	0.002210	9.3
293	-1.566987	58.404849	190.354798	0.002826	10.9
294	-1.596036	58.317853	190.563579	0.002940	9.4
295	-1.553095	58.050597	191.207842	0.002202	9.7
296	-1.563461	59.050597	188.819255	0.002171	13.2
297	-1.587423	58.783337	189.451764	0.002870	13.2
298	-1.561901	58.757488	189.513165	0.002042	14.4
299	-1.588068	59.755745	187.170510	0.002095	13.5
300	-1.597334	60.720348	184.961204	0.002136	8.9
301	-1.592552	60.453089	185.568087	0.002933	7.5
302	-1.599169	61.453088	183.317501	0.002602	8.8
303	-1.581978	61.186194	183.912810	0.002846	8.0
304	-1.589422	62.101041	181.888143	0.002248	15.9
305	-1.598738	63.100975	179.725550	0.001790	12.4
306	-1.564486	64.097072	177.621787	0.002413	11.4
307	-1.569885	63.843076	178.153535	0.002151	11.9
308	-1.579085	64.538309	176.705550	0.002030	11.9
309	-1.579590	65.133798	175.483891	0.002856	10.9
310	-1.600147	64.866538	176.030085	0.003114	9.8
311	-1.550099	65.866538	174.003642	0.002446	10.5
312	-1.587544	65.599278	174.540646	0.002737	9.9
313	-1.592085	66.597268	172.552116	0.002210	11.9
314	-1.592122	67.545353	170.704542	0.003231	7.2
315	-1.566665	68.545353	168.798195	0.002085	9.5
316	-1.578081	68.278093	169.303503	0.002003	11.2
317	-1.581356	68.010934	169.811654	0.002321	13.6
318	-1.557687	67.755999	170.299407	0.002715	12.5
319	-1.569208	67.488739	170.813756	0.002290	14.3
320	-1.588801	67.221484	171.331213	0.002476	12.0
321	-1.611913	68.221484	169.410923	0.002368	12.5
322	-1.586360	67.954224	169.919912	0.001786	12.3
323	-1.548525	67.690077	170.425987	0.002557	10.2
324	-1.570993	67.634101	170.533618	0.003223	9.1
325	-1.555995	67.377588	171.028587	0.002451	7.8
326	-1.596511	68.377587	169.115036	0.002943	13.5
327	-1.564989	69.361149	167.274255	0.002154	14.3
328	-1.553319	70.360975	165.443658	0.002933	10.8
329	-1.604816	70.093720	165.929044	0.002281	9.6
330	-1.556172	71.093720	164.127304	0.002363	10.4
331	-1.571164	70.826462	164.604991	0.002679	10.7
332	-1.588251	70.559202	165.085471	0.003094	14.0
333	-1.598397	70.291953	165.568744	0.002337	7.1
334	-1.575976	70.024693	166.054875	0.002480	10.7
335	-1.582785	70.333346	165.493706	0.002276	7.4
336	-1.542891	70.066088	165.979393	0.002405	9.7
337	-1.559111	69.798830	166.467937	0.002407	14.8
338	-1.574215	69.531571	166.959370	0.002113	9.7
339	-1.604121	69.264311	167.453712	0.002554	9.4
340	-1.570506	70.264310	165.618892	0.002428	9.3
341	-1.606902	69.997055	166.105310	0.002867	12.4
342	-1.591167	69.729795	166.594600	0.002394	12.0
343	-1.596090	69.462685	167.086506	0.002975	8.7
344	-1.590502	69.195427	167.581599	0.002614	11.0
345	-1.591413	68.936217	168.064596	0.002497	9.1
346	-1.576755	68.668958	168.565515	0.001932	18.6
347	-1.560807	69.668321	166.707553	0.001960	10.8
348	-1.579508	70.650685	164.920688	0.002415	11.3
349	-1.599285	70.388771	165.393339	0.002755	13.4
350	-1.590389	71.388770	163.603151	0.002378	10.1
351	-1.605099	71.122082	164.076773	0.002674	11.7
352	-1.570033	70.856848	164.550541	0.001907	8.7
353	-1.582801	70.589592	165.030695	0.002645	9.9
354	-1.577988	71.420641	163.546733	0.002822	11.6
355	-1.596702	71.153382	164.021045	0.002380	11.6
356	-1.576412	70.886122	164.498116	0.002689	13.0
357	-1.571910	70.618862	164.977971	0.002391	12.6
358	-1.582488	70.351604	165.460630	0.003499	7.9
359	-1.611862	71.351603	163.668993	0.002407	10.0
360	-1.600347	72.351603	161.915740	0.002047	8.9
361	-1.571323	72.084344	162.380626	0.002287	11.1
362	-1.584712	73.084339	160.654729	0.002518	11.4
363	-1.569005	72.817079	161.112392	0.002318	11.0
364	-1.605381	72.549819	161.572669	0.002921	7.1
365	-1.591518	72.282559	162.035584	0.002510	12.9
366	-1.584333	73.268436	160.340986	0.002656	9.1
367	-1.583407	73.001176	160.796860	0.002201	7.6
368	-1.625085	73.074587	160.671383	0.002729	7.1
369	-1.575909	72.810591	161.123534	0.002306	7.3
370	-1.602301	72.543354	161.583836	0.002367	7.7
371	-1.575190	72.276097	162.046810	0.002233	9.6
372	-1.634690	72.055554	162.430864	0.002723	13.9
373	-1.600155	71.788298	162.898710	0.002816	8.8
374	-1.589462	71.738605	162.985996	0.002429	9.0
375	-1.587272	72.738605	161.247267	0.002578	7.2
376	-1.609880	72.981539	160.830458	0.002362	13.3
377	-1.589906	73.981127	159.137867	0.002435	12.6
378	-1.591632	73.765859	159.499360	0.002557	7.2
379	-1.602256	73.498600	159.950454	0.002409	10.7
380	-1.569178	73.255806	160.362471	0.002333	8.7
381	-1.572423	72.991795	160.812908	0.002715	12.2
382	-1.547102	72.724535	161.271474	0.003060	11.9
383	-1.607618	73.472030	159.995440	0.002491	9.9
384	-1.609801	74.470097	158.322810	0.001781	9.5
385	-1.601189	74.202865	158.767217	0.002177	11.6
386	-1.577619	73.935880	159.213713	0.002695	7.8
387	-1.572724	73.668620	159.663191	0.002648	12.2
388	-1.580694	73.401360	160.115213	0.002175	10.0
389	-1.588084	73.134102	160.569800	0.002387	10.1
390	-1.577909	72.868887	161.023470	0.002931	8.7
391	-1.613506	72.601630	161.483235	0.002140	8.8
392	-1.606104	72.334370	161.945636	0.002270	10.7
393	-1.625414	73.328707	160.238536	0.002909	8.3
394	-1.618582	74.181991	158.802037	0.002620	7.3
395	-1.610753	73.914731	159.249190	0.002474	11.1
396	-1.581302	73.647471	159.698868	0.002549	11.4
397	-1.582067	73.380214	160.151089	0.003534	12.1
398	-1.582743	74.380214	158.472008	0.002499	13.0
399	-1.602514	75.380214	156.827770	0.003364	9.2
400	-1.604614	75.113161	157.263520	0.002244	10.8
401	-1.619356	74.845901	157.702038	0.002833	11.6
402	-1.602882	74.578641	158.143009	0.001862	8.5
403	-1.582311	74.322046	158.568710	0.002494	10.4
404	-1.615828	74.104658	158.931163	0.002062	8.8
405	-1.582333	74.024410	159.065380	0.002747	7.2
406	-1.576644	73.757308	159.513755	0.003045	7.2
407	-1.597365	74.757308	157.847942	0.002457	7.2
408	-1.590724	75.460502	156.697235	0.002709	9.1
409	-1.581781	75.193253	157.132579	0.002189	7.2
410	-1.566393	74.926012	157.570337	0.001770	7.1
411	-1.565229	74.819725	157.745119	0.002302	7.0
412	-1.593931	74.552486	158.186298	0.002494	7.2
413	-1.619319	75.498971	156.634768	0.002615	7.0
414	-1.590705	75.231783	157.069666	0.002676	7.1
415	-1.601502	74.964523	157.507102	0.002223	8.0
416	-1.631290	74.700009	157.942451	0.002899	8.2
417	-1.583496	74.432751	158.384767	0.002083	7.1
418	-1.565576	74.167298	158.826554	0.002286	7.5
419	-1.579830	73.902926	159.268999	0.002409	14.6
420	-1.574321	73.635693	159.718744	0.002131	11.2
421	-1.587257	74.635314	158.049294	0.002482	19.3
422	-1.627597	74.368055	158.492212	0.002738	11.1
423	-1.584366	74.112479	158.918095	0.002267	12.8
424	-1.587373	75.108066	157.271856	0.003078	12.4
425	-1.586052	76.107790	155.652744	0.002646	11.4
426	-1.593521	77.107790	154.066196	0.002229	12.7
427	-1.584172	78.107790	152.511664	0.002395	13.2
428	-1.604250	77.840998	152.923324	0.002493	8.8
429	-1.586696	77.573738	153.337940	0.003914	11.2
430	-1.604237	78.573738	151.797996	0.002696	7.8
431	-1.595601	79.573738	150.288676	0.001877	11.2
432	-1.591603	79.306478	150.689110	0.002861	12.9
433	-1.606484	79.098996	151.001454	0.002451	10.8
434	-1.596843	78.831793	151.405614	0.002243	11.4
435	-1.584575	78.564534	151.812030	0.002812	12.6
436	-1.615291	79.182675	150.875328	0.002377	12.1
437	-1.609196	78.915545	151.278703	0.002427	9.8
438	-1.588663	79.058152	151.063094	0.002763	8.3
439	-1.595348	78.809099	151.440040	0.002533	12.9
440	-1.615966	78.956522	151.216686	0.002067	11.1
441	-1.575434	79.956271	149.719219	0.001904	13.5
442	-1.587404	80.169491	149.403677	0.001685	7.4
443	-1.547999	79.915400	149.779854	0.001773	9.5
444	-1.581353	79.655527	150.166557	0.002118	13.9
445	-1.576544	79.388268	150.566338	0.002902	11.1
446	-1.586235	80.327216	149.171117	0.002373	9.9
447	-1.595924	80.059961	149.565603	0.002908	10.3
448	-1.645871	81.059721	148.100484	0.001959	12.4
449	-1.610586	80.792461	148.489327	0.002446	7.7
450	-1.582469	80.525204	148.880212	0.002935	11.2
451	-1.585994	81.525204	147.428080	0.002444	11.9
452	-1.622646	82.525204	146.004001	0.002609	12.6
453	-1.617239	83.525202	144.607172	0.002276	11.8
454	-1.582902	84.525202	143.236816	0.002629	10.5
455	-1.602727	84.333650	143.497295	0.002511	12.8
456	-1.608153	84.066391	143.862313	0.002134	7.3
457	-1.589148	83.799131	144.229192	0.002916	11.0
458	-1.609453	83.550138	144.572684	0.002102	11.1
459	-1.609351	83.818357	144.202737	0.002906	7.2
460	-1.567703	83.551097	144.571357	0.002344	7.5
461	-1.581326	84.145154	143.754547	0.002226	9.4
462	-1.598065	84.711935	142.983798	0.002371	15.2
463	-1.582375	84.444676	143.346203	0.003119	12.7
464	-1.577309	84.899714	142.730262	0.002883	11.2
465	-1.609515	85.899714	141.395083	0.002117	9.8
466	-1.586351	85.632455	141.749470	0.002456	10.8
467	-1.579824	85.365195	142.105639	0.003313	9.9
468	-1.606603	85.097935	142.463602	0.002712	9.5
469	-1.580999	84.830675	142.823372	0.002927	7.7
470	-1.568567	84.563416	143.184965	0.002476	11.0
471	-1.614357	85.563403	141.841322	0.002589	11.7
472	-1.595763	85.296144	142.197952	0.002160	16.3
473	-1.592182	86.296120	140.872699	0.002138	11.8
474	-1.571551	86.030824	141.221878	0.002439	11.2
475	-1.600971	85.763564	141.575397	0.002102	13.0
476	-1.596541	85.496304	141.930690	0.001930	8.3
477	-1.573952	85.229053	142.287759	0.002492	13.0
478	-1.634494	84.961794	142.646641	0.002376	11.0
479	-1.606133	84.694590	143.007262	0.002295	11.5
480	-1.630062	84.427331	143.369787	0.001800	12.2
481	-1.581691	85.425132	142.025607	0.002311	12.2
482	-1.626459	85.157873	142.383165	0.002694	11.5
483	-1.602974	86.026352	141.227779	0.002994	11.3
484	-1.610156	85.871602	141.432277	0.002730	11.9
485	-1.611111	85.616357	141.770873	0.002581	9.1
486	-1.604691	86.612540	140.458481	0.002256	11.7
487	-1.598142	86.345280	140.808184	0.002586	11.0
488	-1.585846	86.796121	140.219275	0.002830	10.1
489	-1.607352	86.528862	140.567786	0.002121	13.4
490	-1.570413	87.528792	139.272664	0.002470	9.2
491	-1.609297	87.363568	139.485016	0.002090	11.8
492	-1.607718	87.096339	139.829841	0.002833	10.9
493	-1.619721	88.096049	138.548501	0.003057	12.2
494	-1.623435	88.054763	138.600952	0.002464	10.0
495	-1.592694	89.054763	137.341570	0.002233	10.4
496	-1.585322	90.054615	136.105050	0.002084	8.1
497	-1.615740	91.054464	134.890601	0.002497	8.5
498	-1.594240	90.820725	135.172563	0.002287	11.1
499	-1.597912	91.760987	134.045421	0.002249	11.3
500	-1.599621	92.760845	132.867279	0.002330	12.6
501	-1.594371	92.494542	133.179038	0.002315	11.5
502	-1.582799	92.227626	133.492987	0.001800	13.3
503	-1.612531	91.960399	133.808786	0.002636	13.9
504	-1.604105	92.959695	132.635437	0.002157	8.3
505	-1.589904	93.859385	131.596508	0.003150	10.5
506	-1.610278	94.859374	130.460691	0.001948	11.1
507	-1.638675	95.859374	129.344301	0.002647	11.4
508	-1.570014	95.592161	129.640739	0.002717	11.6
509	-1.592154	96.592161	128.538278	0.002637	9.5
510	-1.578833	96.914525	128.186870	0.002318	9.7
511	-1.619320	96.647268	128.478070	0.002069	7.2
512	-1.609872	96.380010	128.770597	0.002314	7.5
513	-1.601860	96.112775	129.064433	0.002736	11.1
514	-1.639823	97.112627	127.971872	0.002391	12.1
515	-1.597473	98.112627	126.897495	0.002286	13.3
516	-1.586766	97.845367	127.182862	0.002549	11.8
517	-1.607627	97.578140	127.469481	0.003242	11.7
518	-1.605729	98.578140	126.403488	0.002494	11.0
519	-1.571298	98.310880	126.686635	0.002057	7.9
520	-1.607594	98.043681	126.970989	0.002692	12.1
521	-1.566987	97.820685	127.209282	0.002428	8.6
522	-1.623173	97.595914	127.450377	0.002300	11.0
523	-1.602395	98.594360	126.386345	0.002258	12.0
524	-1.598070	98.327100	126.669415	0.002217	12.3
525	-1.637905	98.060405	126.953154	0.002981	11.6
526	-1.565604	98.104796	126.905838	0.002643	11.0
527	-1.616828	99.104796	125.849212	0.002725	12.7
528	-1.632786	98.837554	126.129860	0.002581	7.6
529	-1.609012	98.570295	126.411782	0.002173	9.5
530	-1.592643	98.303250	126.694738	0.002135	9.6
531	-1.589722	98.253957	126.747106	0.002145	11.1
532	-1.622709	99.253499	125.693590	0.002161	11.6
533	-1.585404	99.838698	125.084879	0.001910	7.8
534	-1.614537	99.572915	125.360608	0.002626	10.2
535	-1.619402	99.306455	125.638262	0.002578	10.6
536	-1.590445	99.039195	125.917988	0.002328	7.4
537	-1.597489	98.771936	126.198962	0.002549	10.9
538	-1.621245	98.547603	126.435776	0.003099	11.1
539	-1.615269	98.283862	126.715330	0.002151	13.0
540	-1.624622	98.016604	126.999876	0.002463	11.2
541	-1.580776	97.749407	127.285637	0.002319	11.3
542	-1.614802	97.482149	127.572753	0.003088	12.2
543	-1.614541	98.482143	126.505046	0.002468	10.9
544	-1.587290	99.433532	125.505694	0.002280	7.2
545	-1.602958	99.216558	125.732214	0.002193	11.9
546	-1.620282	98.949298	126.012358	0.002607	9.4
547	-1.577589	98.682038	126.293754	0.002550	10.1
548	-1.599506	98.512396	126.473022	0.002490	12.8
549	-1.605716	98.250731	126.750535	0.002380	10.4
550	-1.613858	98.070742	126.942133	0.002751	7.9
551	-1.580206	99.012814	125.945667	0.002439	10.4
552	-1.599889	98.755731	126.216038	0.002815	7.0
553	-1.624994	98.488488	126.498329	0.002246	10.2
554	-1.598763	98.221230	126.781899	0.002516	11.1
555	-1.587111	97.954160	127.066543	0.001908	12.2
556	-1.633833	97.731480	127.304856	0.002525	11.5
557	-1.589322	98.731346	126.241744	0.002568	11.3
558	-1.575883	99.719321	125.208574	0.002157	11.0
559	-1.605112	99.453498	125.484890	0.002931	12.9
560	-1.599299	99.186245	125.763925	0.002343	9.6
561	-1.599054	98.919114	126.044077	0.001971	11.5
562	-1.609206	98.712029	126.262115	0.002539	11.1
563	-1.596311	98.444832	126.544562	0.002357	13.4
564	-1.627652	99.443649	125.495151	0.003577	7.4
565	-1.592363	100.443648	124.461791	0.002114	10.4
566	-1.609376	101.443639	123.445318	0.002831	11.1
567	-1.594076	102.443595	122.445348	0.002027	11.5
568	-1.621669	102.655216	122.235798	0.002240	12.1
569	-1.604101	102.388086	122.500433	0.001941	10.0
570	-1.599209	102.120866	122.766306	0.002676	7.0
571	-1.639657	101.937008	122.949909	0.002371	9.5
572	-1.585680	101.676720	123.210777	0.002757	7.0
573	-1.619176	102.676720	122.214544	0.002096	9.4
574	-1.606682	102.409460	122.479216	0.002167	10.1
575	-1.603706	103.409449	121.494742	0.002738	12.2
576	-1.611959	103.363454	121.539677	0.002314	13.8
577	-1.627189	103.096196	121.801429	0.002845	11.2
578	-1.614463	102.904573	121.989799	0.002079	11.4
579	-1.602663	102.770217	122.122222	0.002162	11.1
580	-1.592016	102.502958	122.386494	0.002101	8.6
581	-1.624387	102.249969	122.637710	0.001957	11.0
582	-1.570770	102.054322	122.832695	0.002259	11.8
583	-1.601691	102.951887	121.943234	0.002192	11.2
584	-1.586801	102.693009	122.198450	0.002402	12.3
585	-1.633781	103.693008	121.218456	0.002514	7.3
586	-1.621522	104.693008	120.254055	0.002139	12.6
587	-1.571115	105.692295	119.305550	0.002022	11.3
588	-1.584559	106.692238	118.371282	0.002138	13.3
589	-1.621048	107.692169	117.451544	0.002554	8.5
590	-1.586604	107.424918	117.695959	0.002396	8.5
591	-1.581973	108.415170	116.795380	0.002900	11.2
592	-1.614614	108.147911	117.037077	0.002551	11.2
593	-1.594660	108.904071	116.355814	0.002159	12.4
594	-1.594804	108.759031	116.485873	0.002647	9.1
595	-1.594567	108.492092	116.726000	0.002562	8.3
596	-1.616135	108.782458	116.464846	0.002594	8.9
597	-1.598817	109.213593	116.079232	0.002494	7.1
598	-1.604232	109.303430	115.999203	0.002611	9.8
599	-1.618147	109.714664	115.634264	0.002442	12.3
600	-1.591035	110.714658	114.756354	0.002266	14.2
601	-1.594123	110.447398	114.989678	0.003091	13.1
602	-1.553728	111.447235	114.121627	0.002267	13.0
603	-1.580285	111.179992	114.352360	0.002418	16.4
604	-1.608493	112.179913	113.493797	0.002408	9.6
605	-1.606381	113.179316	112.648465	0.002234	15.0
606	-1.643892	113.908855	112.039302	0.002313	12.0
607	-1.567871	114.897148	111.224512	0.002486	12.7
608	-1.597107	114.922666	111.203631	0.001877	11.4
609	-1.611948	114.655406	111.422717	0.002233	12.3
610	-1.608484	115.603546	110.649353	0.002075	12.1
611	-1.572949	115.395529	110.818104	0.002032	14.1
612	-1.573766	116.378332	110.025313	0.002157	9.3
613	-1.578510	116.111072	110.239777	0.002531	12.1
614	-1.586360	116.667515	109.794195	0.002232	12.9
615	-1.553873	117.551428	109.093744	0.003805	10.9
616	-1.612203	118.551428	108.311998	0.002673	12.5
617	-1.638198	119.551426	107.541377	0.002182	10.0
618	-1.608280	119.354342	107.692386	0.003293	14.5
619	-1.569232	119.087082	107.897843	0.002249	13.6
620	-1.602555	118.879033	108.058325	0.002552	13.3
621	-1.608457	119.879031	107.291297	0.002542	10.7
622	-1.604096	120.879031	106.535081	0.002104	13.2
623	-1.585824	120.611791	106.736126	0.002662	12.8
624	-1.608912	121.611722	105.987739	0.002073	12.9
625	-1.597601	122.611715	105.249728	0.002179	8.3
626	-1.583987	123.553360	104.564113	0.002242	13.5
627	-1.600992	124.203913	104.095638	0.002482	11.2
628	-1.608247	123.936677	104.287571	0.002483	12.0
629	-1.579816	124.922135	103.583284	0.001998	10.6
630	-1.560353	124.655861	103.772645	0.002227	9.9
631	-1.633501	124.388739	103.963306	0.002092	12.1
632	-1.636184	125.364678	103.270093	0.002235	12.1
633	-1.597977	126.363261	102.570300	0.002779	11.3
634	-1.608043	126.096009	102.756656	0.002530	10.2
635	-1.631195	127.096009	102.062804	0.003038	12.9
636	-1.574194	126.828840	102.247261	0.002242	12.7
637	-1.606460	126.606472	102.401296	0.002800	13.3
638	-1.594429	127.606472	101.712219	0.002354	14.2
639	-1.591058	127.339212	101.895472	0.002632	10.6
640	-1.605675	128.324958	101.222824	0.002722	12.0
641	-1.596877	129.324958	100.549464	0.002905	11.4
642	-1.618313	129.057844	100.728450	0.002148	13.9
643	-1.620131	130.057844	100.061629	0.002287	7.4
644	-1.593276	131.057224	99.403985	0.002031	11.5
645	-1.611957	130.904310	99.504049	0.001924	11.4
646	-1.604668	130.637925	99.678850	0.002220	12.1
647	-1.616287	131.633699	99.028550	0.002206	12.6
648	-1.608585	131.366525	99.202197	0.002470	14.1
649	-1.622256	131.099265	99.376509	0.002810	8.1
650	-1.612201	130.832005	99.551435	0.002491	11.3
651	-1.618488	131.832005	98.900057	0.002654	11.5
652	-1.605548	131.564924	99.073192	0.002524	17.4
653	-1.607576	132.453186	98.499708	0.002510	13.5
654	-1.623109	132.187653	98.670445	0.002170	13.7
655	-1.593726	131.920393	98.842892	0.002570	11.2
656	-1.616097	132.660980	98.366508	0.002496	10.3
657	-1.602544	132.393720	98.537893	0.001997	10.9
658	-1.632898	132.130457	98.707300	0.002122	9.0
659	-1.631760	131.920253	98.842983	0.002604	12.9
660	-1.582380	131.653176	99.015916	0.002140	12.9
661	-1.583094	132.331180	98.578084	0.002014	9.7
662	-1.624549	132.064122	98.750078	0.002482	12.8
663	-1.601776	131.796938	98.922755	0.002496	10.0
664	-1.627414	132.796933	98.279554	0.003226	7.5
665	-1.615174	133.796933	97.644661	0.002059	9.5
666	-1.634603	134.794436	97.019472	0.002198	11.5
667	-1.602799	135.751914	96.426854	0.001843	14.1
668	-1.628279	136.751241	95.816007	0.002517	11.0
669	-1.576024	136.516036	95.959081	0.002013	12.3
670	-1.592055	136.335981	96.068896	0.002195	11.1
671	-1.600527	136.068803	96.232311	0.002326	14.3
672	-1.623765	136.557161	95.934033	0.002132	12.2
673	-1.618066	136.290480	96.096687	0.002502	13.2
674	-1.574743	137.289662	95.490089	0.002712	7.3
675	-1.584365	137.022402	95.651589	0.002207	13.5
676	-1.639836	138.022402	95.050092	0.002297	13.7
677	-1.596842	139.017511	94.458999	0.002417	13.5
678	-1.577659	138.750252	94.617028	0.002495	8.9
679	-1.621390	138.483051	94.775551	0.002170	16.4
680	-1.597245	138.217329	94.933724	0.002212	9.5
681	-1.621027	139.212795	94.343863	0.002368	10.6
682	-1.596890	138.945663	94.501431	0.002234	11.9
683	-1.626892	138.678636	94.659463	0.002704	14.3
684	-1.615089	138.411758	94.817936	0.002762	13.0
685	-1.622357	138.144498	94.977169	0.002313	14.9
686	-1.606836	139.144498	94.384098	0.002719	8.6
687	-1.571994	138.877238	94.541875	0.002260	11.9
688	-1.624565	138.698819	94.647500	0.003196	13.2
689	-1.584251	138.496225	94.767722	0.002379	8.8
690	-1.606300	139.496219	94.177259	0.003276	10.0
691	-1.595079	139.228959	94.334345	0.002258	12.0
692	-1.612901	140.228959	93.749250	0.002415	11.2
693	-1.608529	140.118324	93.813625	0.002014	15.2
694	-1.622413	139.932256	93.922091	0.002256	11.3
695	-1.608512	140.566270	93.553524	0.002439	12.1
696	-1.597226	141.472105	93.031933	0.001834	12.2
697	-1.611912	141.204865	93.185207	0.001940	13.3
698	-1.576776	140.937605	93.338999	0.002553	11.9
699	-1.599576	141.937474	92.766223	0.002309	11.1
700	-1.594068	142.937458	92.200368	0.002414	14.2
701	-1.605670	143.937277	91.641467	0.002564	9.7
702	-1.591564	144.916512	91.100601	0.002046	9.8
703	-1.590095	145.751671	90.644333	0.002028	12.6
704	-1.570589	145.617377	90.717392	0.001927	12.4
705	-1.615271	146.336139	90.327733	0.002641	12.2
706	-1.609150	147.001609	89.969936	0.002063	14.8
707	-1.597251	146.825415	90.064392	0.001935	14.6
708	-1.623158	147.709817	89.592261	0.002585	7.0
709	-1.624363	147.442561	89.734411	0.002233	13.7
710	-1.627972	148.442560	89.204825	0.002995	12.9
711	-1.583652	148.175301	89.345749	0.002181	11.8
712	-1.595474	147.908041	89.487119	0.002983	9.8
713	-1.596910	148.907884	88.960522	0.002522	10.9
714	-1.624072	148.640624	89.100674	0.002138	11.9
715	-1.654146	148.373364	89.241269	0.002330	11.3
716	-1.639344	148.106105	89.382308	0.002093	12.9
717	-1.616578	147.858445	89.513403	0.002644	10.6
718	-1.562074	147.591235	89.655278	0.002286	7.5
719	-1.568286	147.326932	89.796052	0.002194	10.2
720	-1.566418	147.167161	89.881365	0.002348	8.4
721	-1.629483	146.905713	90.021320	0.001793	11.7
722	-1.606171	147.899388	89.491703	0.002446	11.9
723	-1.595224	147.728461	89.582361	0.002642	11.1
724	-1.585162	147.461214	89.724475	0.002130	15.0
725	-1.582901	148.456625	89.197421	0.002637	10.3
726	-1.621795	148.189365	89.338322	0.002458	13.4
727	-1.610067	149.097159	88.861531	0.002067	9.4
728	-1.620862	148.830575	89.001017	0.002929	10.2
729	-1.572105	148.660634	89.090166	0.002322	10.7
730	-1.622950	148.393374	89.230727	0.002266	11.1
731	-1.610226	149.393155	88.707166	0.002357	13.2
732	-1.613377	149.158631	88.829428	0.002631	10.3
733	-1.606594	150.139290	88.320420	0.002239	14.1
734	-1.655939	149.872031	88.458561	0.002726	10.4
735	-1.583633	150.872021	87.943889	0.002694	11.0
736	-1.610636	151.872018	87.435168	0.002283	11.3
737	-1.628599	151.605692	87.570078	0.002267	15.8
738	-1.611362	151.338480	87.705856	0.002326	11.7
739	-1.574465	151.614366	87.565678	0.002798	11.1
740	-1.574262	152.614349	87.061317	0.003458	15.5
741	-1.597164	152.347090	87.195545	0.001812	13.2
742	-1.580775	152.079830	87.330187	0.002088	12.2
743	-1.611061	151.812849	87.465105	0.002299	12.4
744	-1.606165	151.545589	87.600582	0.002214	10.6
745	-1.598744	151.278330	87.736478	0.002706	12.6
746	-1.628323	151.011070	87.872797	0.002328	8.0
747	-1.617450	151.975290	87.382966	0.002643	9.2
748	-1.611774	152.975290	86.880694	0.002167	11.6
749	-1.584731	152.708030	87.014365	0.002553	12.9
750	-1.574677	153.708030	86.516309	0.002124	16.6
751	-1.592421	153.461964	86.638334	0.002770	11.5
752	-1.615103	153.343989	86.696961	0.002562	11.9
753	-1.583951	154.343989	86.202521	0.002201	12.8
754	-1.598304	154.076770	86.334092	0.002125	16.3
755	-1.610868	154.666810	86.044108	0.002840	9.5
756	-1.613988	155.027620	85.867740	0.002495	11.7
757	-1.598297	154.760401	85.998290	0.002414	13.1
758	-1.628784	154.496852	86.127436	0.002454	13.6
759	-1.583956	154.229592	86.258798	0.002646	12.5
760	-1.610036	155.229592	85.769329	0.002484	15.3
761	-1.625028	156.229561	85.285400	0.002477	9.6
762	-1.600441	155.962302	85.414203	0.002504	14.1
763	-1.633515	155.695045	85.543395	0.002096	12.5
764	-1.609619	156.695045	85.061989	0.001954	12.7
765	-1.594209	156.452514	85.178247	0.002556	9.8
766	-1.615619	156.185257	85.306725	0.002130	12.0
767	-1.638182	157.161024	84.839510	0.002362	10.4
768	-1.643341	156.934775	84.947386	0.002610	8.4
769	-1.603485	156.670127	85.073919	0.002223	12.1
770	-1.624674	156.402868	85.202084	0.002435	12.1
771	-1.595038	156.135732	85.330576	0.002395	14.5
772	-1.600784	156.109246	85.343336	0.002441	13.6
773	-1.631772	155.842426	85.472102	0.002871	12.1
774	-1.613395	156.842426	84.991496	0.002065	13.5
775	-1.644632	156.575167	85.119413	0.002460	14.5
776	-1.619106	156.307908	85.247715	0.003152	12.1
777	-1.616850	156.040648	85.376404	0.002322	10.1
778	-1.624365	155.773407	85.505474	0.001953	12.2
779	-1.629520	155.506148	85.634943	0.001980	10.5
780	-1.586954	155.239022	85.764740	0.002754	14.8
781	-1.565093	154.971764	85.894996	0.002408	9.0
782	-1.605869	155.971764	85.409636	0.002009	9.2
783	-1.578221	156.425843	85.191051	0.002245	13.1
784	-1.586072	156.158616	85.319553	0.001665	9.3
785	-1.616502	155.892803	85.447761	0.002397	8.5
786	-1.561972	155.625544	85.577056	0.002267	11.2
787	-1.576753	156.614618	85.100507	0.002517	13.2
788	-1.590068	156.347358	85.228752	0.002057	10.1
789	-1.652639	156.080098	85.357384	0.002794	9.9
790	-1.600788	157.079775	84.878218	0.002440	12.5
791	-1.627936	156.812533	85.005785	0.001861	12.3
792	-1.572558	157.812515	84.530403	0.002507	13.9
793	-1.600722	157.547650	84.655799	0.002373	9.4
794	-1.588733	158.547650	84.184304	0.002039	13.7
795	-1.617857	158.280390	84.309801	0.002302	13.4
796	-1.629405	158.283485	84.308345	0.002247	12.8
797	-1.607155	158.029649	84.427881	0.002197	10.1
798	-1.615273	159.029648	83.958915	0.003190	11.1
799	-1.600497	159.038377	83.954844	0.002265	15.0
800	-1.614309	158.771118	84.079657	0.002103	12.4
801	-1.620187	158.631925	84.144809	0.002389	10.4
802	-1.643517	158.804438	84.064076	0.002288	10.3
803	-1.585025	159.796437	83.602831	0.002509	14.5
804	-1.646087	160.795961	83.143178	0.001762	11.5
805	-1.591443	160.528759	83.265561	0.002293	12.9
806	-1.619693	160.511289	83.273575	0.002205	9.4
807	-1.620369	161.511289	82.817310	0.002921	14.5
808	-1.609119	161.244030	82.938761	0.002949	9.9
809	-1.610503	162.244030	82.486147	0.001684	12.7
810	-1.620402	163.244016	82.038453	0.003171	11.4
811	-1.637272	162.976756	82.157628	0.002244	9.9
812	-1.625618	163.976756	81.713477	0.002264	14.8
813	-1.588722	163.709496	81.831710	0.002548	12.6
814	-1.613788	163.442255	81.950277	0.002501	11.0
815	-1.649139	163.177103	82.068258	0.001828	9.9
816	-1.576001	163.970482	81.716249	0.002465	12.9
817	-1.600428	164.910393	81.303115	0.003088	13.1
818	-1.642798	165.784397	80.922680	0.002466	12.1
819	-1.611708	166.782754	80.492450	0.001963	13.6
820	-1.632539	167.782406	80.066222	0.002430	12.8
821	-1.585480	167.515147	80.179732	0.001774	12.1
822	-1.619923	167.247947	80.293540	0.002002	15.4
823	-1.594961	168.187531	79.894768	0.002662	7.5
824	-1.615251	167.920273	80.007792	0.002177	13.6
825	-1.636319	167.653183	80.121065	0.002734	9.4
826	-1.588199	167.385956	80.234718	0.002176	10.0
827	-1.580931	168.192739	79.892569	0.002679	12.0
828	-1.613058	167.925481	80.005587	0.002513	15.3
829	-1.635783	168.925450	79.584352	0.002332	14.1
830	-1.619890	168.658196	79.696498	0.002085	11.3
831	-1.608803	169.655149	79.279758	0.002785	17.6
832	-1.605698	169.389626	79.390323	0.002271	10.8
833	-1.607613	169.122421	79.501901	0.002781	13.5
834	-1.613855	168.855162	79.613816	0.002300	11.9
835	-1.626955	168.587902	79.726047	0.001901	13.5
836	-1.630067	168.815899	79.630284	0.003337	10.1
837	-1.598371	168.548639	79.742561	0.001880	12.9
838	-1.624592	168.281379	79.855155	0.002055	9.8
839	-1.621124	169.262196	79.443496	0.002686	11.4
840	-1.584137	168.995005	79.555218	0.002319	12.2
841	-1.621132	168.727753	79.667280	0.001854	11.6
842	-1.621459	169.726253	79.250201	0.002174	10.6
843	-1.565463	169.459019	79.361398	0.002359	11.3
844	-1.638388	170.149225	79.074838	0.002207	12.0
845	-1.611750	171.149218	78.663313	0.002775	8.3
846	-1.630408	170.881958	78.772878	0.002446	11.8
847	-1.602257	171.881958	78.364478	0.001939	11.5
848	-1.611766	172.881827	77.960344	0.002131	11.0
849	-1.616514	172.614568	78.067958	0.002537	10.6
850	-1.632258	172.347308	78.175870	0.002696	7.8
851	-1.624032	173.347308	77.773621	0.002149	12.3
852	-1.644142	174.347308	77.375491	0.002345	10.3
853	-1.588136	174.080049	77.481496	0.002480	11.2
854	-1.584627	174.910134	77.153201	0.003342	10.7
855	-1.590683	175.892159	76.768389	0.001979	11.6
856	-1.604970	175.624900	76.872736	0.002121	11.2
857	-1.590643	175.359990	76.976445	0.001913	11.5
858	-1.612557	175.093122	77.081204	0.002190	11.3
859	-1.634747	176.056167	76.704496	0.002000	7.5
860	-1.609545	177.047850	76.320414	0.002646	8.6
861	-1.644162	177.740228	76.054527	0.002761	9.6
862	-1.624995	178.740204	75.673768	0.002054	7.2
863	-1.610132	178.472953	75.775155	0.002312	12.2
864	-1.599739	179.470484	75.398102	0.001932	12.5
865	-1.593208	179.203224	75.498754	0.001949	9.4
866	-1.614803	178.936070	75.599635	0.002664	11.5
867	-1.613783	178.677649	75.697475	0.002500	11.4
868	-1.617234	179.294096	75.464501	0.002548	11.6
869	-1.628025	179.026836	75.565330	0.003009	11.4
870	-1.591031	180.026836	75.189434	0.002123	8.7
871	-1.636986	179.759652	75.289501	0.002182	12.2
872	-1.591408	179.492524	75.389813	0.001807	7.2
873	-1.602606	179.244584	75.483160	0.002037	7.6
874	-1.610882	178.979258	75.583309	0.002915	10.9
875	-1.642564	179.979146	75.207275	0.002223	12.1
876	-1.613652	180.973286	74.837095	0.002405	11.1
877	-1.626670	180.717257	74.932081	0.002404	12.3
878	-1.601639	181.716992	74.562541	0.001868	9.5
879	-1.623720	181.501397	74.641924	0.002255	7.5
880	-1.612676	181.234155	74.740560	0.002544	9.5
881	-1.632615	180.975806	74.836161	0.002478	14.1
882	-1.586719	181.975806	74.467466	0.002033	13.6
883	-1.600526	181.708768	74.565566	0.002486	11.6
884	-1.599749	182.708733	74.199539	0.002740	11.5
885	-1.586842	182.441473	74.297014	0.002092	9.0
886	-1.611953	183.441369	73.933637	0.001637	10.4
887	-1.613305	183.201801	74.020375	0.002612	9.8
888	-1.620588	184.201789	73.659660	0.002257	11.5
889	-1.640181	185.201789	73.302439	0.002630	11.7
890	-1.635498	184.942871	73.394597	0.002517	7.6
891	-1.613832	184.675611	73.489967	0.002089	13.0
892	-1.599670	184.526881	73.543149	0.002398	12.1
893	-1.646912	185.499285	73.196834	0.002670	12.7
894	-1.612384	185.232026	73.291691	0.001895	8.0
895	-1.604582	184.964766	73.386794	0.001903	9.4
896	-1.609214	184.775522	73.454285	0.002203	12.0
897	-1.621292	185.668565	73.136880	0.002107	10.9
898	-1.615898	186.587922	72.812974	0.002494	12.3
899	-1.606064	187.587640	72.463996	0.003417	8.1
900	-1.629467	188.587640	72.118251	0.002635	13.1
901	-1.632827	188.320380	72.210331	0.002415	7.4
902	-1.612372	188.053129	72.302644	0.001908	7.5
903	-1.605044	187.809293	72.387075	0.002076	11.3
904	-1.608342	188.720459	72.072577	0.002121	11.6
905	-1.636993	189.720457	71.730548	0.002407	10.6
906	-1.606489	189.453205	71.821638	0.002449	12.4
907	-1.623388	189.185945	71.912962	0.002452	12.0
908	-1.606277	188.918685	72.004519	0.002302	13.7
909	-1.619945	188.651453	72.096300	0.002297	7.1
910	-1.606207	189.651441	71.754050	0.001999	11.1
911	-1.589716	190.614335	71.427552	0.002038	8.4
912	-1.629062	190.880995	71.337658	0.002287	11.2
913	-1.616802	190.613736	71.427755	0.002423	11.6
914	-1.616374	191.413894	71.158688	0.003002	10.9
915	-1.649135	191.150576	71.247009	0.002519	12.7
916	-1.616983	192.150553	70.912760	0.001940	11.3
917	-1.594065	193.148090	70.582437	0.002425	12.4
918	-1.604963	192.881690	70.670350	0.002526	7.4
919	-1.603401	193.876572	70.343145	0.002329	9.1
920	-1.649143	193.609312	70.430746	0.002137	9.2
921	-1.617152	193.342053	70.518565	0.002814	10.1
922	-1.627244	193.791656	70.370955	0.002141	13.1
923	-1.593974	194.791656	70.044849	0.002087	13.6
924	-1.613003	194.543818	70.125388	0.002490	12.1
925	-1.614417	195.543684	69.801592	0.001785	9.3
926	-1.614775	195.555821	69.797680	0.002389	11.7
927	-1.618087	195.288574	69.883923	0.002477	11.6
928	-1.619873	195.117883	69.939117	0.002539	7.4
929	-1.584227	196.112286	69.618787	0.002363	12.4
930	-1.627720	196.884835	69.371941	0.002517	11.5
931	-1.597541	197.884835	69.055008	0.002275	9.4
932	-1.581226	197.620072	69.138638	0.002757	11.7
933	-1.637322	197.352812	69.223262	0.002260	8.2
934	-1.617064	197.085553	69.308094	0.002478	12.2
935	-1.592580	196.871180	69.376289	0.002109	9.6
936	-1.586155	197.831341	69.071888	0.002139	11.5
937	-1.601353	198.599541	68.830262	0.002629	11.8
938	-1.618761	199.599541	68.518248	0.002361	11.1
939	-1.641373	199.332281	68.601359	0.002105	7.5
940	-1.638817	200.332279	68.291413	0.002388	9.3
941	-1.621783	201.332270	67.984256	0.002328	8.7
942	-1.649723	201.065166	68.066029	0.002633	11.3
943	-1.614474	200.797907	68.148046	0.002848	12.5
944	-1.603224	200.531147	68.230108	0.002403	11.9
945	-1.567961	201.531147	67.923498	0.002428	12.8
946	-1.637911	201.263888	68.005172	0.002452	10.2
947	-1.634973	202.263450	67.700710	0.002684	9.7
948	-1.613304	201.997378	67.781487	0.002564	9.6
949	-1.633056	202.781612	67.543950	0.002345	8.7
950	-1.615594	202.516792	67.623975	0.002072	7.1
951	-1.614032	203.516704	67.322804	0.002146	9.5
952	-1.645162	204.403068	67.058067	0.002595	9.0
953	-1.584164	204.473414	67.037145	0.002118	13.7
954	-1.645480	204.206154	67.116700	0.001762	14.4
955	-1.599258	203.961235	67.189772	0.002253	11.4
956	-1.640133	203.694005	67.269681	0.002465	9.0
957	-1.627049	203.426746	67.349789	0.002106	11.6
958	-1.602165	203.894287	67.209773	0.002264	12.2
959	-1.624644	203.632023	67.288242	0.002818	9.5
960	-1.601256	203.364764	67.368395	0.002213	10.3
961	-1.570327	204.364734	67.069473	0.002222	11.3
962	-1.601654	205.364733	66.773184	0.002196	11.2
963	-1.588950	205.165275	66.832072	0.002123	12.8
964	-1.607138	205.593024	66.705910	0.002475	11.0
965	-1.629529	205.325765	66.784681	0.002247	12.9
966	-1.596130	206.325712	66.490912	0.002918	7.4
967	-1.623317	207.194196	66.237854	0.002599	13.8
968	-1.598798	206.927681	66.315306	0.002732	10.9
969	-1.607480	206.660421	66.393156	0.001977	11.1
970	-1.619374	206.393162	66.471190	0.002059	13.3
971	-1.602731	207.376067	66.185105	0.002519	9.9
972	-1.630867	208.334313	65.908558	0.001989	12.3
973	-1.614344	208.067066	65.985452	0.002338	11.2
974	-1.646183	207.799807	66.062529	0.002129	12.5
975	-1.594573	207.532548	66.139787	0.001953	9.0
976	-1.652963	207.265413	66.217189	0.002235	12.9
977	-1.619155	207.454381	66.162417	0.002624	7.1
978	-1.640252	208.454375	65.874072	0.002472	8.0
979	-1.591257	208.273108	65.926153	0.002932	11.3
980	-1.590390	208.282006	65.923594	0.003532	11.4
981	-1.598040	209.282006	65.637321	0.002145	15.0
982	-1.605851	209.098762	65.689593	0.002132	11.8
983	-1.588038	209.080412	65.694832	0.002519	11.2
984	-1.615422	210.080412	65.410537	0.002155	11.9
985	-1.618700	211.080409	65.128694	0.002685	7.4
986	-1.601517	212.056735	64.855856	0.002243	12.2
987	-1.613325	211.824089	64.920662	0.001783	10.7
988	-1.634541	212.791607	64.651996	0.002706	11.2
989	-1.597652	213.739003	64.391063	0.002583	14.4
990	-1.603611	214.739003	64.117918	0.002179	8.3
991	-1.581538	215.738382	63.847247	0.002638	11.6
992	-1.633232	216.738382	63.578686	0.002330	7.0
993	-1.616465	216.471823	63.650052	0.002588	9.0
994	-1.595879	217.448798	63.389265	0.002827	10.8
995	-1.650844	218.447103	63.124982	0.002361	11.2
996	-1.594449	219.443985	62.863265	0.002529	14.4
997	-1.640522	219.176725	62.933217	0.002555	12.5
998	-1.635422	218.940319	62.995223	0.002569	11.0
999	-1.609347	219.925412	62.737649	0.002307	13.1
