1:ItNr	2:Metric	3a:Time	3b:StepSize	4:||Gradient||	Time[ms]
0	-0.469484	0.000000	11.673817	0.025118	47.2
1	-0.447783	0.000000	11.673817	0.024207	9.2
2	-0.468277	0.000000	11.673817	0.025739	9.9
3	-0.494414	0.000000	11.673817	0.026852	9.0
4	-0.496937	0.000000	11.673817	0.025132	9.2
5	-0.506155	0.000000	11.673817	0.026190	9.2
6	-0.517472	0.000000	11.673817	0.025001	9.9
7	-0.507095	0.000000	11.673817	0.025861	11.1
8	-0.543010	0.000000	11.673817	0.024100	9.2
9	-0.544066	0.000000	11.673817	0.024976	9.4
10	-0.557766	0.000000	11.673817	0.024415	9.3
11	-0.557151	0.000000	11.673817	0.025810	9.3
12	-0.562644	0.000000	11.673817	0.025045	9.4
13	-0.588064	0.000000	11.673817	0.024727	10.1
14	-0.584629	0.000000	11.673817	0.024226	9.3
15	-0.602667	0.000000	11.673817	0.025760	9.3
16	-0.618270	0.000000	11.673817	0.025314	9.3
17	-0.622333	0.000000	11.673817	0.026047	9.4
18	-0.631372	0.000000	11.673817	0.025030	11.1
19	-0.624164	0.000000	11.673817	0.024985	9.3
20	-0.644485	0.000000	11.673817	0.022670	9.3
21	-0.657153	0.000000	11.673817	0.021758	9.3
22	-0.685660	0.000000	11.673817	0.022152	9.5
23	-0.693385	0.000000	11.673817	0.021813	11.0
24	-0.680406	0.000000	11.673817	0.022974	9.7
25	-0.693721	0.000000	11.673817	0.021075	10.1
26	-0.699484	0.000000	11.673817	0.020253	9.8
27	-0.717542	0.000000	11.673817	0.021195	9.6
28	-0.713093	0.000000	11.673817	0.020106	9.3
29	-0.735935	0.000000	11.673817	0.020440	11.1
30	-0.715468	0.000000	11.673817	0.020250	10.3
31	-0.748582	0.000000	11.673817	0.019567	11.1
32	-0.737586	0.000000	11.673817	0.018378	9.6
33	-0.753454	0.000000	11.673817	0.018861	10.2
34	-0.755240	0.000000	11.673817	0.019797	10.0
35	-0.759141	0.000000	11.673817	0.017823	9.6
36	-0.766701	0.000000	11.673817	0.017200	9.9
37	-0.764646	0.000000	11.673817	0.016868	9.5
38	-0.769292	0.000000	11.673817	0.017486	9.8
39	-0.768852	0.000000	11.673817	0.016087	10.7
40	-0.764032	0.000000	11.673817	0.016327	9.8
41	-0.815822	0.000000	11.673817	0.013471	9.5
42	-0.804944	0.000000	11.673817	0.014582	9.7
43	-0.808665	0.000000	11.673817	0.015619	9.7
44	-0.803315	0.000000	11.673817	0.015656	11.0
45	-0.786981	0.000000	11.673817	0.014817	9.7
46	-0.812097	0.000000	11.673817	0.013961	9.7
47	-0.807607	0.000000	11.673817	0.013895	9.7
48	-0.792624	0.000000	11.673817	0.014391	9.6
49	-0.797243	0.000000	11.673817	0.012795	11.7
50	-0.813495	0.000000	11.673817	0.012425	9.8
51	-0.827049	0.000000	11.673817	0.013284	9.7
52	-0.840859	0.000000	11.673817	0.012430	9.5
53	-0.818156	0.000000	11.673817	0.012546	9.8
54	-0.824392	0.000000	11.673817	0.013095	11.5
55	-0.820245	0.000000	11.673817	0.012252	9.8
56	-0.833080	0.000000	11.673817	0.012052	9.5
57	-0.846514	0.000000	11.673817	0.012130	9.7
58	-0.824667	0.000000	11.673817	0.012790	9.5
59	-0.821174	0.000000	11.673817	0.011719	11.5
60	-0.821944	0.000000	11.673817	0.011665	9.8
61	-0.843651	0.000000	11.673817	0.011542	9.6
62	-0.822893	0.000000	11.673817	0.011562	9.8
63	-0.833850	0.000000	11.673817	0.010976	9.7
64	-0.838141	0.000000	11.673817	0.010692	11.5
65	-0.840618	0.000000	11.673817	0.011527	9.7
66	-0.858480	0.000000	11.673817	0.011601	9.8
67	-0.845752	0.000000	11.673817	0.011595	9.8
68	-0.842321	0.000000	11.673817	0.011521	9.6
69	-0.828354	0.000000	11.673817	0.011109	11.7
70	-0.862828	0.000000	11.673817	0.011095	9.6
71	-0.835947	0.000000	11.673817	0.010927	9.7
72	-0.846743	0.000000	11.673817	0.010638	9.8
73	-0.854225	0.000000	11.673817	0.011310	10.0
74	-0.871104	0.000000	11.673817	0.011253	10.8
75	-0.860489	0.000000	11.673817	0.010633	9.7
76	-0.840818	0.000000	11.673817	0.011014	9.7
77	-0.843695	0.000000	11.673817	0.011150	9.8
78	-0.877439	0.000000	11.673817	0.010392	10.9
79	-0.863562	0.000000	11.673817	0.010171	11.9
80	-0.856743	0.000000	11.673817	0.010809	10.7
81	-0.855224	0.000000	11.673817	0.010598	9.6
82	-0.871524	0.000000	11.673817	0.010376	9.8
83	-0.862912	0.000000	11.673817	0.011154	10.4
84	-0.878507	0.000000	11.673817	0.010102	11.0
85	-0.853429	0.000000	11.673817	0.010659	10.1
86	-0.881019	0.000000	11.673817	0.009660	9.9
87	-0.864483	0.000000	11.673817	0.009825	10.0
88	-0.885500	0.000000	11.673817	0.010110	9.9
89	-0.880452	0.000000	11.673817	0.009384	11.4
90	-0.872705	0.000000	11.673817	0.010574	9.7
91	-0.882560	0.000000	11.673817	0.010294	9.7
92	-0.878853	0.000000	11.673817	0.010113	9.5
93	-0.873447	0.000000	11.673817	0.010405	10.2
94	-0.885839	0.000000	11.673817	0.009594	10.2
95	-0.881068	0.000000	11.673817	0.009744	9.6
96	-0.871479	0.000000	11.673817	0.009586	9.6
97	-0.873113	0.000000	11.673817	0.009062	9.5
98	-0.902515	0.000000	11.673817	0.010182	9.6
99	-0.877877	0.000000	11.673817	0.009464	11.3
100	-0.868952	0.000000	11.673817	0.009258	9.6
101	-0.884236	0.000000	11.673817	0.010214	9.6
102	-0.896471	0.000000	11.673817	0.009018	9.5
103	-0.875670	0.000000	11.673817	0.009585	9.8
104	-0.873689	0.000000	11.673817	0.009412	10.8
105	-0.884023	0.000000	11.673817	0.008718	10.5
106	-0.886892	0.000000	11.673817	0.008799	9.5
107	-0.897114	0.000000	11.673817	0.009308	9.4
108	-0.883392	0.000000	11.673817	0.009205	9.7
109	-0.891949	0.000000	11.673817	0.009382	9.5
110	-0.868312	0.000000	11.673817	0.008935	10.3
111	-0.889008	0.000000	11.673817	0.009494	9.7
112	-0.896670	0.000000	11.673817	0.009574	9.8
113	-0.887195	0.000000	11.673817	0.008799	9.5
114	-0.890983	0.000000	11.673817	0.008815	9.7
115	-0.882374	0.000000	11.673817	0.008806	12.2
116	-0.890331	0.000000	11.673817	0.008903	9.5
117	-0.896331	0.000000	11.673817	0.009271	9.7
118	-0.890146	0.000000	11.673817	0.009439	9.9
119	-0.889541	0.000000	11.673817	0.008819	9.8
120	-0.897652	0.000000	11.673817	0.009636	10.4
121	-0.898549	0.000000	11.673817	0.009119	9.7
122	-0.886668	0.000000	11.673817	0.009699	9.8
123	-0.884275	0.000000	11.673817	0.008318	9.7
124	-0.891518	0.000000	11.673817	0.008876	9.7
125	-0.908803	0.000000	11.673817	0.008699	11.5
126	-0.874620	0.000000	11.673817	0.008239	9.9
127	-0.903981	0.000000	11.673817	0.009006	10.1
128	-0.900841	0.000000	11.673817	0.008122	11.0
129	-0.888797	0.000000	11.673817	0.009364	10.6
130	-0.911375	0.000000	11.673817	0.007744	10.2
131	-0.895440	0.000000	11.673817	0.008219	9.5
132	-0.885411	0.000000	11.673817	0.008027	9.6
133	-0.903888	0.000000	11.673817	0.008263	10.4
134	-0.916412	0.000000	11.673817	0.007894	10.8
135	-0.895399	0.000000	11.673817	0.007827	10.8
136	-0.902856	0.000000	11.673817	0.007424	10.2
137	-0.892697	0.000000	11.673817	0.008463	9.6
138	-0.911524	0.000000	11.673817	0.007701	9.5
139	-0.894617	0.000000	11.673817	0.007569	9.4
140	-0.890101	0.000000	11.673817	0.007609	10.1
141	-0.898094	0.000000	11.673817	0.006743	9.7
142	-0.884209	0.000000	11.673817	0.008035	9.7
143	-0.898933	0.000000	11.673817	0.007075	9.6
144	-0.931100	0.000000	11.673817	0.007281	9.7
145	-0.907025	0.000000	11.673817	0.007709	11.3
146	-0.916862	0.000000	11.673817	0.007165	9.6
147	-0.909953	0.000000	11.673817	0.006626	10.1
148	-0.915411	0.000000	11.673817	0.007543	9.5
149	-0.921451	0.000000	11.673817	0.007077	9.4
150	-0.923165	0.000000	11.673817	0.006417	11.3
151	-0.910557	0.000000	11.673817	0.007409	9.5
152	-0.915219	0.000000	11.673817	0.006895	9.5
153	-0.914188	0.000000	11.673817	0.007695	9.5
154	-0.910932	0.000000	11.673817	0.007129	9.9
155	-0.920787	0.000000	11.673817	0.007928	11.4
156	-0.907586	0.000000	11.673817	0.007572	9.4
157	-0.900207	0.000000	11.673817	0.007095	9.6
158	-0.919536	0.000000	11.673817	0.007469	9.4
159	-0.909086	0.000000	11.673817	0.006566	9.5
160	-0.899855	0.000000	11.673817	0.007220	11.3
161	-0.927407	0.000000	11.673817	0.006816	9.6
162	-0.889948	0.000000	11.673817	0.007334	9.5
163	-0.915913	0.000000	11.673817	0.007365	9.6
164	-0.912295	0.000000	11.673817	0.006370	9.6
165	-0.912770	0.000000	11.673817	0.006886	9.7
166	-0.907856	0.000000	11.673817	0.007115	10.4
167	-0.912083	0.000000	11.673817	0.006404	9.6
168	-0.916383	0.000000	11.673817	0.006678	9.6
169	-0.905350	0.000000	11.673817	0.006731	9.5
170	-0.910180	0.000000	11.673817	0.005924	9.5
171	-0.901402	0.000000	11.673817	0.006578	11.3
172	-0.908798	0.000000	11.673817	0.007441	9.6
173	-0.902856	0.000000	11.673817	0.006975	9.6
174	-0.908858	0.000000	11.673817	0.006025	9.5
175	-0.909289	0.000000	11.673817	0.006131	9.4
176	-0.916993	0.000000	11.673817	0.006680	11.6
177	-0.930864	0.000000	11.673817	0.006996	11.8
178	-0.927683	0.000000	11.673817	0.006064	11.1
179	-0.931864	0.000000	11.673817	0.006138	9.6
180	-0.892794	0.000000	11.673817	0.006656	9.7
181	-0.908375	0.000000	11.673817	0.006285	9.9
182	-0.912308	0.000000	11.673817	0.005977	10.6
183	-0.906454	0.000000	11.673817	0.006211	10.8
184	-0.904396	0.000000	11.673817	0.005948	9.6
185	-0.908743	0.000000	11.673817	0.005528	9.7
186	-0.923286	0.000000	11.673817	0.005337	9.9
187	-0.925362	0.000000	11.673817	0.005172	9.4
188	-0.915574	0.000000	11.673817	0.005779	9.5
189	-0.917991	0.000000	11.673817	0.005684	9.7
190	-0.930817	0.000000	11.673817	0.005903	10.0
191	-0.910490	0.000000	11.673817	0.006770	11.2
192	-0.907094	0.000000	11.673817	0.005884	9.5
193	-0.944547	0.000000	11.673817	0.005877	9.5
194	-0.939507	0.000000	11.673817	0.005426	9.6
195	-0.933189	0.000000	11.673817	0.005250	9.7
196	-0.921001	0.000000	11.673817	0.005461	11.2
197	-0.894270	0.000000	11.673817	0.005870	9.8
198	-0.910675	0.000000	11.673817	0.005669	9.3
199	-0.925131	0.000000	11.673817	0.005269	9.4
200	-0.919015	0.000000	11.673817	0.005608	9.4
201	-0.916026	0.000000	11.673817	0.005788	12.4
202	-0.929389	0.000000	11.673817	0.005809	9.6
203	-0.918397	0.000000	11.673817	0.006707	9.5
204	-0.901318	0.000000	11.673817	0.005444	10.7
205	-0.919727	0.000000	11.673817	0.006268	9.5
206	-0.929102	0.000000	11.673817	0.005325	11.6
207	-0.910717	0.000000	11.673817	0.005566	9.6
208	-0.906369	0.000000	11.673817	0.004487	9.5
209	-0.914503	0.000000	11.673817	0.005089	9.4
210	-0.930616	0.000000	11.673817	0.005549	9.9
211	-0.932024	0.000000	11.673817	0.004472	12.2
212	-0.927654	0.000000	11.673817	0.004412	9.5
213	-0.920971	0.000000	11.673817	0.005466	9.5
214	-0.893985	0.000000	11.673817	0.005309	9.7
215	-0.940451	0.000000	11.673817	0.004886	9.5
216	-0.895877	0.000000	11.673817	0.005607	11.9
217	-0.921540	0.000000	11.673817	0.005826	9.8
218	-0.924842	0.000000	11.673817	0.005329	9.8
219	-0.908597	0.000000	11.673817	0.004525	9.4
220	-0.913435	0.000000	11.673817	0.005606	9.4
221	-0.918006	0.000000	11.673817	0.005213	11.0
222	-0.903940	0.000000	11.673817	0.006326	9.7
223	-0.923654	0.000000	11.673817	0.005234	9.5
224	-0.931951	0.000000	11.673817	0.004689	9.4
225	-0.927499	0.000000	11.673817	0.005080	9.9
226	-0.914865	0.000000	11.673817	0.005444	12.7
227	-0.938504	0.000000	11.673817	0.005300	10.6
228	-0.919786	0.000000	11.673817	0.005207	9.5
229	-0.902153	0.000000	11.673817	0.004393	9.7
230	-0.928247	0.000000	11.673817	0.005032	9.4
231	-0.926732	0.000000	11.673817	0.005296	9.7
232	-0.922815	0.000000	11.673817	0.004440	11.1
233	-0.922589	0.000000	11.673817	0.004899	10.7
234	-0.923269	0.000000	11.673817	0.004315	9.7
235	-0.922797	0.000000	11.673817	0.004607	9.7
236	-0.922453	0.000000	11.673817	0.004170	9.5
237	-0.930201	0.000000	11.673817	0.004880	10.3
238	-0.907792	0.000000	11.673817	0.004925	9.6
239	-0.931923	0.000000	11.673817	0.004862	9.8
240	-0.941663	0.000000	11.673817	0.005585	9.5
241	-0.905024	0.000000	11.673817	0.004134	9.7
242	-0.921856	0.000000	11.673817	0.004705	11.2
243	-0.917960	0.000000	11.673817	0.004439	9.4
244	-0.933889	0.000000	11.673817	0.005345	9.4
245	-0.934870	0.000000	11.673817	0.003742	9.4
246	-0.924966	0.000000	11.673817	0.004733	9.4
247	-0.924451	0.000000	11.673817	0.004910	11.4
248	-0.911459	0.000000	11.673817	0.005278	9.5
249	-0.929656	0.000000	11.673817	0.004039	9.4
250	-0.925857	0.000000	11.673817	0.005218	9.4
251	-0.918530	0.000000	11.673817	0.005786	10.8
252	-0.915707	0.000000	11.673817	0.004586	11.4
253	-0.927454	0.000000	11.673817	0.005159	9.4
254	-0.913503	0.000000	11.673817	0.004058	9.9
255	-0.934495	0.000000	11.673817	0.005282	9.8
256	-0.919346	0.000000	11.673817	0.004151	9.6
257	-0.930003	0.000000	11.673817	0.003811	12.0
258	-0.906449	0.000000	11.673817	0.004459	9.7
259	-0.910678	0.000000	11.673817	0.004706	9.6
260	-0.919523	0.000000	11.673817	0.004836	9.5
261	-0.921287	0.000000	11.673817	0.005175	9.5
262	-0.915582	0.000000	11.673817	0.004651	12.0
263	-0.928055	0.000000	11.673817	0.005715	9.5
264	-0.914709	0.000000	11.673817	0.004393	9.4
265	-0.917382	0.000000	11.673817	0.004764	9.8
266	-0.937106	0.000000	11.673817	0.004213	9.4
267	-0.918824	0.000000	11.673817	0.004785	11.6
268	-0.932447	0.000000	11.673817	0.003482	9.5
269	-0.923023	0.000000	11.673817	0.004942	9.5
270	-0.912808	0.000000	11.673817	0.003661	9.7
271	-0.911198	0.000000	11.673817	0.003586	9.5
272	-0.915072	0.000000	11.673817	0.005617	10.4
273	-0.930676	0.000000	11.673817	0.003031	9.6
274	-0.933888	0.000000	11.673817	0.003507	9.5
275	-0.919020	0.000000	11.673817	0.005337	9.5
276	-0.917437	0.000000	11.673817	0.004578	11.8
277	-0.925728	0.000000	11.673817	0.003793	11.4
278	-0.938461	0.000000	11.673817	0.003351	10.1
279	-0.928217	0.000000	11.673817	0.004180	9.6
280	-0.923143	0.000000	11.673817	0.003509	10.4
281	-0.932627	0.000000	11.673817	0.003653	10.5
282	-0.927673	0.000000	11.673817	0.004662	11.5
283	-0.927412	0.000000	11.673817	0.004460	9.7
284	-0.923037	0.000000	11.673817	0.004019	9.6
285	-0.928890	0.000000	11.673817	0.003999	9.5
286	-0.926894	0.000000	11.673817	0.003957	9.6
287	-0.924617	0.000000	11.673817	0.004663	9.5
288	-0.944941	0.000000	11.673817	0.003507	10.3
289	-0.933989	0.000000	11.673817	0.003548	9.4
290	-0.914216	0.000000	11.673817	0.004313	9.6
291	-0.909174	0.000000	11.673817	0.005012	9.5
292	-0.921191	0.000000	11.673817	0.004619	9.6
293	-0.929702	0.000000	11.673817	0.003462	11.3
294	-0.939161	0.000000	11.673817	0.003285	9.4
295	-0.953193	0.000000	11.673817	0.003360	9.3
296	-0.917740	0.000000	11.673817	0.003413	9.6
297	-0.924908	0.000000	11.673817	0.003520	9.6
298	-0.922921	0.000000	11.673817	0.003458	11.8
299	-0.924353	0.000000	11.673817	0.004517	9.5
300	-0.922272	0.000000	11.673817	0.003940	9.5
301	-0.918095	0.000000	11.673817	0.004329	9.5
302	-0.918196	0.000000	11.673817	0.004547	9.8
303	-0.912757	0.000000	11.673817	0.004186	13.0
304	-0.919160	0.000000	11.673817	0.004089	9.5
305	-0.922229	0.000000	11.673817	0.003605	9.4
306	-0.908137	0.000000	11.673817	0.004301	10.6
307	-0.917691	0.000000	11.673817	0.003668	9.4
308	-0.912699	0.000000	11.673817	0.003370	9.5
309	-0.909603	0.000000	11.673817	0.004403	10.4
310	-0.925615	0.000000	11.673817	0.003088	10.4
311	-0.919738	0.000000	11.673817	0.004717	10.2
312	-0.913083	0.085702	11.626369	0.006298	9.4
313	-0.919371	0.277378	11.521633	0.003966	9.7
314	-0.938662	0.121356	11.606743	0.003149	10.2
315	-0.918624	0.000000	11.673817	0.002805	9.5
316	-0.916725	0.000000	11.673817	0.002705	9.6
317	-0.948055	0.000000	11.673817	0.003437	9.3
318	-0.929442	0.000000	11.673817	0.004955	9.4
319	-0.922344	0.000000	11.673817	0.003583	11.2
320	-0.938243	0.000000	11.673817	0.003481	9.4
321	-0.918482	0.000000	11.673817	0.003966	9.7
322	-0.911218	0.000000	11.673817	0.003426	9.4
323	-0.922154	0.000000	11.673817	0.003734	9.2
324	-0.913768	0.000000	11.673817	0.004437	9.5
325	-0.933491	0.000000	11.673817	0.003535	12.0
326	-0.920670	0.000000	11.673817	0.002901	10.5
327	-0.936210	0.000000	11.673817	0.003001	9.8
328	-0.916889	0.000000	11.673817	0.003887	9.7
329	-0.920449	0.000000	11.673817	0.003961	9.5
330	-0.927749	0.000000	11.673817	0.003831	10.0
331	-0.932704	0.000000	11.673817	0.003760	9.4
332	-0.908468	0.000000	11.673817	0.003274	9.6
333	-0.921744	0.000000	11.673817	0.004284	9.4
334	-0.919526	0.000000	11.673817	0.003993	9.3
335	-0.920116	0.095959	11.620716	0.003064	11.2
336	-0.925845	0.000000	11.673817	0.003125	9.4
337	-0.922824	0.000000	11.673817	0.003271	9.4
338	-0.912099	0.000000	11.673817	0.004443	9.4
339	-0.944297	0.000000	11.673817	0.003474	9.4
340	-0.926022	0.000000	11.673817	0.002986	10.1
341	-0.928627	0.000000	11.673817	0.003245	9.6
342	-0.910971	0.000000	11.673817	0.002791	9.5
343	-0.927816	0.000000	11.673817	0.003071	9.4
344	-0.932256	0.000000	11.673817	0.003709	9.4
345	-0.937242	0.000000	11.673817	0.002269	9.4
346	-0.922965	0.000000	11.673817	0.002392	10.4
347	-0.937777	0.000000	11.673817	0.003646	9.4
348	-0.910872	0.000000	11.673817	0.002812	9.5
349	-0.926450	0.000000	11.673817	0.004469	9.4
350	-0.925227	0.000000	11.673817	0.003086	9.3
351	-0.920662	0.082867	11.627932	0.002410	10.1
352	-0.927195	0.000000	11.673817	0.003237	9.7
353	-0.921669	0.000000	11.673817	0.003695	9.4
354	-0.919025	0.000000	11.673817	0.003554	9.5
355	-0.920499	0.000000	11.673817	0.003873	9.3
356	-0.918670	0.000000	11.673817	0.004784	9.7
357	-0.924097	0.000000	11.673817	0.003429	10.4
358	-0.911864	0.000000	11.673817	0.003218	9.2
359	-0.915485	0.000000	11.673817	0.003952	9.5
360	-0.925061	0.000000	11.673817	0.005059	9.5
361	-0.919013	0.000000	11.673817	0.002962	9.3
362	-0.908206	0.000000	11.673817	0.004502	10.2
363	-0.940016	0.000000	11.673817	0.003301	9.7
364	-0.920272	0.000000	11.673817	0.002934	9.3
365	-0.922928	0.000000	11.673817	0.003193	9.4
366	-0.923754	0.000000	11.673817	0.003255	9.3
367	-0.930115	0.000000	11.673817	0.003454	9.6
368	-0.917465	0.000000	11.673817	0.003158	10.8
369	-0.931803	0.000000	11.673817	0.004987	9.3
370	-0.925167	0.011640	11.667350	0.003270	9.4
371	-0.911630	0.012469	11.666889	0.005692	9.2
372	-0.907220	0.000000	11.673817	0.002962	9.7
373	-0.911992	0.000000	11.673817	0.003331	9.8
374	-0.927670	0.000000	11.673817	0.003648	9.9
375	-0.929708	0.000000	11.673817	0.002237	9.5
376	-0.931709	0.000000	11.673817	0.003451	11.0
377	-0.926851	0.000000	11.673817	0.002607	10.8
378	-0.922748	0.000000	11.673817	0.003091	9.3
379	-0.924728	0.000000	11.673817	0.002368	10.0
380	-0.928448	0.000000	11.673817	0.003672	9.4
381	-0.929695	0.000000	11.673817	0.003958	9.6
382	-0.915466	0.075675	11.631900	0.003063	10.4
383	-0.930692	0.000000	11.673817	0.002782	10.3
384	-0.909206	0.000000	11.673817	0.003641	11.3
385	-0.910647	0.000000	11.673817	0.002775	9.5
386	-0.901033	0.000000	11.673817	0.003029	9.5
387	-0.926458	0.000000	11.673817	0.002478	9.4
388	-0.928347	0.000000	11.673817	0.003251	9.7
389	-0.926826	0.000000	11.673817	0.003853	10.6
390	-0.924501	0.079053	11.630036	0.003159	9.6
391	-0.924914	0.000000	11.673817	0.002778	9.7
392	-0.930926	0.000000	11.673817	0.003362	9.4
393	-0.945850	0.000000	11.673817	0.003474	9.2
394	-0.932012	0.000000	11.673817	0.003386	11.3
395	-0.923457	0.000000	11.673817	0.003641	9.4
396	-0.927257	0.000000	11.673817	0.004479	9.3
397	-0.929854	0.000000	11.673817	0.002533	9.3
398	-0.918031	0.000000	11.673817	0.003090	9.4
399	-0.932640	0.000000	11.673817	0.005680	11.8
400	-0.924359	0.000000	11.673817	0.003485	9.5
401	-0.922935	0.000000	11.673817	0.004520	9.3
402	-0.918420	0.000000	11.673817	0.004038	9.4
403	-0.927893	0.000000	11.673817	0.002948	9.5
404	-0.937855	0.064710	11.637955	0.003237	11.9
405	-0.916852	0.118498	11.608313	0.003210	10.8
406	-0.942084	0.000000	11.673817	0.004444	10.8
407	-0.923339	0.000000	11.673817	0.004336	9.9
408	-0.932091	0.033659	11.655135	0.002260	9.3
409	-0.915408	0.000000	11.673817	0.003368	10.0
410	-0.906661	0.000000	11.673817	0.003214	10.1
411	-0.909942	0.000000	11.673817	0.003676	9.6
412	-0.926232	0.000000	11.673817	0.003281	9.8
413	-0.913033	0.000000	11.673817	0.002606	9.5
414	-0.952368	0.000000	11.673817	0.002582	9.4
415	-0.935299	0.000000	11.673817	0.004553	10.3
416	-0.937920	0.000000	11.673817	0.002758	9.5
417	-0.924225	0.000000	11.673817	0.003477	9.4
418	-0.927786	0.000000	11.673817	0.003756	9.3
419	-0.919486	0.000000	11.673817	0.003760	9.5
420	-0.937811	0.000000	11.673817	0.002774	11.0
421	-0.939557	0.000000	11.673817	0.004539	9.5
422	-0.906882	0.000000	11.673817	0.002663	9.3
423	-0.928601	0.000000	11.673817	0.003281	9.4
424	-0.918509	0.000000	11.673817	0.003322	9.8
425	-0.914054	0.000000	11.673817	0.004382	11.7
426	-0.932775	0.000000	11.673817	0.004000	11.4
427	-0.916854	0.000000	11.673817	0.003573	10.4
428	-0.926902	0.000000	11.673817	0.003571	9.3
429	-0.923724	0.000000	11.673817	0.002042	9.3
430	-0.930498	0.000000	11.673817	0.002883	11.2
431	-0.922558	0.000000	11.673817	0.003969	10.7
432	-0.919946	0.134952	11.599276	0.003655	11.4
433	-0.935003	0.065893	11.637302	0.003190	9.5
434	-0.908208	0.000000	11.673817	0.004215	9.5
435	-0.926066	0.000000	11.673817	0.003414	11.4
436	-0.917651	0.230033	11.547328	0.002730	9.4
437	-0.929688	0.072284	11.633772	0.003670	9.5
438	-0.919530	0.044908	11.648906	0.003372	9.4
439	-0.924498	0.159084	11.586047	0.003608	9.5
440	-0.946945	0.006989	11.669932	0.003006	11.2
441	-0.914630	0.125148	11.604660	0.002740	9.5
442	-0.901339	0.000000	11.673817	0.002330	9.4
443	-0.936300	0.000000	11.673817	0.003171	10.3
444	-0.916458	0.000000	11.673817	0.003730	9.4
445	-0.924488	0.000000	11.673817	0.003234	11.9
446	-0.916940	0.000000	11.673817	0.003455	9.4
447	-0.939923	0.000000	11.673817	0.003697	9.6
448	-0.941658	0.014713	11.665643	0.003200	9.5
449	-0.920191	0.077717	11.630773	0.002281	9.4
450	-0.936859	0.000000	11.673817	0.003679	11.2
451	-0.911783	0.026216	11.659261	0.002767	9.6
452	-0.933273	0.231779	11.546378	0.002781	9.5
453	-0.914546	0.082325	11.628231	0.003954	9.6
454	-0.927762	0.231728	11.546406	0.003504	9.5
455	-0.934509	0.118067	11.608550	0.003158	9.7
456	-0.922929	0.000000	11.673817	0.002486	10.2
457	-0.926014	0.074038	11.632803	0.002605	9.4
458	-0.926160	0.000000	11.673817	0.003919	9.6
459	-0.935587	0.000000	11.673817	0.002551	9.3
460	-0.922709	0.053240	11.644295	0.002528	9.4
461	-0.908705	0.000000	11.673817	0.002535	11.4
462	-0.922258	0.000000	11.673817	0.003088	9.5
463	-0.931307	0.000000	11.673817	0.004447	9.3
464	-0.934815	0.000000	11.673817	0.003655	9.4
465	-0.929607	0.344717	11.485285	0.002017	9.3
466	-0.927332	0.255229	11.533639	0.003022	11.3
467	-0.949092	0.191684	11.568224	0.003924	9.4
468	-0.915683	0.030762	11.656741	0.003236	9.3
469	-0.936621	0.118152	11.608504	0.003954	9.4
470	-0.926118	0.212289	11.556987	0.002619	9.4
471	-0.925862	0.149494	11.591301	0.003545	10.6
472	-0.933491	0.076168	11.631628	0.002789	9.6
473	-0.931209	0.000000	11.673817	0.003876	10.4
474	-0.926553	0.124348	11.605099	0.002410	10.2
475	-0.916799	0.103228	11.616713	0.003003	10.1
476	-0.909624	0.012390	11.666933	0.002784	12.7
477	-0.931825	0.000000	11.673817	0.002733	11.2
478	-0.917653	0.000000	11.673817	0.003932	12.5
479	-0.918444	0.000000	11.673817	0.002918	9.7
480	-0.913884	0.076366	11.631519	0.002634	9.7
481	-0.930383	0.000000	11.673817	0.003354	12.7
482	-0.923042	0.000000	11.673817	0.003520	9.6
483	-0.931602	0.094824	11.621341	0.004154	9.6
484	-0.926385	0.031783	11.656175	0.003132	9.7
485	-0.921003	0.000000	11.673817	0.002516	9.3
486	-0.936467	0.000000	11.673817	0.002520	11.1
487	-0.920705	0.000000	11.673817	0.004720	10.6
488	-0.928673	0.184996	11.571876	0.006128	9.5
489	-0.927581	0.104975	11.615752	0.002413	9.8
490	-0.924431	0.000000	11.673817	0.003528	9.7
491	-0.934847	0.000000	11.673817	0.003488	11.2
492	-0.920326	0.000000	11.673817	0.002306	9.8
493	-0.926144	0.000000	11.673817	0.003827	9.3
494	-0.932857	0.000000	11.673817	0.002285	9.9
495	-0.924615	0.000000	11.673817	0.003204	9.3
496	-0.923294	0.000000	11.673817	0.003960	9.8
497	-0.911420	0.000000	11.673817	0.002040	10.0
498	-0.927819	0.000000	11.673817	0.002484	9.3
499	-0.919441	0.000000	11.673817	0.002997	9.4
500	-0.927552	0.000000	11.673817	0.003802	9.4
501	-0.921968	0.000000	11.673817	0.002388	9.6
502	-0.920313	0.000000	11.673817	0.002777	11.1
503	-0.922679	0.000000	11.673817	0.003143	9.9
504	-0.927006	0.000000	11.673817	0.002633	9.6
505	-0.938356	0.061114	11.639942	0.003439	9.2
506	-0.928014	0.045557	11.648547	0.003249	9.4
507	-0.932814	0.000000	11.673817	0.004112	12.1
508	-0.923519	0.000000	11.673817	0.003203	9.3
509	-0.925305	0.000000	11.673817	0.002592	9.4
510	-0.922140	0.000000	11.673817	0.002619	9.5
511	-0.928465	0.000000	11.673817	0.003993	9.4
512	-0.929275	0.028832	11.657811	0.002887	11.2
513	-0.927195	0.070499	11.634757	0.003152	9.5
514	-0.923775	0.130917	11.601491	0.002483	9.5
515	-0.909990	0.061623	11.639661	0.003729	9.9
516	-0.922560	0.000000	11.673817	0.002973	9.4
517	-0.921670	0.000000	11.673817	0.003466	9.6
518	-0.927003	0.000000	11.673817	0.003097	10.8
519	-0.917721	0.000000	11.673817	0.003732	9.4
520	-0.932451	0.000000	11.673817	0.002306	9.5
521	-0.931911	0.000000	11.673817	0.004007	9.4
522	-0.945215	0.000000	11.673817	0.002740	9.9
523	-0.925080	0.096324	11.620515	0.004276	10.5
524	-0.937695	0.066363	11.637042	0.003000	9.4
525	-0.924013	0.000000	11.673817	0.004791	11.6
526	-0.929537	0.363570	11.475149	0.002714	10.7
527	-0.909079	0.300158	11.509311	0.003064	9.4
528	-0.920001	0.221366	11.552043	0.004372	10.2
529	-0.916511	0.501917	11.401316	0.002119	9.6
530	-0.926277	0.417112	11.446461	0.002838	10.5
531	-0.914965	0.313827	11.501930	0.002762	11.1
532	-0.927374	0.309045	11.504511	0.002670	9.5
533	-0.931565	0.251343	11.535749	0.004202	10.5
534	-0.932244	0.273069	11.523967	0.004032	9.5
535	-0.927432	0.115129	11.610166	0.002293	9.5
536	-0.929933	0.094060	11.621762	0.004188	9.5
537	-0.927052	0.000000	11.673817	0.004775	9.4
538	-0.914973	0.102995	11.616841	0.003625	11.4
539	-0.919217	0.000000	11.673817	0.003376	9.4
540	-0.915070	0.029699	11.657330	0.002715	9.5
541	-0.941287	0.000000	11.673817	0.001624	9.4
542	-0.931530	0.000000	11.673817	0.003991	9.9
543	-0.950892	0.000000	11.673817	0.003241	11.2
544	-0.905748	0.000000	11.673817	0.003064	9.5
545	-0.922132	0.084607	11.626973	0.002668	9.3
546	-0.923542	0.141249	11.595821	0.002342	9.3
547	-0.922399	0.042572	11.650199	0.004197	9.5
548	-0.921349	0.025260	11.659792	0.002829	11.7
549	-0.952726	0.000000	11.673817	0.002095	9.4
550	-0.938675	0.000000	11.673817	0.002968	9.3
551	-0.919421	0.000000	11.673817	0.002811	9.4
552	-0.922497	0.000000	11.673817	0.004323	9.6
553	-0.923580	0.000000	11.673817	0.003290	11.4
554	-0.936432	0.000000	11.673817	0.002833	9.6
555	-0.925761	0.086688	11.625825	0.002964	9.5
556	-0.921513	0.000000	11.673817	0.003577	9.3
557	-0.915947	0.000000	11.673817	0.002701	9.4
558	-0.932323	0.000000	11.673817	0.002082	9.9
559	-0.931275	0.000000	11.673817	0.003289	10.6
560	-0.924134	0.000000	11.673817	0.002178	9.4
561	-0.931722	0.000000	11.673817	0.003424	9.5
562	-0.925073	0.000000	11.673817	0.003242	9.3
563	-0.917800	0.000000	11.673817	0.002172	9.3
564	-0.937413	0.000000	11.673817	0.003792	11.3
565	-0.927902	0.000000	11.673817	0.002489	9.3
566	-0.925353	0.000000	11.673817	0.004302	9.4
567	-0.931690	0.000000	11.673817	0.003292	9.3
568	-0.925826	0.000000	11.673817	0.002659	9.4
569	-0.921991	0.000000	11.673817	0.004346	11.1
570	-0.940421	0.266338	11.527615	0.002823	9.5
571	-0.925682	0.277369	11.521638	0.003273	9.4
572	-0.923520	0.252897	11.534905	0.003481	9.5
573	-0.942265	0.280043	11.520191	0.003243	9.5
574	-0.941858	0.132257	11.600756	0.002190	11.5
575	-0.933114	0.117607	11.608803	0.003004	10.8
576	-0.926036	0.046700	11.647914	0.002686	10.5
577	-0.931424	0.073252	11.633238	0.002406	9.4
578	-0.938707	0.002113	11.672642	0.003330	9.7
579	-0.917462	0.000000	11.673817	0.002668	11.4
580	-0.936848	0.000000	11.673817	0.002822	11.5
581	-0.922077	0.000000	11.673817	0.004742	10.5
582	-0.928034	0.087584	11.625331	0.002394	9.4
583	-0.921353	0.000000	11.673817	0.002619	9.7
584	-0.921148	0.000000	11.673817	0.002244	11.9
585	-0.938628	0.000000	11.673817	0.002654	9.6
586	-0.914916	0.000000	11.673817	0.003089	9.7
587	-0.926979	0.124989	11.604747	0.003115	9.5
588	-0.915641	0.000000	11.673817	0.004087	9.7
589	-0.936187	0.440968	11.433726	0.002123	11.9
590	-0.926001	0.406011	11.452398	0.003283	9.3
591	-0.924470	0.413981	11.448135	0.002486	9.5
592	-0.922354	0.430186	11.439478	0.003202	10.0
593	-0.927372	0.476961	11.414564	0.003288	9.4
594	-0.929195	0.408458	11.451088	0.002497	10.8
595	-0.924811	0.500815	11.401900	0.004120	9.6
596	-0.906428	0.394815	11.458391	0.003390	9.6
597	-0.912301	0.216954	11.554446	0.002778	9.4
598	-0.933280	0.069609	11.635249	0.002293	9.3
599	-0.932014	0.000000	11.673817	0.002960	9.6
600	-0.933082	0.000000	11.673817	0.002794	10.4
601	-0.942439	0.000000	11.673817	0.003342	9.3
602	-0.930655	0.000000	11.673817	0.002927	10.5
603	-0.904736	0.000000	11.673817	0.003475	10.1
604	-0.953058	0.052904	11.644481	0.002630	9.6
605	-0.934682	0.000000	11.673817	0.001469	10.3
606	-0.909365	0.000000	11.673817	0.004439	9.6
607	-0.936561	0.000000	11.673817	0.003938	9.3
608	-0.923639	0.000000	11.673817	0.003582	9.5
609	-0.931857	0.000000	11.673817	0.003594	9.5
610	-0.934867	0.000000	11.673817	0.003673	11.2
611	-0.932594	0.000000	11.673817	0.004508	9.5
612	-0.924486	0.570981	11.364812	0.002161	9.4
613	-0.924667	0.536781	11.382859	0.002654	9.3
614	-0.938394	0.469833	11.418354	0.003090	9.5
615	-0.957126	0.464875	11.420991	0.003410	12.0
616	-0.938641	0.384887	11.463710	0.004231	9.6
617	-0.944151	0.275876	11.522447	0.003306	9.2
618	-0.941009	0.175899	11.576847	0.003366	9.5
619	-0.938252	0.386243	11.462983	0.002698	9.6
620	-0.934282	0.534443	11.384095	0.003273	11.7
621	-0.936724	0.393816	11.458926	0.002796	9.5
622	-0.937455	0.455194	11.426145	0.003415	9.8
623	-0.923346	0.377996	11.467405	0.004538	9.3
624	-0.930662	0.237537	11.543248	0.002702	11.4
625	-0.938598	0.088912	11.624599	0.002460	11.8
626	-0.916616	0.060370	11.640353	0.003025	9.4
627	-0.924286	0.000000	11.673817	0.003524	9.4
628	-0.928633	0.128813	11.602647	0.003471	9.3
629	-0.926816	0.000000	11.673817	0.003583	9.9
630	-0.910671	0.000000	11.673817	0.003454	12.4
631	-0.945704	0.000000	11.673817	0.002530	9.6
632	-0.910953	0.000000	11.673817	0.003684	9.4
633	-0.928207	0.040949	11.651098	0.002539	9.4
634	-0.921691	0.000000	11.673817	0.003874	9.2
635	-0.925984	0.000000	11.673817	0.002214	9.6
636	-0.932866	0.000000	11.673817	0.002908	10.2
637	-0.930437	0.000000	11.673817	0.002992	9.4
638	-0.938919	0.000000	11.673817	0.002831	9.5
639	-0.928186	0.000000	11.673817	0.004293	9.5
640	-0.930244	0.000000	11.673817	0.003796	9.4
641	-0.943169	0.000000	11.673817	0.001692	11.1
642	-0.914331	0.000000	11.673817	0.002776	9.7
643	-0.939638	0.000000	11.673817	0.002400	9.4
644	-0.916169	0.000000	11.673817	0.002480	9.4
645	-0.932718	0.000000	11.673817	0.002627	9.4
646	-0.928858	0.000000	11.673817	0.004198	12.4
647	-0.937253	0.000000	11.673817	0.003163	10.1
648	-0.913906	0.000000	11.673817	0.002561	9.2
649	-0.935735	0.000000	11.673817	0.002597	9.4
650	-0.920283	0.000000	11.673817	0.003824	9.5
651	-0.918763	0.000000	11.673817	0.002567	11.7
652	-0.929340	0.000000	11.673817	0.002566	9.4
653	-0.918176	0.000000	11.673817	0.002990	9.6
654	-0.919811	0.000000	11.673817	0.002366	9.4
655	-0.925183	0.000000	11.673817	0.003778	9.4
656	-0.928286	0.000000	11.673817	0.001822	10.5
657	-0.946081	0.001710	11.672866	0.002446	9.6
658	-0.913248	0.000000	11.673817	0.003871	9.3
659	-0.929272	0.000000	11.673817	0.003633	9.4
660	-0.944038	0.188511	11.569956	0.002601	9.5
661	-0.917825	0.259482	11.531332	0.002631	9.5
662	-0.902026	0.165329	11.582629	0.003788	11.2
663	-0.936068	0.415119	11.447527	0.002085	9.4
664	-0.922471	0.303934	11.507271	0.002436	9.5
665	-0.941405	0.232704	11.545875	0.003633	9.4
666	-0.933891	0.383607	11.464396	0.003804	9.5
667	-0.920573	0.867318	11.210801	0.003961	11.2
668	-0.932178	1.433742	10.927742	0.003622	9.3
669	-0.940895	1.249733	11.018116	0.003358	9.5
670	-0.920022	1.552942	10.869985	0.003235	9.4
671	-0.920523	1.622725	10.836455	0.003169	9.6
672	-0.930823	1.650964	10.822946	0.002335	12.0
673	-0.925695	1.643782	10.826378	0.002168	9.5
674	-0.926171	1.588687	10.852784	0.002912	11.8
675	-0.924913	1.524664	10.883632	0.003211	10.5
676	-0.942696	1.465719	10.912188	0.002313	9.3
677	-0.910150	1.407757	10.940415	0.002437	11.3
678	-0.943383	1.315952	10.985422	0.002009	9.6
679	-0.937242	1.218383	11.033663	0.002560	9.7
680	-0.930245	1.187140	11.049200	0.004287	10.6
681	-0.938971	1.342747	10.972248	0.002076	9.6
682	-0.934208	1.402535	10.942965	0.003921	10.7
683	-0.932952	1.335549	10.975783	0.002520	9.5
684	-0.914072	1.507893	10.891741	0.002327	9.5
685	-0.930181	1.476788	10.906814	0.002557	9.9
686	-0.924742	1.338347	10.974408	0.003600	9.8
687	-0.925179	1.328951	10.979027	0.004159	11.6
688	-0.937235	1.407683	10.940450	0.003280	9.6
689	-0.940841	1.269273	11.008449	0.003113	9.4
690	-0.920766	1.188071	11.048736	0.003309	9.4
691	-0.920396	1.347551	10.969889	0.002311	9.7
692	-0.934967	1.198619	11.043486	0.002959	11.0
693	-0.931919	1.131762	11.076847	0.002243	9.7
694	-0.932974	1.139949	11.072751	0.003127	9.3
695	-0.931312	0.987041	11.149756	0.003659	9.4
696	-0.909912	1.407245	10.940664	0.002321	9.5
697	-0.912589	1.337953	10.974602	0.003588	11.4
698	-0.930925	1.251627	11.017179	0.002624	10.1
699	-0.924533	1.296924	10.994797	0.003411	9.6
700	-0.923923	1.171850	11.056820	0.002712	9.6
701	-0.918660	1.088388	11.098599	0.003088	9.5
702	-0.923058	0.935669	11.175868	0.003781	10.5
703	-0.927631	0.813178	11.238626	0.002113	10.3
704	-0.916324	0.757364	11.267456	0.002973	9.6
705	-0.919377	0.666157	11.314888	0.005116	9.3
706	-0.926797	0.473409	11.416452	0.004253	9.5
707	-0.943030	1.159318	11.063073	0.004096	9.5
708	-0.926021	1.106794	11.089358	0.003828	10.4
709	-0.932512	0.916369	11.185710	0.003294	9.5
710	-0.911194	1.101992	11.091767	0.002960	9.5
711	-0.927332	1.134233	11.075611	0.002079	9.4
712	-0.927733	1.142105	11.071673	0.002599	9.7
713	-0.937208	1.134128	11.075663	0.002271	11.4
714	-0.919073	1.096247	11.094651	0.004755	9.5
715	-0.927454	1.189841	11.047855	0.002978	9.4
716	-0.919253	1.053598	11.116107	0.002415	9.4
717	-0.912981	1.057102	11.114341	0.003112	9.5
718	-0.933744	0.941375	11.172962	0.003441	11.6
719	-0.927494	0.834574	11.227613	0.003857	10.0
720	-0.914585	0.840798	11.224413	0.004257	9.4
721	-0.921624	1.422010	10.933460	0.002493	9.4
722	-0.916796	1.319405	10.983722	0.002586	9.5
723	-0.939554	1.177602	11.053952	0.003446	13.8
724	-0.928451	1.325761	10.980595	0.003119	9.3
725	-0.927371	1.203706	11.040957	0.002462	10.4
726	-0.926105	1.063727	11.111003	0.003367	9.2
727	-0.932586	1.221207	11.032261	0.003437	9.5
728	-0.934470	1.307090	10.989786	0.002313	11.8
729	-0.929436	1.157053	11.064204	0.002172	10.6
730	-0.930123	1.109308	11.088097	0.002842	10.4
731	-0.929912	1.093831	11.095864	0.002659	9.5
732	-0.917988	1.049132	11.118358	0.001819	9.9
733	-0.923522	1.010322	11.137963	0.002630	11.5
734	-0.931358	0.930343	11.178583	0.004758	9.4
735	-0.920894	0.824262	11.232918	0.004685	9.4
736	-0.926253	1.532042	10.880068	0.003434	9.7
737	-0.938453	1.341010	10.973100	0.002210	9.8
738	-0.933065	1.335336	10.975888	0.002716	11.3
739	-0.919845	1.237762	11.024048	0.002793	9.5
740	-0.927080	1.198238	11.043676	0.003488	9.8
741	-0.935775	1.223192	11.031275	0.001819	9.4
742	-0.928689	1.098547	11.093496	0.004155	9.5
743	-0.932826	1.090851	11.097361	0.002686	12.2
744	-0.950094	1.164590	11.060441	0.004392	9.4
745	-0.927863	1.050016	11.117913	0.002382	9.4
746	-0.924268	0.941350	11.172974	0.002564	9.4
747	-0.927089	0.821628	11.234274	0.003295	10.0
748	-0.917951	0.737012	11.278006	0.002689	11.6
749	-0.934257	0.580210	11.359952	0.004168	9.5
750	-0.928486	0.507480	11.398367	0.004649	9.4
751	-0.932739	1.041270	11.122324	0.003198	9.2
752	-0.923085	0.898082	11.195051	0.003377	9.5
753	-0.940486	0.813145	11.238643	0.003016	11.0
754	-0.933654	0.666470	11.314725	0.003282	9.9
755	-0.941652	0.492640	11.406237	0.003198	9.4
756	-0.931362	0.532681	11.385027	0.002785	9.4
757	-0.940416	0.375746	11.468613	0.003089	9.5
758	-0.932877	0.418329	11.445811	0.002660	9.6
759	-0.938961	0.361512	11.476254	0.002454	10.1
760	-0.937664	0.253098	11.534796	0.001973	9.4
761	-0.933252	0.197143	11.565245	0.005176	9.5
762	-0.923640	0.362227	11.475871	0.002109	9.4
763	-0.941053	0.206856	11.559948	0.002505	9.6
764	-0.943214	0.101031	11.617923	0.002010	11.2
765	-0.931122	0.021399	11.661933	0.003093	9.5
766	-0.929112	0.000000	11.673817	0.003383	9.4
767	-0.937661	0.289769	11.514928	0.002147	9.3
768	-0.954550	0.239500	11.542181	0.002652	9.8
769	-0.915562	0.138098	11.597550	0.003182	9.6
770	-0.928266	0.260795	11.530620	0.002775	10.0
771	-0.937693	0.183349	11.572775	0.003329	9.5
772	-0.930781	0.292441	11.513483	0.003551	9.4
773	-0.927623	0.574166	11.363134	0.003760	11.8
774	-0.936265	0.444709	11.431731	0.002057	9.6
775	-0.940168	0.384662	11.463831	0.003042	11.2
776	-0.927116	0.275486	11.522658	0.006717	9.3
777	-0.929973	0.612854	11.342794	0.003119	9.3
778	-0.936508	0.592130	11.353681	0.002005	9.8
779	-0.926252	0.523733	11.389760	0.003055	10.6
780	-0.915783	0.432283	11.438359	0.002621	11.4
781	-0.926840	0.304255	11.507098	0.003160	9.4
782	-0.923730	0.222825	11.551249	0.003603	9.6
783	-0.923535	0.144206	11.594200	0.002860	9.2
784	-0.933350	0.000000	11.673817	0.002691	9.4
785	-0.928501	0.093316	11.622172	0.002324	11.2
786	-0.927860	0.037066	11.653248	0.002879	9.5
787	-0.923064	0.000000	11.673817	0.002610	9.6
788	-0.928559	0.000000	11.673817	0.002820	9.5
789	-0.924355	0.000000	11.673817	0.002626	9.5
790	-0.921061	0.000000	11.673817	0.003377	11.0
791	-0.928296	0.000000	11.673817	0.002699	9.4
792	-0.925301	0.000000	11.673817	0.004063	9.4
793	-0.919927	0.097950	11.619619	0.003650	9.5
794	-0.935046	0.053302	11.644261	0.002101	9.5
795	-0.940565	0.000000	11.673817	0.003660	11.1
796	-0.935152	0.000000	11.673817	0.002293	9.6
797	-0.931767	0.000000	11.673817	0.003421	9.4
798	-0.933220	0.000000	11.673817	0.003587	9.4
799	-0.920221	0.000000	11.673817	0.003385	9.3
800	-0.922274	0.000000	11.673817	0.002435	9.5
801	-0.925828	0.000000	11.673817	0.002645	11.1
802	-0.928789	0.000000	11.673817	0.002553	9.7
803	-0.929815	0.000000	11.673817	0.002027	10.5
804	-0.928115	0.000000	11.673817	0.001897	10.0
805	-0.940217	0.000000	11.673817	0.001465	9.7
806	-0.937752	0.000000	11.673817	0.003726	10.1
807	-0.909910	0.000000	11.673817	0.002904	9.5
808	-0.926699	0.313823	11.501932	0.003064	9.6
809	-0.945184	0.161282	11.584844	0.002435	9.5
810	-0.939451	0.066192	11.637136	0.003396	9.8
811	-0.924454	0.073177	11.633279	0.001277	11.7
812	-0.935459	0.028483	11.658004	0.002408	9.3
813	-0.920471	0.003093	11.672097	0.002107	9.4
814	-0.947904	0.000000	11.673817	0.002392	9.4
815	-0.940623	0.000000	11.673817	0.002475	10.8
816	-0.925905	0.000000	11.673817	0.002716	11.7
817	-0.939939	0.000000	11.673817	0.002490	9.5
818	-0.935135	0.000000	11.673817	0.001956	9.6
819	-0.927574	0.000000	11.673817	0.003781	9.6
820	-0.931882	0.000000	11.673817	0.003176	9.5
821	-0.945256	0.069313	11.635412	0.002788	11.7
822	-0.938217	0.000000	11.673817	0.003200	9.4
823	-0.927342	0.000000	11.673817	0.002517	11.7
824	-0.940896	0.000000	11.673817	0.002870	10.4
825	-0.924988	0.000000	11.673817	0.002746	9.6
826	-0.936235	0.000000	11.673817	0.003316	10.7
827	-0.920668	0.000000	11.673817	0.003678	9.4
828	-0.931061	0.000000	11.673817	0.002615	9.5
829	-0.923736	0.000000	11.673817	0.002115	9.4
830	-0.924185	0.000000	11.673817	0.003646	12.3
831	-0.916840	0.000000	11.673817	0.003420	9.7
832	-0.936025	0.000000	11.673817	0.003312	9.5
833	-0.932569	0.000000	11.673817	0.002775	9.5
834	-0.941901	0.000000	11.673817	0.002488	9.4
835	-0.936312	0.006548	11.670178	0.002513	9.5
836	-0.924049	0.000000	11.673817	0.003016	11.0
837	-0.941231	0.000000	11.673817	0.003973	9.4
838	-0.933814	0.026421	11.659148	0.002684	9.6
839	-0.942381	0.000000	11.673817	0.002314	9.4
840	-0.940017	0.000000	11.673817	0.004208	9.5
841	-0.924754	0.089985	11.624007	0.002718	11.0
842	-0.939110	0.108205	11.613974	0.003360	9.7
843	-0.926728	0.058332	11.641480	0.002955	9.8
844	-0.935784	0.000000	11.673817	0.002911	9.5
845	-0.932849	0.121410	11.606713	0.002644	9.8
846	-0.921871	0.000000	11.673817	0.002295	12.2
847	-0.948027	0.019541	11.662964	0.002196	9.6
848	-0.922067	0.000000	11.673817	0.003183	9.5
849	-0.927238	0.000000	11.673817	0.002525	9.5
850	-0.940599	0.000000	11.673817	0.005745	9.4
851	-0.917239	0.422645	11.443505	0.002110	11.8
852	-0.943328	0.383024	11.464709	0.003325	9.6
853	-0.919325	0.288787	11.515459	0.003116	9.5
854	-0.942641	0.181576	11.573744	0.003286	13.1
855	-0.918677	0.241158	11.541280	0.002351	9.7
856	-0.928071	0.181883	11.573577	0.002911	12.0
857	-0.936320	0.122238	11.606258	0.004138	9.6
858	-0.936962	0.000000	11.673817	0.003222	9.5
859	-0.954543	0.000000	11.673817	0.003283	9.8
860	-0.929272	0.000000	11.673817	0.002518	9.4
861	-0.923120	0.000000	11.673817	0.003333	11.3
862	-0.933326	0.000000	11.673817	0.001482	9.5
863	-0.923298	0.000000	11.673817	0.002562	9.3
864	-0.925125	0.000000	11.673817	0.003307	9.5
865	-0.936754	0.094520	11.621509	0.002203	9.4
866	-0.944148	0.000000	11.673817	0.002370	9.4
867	-0.931796	0.000000	11.673817	0.002822	10.4
868	-0.928758	0.016721	11.664529	0.003018	9.7
869	-0.937173	0.000000	11.673817	0.002701	9.5
870	-0.938778	0.000000	11.673817	0.004007	9.5
871	-0.935811	0.168910	11.580669	0.003691	9.6
872	-0.934351	0.453570	11.427009	0.002287	15.4
873	-0.950256	0.555114	11.373178	0.002634	10.7
874	-0.916782	0.500879	11.401867	0.003286	9.3
875	-0.945489	0.569714	11.365480	0.002810	9.3
876	-0.934166	0.568479	11.366130	0.003776	10.1
877	-0.930667	0.580532	11.359782	0.003627	10.4
878	-0.941870	0.804382	11.243159	0.002671	11.3
879	-0.922460	0.840448	11.224593	0.002578	9.8
880	-0.928351	0.899509	11.194321	0.003853	9.5
881	-0.934823	1.189927	11.047812	0.002892	9.9
882	-0.926322	1.105235	11.090140	0.001851	10.6
883	-0.936226	1.061692	11.112028	0.003916	9.5
884	-0.934944	1.021966	11.132074	0.002241	10.3
885	-0.946863	0.975967	11.155375	0.002528	9.6
886	-0.941000	0.952692	11.167202	0.002129	9.6
887	-0.935869	0.850130	11.219619	0.002692	10.4
888	-0.934971	0.737537	11.277733	0.002433	9.6
889	-0.943457	0.690819	11.302023	0.004682	9.4
890	-0.929375	1.002304	11.142021	0.003521	9.4
891	-0.944740	1.476653	10.906879	0.002355	9.6
892	-0.909908	1.454050	10.917859	0.002840	11.1
893	-0.936911	1.366327	10.960680	0.002383	9.4
894	-0.950498	1.410629	10.939012	0.003286	9.4
895	-0.947493	1.406237	10.941157	0.002256	9.6
896	-0.940176	1.383346	10.952346	0.002465	9.5
897	-0.931937	1.329806	10.978606	0.003181	12.0
898	-0.933810	1.299668	10.993444	0.003354	9.4
899	-0.926607	1.463582	10.913226	0.002610	9.4
900	-0.941977	1.473179	10.908566	0.003940	9.6
901	-0.940130	1.551561	10.870651	0.002025	10.4
902	-0.942372	1.420191	10.934347	0.003046	12.0
903	-0.926976	1.424823	10.932088	0.002385	9.6
904	-0.934476	1.298697	10.993923	0.004686	9.5
905	-0.941246	1.346083	10.970609	0.002944	9.4
906	-0.934423	1.163451	11.061010	0.003074	9.4
907	-0.929970	1.129540	11.077959	0.002224	9.6
908	-0.926600	1.039172	11.123383	0.003369	10.2
909	-0.946948	0.965536	11.160672	0.003403	9.5
910	-0.920494	1.036995	11.124482	0.002616	9.4
911	-0.939101	0.870877	11.208977	0.003025	9.4
912	-0.936360	0.706511	11.293853	0.002546	9.5
913	-0.923984	0.665397	11.315285	0.004083	11.4
914	-0.941577	0.643486	11.326740	0.002412	9.9
915	-0.935736	0.506507	11.398882	0.004525	9.6
916	-0.918553	0.592436	11.353519	0.002697	9.4
917	-0.938098	0.484954	11.410317	0.003353	9.8
918	-0.937405	0.662222	11.316944	0.002862	11.3
919	-0.921173	0.575801	11.362273	0.003071	9.5
920	-0.953010	0.519289	11.392112	0.003486	9.4
921	-0.943330	0.373360	11.469893	0.001899	11.6
922	-0.932620	0.401312	11.454912	0.003765	9.5
923	-0.939688	0.468557	11.419032	0.002368	12.1
924	-0.925054	0.350329	11.482266	0.002409	9.4
925	-0.923631	0.227925	11.548474	0.002557	9.5
926	-0.924221	0.111852	11.611968	0.003954	9.7
927	-0.930400	0.053132	11.644355	0.002354	11.6
928	-0.928146	0.000000	11.673817	0.004057	11.4
929	-0.940773	0.000000	11.673817	0.002710	9.4
930	-0.925444	0.000000	11.673817	0.003282	9.3
931	-0.938017	0.000000	11.673817	0.002483	9.4
932	-0.937572	0.029251	11.657579	0.002412	9.8
933	-0.926449	0.000000	11.673817	0.002538	10.7
934	-0.932589	0.000000	11.673817	0.004113	9.5
935	-0.940542	0.000000	11.673817	0.002711	9.5
936	-0.935581	0.049200	11.646530	0.002972	9.3
937	-0.923533	0.000000	11.673817	0.003776	9.6
938	-0.921044	0.000000	11.673817	0.003386	11.4
939	-0.931867	0.045416	11.648625	0.003041	10.3
940	-0.921001	0.000000	11.673817	0.002798	9.4
941	-0.926560	0.000000	11.673817	0.003748	9.4
942	-0.938449	0.000000	11.673817	0.002016	9.6
943	-0.945556	0.000000	11.673817	0.003493	11.6
944	-0.926225	0.024790	11.660052	0.002066	9.5
945	-0.923119	0.000000	11.673817	0.002995	9.7
946	-0.937178	0.000000	11.673817	0.002672	9.6
947	-0.945941	0.000000	11.673817	0.004463	9.5
948	-0.928730	0.000000	11.673817	0.003293	11.3
949	-0.929802	0.422826	11.443408	0.002388	9.6
950	-0.924021	0.294234	11.512513	0.002444	9.8
951	-0.952915	0.187839	11.570323	0.003374	11.8
952	-0.941272	0.336764	11.489566	0.001919	10.1
953	-0.947168	0.385583	11.463337	0.002014	18.3
954	-0.944316	0.353565	11.480525	0.005897	9.7
955	-0.943050	0.197300	11.565159	0.003305	10.0
956	-0.941425	0.255201	11.533655	0.002353	10.0
957	-0.944814	0.197883	11.564841	0.003152	11.6
958	-0.930095	0.144870	11.593836	0.003077	11.1
959	-0.928289	0.153898	11.588888	0.002511	17.9
960	-0.957891	0.052137	11.644905	0.003413	22.9
961	-0.933209	0.000000	11.673817	0.002278	17.7
962	-0.919225	0.000000	11.673817	0.003706	18.9
963	-0.946977	0.000000	11.673817	0.002786	20.0
964	-0.942491	0.000000	11.673817	0.003157	19.8
965	-0.946233	0.000000	11.673817	0.004468	13.7
966	-0.936415	0.213723	11.556206	0.002746	13.3
967	-0.930334	0.097774	11.619716	0.002560	14.0
968	-0.933310	0.002626	11.672357	0.001919	15.6
969	-0.956553	0.000000	11.673817	0.003044	14.2
970	-0.933188	0.000000	11.673817	0.003713	16.0
971	-0.917772	0.171404	11.579305	0.002999	14.3
972	-0.947140	0.114307	11.610618	0.001951	11.0
973	-0.946881	0.031001	11.656609	0.003080	12.3
974	-0.933130	0.006951	11.669954	0.002315	13.4
975	-0.928420	0.000000	11.673817	0.001643	14.2
976	-0.925652	0.000000	11.673817	0.004607	12.7
977	-0.940042	0.087167	11.625561	0.002854	12.6
978	-0.934300	0.000000	11.673817	0.002842	13.6
979	-0.904621	0.000000	11.673817	0.003547	13.4
980	-0.937465	0.000000	11.673817	0.002580	14.6
981	-0.922551	0.028414	11.658043	0.003635	13.9
982	-0.940643	0.000000	11.673817	0.003239	14.2
983	-0.948138	0.000000	11.673817	0.002585	12.8
984	-0.921371	0.000000	11.673817	0.004632	13.6
985	-0.938115	0.179880	11.574671	0.003644	13.1
986	-0.940131	0.000000	11.673817	0.002710	16.3
987	-0.947793	0.177453	11.575997	0.002277	14.0
988	-0.938066	0.099064	11.619006	0.003583	14.2
989	-0.926084	0.019952	11.662736	0.003492	11.5
990	-0.933246	0.261316	11.530337	0.002748	13.6
991	-0.937831	0.088309	11.624931	0.002115	12.8
992	-0.948086	0.143345	11.594672	0.001591	14.5
993	-0.944618	0.092562	11.622588	0.002471	13.6
994	-0.936345	0.051698	11.645149	0.002905	11.9
995	-0.933470	0.000000	11.673817	0.002682	15.2
996	-0.944117	0.000000	11.673817	0.002749	13.2
997	-0.933018	0.000000	11.673817	0.003852	11.1
998	-0.938919	0.000000	11.673817	0.003611	16.4
999	-0.927463	0.291743	11.513860	0.002821	19.2
1000	-0.947117	0.135306	11.599082	0.002456	16.6
1001	-0.943919	0.136176	11.598605	0.002666	22.2
1002	-0.915114	0.060508	11.640277	0.001905	19.5
1003	-0.941035	0.000000	11.673817	0.001840	16.6
1004	-0.938326	0.000000	11.673817	0.005148	19.5
1005	-0.919680	0.000000	11.673817	0.003808	19.6
1006	-0.956610	0.731745	11.280739	0.002969	17.0
1007	-0.939770	0.929626	11.178948	0.003213	19.2
1008	-0.944007	0.980466	11.153092	0.004692	19.3
1009	-0.945475	1.390856	10.948672	0.003038	13.9
1010	-0.949084	1.270731	11.007728	0.003784	9.9
1011	-0.917639	1.205652	11.039989	0.002325	10.3
1012	-0.918949	1.089852	11.097863	0.002393	10.1
1013	-0.939801	1.006665	11.139814	0.002071	12.8
1014	-0.935649	0.895539	11.196351	0.003018	10.6
1015	-0.941835	0.829160	11.230398	0.004063	10.4
1016	-0.925452	0.673483	11.311064	0.002145	9.7
1017	-0.942832	0.601734	11.348633	0.003528	10.6
1018	-0.931658	0.516101	11.393800	0.002670	10.0
1019	-0.935025	0.352881	11.480893	0.001957	9.9
1020	-0.938156	0.303688	11.507404	0.004558	10.2
1021	-0.929807	0.421034	11.444366	0.006764	9.5
1022	-0.918588	1.359450	10.964051	0.005757	10.8
1023	-0.926817	2.273233	10.533566	0.003375	9.3
1024	-0.937802	2.124437	10.601346	0.002700	9.7
1025	-0.931222	1.996202	10.660462	0.002811	9.5
1026	-0.936647	1.892027	10.708975	0.003021	9.9
1027	-0.941106	1.776350	10.763364	0.002905	10.7
1028	-0.926504	1.792498	10.755739	0.003634	9.3
1029	-0.931806	2.041637	10.639442	0.004072	9.7
1030	-0.946315	1.868508	10.719989	0.002388	10.2
1031	-0.932506	2.108768	10.608534	0.003065	9.5
1032	-0.945911	1.983985	10.666129	0.002215	10.8
1033	-0.930445	1.883643	10.712898	0.002085	9.6
1034	-0.954964	1.802007	10.751253	0.002848	9.8
1035	-0.941862	1.731076	10.784802	0.002065	9.6
1036	-0.953281	1.626669	10.834566	0.002470	9.6
1037	-0.931801	1.573407	10.860131	0.002986	10.3
1038	-0.935642	1.456529	10.916654	0.003419	9.6
1039	-0.934113	1.472180	10.909051	0.002383	9.6
1040	-0.951835	1.334952	10.976077	0.002502	12.2
1041	-0.942611	1.215140	11.035274	0.002464	9.5
1042	-0.948464	1.265828	11.010152	0.003228	12.4
1043	-0.919300	1.161062	11.062202	0.002458	11.0
1044	-0.931932	1.091234	11.097168	0.002842	9.5
1045	-0.949875	1.026518	11.129773	0.003600	10.2
1046	-0.930044	0.939473	11.173930	0.002208	10.7
1047	-0.932045	0.849894	11.219741	0.004922	10.4
1048	-0.940943	0.687924	11.303532	0.002527	10.7
1049	-0.944092	0.695950	11.299351	0.003883	10.0
1050	-0.946938	0.773375	11.259171	0.002585	10.6
1051	-0.929847	0.721279	11.286174	0.003875	9.8
1052	-0.954589	0.712653	11.290658	0.003324	10.7
1053	-0.939935	1.165298	11.060088	0.003256	10.4
1054	-0.924014	1.003785	11.141272	0.003585	9.7
1055	-0.940920	1.139775	11.072838	0.004484	10.4
1056	-0.940890	1.336229	10.975449	0.002658	10.1
1057	-0.941403	1.189369	11.048090	0.003394	10.4
1058	-0.944107	1.104947	11.090284	0.003155	10.2
1059	-0.938323	0.952743	11.167176	0.002544	10.5
1060	-0.938532	0.816064	11.237139	0.002016	10.0
1061	-0.931398	0.735857	11.278605	0.002647	12.7
1062	-0.939679	0.687201	11.303909	0.003345	15.6
1063	-0.931757	0.598103	11.350540	0.002762	12.8
1064	-0.919849	0.449233	11.429320	0.003003	10.3
1065	-0.952694	0.365948	11.473872	0.002694	10.3
1066	-0.922596	0.277052	11.521810	0.002293	12.3
1067	-0.955667	0.203602	11.561722	0.002343	13.1
1068	-0.924350	0.110307	11.612818	0.004375	12.5
1069	-0.931457	0.193887	11.567021	0.002558	11.7
1070	-0.942923	0.131590	11.601121	0.002961	11.2
1071	-0.935658	0.174284	11.577730	0.003864	10.4
1072	-0.959283	0.225996	11.549524	0.002567	10.6
1073	-0.946735	0.064348	11.638155	0.002921	9.9
1074	-0.937068	0.094152	11.621711	0.002685	10.1
1075	-0.931098	0.000000	11.673817	0.002519	10.6
1076	-0.930498	0.000000	11.673817	0.003412	9.5
1077	-0.941861	0.000000	11.673817	0.001802	9.8
1078	-0.926111	0.000000	11.673817	0.002463	9.3
1079	-0.945152	0.012392	11.666932	0.003830	9.6
1080	-0.940897	0.118172	11.608493	0.002207	10.5
1081	-0.925916	0.046029	11.648285	0.003515	9.5
1082	-0.932978	0.000000	11.673817	0.002513	9.4
1083	-0.927903	0.000000	11.673817	0.002712	9.6
1084	-0.938656	0.000000	11.673817	0.003873	9.5
1085	-0.940177	0.275224	11.522800	0.003051	11.2
1086	-0.938485	0.097784	11.619711	0.003599	11.8
1087	-0.946256	0.169411	11.580395	0.002948	9.6
1088	-0.934892	0.231993	11.546262	0.003672	10.6
1089	-0.944919	0.321928	11.497560	0.002751	9.6
1090	-0.946828	0.440844	11.433792	0.002466	11.5
1091	-0.943792	0.352244	11.481236	0.003473	9.5
1092	-0.927404	0.211057	11.557658	0.003990	10.1
1093	-0.939719	0.643594	11.326684	0.002262	12.2
1094	-0.951022	0.547800	11.377039	0.003058	24.9
1095	-0.940139	0.444677	11.431748	0.004347	18.9
1096	-0.935777	0.288078	11.515842	0.002329	18.4
1097	-0.934005	0.191379	11.568391	0.004199	22.9
1098	-0.954386	0.045407	11.648630	0.002883	19.0
1099	-0.935903	0.068149	11.636055	0.003236	24.8
1100	-0.944060	0.000000	11.673817	0.003378	19.4
1101	-0.944177	0.000000	11.673817	0.002658	14.9
1102	-0.938601	0.036234	11.653709	0.002094	16.7
1103	-0.941459	0.010559	11.667950	0.003848	18.1
1104	-0.947192	0.000000	11.673817	0.004627	28.2
1105	-0.946681	0.442068	11.433139	0.004557	29.5
1106	-0.940118	0.374277	11.469401	0.003519	28.6
1107	-0.938041	0.201267	11.562995	0.002627	18.9
1108	-0.942625	0.102036	11.617370	0.002028	17.4
1109	-0.929992	0.111589	11.612112	0.002450	24.7
1110	-0.955616	0.000616	11.673474	0.002783	18.2
1111	-0.932322	0.010719	11.667861	0.004724	21.1
1112	-0.931865	0.008675	11.668996	0.003986	15.5
1113	-0.934183	0.000000	11.673817	0.002826	11.4
1114	-0.940632	0.000000	11.673817	0.004482	11.9
1115	-0.932513	0.000000	11.673817	0.002710	9.6
1116	-0.933966	0.063049	11.638873	0.002743	13.0
1117	-0.934634	0.000000	11.673817	0.003122	9.5
1118	-0.927166	0.000000	11.673817	0.002921	9.9
1119	-0.936224	0.000000	11.673817	0.002733	9.5
1120	-0.933312	0.000000	11.673817	0.002179	9.9
1121	-0.940012	0.030399	11.656942	0.002508	13.6
1122	-0.946374	0.000000	11.673817	0.002599	9.8
1123	-0.931967	0.000000	11.673817	0.003562	9.8
1124	-0.935557	0.000000	11.673817	0.002700	9.6
1125	-0.941664	0.000000	11.673817	0.003759	9.4
1126	-0.928031	0.000000	11.673817	0.003626	9.9
1127	-0.935739	0.000000	11.673817	0.002746	9.5
1128	-0.938418	0.000000	11.673817	0.001880	9.4
1129	-0.948947	0.000000	11.673817	0.001902	9.5
1130	-0.961970	0.000000	11.673817	0.003605	9.5
1131	-0.954717	0.000000	11.673817	0.002312	11.7
1132	-0.941518	0.000000	11.673817	0.002768	9.5
1133	-0.936749	0.000000	11.673817	0.003048	9.6
1134	-0.928783	0.000000	11.673817	0.004032	9.5
1135	-0.934240	0.001169	11.673167	0.003043	9.6
1136	-0.950968	0.178810	11.575256	0.002510	11.0
1137	-0.943291	0.050213	11.645970	0.002146	9.5
1138	-0.944033	0.000000	11.673817	0.002567	10.6
1139	-0.956517	0.016116	11.664865	0.002140	9.7
1140	-0.944959	0.000000	11.673817	0.004329	9.7
1141	-0.930321	0.000000	11.673817	0.002599	11.7
1142	-0.938037	0.159311	11.585923	0.004525	10.0
1143	-0.939513	0.383494	11.464457	0.003260	9.5
1144	-0.942200	0.235041	11.544604	0.003301	9.8
1145	-0.947307	0.459396	11.423907	0.003159	9.7
1146	-0.944455	0.539554	11.381394	0.004269	9.8
1147	-0.941606	0.417460	11.446276	0.003048	10.1
1148	-0.950650	0.490355	11.407450	0.002549	9.3
1149	-0.937291	0.480284	11.412798	0.003583	9.5
1150	-0.945284	0.450737	11.428519	0.003040	9.6
1151	-0.939969	0.625798	11.336005	0.003190	9.5
1152	-0.924092	0.457489	11.424922	0.003385	11.1
1153	-0.950869	0.339545	11.488068	0.002782	9.5
1154	-0.939261	0.279512	11.520478	0.002547	9.5
1155	-0.936348	0.272541	11.524253	0.002048	9.4
1156	-0.936995	0.184355	11.572226	0.003405	9.5
1157	-0.951327	0.201631	11.562797	0.002487	10.2
1158	-0.932992	0.185680	11.571502	0.002477	9.8
1159	-0.967155	0.098271	11.619442	0.004283	9.4
1160	-0.939887	0.103843	11.616375	0.002609	10.2
1161	-0.942509	0.000000	11.673817	0.003561	9.6
1162	-0.950333	0.000000	11.673817	0.002426	9.5
1163	-0.933080	0.000000	11.673817	0.003188	11.7
1164	-0.937718	0.000000	11.673817	0.003742	9.6
1165	-0.957737	0.078472	11.630357	0.004119	10.7
1166	-0.947768	0.000000	11.673817	0.003054	9.6
1167	-0.935091	0.093975	11.621809	0.003968	9.7
1168	-0.943854	0.000000	11.673817	0.002408	10.0
1169	-0.944009	0.000000	11.673817	0.002843	9.5
1170	-0.949155	0.000000	11.673817	0.002687	9.3
1171	-0.941622	0.000000	11.673817	0.003381	9.6
1172	-0.934729	0.104177	11.616191	0.003292	9.5
1173	-0.934455	0.045359	11.648656	0.002820	11.0
1174	-0.932130	0.000000	11.673817	0.004352	9.4
1175	-0.946278	0.000000	11.673817	0.002843	9.4
1176	-0.945342	0.023869	11.660563	0.003280	10.4
1177	-0.949421	0.000000	11.673817	0.004411	9.9
1178	-0.935244	0.000000	11.673817	0.002950	10.4
1179	-0.939310	0.000000	11.673817	0.003130	10.2
1180	-0.939897	0.000000	11.673817	0.003008	9.7
1181	-0.942987	0.022801	11.661155	0.003115	9.7
1182	-0.954745	0.000000	11.673817	0.003873	10.1
1183	-0.946414	0.000000	11.673817	0.002896	10.4
1184	-0.927975	0.000000	11.673817	0.002316	10.4
1185	-0.932157	0.000000	11.673817	0.002757	9.7
1186	-0.934015	0.000000	11.673817	0.004487	9.7
1187	-0.946923	0.109784	11.613106	0.003426	9.8
1188	-0.937546	0.381091	11.465746	0.003010	10.0
1189	-0.951357	0.365588	11.474065	0.003444	10.5
1190	-0.953042	0.215969	11.554982	0.003429	10.3
1191	-0.933648	0.351451	11.481662	0.003199	9.7
1192	-0.946463	0.247217	11.537989	0.003085	9.6
1193	-0.932208	0.212507	11.556868	0.001729	9.8
1194	-0.948462	0.115577	11.609920	0.003584	10.5
1195	-0.942678	0.040953	11.651095	0.004897	10.6
1196	-0.949952	0.000000	11.673817	0.003056	10.0
1197	-0.943218	0.000000	11.673817	0.002061	9.7
1198	-0.954439	0.000000	11.673817	0.002752	10.3
1199	-0.951815	0.000000	11.673817	0.002756	10.7
1200	-0.957355	0.000000	11.673817	0.004227	18.8
1201	-0.947203	0.006661	11.670115	0.002059	18.3
1202	-0.942236	0.000000	11.673817	0.003496	21.5
1203	-0.936483	0.000000	11.673817	0.003222	17.5
1204	-0.957443	0.213213	11.556484	0.003141	18.8
1205	-0.928724	0.393252	11.459228	0.003594	19.9
1206	-0.945334	0.638951	11.329114	0.002685	17.2
1207	-0.943694	0.638549	11.329325	0.002298	22.3
1208	-0.955105	0.593586	11.352915	0.003632	13.6
1209	-0.949278	0.679342	11.308007	0.003310	11.1
1210	-0.957282	0.559582	11.370821	0.002904	9.9
1211	-0.934599	0.615196	11.341565	0.002367	10.7
1212	-0.948323	0.614681	11.341835	0.002618	12.3
1213	-0.948253	0.581725	11.359154	0.002399	10.4
1214	-0.938078	0.545133	11.378447	0.003831	9.7
1215	-0.934077	0.502429	11.401045	0.003141	10.4
1216	-0.950536	0.702510	11.295935	0.002663	9.9
1217	-0.922590	0.598388	11.350391	0.003840	10.3
1218	-0.937001	0.543113	11.379514	0.002028	10.2
1219	-0.939050	0.411816	11.449293	0.004315	9.4
1220	-0.952708	0.305973	11.506170	0.002024	10.2
1221	-0.953320	0.276943	11.521869	0.003470	9.9
1222	-0.929049	0.146948	11.592696	0.002876	10.9
1223	-0.952780	0.288549	11.515587	0.002132	9.9
1224	-0.946585	0.212169	11.557052	0.001972	10.0
1225	-0.942850	0.118504	11.608310	0.002642	9.9
1226	-0.944698	0.028731	11.657867	0.003766	9.6
1227	-0.945214	0.026469	11.659121	0.002575	11.0
1228	-0.947327	0.000000	11.673817	0.002108	9.8
1229	-0.934144	0.000000	11.673817	0.002994	10.0
1230	-0.939471	0.000000	11.673817	0.003757	10.4
1231	-0.947020	0.000000	11.673817	0.003567	9.9
1232	-0.937187	0.000000	11.673817	0.003157	10.5
1233	-0.951244	0.000000	11.673817	0.004125	10.0
1234	-0.949915	0.000000	11.673817	0.004120	9.9
1235	-0.943836	0.000000	11.673817	0.003713	10.7
1236	-0.936245	0.484634	11.410488	0.003284	10.4
1237	-0.939510	0.310137	11.503922	0.003258	10.5
1238	-0.957405	0.149431	11.591336	0.003700	9.9
1239	-0.942122	0.097614	11.619804	0.002092	9.9
1240	-0.955286	0.000000	11.673817	0.003573	9.6
1241	-0.944414	0.000000	11.673817	0.003522	10.6
1242	-0.944309	0.000000	11.673817	0.002828	10.5
1243	-0.953272	0.000000	11.673817	0.002196	9.7
1244	-0.945456	0.000000	11.673817	0.003488	10.0
1245	-0.946728	0.000000	11.673817	0.002588	10.4
1246	-0.935733	0.000000	11.673817	0.003391	10.0
1247	-0.943954	0.000000	11.673817	0.002444	11.2
1248	-0.945629	0.000000	11.673817	0.002402	10.3
1249	-0.938768	0.000000	11.673817	0.003770	10.1
1250	-0.961315	0.000000	11.673817	0.003655	10.9
1251	-0.938423	0.090049	11.623973	0.002756	10.5
1252	-0.946444	0.031377	11.656400	0.003470	10.2
1253	-0.947069	0.000000	11.673817	0.004995	13.6
1254	-0.955479	0.432976	11.437989	0.003346	11.0
1255	-0.945341	0.250503	11.536205	0.002399	11.5
1256	-0.959744	0.153763	11.588962	0.002395	12.1
1257	-0.941925	0.042290	11.650355	0.004634	9.5
1258	-0.934793	0.286182	11.516868	0.003892	9.9
1259	-0.951043	0.490292	11.407483	0.003461	9.7
1260	-0.947309	0.472936	11.416704	0.002016	9.6
1261	-0.954438	0.412820	11.448756	0.003074	11.3
1262	-0.945659	0.374615	11.469219	0.002685	10.0
1263	-0.939722	0.261571	11.530199	0.002710	10.4
1264	-0.933393	0.136156	11.598616	0.002922	10.4
1265	-0.950171	0.135290	11.599091	0.002948	9.9
1266	-0.950493	0.095498	11.620970	0.003240	11.8
1267	-0.941470	0.000000	11.673817	0.003748	10.1
1268	-0.951049	0.000000	11.673817	0.003320	9.8
1269	-0.950000	0.000000	11.673817	0.002719	9.9
1270	-0.950863	0.000171	11.673721	0.003822	10.3
1271	-0.958984	0.000000	11.673817	0.003491	11.8
1272	-0.942791	0.250653	11.536123	0.003592	10.2
1273	-0.958611	0.154307	11.588664	0.003223	10.1
1274	-0.950301	0.142594	11.595084	0.002743	9.6
1275	-0.953758	0.037971	11.652747	0.002902	9.8
1276	-0.959560	0.001748	11.672845	0.003822	12.0
1277	-0.943741	0.000000	11.673817	0.003463	10.0
1278	-0.951279	0.521751	11.390808	0.004026	9.9
1279	-0.943803	0.336690	11.489605	0.002566	10.0
1280	-0.944183	0.288408	11.515664	0.002476	10.5
1281	-0.953048	0.251238	11.535806	0.003167	11.2
1282	-0.953442	0.154229	11.588706	0.003747	10.4
1283	-0.948944	0.005691	11.670654	0.002347	11.3
1284	-0.948207	0.000000	11.673817	0.004073	10.4
1285	-0.936417	0.000000	11.673817	0.002131	11.8
1286	-0.956632	0.000000	11.673817	0.004117	13.0
1287	-0.946559	0.000000	11.673817	0.002511	11.7
1288	-0.950721	0.024607	11.660153	0.004084	10.1
1289	-0.948948	0.000000	11.673817	0.003329	10.5
1290	-0.944110	0.000000	11.673817	0.002337	12.0
1291	-0.958672	0.000000	11.673817	0.002356	10.0
1292	-0.940350	0.000000	11.673817	0.003589	10.0
1293	-0.945277	0.000000	11.673817	0.004139	11.0
1294	-0.957695	0.000000	11.673817	0.002806	10.4
1295	-0.954350	0.000000	11.673817	0.002541	10.6
1296	-0.957848	0.000000	11.673817	0.003541	11.1
1297	-0.950463	0.000000	11.673817	0.003280	10.0
1298	-0.961403	0.000000	11.673817	0.002492	10.3
1299	-0.947304	0.000000	11.673817	0.002277	17.9
1300	-0.929442	0.000000	11.673817	0.004224	12.6
1301	-0.961749	0.055601	11.642990	0.002886	10.7
1302	-0.948579	0.000000	11.673817	0.003368	9.7
1303	-0.941981	0.000000	11.673817	0.004040	10.5
1304	-0.937845	0.000000	11.673817	0.003433	12.4
1305	-0.947313	0.061437	11.639764	0.003188	10.2
1306	-0.953180	0.178948	11.575181	0.002364	10.6
1307	-0.955873	0.119626	11.607693	0.002826	11.1
1308	-0.945356	0.112510	11.611606	0.002562	10.6
1309	-0.931152	0.036561	11.653528	0.003390	10.5
1310	-0.947059	0.000000	11.673817	0.003191	13.4
1311	-0.946839	0.000000	11.673817	0.003382	11.6
1312	-0.951836	0.000000	11.673817	0.002495	10.0
1313	-0.940247	0.000000	11.673817	0.002807	11.2
1314	-0.930884	0.000000	11.673817	0.003781	10.9
1315	-0.938378	0.000000	11.673817	0.002346	10.6
1316	-0.951259	0.000000	11.673817	0.002360	10.3
1317	-0.939046	0.000000	11.673817	0.002460	9.9
1318	-0.938779	0.000000	11.673817	0.002823	12.5
1319	-0.945520	0.000000	11.673817	0.003494	10.2
1320	-0.967975	0.000000	11.673817	0.002868	10.0
1321	-0.933722	0.000000	11.673817	0.002574	10.8
1322	-0.954911	0.000000	11.673817	0.003181	10.3
1323	-0.939956	0.000000	11.673817	0.002969	10.9
1324	-0.950412	0.000000	11.673817	0.004037	10.8
1325	-0.955517	0.000000	11.673817	0.003551	10.7
1326	-0.962133	0.000000	11.673817	0.003945	9.7
1327	-0.940959	0.000000	11.673817	0.002760	12.2
1328	-0.941876	0.000000	11.673817	0.003014	11.0
1329	-0.950315	0.000000	11.673817	0.003105	9.7
1330	-0.954407	0.000000	11.673817	0.003493	10.0
1331	-0.953624	0.194084	11.566914	0.003809	9.9
1332	-0.943414	0.105707	11.615349	0.003035	11.3
1333	-0.954463	0.032530	11.655761	0.002820	10.4
1334	-0.958325	0.000000	11.673817	0.002370	9.7
1335	-0.960082	0.000000	11.673817	0.003170	10.2
1336	-0.955678	0.000000	11.673817	0.003063	9.6
1337	-0.946760	0.000000	11.673817	0.002138	10.1
1338	-0.939563	0.000000	11.673817	0.002224	10.4
1339	-0.941317	0.000000	11.673817	0.002723	9.7
1340	-0.954804	0.000000	11.673817	0.003962	9.8
1341	-0.945797	0.178506	11.575422	0.003637	10.1
1342	-0.964686	0.659449	11.318393	0.001736	9.6
1343	-0.937643	0.524082	11.389575	0.003889	10.7
1344	-0.949043	0.427961	11.440666	0.003325	9.7
1345	-0.960326	0.372334	11.470443	0.002787	11.4
1346	-0.973405	0.372711	11.470241	0.002583	10.0
1347	-0.937942	0.522380	11.390476	0.004135	11.1
1348	-0.960351	0.497930	11.403430	0.002024	10.1
1349	-0.943647	0.363003	11.475454	0.002648	10.2
1350	-0.953621	0.256173	11.533127	0.001874	10.0
1351	-0.931987	0.173238	11.578302	0.002428	10.0
1352	-0.942946	0.130212	11.601878	0.003809	10.3
1353	-0.950244	0.000000	11.673817	0.003829	10.6
1354	-0.953926	0.000000	11.673817	0.002959	10.0
1355	-0.951534	0.052403	11.644759	0.002645	9.9
1356	-0.958345	0.030209	11.657048	0.002671	9.5
1357	-0.953215	0.000000	11.673817	0.002647	9.9
1358	-0.958335	0.008138	11.669294	0.003212	10.7
1359	-0.940002	0.000000	11.673817	0.003105	9.7
1360	-0.951277	0.000000	11.673817	0.004991	9.9
1361	-0.945373	0.000000	11.673817	0.003809	10.0
1362	-0.953108	0.303010	11.507770	0.002675	10.0
1363	-0.957126	0.462685	11.422156	0.004646	11.0
1364	-0.951822	0.608033	11.345325	0.002991	9.7
1365	-0.945954	0.876332	11.206181	0.002401	9.9
1366	-0.937327	0.834090	11.227862	0.003848	9.7
1367	-0.954875	0.708897	11.292612	0.002537	9.8
1368	-0.956004	0.577301	11.361484	0.002283	10.6
1369	-0.948642	0.470695	11.417895	0.002317	10.1
1370	-0.950596	0.451187	11.428279	0.003784	9.8
1371	-0.934112	0.414288	11.447971	0.004431	10.8
1372	-0.950259	0.226628	11.549180	0.002184	10.0
1373	-0.934335	0.076400	11.631500	0.004136	10.3
1374	-0.944443	0.000000	11.673817	0.003035	10.2
1375	-0.944779	0.000000	11.673817	0.002580	9.6
1376	-0.963292	0.000000	11.673817	0.002206	9.8
1377	-0.926615	0.000000	11.673817	0.001986	9.6
1378	-0.974410	0.000000	11.673817	0.002806	10.8
1379	-0.959712	0.000000	11.673817	0.002703	9.8
1380	-0.964399	0.092851	11.622428	0.003827	9.9
1381	-0.959881	0.000000	11.673817	0.003222	9.5
1382	-0.942558	0.310678	11.503630	0.002483	10.1
1383	-0.943518	0.272773	11.524127	0.003675	10.4
1384	-0.959680	0.244132	11.539664	0.004357	9.9
1385	-0.946280	0.060823	11.640103	0.002430	9.6
1386	-0.941516	0.035347	11.654200	0.004171	10.2
1387	-0.955966	0.000000	11.673817	0.002715	10.2
1388	-0.953274	0.000000	11.673817	0.004427	10.6
1389	-0.958247	0.051703	11.645146	0.003024	10.0
1390	-0.944127	0.128599	11.602764	0.003052	9.8
1391	-0.964163	0.243681	11.539909	0.002863	10.0
1392	-0.955658	0.128186	11.602991	0.003528	10.4
1393	-0.963479	0.015296	11.665320	0.004382	10.7
1394	-0.952824	0.000000	11.673817	0.002870	13.0
1395	-0.955857	0.011154	11.667620	0.002299	10.4
1396	-0.950054	0.000000	11.673817	0.002523	10.8
1397	-0.964931	0.000000	11.673817	0.001980	10.1
1398	-0.956828	0.000000	11.673817	0.003149	10.9
1399	-0.954373	0.000000	11.673817	0.003406	9.7
1400	-0.953781	0.000000	11.673817	0.002835	13.5
1401	-0.940221	0.000000	11.673817	0.002273	10.2
1402	-0.951844	0.000000	11.673817	0.003571	11.2
1403	-0.941181	0.000000	11.673817	0.003073	10.5
1404	-0.963851	0.156479	11.587474	0.002841	9.8
1405	-0.941550	0.238753	11.542587	0.002492	9.8
1406	-0.955594	0.099340	11.618854	0.003605	9.9
1407	-0.954232	0.259896	11.531108	0.002141	10.3
1408	-0.942249	0.261015	11.530501	0.002291	10.7
1409	-0.949227	0.182589	11.573191	0.002849	9.8
1410	-0.947799	0.116015	11.609679	0.003154	10.2
1411	-0.953125	0.008155	11.669285	0.002899	9.9
1412	-0.953093	0.000000	11.673817	0.003523	10.0
1413	-0.952622	0.000000	11.673817	0.003879	10.8
1414	-0.945010	0.000000	11.673817	0.002260	9.7
1415	-0.941933	0.000000	11.673817	0.003182	10.2
1416	-0.969527	0.000000	11.673817	0.002094	9.9
1417	-0.944840	0.000000	11.673817	0.003281	9.7
1418	-0.947799	0.000000	11.673817	0.002277	10.7
1419	-0.954659	0.000000	11.673817	0.002415	10.3
1420	-0.937741	0.000000	11.673817	0.003657	9.8
1421	-0.944008	0.016326	11.664748	0.003504	10.7
1422	-0.946468	0.000000	11.673817	0.003397	10.4
1423	-0.954903	0.316351	11.500568	0.003509	10.8
1424	-0.946692	0.240210	11.541795	0.002993	10.2
1425	-0.956343	0.073951	11.632852	0.002471	10.3
1426	-0.955741	0.000000	11.673817	0.002673	9.9
1427	-0.962659	0.000000	11.673817	0.002584	9.8
1428	-0.956764	0.000000	11.673817	0.002687	10.4
1429	-0.941197	0.000000	11.673817	0.001828	9.8
1430	-0.955343	0.000000	11.673817	0.001775	9.8
1431	-0.946863	0.000000	11.673817	0.003255	10.2
1432	-0.948384	0.000000	11.673817	0.004451	9.9
1433	-0.953679	0.000000	11.673817	0.002681	10.6
1434	-0.957360	0.014378	11.665829	0.002229	9.6
1435	-0.960187	0.000000	11.673817	0.002479	9.7
1436	-0.959967	0.000000	11.673817	0.003520	9.8
1437	-0.959654	0.000000	11.673817	0.002750	10.0
1438	-0.947670	0.000000	11.673817	0.002918	10.7
1439	-0.950257	0.000000	11.673817	0.003752	10.0
1440	-0.954120	0.000000	11.673817	0.003705	9.9
1441	-0.945655	0.000000	11.673817	0.003113	9.9
1442	-0.941596	0.000000	11.673817	0.002367	12.1
1443	-0.966707	0.009819	11.668361	0.002181	10.7
1444	-0.949112	0.000000	11.673817	0.002804	10.6
1445	-0.942114	0.011426	11.667468	0.002352	10.0
1446	-0.970204	0.000000	11.673817	0.002325	10.2
1447	-0.955597	0.000000	11.673817	0.001984	10.0
1448	-0.948847	0.000000	11.673817	0.002492	10.9
1449	-0.938487	0.000000	11.673817	0.001714	10.0
1450	-0.945892	0.000000	11.673817	0.004182	10.0
1451	-0.956555	0.000000	11.673817	0.002138	10.1
1452	-0.963967	0.000000	11.673817	0.004726	9.8
1453	-0.945387	0.092244	11.622763	0.002264	10.9
1454	-0.943056	0.000000	11.673817	0.002231	9.8
1455	-0.955820	0.000000	11.673817	0.001905	9.7
1456	-0.957155	0.000000	11.673817	0.002506	9.9
1457	-0.951791	0.000000	11.673817	0.002283	10.1
1458	-0.956405	0.000000	11.673817	0.003642	10.7
1459	-0.958207	0.026177	11.659283	0.003104	10.2
1460	-0.945604	0.362495	11.475726	0.003214	9.9
1461	-0.976736	0.516943	11.393354	0.003698	10.3
1462	-0.952210	0.371811	11.470724	0.003079	10.3
1463	-0.943721	0.301698	11.508479	0.003134	10.5
1464	-0.950636	0.203505	11.561774	0.003289	10.0
1465	-0.952267	0.329630	11.493408	0.002148	9.9
1466	-0.954724	0.275660	11.522564	0.004896	9.8
1467	-0.952528	0.113335	11.611152	0.002052	10.0
1468	-0.953915	0.028406	11.658047	0.003298	10.8
1469	-0.951049	0.000000	11.673817	0.004890	9.7
1470	-0.959210	0.000000	11.673817	0.003213	10.8
1471	-0.957341	0.000000	11.673817	0.002348	9.9
1472	-0.955523	0.000000	11.673817	0.003925	10.0
1473	-0.959861	0.000000	11.673817	0.003248	10.7
1474	-0.943141	0.121952	11.606415	0.003109	9.9
1475	-0.968517	0.311760	11.503045	0.003197	10.0
1476	-0.942474	0.212804	11.556706	0.002583	10.1
1477	-0.961618	0.228527	11.548147	0.003477	10.0
1478	-0.951144	0.086462	11.625950	0.002944	10.4
1479	-0.956576	0.000000	11.673817	0.002844	13.6
1480	-0.948869	0.000000	11.673817	0.002971	9.8
1481	-0.954257	0.136924	11.598194	0.002168	10.7
1482	-0.956786	0.093384	11.622134	0.002261	10.8
1483	-0.959147	0.023180	11.660945	0.002728	10.3
1484	-0.953770	0.080799	11.629073	0.003371	9.7
1485	-0.957385	0.000000	11.673817	0.004079	10.0
1486	-0.948093	0.245168	11.539101	0.002795	9.8
1487	-0.963538	0.418948	11.445481	0.002591	10.0
1488	-0.958076	0.386107	11.463056	0.002376	10.4
1489	-0.952453	0.508074	11.398052	0.005384	10.0
1490	-0.948004	0.332942	11.491624	0.003635	12.7
1491	-0.946665	1.115485	11.085000	0.003306	10.8
1492	-0.938676	0.950185	11.168478	0.003767	10.4
1493	-0.963906	0.827898	11.231047	0.002512	11.1
1494	-0.955680	0.803735	11.243493	0.002455	10.4
1495	-0.946754	0.711044	11.291495	0.002432	10.0
1496	-0.962208	0.637448	11.329901	0.002242	10.1
1497	-0.947533	0.594246	11.352568	0.003131	10.4
1498	-0.955672	0.554229	11.373645	0.003761	10.8
1499	-0.967878	0.907743	11.190114	0.003557	10.2
1500	-0.959607	0.811625	11.239426	0.004115	9.9
1501	-0.963817	0.739427	11.276753	0.003062	10.6
1502	-0.948554	1.000259	11.143057	0.002458	10.4
1503	-0.967751	0.877058	11.205810	0.003513	11.1
1504	-0.954602	0.730463	11.281405	0.002386	10.2
1505	-0.943739	0.711879	11.291061	0.003885	10.2
1506	-0.959141	0.600511	11.349276	0.001483	10.1
1507	-0.951256	0.588714	11.355477	0.001885	9.7
1508	-0.947398	0.529181	11.386878	0.003552	10.6
1509	-0.957820	0.506568	11.398850	0.003664	10.1
1510	-0.952172	0.690501	11.302189	0.002495	9.6
1511	-0.958803	0.643299	11.326839	0.002744	10.1
1512	-0.952728	0.513877	11.394978	0.003012	10.1
1513	-0.947510	0.397135	11.457148	0.003058	10.9
1514	-0.971547	0.458864	11.424191	0.002638	11.9
1515	-0.966829	0.461264	11.422913	0.002079	14.7
1516	-0.952867	0.444504	11.431840	0.001918	9.9
1517	-0.949221	0.361030	11.476514	0.002673	12.5
1518	-0.950357	0.280709	11.519830	0.003002	11.2
1519	-0.955281	0.305628	11.506356	0.004590	17.9
1520	-0.961406	0.651820	11.322381	0.002054	11.8
1521	-0.960824	0.784602	11.253368	0.003559	14.2
1522	-0.960913	0.808420	11.241078	0.002877	13.9
1523	-0.948252	0.654125	11.321175	0.002814	14.4
1524	-0.950183	0.577242	11.361514	0.004117	15.1
1525	-0.964841	0.744698	11.274019	0.003113	15.4
1526	-0.955557	0.721985	11.285808	0.003891	11.9
1527	-0.973569	1.148715	11.068369	0.001962	11.8
1528	-0.961130	1.071286	11.107198	0.002525	13.5
1529	-0.945545	1.101241	11.092144	0.002595	12.1
1530	-0.956241	1.047746	11.119057	0.003114	14.6
1531	-0.949252	1.258524	11.013765	0.003263	12.1
1532	-0.955463	1.108743	11.088380	0.002300	16.1
1533	-0.943925	0.989743	11.148386	0.002176	17.6
1534	-0.964037	0.992210	11.147136	0.001966	10.0
1535	-0.973837	0.918838	11.184450	0.004122	10.1
1536	-0.949674	0.782673	11.254365	0.001815	11.1
1537	-0.967619	0.824509	11.232791	0.003712	11.8
1538	-0.950924	0.819712	11.235261	0.004469	10.2
1539	-0.960934	1.542731	10.874909	0.003259	10.4
1540	-0.970835	1.386115	10.950991	0.002212	10.9
1541	-0.944516	1.246571	11.019682	0.001428	11.0
1542	-0.969187	1.192344	11.046609	0.002848	11.7
1543	-0.942406	1.157096	11.064182	0.003704	9.8
1544	-0.961331	1.556032	10.868496	0.002194	9.9
1545	-0.964133	1.441797	10.923820	0.007124	12.0
1546	-0.960293	1.575095	10.859319	0.001903	12.5
1547	-0.958731	1.775818	10.763615	0.001902	9.9
1548	-0.958583	1.694735	10.802071	0.003834	10.1
1549	-0.948809	1.560143	10.866516	0.002254	9.9
1550	-0.961751	1.553646	10.869646	0.004233	10.8
1551	-0.956018	1.437280	10.926019	0.004312	11.9
1552	-0.952269	1.667636	10.814985	0.003544	10.3
1553	-0.960956	1.478361	10.906051	0.003772	10.0
1554	-0.967045	1.383039	10.952496	0.002080	10.2
1555	-0.955075	1.444427	10.922540	0.003318	10.6
1556	-0.964026	1.513241	10.889154	0.005332	12.9
1557	-0.941822	1.868039	10.720208	0.002766	10.1
1558	-0.974784	1.676580	10.810720	0.002079	10.1
1559	-0.957354	1.629349	10.833283	0.003270	10.5
1560	-0.963324	1.637455	10.829404	0.002052	10.6
1561	-0.947075	1.591859	10.851261	0.002251	12.2
1562	-0.944654	1.531643	10.880261	0.002619	9.9
1563	-0.956191	1.407094	10.940738	0.003332	10.4
1564	-0.957205	1.454118	10.917826	0.002769	10.0
1565	-0.956546	1.554416	10.869275	0.002373	10.0
1566	-0.963092	1.476138	10.907129	0.002669	10.6
1567	-0.959523	1.444293	10.922605	0.003299	10.0
1568	-0.941814	1.502757	10.894227	0.002108	9.9
1569	-0.957869	1.369770	10.958993	0.003150	10.5
1570	-0.950898	1.371934	10.957933	0.004678	10.1
1571	-0.965606	1.207685	11.038978	0.002949	10.5
1572	-0.965347	1.844906	10.731064	0.001681	10.0
1573	-0.950963	1.828831	10.738620	0.003093	9.9
1574	-0.960215	1.860559	10.723716	0.003036	10.0
1575	-0.959828	1.804572	10.750044	0.002990	10.7
1576	-0.944149	2.019173	10.649824	0.002879	10.4
1577	-0.957231	1.998285	10.659497	0.002660	9.9
1578	-0.954876	2.154839	10.587426	0.002314	13.1
1579	-0.952279	2.157812	10.586067	0.002566	10.0
1580	-0.964976	2.074420	10.624325	0.002194	12.6
1581	-0.958204	2.079056	10.622191	0.002497	9.9
1582	-0.963042	1.966553	10.674225	0.001713	13.4
1583	-0.957421	1.934179	10.689292	0.003375	12.7
1584	-0.953276	1.876899	10.716057	0.002101	11.2
1585	-0.973562	1.762651	10.769842	0.003565	12.3
1586	-0.959627	1.762736	10.769801	0.003519	10.5
1587	-0.963999	1.612234	10.841483	0.002273	11.2
1588	-0.936228	1.530818	10.880659	0.001919	10.3
1589	-0.964158	1.469201	10.910497	0.004136	12.5
1590	-0.951856	1.351844	10.967782	0.002574	10.3
1591	-0.958853	1.503812	10.893716	0.002320	11.1
1592	-0.953616	1.512283	10.889617	0.003824	10.7
1593	-0.956604	1.393451	10.947404	0.003215	10.3
1594	-0.951076	1.442436	10.923509	0.001430	10.2
1595	-0.951929	1.363443	10.962093	0.002044	10.2
1596	-0.944990	1.366540	10.960575	0.002287	10.8
1597	-0.964240	1.332707	10.977180	0.003417	10.4
1598	-0.954513	1.308304	10.989188	0.003225	10.4
1599	-0.959829	1.288165	10.999117	0.002270	11.6
1600	-0.943989	1.206701	11.039467	0.003171	9.9
1601	-0.957514	1.151657	11.066899	0.003045	10.1
1602	-0.950401	1.025049	11.130516	0.002450	10.1
1603	-0.960549	1.145489	11.069981	0.003349	10.4
1604	-0.939797	1.143708	11.070871	0.003758	11.7
1605	-0.964148	0.971116	11.157838	0.005389	10.5
1606	-0.961219	1.496697	10.897162	0.003788	9.9
1607	-0.945539	1.310879	10.987920	0.002917	10.1
1608	-0.962046	1.362330	10.962639	0.002269	13.6
1609	-0.964262	1.337277	10.974935	0.003365	10.0
1610	-0.937701	1.244187	11.020863	0.002861	9.9
1611	-0.962645	1.106929	11.089290	0.002899	10.6
1612	-0.965350	1.044111	11.120890	0.002671	9.9
1613	-0.970213	1.138285	11.073583	0.002714	12.6
1614	-0.966811	1.166739	11.059369	0.001752	10.1
1615	-0.966517	1.078808	11.103414	0.002906	9.9
1616	-0.948224	1.109369	11.088066	0.002851	9.9
1617	-0.953187	0.983566	11.151519	0.001831	10.1
1618	-0.946527	0.871021	11.208903	0.002416	11.8
1619	-0.945540	0.801732	11.244526	0.003004	10.1
1620	-0.951553	1.004761	11.140777	0.003269	10.1
1621	-0.952983	0.846857	11.221301	0.003336	9.9
1622	-0.948818	0.878021	11.205316	0.002774	10.1
1623	-0.947823	0.795542	11.247720	0.002436	13.9
1624	-0.949516	0.870572	11.209133	0.002297	9.9
1625	-0.955952	0.839376	11.225144	0.002323	11.7
1626	-0.970206	0.743428	11.274678	0.002160	9.8
1627	-0.946754	0.748865	11.271860	0.001519	10.8
1628	-0.951870	0.768051	11.261925	0.002752	10.2
1629	-0.955802	0.716492	11.288662	0.002499	11.0
1630	-0.955453	0.830787	11.229561	0.002198	10.9
1631	-0.955564	0.772346	11.259703	0.001985	10.1
1632	-0.967989	0.698434	11.298057	0.003375	11.3
1633	-0.979381	0.765945	11.263014	0.002276	9.9
1634	-0.956392	0.790165	11.250495	0.002112	9.7
1635	-0.963867	0.691435	11.301703	0.003916	9.8
1636	-0.956909	0.700637	11.296910	0.003584	9.9
1637	-0.935932	0.789322	11.250931	0.004019	9.9
1638	-0.964332	1.221525	11.032103	0.003153	10.9
1639	-0.935986	1.664788	10.816344	0.003110	9.6
1640	-0.965495	1.548777	10.871993	0.003551	9.8
1641	-0.954956	1.400933	10.943747	0.002069	9.9
1642	-0.958666	1.258802	11.013627	0.002586	10.1
1643	-0.949650	1.181059	11.052229	0.002969	10.7
1644	-0.956387	1.207471	11.039084	0.002093	9.7
1645	-0.957139	1.093342	11.096110	0.002066	10.7
1646	-0.969420	1.055736	11.115029	0.002619	9.8
1647	-0.949746	1.150516	11.067469	0.002299	10.2
1648	-0.957353	1.086982	11.099305	0.002867	14.6
1649	-0.951494	0.970371	11.158216	0.002200	13.3
1650	-0.951735	1.095670	11.094940	0.002903	10.0
1651	-0.965580	0.972886	11.156939	0.004120	12.1
1652	-0.952023	0.800287	11.245272	0.002214	14.5
1653	-0.960267	0.752787	11.269827	0.001936	13.0
1654	-0.957067	0.738481	11.277243	0.002655	15.0
1655	-0.965208	0.644834	11.326035	0.003458	12.8
1656	-0.960186	0.497970	11.403409	0.003136	10.5
1657	-0.967467	0.419806	11.445022	0.003206	9.7
1658	-0.941549	0.380058	11.466300	0.003160	9.6
1659	-0.952013	0.653088	11.321718	0.003073	9.5
1660	-0.962695	0.539013	11.381679	0.004073	10.0
1661	-0.950174	0.747820	11.272401	0.003147	15.2
1662	-0.953272	0.933350	11.177050	0.002780	9.8
1663	-0.944726	0.830860	11.229523	0.002315	9.8
1664	-0.957345	0.930407	11.178550	0.002794	9.9
1665	-0.954407	0.813316	11.238555	0.002913	12.1
1666	-0.944500	0.678547	11.308421	0.004072	9.6
1667	-0.946946	0.682448	11.306387	0.002555	9.7
1668	-0.979054	0.610147	11.344214	0.002548	9.7
1669	-0.944689	0.749682	11.271436	0.002536	13.5
1670	-0.955122	0.757304	11.267487	0.003298	10.9
1671	-0.962489	0.789349	11.250917	0.001791	9.7
1672	-0.942918	0.752843	11.269798	0.002037	11.1
1673	-0.964581	0.751209	11.270644	0.002726	10.7
1674	-0.960931	0.804615	11.243040	0.002879	14.6
1675	-0.942509	0.658718	11.318775	0.002392	11.4
1676	-0.961997	0.548277	11.376787	0.003463	10.1
1677	-0.942400	0.446625	11.430710	0.002268	10.2
1678	-0.960640	0.341172	11.487192	0.002341	9.9
1679	-0.946124	0.327830	11.494378	0.004037	12.5
1680	-0.971069	0.183788	11.572536	0.002693	9.7
1681	-0.947143	0.036933	11.653322	0.002614	14.1
1682	-0.947598	0.294729	11.512246	0.003797	11.4
1683	-0.964420	0.149818	11.591123	0.002942	18.5
1684	-0.964769	0.154487	11.588565	0.002779	10.0
1685	-0.966706	0.040221	11.651501	0.002438	10.0
1686	-0.950791	0.000000	11.673817	0.002826	10.2
1687	-0.950042	0.000000	11.673817	0.002953	9.8
1688	-0.951667	0.000000	11.673817	0.002424	12.0
1689	-0.959096	0.018976	11.663278	0.002549	9.8
1690	-0.945496	0.000000	11.673817	0.002297	9.7
1691	-0.944898	0.000000	11.673817	0.003354	10.8
1692	-0.966977	0.154653	11.588474	0.002447	10.2
1693	-0.958079	0.447209	11.430399	0.002010	11.3
1694	-0.960568	0.476466	11.414827	0.002322	10.4
1695	-0.947146	0.408017	11.451324	0.002415	9.7
1696	-0.944503	0.484553	11.410530	0.003542	9.7
1697	-0.953008	0.369845	11.471779	0.002169	9.8
1698	-0.955911	0.502649	11.400928	0.002660	11.6
1699	-0.962132	0.443428	11.432414	0.002302	10.9
1700	-0.956424	0.587710	11.356005	0.003252	9.7
1701	-0.970890	0.580954	11.359560	0.002486	10.0
1702	-0.957706	0.488911	11.408216	0.003367	9.8
1703	-0.953808	0.568925	11.365896	0.002452	10.7
1704	-0.951892	0.665416	11.315275	0.002729	9.7
1705	-0.959971	0.679528	11.307910	0.002424	9.9
1706	-0.957993	0.574349	11.363038	0.003296	9.9
1707	-0.969863	0.437394	11.435632	0.003092	9.8
1708	-0.957631	0.647585	11.324596	0.002575	10.5
1709	-0.966548	0.664343	11.315836	0.003268	9.8
1710	-0.954126	0.612225	11.343124	0.002814	9.6
1711	-0.976164	0.584572	11.357656	0.003920	9.8
1712	-0.957651	0.494321	11.405345	0.005644	10.1
1713	-0.960640	0.296866	11.511090	0.002412	11.0
1714	-0.964820	0.800407	11.245209	0.002217	10.0
1715	-0.962115	0.752056	11.270206	0.002863	11.2
1716	-0.959314	0.631905	11.332804	0.003769	10.8
1717	-0.960195	0.629537	11.334045	0.001458	14.9
1718	-0.966049	0.639124	11.329024	0.004109	10.7
1719	-0.953080	0.580152	11.359983	0.002827	12.9
1720	-0.950441	0.411694	11.449358	0.002455	16.0
1721	-0.940922	0.607286	11.345717	0.004463	12.0
1722	-0.965175	0.433695	11.437605	0.002890	10.4
1723	-0.949288	0.478931	11.413517	0.003291	10.4
1724	-0.958844	0.515223	11.394265	0.003717	9.8
1725	-0.952259	0.655852	11.320273	0.002433	9.9
1726	-0.957178	0.582179	11.358916	0.003889	10.7
1727	-0.952926	0.590418	11.354581	0.002153	10.4
1728	-0.952545	0.505618	11.399354	0.003100	10.0
1729	-0.967748	0.420451	11.444677	0.003311	9.7
1730	-0.959364	0.432943	11.438007	0.002363	10.6
1731	-0.941659	0.297252	11.510881	0.002275	9.9
1732	-0.951656	0.193673	11.567138	0.003035	10.4
1733	-0.965348	0.143011	11.594855	0.003883	9.7
1734	-0.965186	0.410629	11.449927	0.001540	9.6
1735	-0.962061	0.485825	11.409855	0.002207	9.6
1736	-0.951357	0.497869	11.403463	0.003604	9.9
1737	-0.955990	0.643258	11.326860	0.002117	10.7
1738	-0.950536	0.512534	11.395689	0.003293	9.8
1739	-0.944556	0.402838	11.454095	0.001471	9.8
1740	-0.962444	0.410684	11.449898	0.002289	9.9
1741	-0.973110	0.380388	11.466122	0.002104	9.8
1742	-0.966159	0.480508	11.412679	0.002359	10.8
1743	-0.972566	0.455997	11.425717	0.001993	9.7
1744	-0.946473	0.386876	11.462644	0.002096	10.1
1745	-0.957203	0.322267	11.497377	0.003352	9.8
1746	-0.975029	0.262547	11.529670	0.002514	10.0
1747	-0.965700	0.155203	11.588173	0.002596	11.7
1748	-0.956751	0.060329	11.640376	0.001941	14.9
1749	-0.956548	0.112898	11.611393	0.003114	13.4
1750	-0.970238	0.085265	11.626610	0.002908	10.2
1751	-0.955600	0.000000	11.673817	0.002383	11.6
1752	-0.944907	0.057107	11.642157	0.002817	10.1
1753	-0.959013	0.096420	11.620462	0.003870	9.7
1754	-0.964248	0.286475	11.516710	0.002300	9.6
1755	-0.969223	0.211850	11.557226	0.003349	9.8
1756	-0.962603	0.234299	11.545008	0.003560	10.6
1757	-0.959659	0.607199	11.345763	0.002042	9.7
1758	-0.956932	0.503676	11.400383	0.002630	9.8
1759	-0.941058	0.419454	11.445210	0.002819	9.8
1760	-0.961669	0.545814	11.378087	0.002105	9.9
1761	-0.968187	0.555123	11.373173	0.003035	17.9
1762	-0.968686	0.495729	11.404598	0.002841	10.4
1763	-0.966256	0.703102	11.295627	0.002334	10.0
1764	-0.953625	0.602337	11.348316	0.002672	10.0
1765	-0.981725	0.610409	11.344077	0.002860	11.8
1766	-0.950240	0.609221	11.344701	0.002596	10.0
1767	-0.967126	0.644714	11.326098	0.002901	9.8
1768	-0.951601	0.794956	11.248022	0.002715	9.8
1769	-0.952533	0.986997	11.149778	0.002044	10.1
1770	-0.958127	1.014641	11.135777	0.001907	11.8
1771	-0.962876	0.989136	11.148694	0.004090	10.7
1772	-0.962465	0.932326	11.177572	0.003019	13.1
1773	-0.956535	1.317812	10.984506	0.003922	10.1
1774	-0.954702	1.488966	10.900908	0.003644	9.7
1775	-0.944580	1.381017	10.953485	0.003006	11.4
1776	-0.960769	1.544119	10.874240	0.005053	9.8
1777	-0.951491	1.357250	10.965130	0.002000	9.7
1778	-0.961298	1.725868	10.787273	0.001715	9.8
1779	-0.971152	1.660172	10.818547	0.002686	9.9
1780	-0.949631	1.710487	10.794579	0.004356	10.4
1781	-0.969486	1.731768	10.784474	0.002929	9.9
1782	-0.960685	2.363683	10.492787	0.002519	9.8
1783	-0.957309	2.224715	10.555572	0.003521	10.5
1784	-0.960907	2.529824	10.418699	0.002325	10.5
1785	-0.974150	2.453822	10.452460	0.003974	11.2
1786	-0.961738	2.411648	10.471290	0.002430	9.9
1787	-0.962454	2.243543	10.547021	0.003317	10.4
1788	-0.948216	2.129844	10.598867	0.002791	10.4
1789	-0.968559	2.179495	10.576164	0.003284	10.5
1790	-0.950054	2.036807	10.641672	0.003298	10.6
1791	-0.951708	2.085817	10.619080	0.002012	10.0
1792	-0.957880	2.159496	10.585297	0.005130	10.0
1793	-0.958846	2.155633	10.587063	0.003143	11.2
1794	-0.964999	2.018105	10.650318	0.003504	10.8
1795	-0.955586	2.535532	10.416172	0.003903	10.2
1796	-0.948405	2.354290	10.497007	0.003222	9.8
1797	-0.962010	2.630026	10.374519	0.001516	9.8
1798	-0.936203	2.584284	10.394640	0.001991	9.7
1799	-0.956298	2.600980	10.387287	0.003815	10.9
1800	-0.960064	2.542444	10.413114	0.003368	10.6
1801	-0.941130	2.410749	10.471692	0.005368	10.5
1802	-0.955932	2.974289	10.225544	0.002188	9.9
1803	-0.957234	2.961716	10.230909	0.001606	12.4
1804	-0.946569	2.927980	10.245334	0.002634	15.2
1805	-0.967817	2.875913	10.267676	0.002223	10.4
1806	-0.957966	3.049811	10.193434	0.004544	9.9
1807	-0.965641	2.883101	10.264586	0.003775	11.6
1808	-0.964524	3.694901	9.927157	0.001599	11.3
1809	-0.956090	3.748126	9.905807	0.002708	10.9
1810	-0.955139	3.680941	9.932771	0.003161	9.8
1811	-0.951483	3.734052	9.911443	0.002873	9.9
1812	-0.970726	3.922759	9.836397	0.002685	10.6
1813	-0.949125	4.266366	9.702628	0.001812	10.1
1814	-0.963153	4.329842	9.678313	0.004470	10.3
1815	-0.963828	4.321709	9.681422	0.001559	10.0
1816	-0.967632	4.505155	9.611788	0.002530	9.9
1817	-0.951030	4.456797	9.630047	0.002266	9.9
1818	-0.954922	4.490410	9.617348	0.001847	9.9
1819	-0.968212	4.406746	9.649018	0.002980	10.4
1820	-0.959963	4.473364	9.623784	0.001368	9.8
1821	-0.957189	4.478006	9.622031	0.003135	9.7
1822	-0.948847	4.442966	9.635282	0.004096	9.8
1823	-0.958713	4.347961	9.671395	0.002353	9.9
1824	-0.983214	4.282984	9.696250	0.002837	10.7
1825	-0.965715	4.188220	9.732730	0.001839	9.7
1826	-0.966393	4.158295	9.744307	0.002175	9.9
1827	-0.946411	4.141288	9.750898	0.001733	9.9
1828	-0.962430	4.208483	9.724907	0.003337	10.5
1829	-0.950722	4.201462	9.727616	0.002331	12.5
1830	-0.959794	4.155152	9.745525	0.002289	9.8
1831	-0.958003	4.032418	9.793307	0.003856	9.9
1832	-0.950748	4.315285	9.683879	0.003404	13.5
1833	-0.974332	4.545050	9.596777	0.001913	12.7
1834	-0.966905	4.537074	9.599774	0.003226	9.9
1835	-0.941307	4.410098	9.647745	0.001948	9.8
1836	-0.950505	4.299505	9.689919	0.001779	17.4
1837	-0.968942	4.273646	9.699833	0.002242	15.5
1838	-0.964047	4.197562	9.729122	0.002332	9.7
1839	-0.961284	4.173797	9.738306	0.002901	10.4
1840	-0.956597	4.117705	9.760054	0.003705	9.6
1841	-0.962307	4.031162	9.793798	0.004115	10.0
1842	-0.959189	4.312847	9.684811	0.002415	11.5
1843	-0.958356	4.533889	9.600972	0.002724	9.7
1844	-0.965823	4.570424	9.587254	0.002478	9.7
1845	-0.960405	4.451525	9.632042	0.001454	9.8
1846	-0.945571	4.410590	9.647558	0.001152	9.9
1847	-0.959752	4.386507	9.656710	0.001194	11.7
1848	-0.948020	4.389132	9.655712	0.001712	9.9
1849	-0.963070	4.386861	9.656576	0.002805	9.8
1850	-0.957723	4.362143	9.665987	0.002182	9.9
1851	-0.960161	4.342884	9.673333	0.002889	9.9
1852	-0.952933	4.263054	9.703900	0.002340	13.1
1853	-0.968846	4.183903	9.734398	0.003440	10.0
1854	-0.955677	4.075338	9.776544	0.002869	14.6
1855	-0.950847	3.987124	9.811059	0.002248	10.7
1856	-0.989578	4.073780	9.777152	0.002754	10.4
1857	-0.962013	4.024138	9.796547	0.002849	10.5
1858	-0.952338	3.924154	9.835846	0.002130	9.9
1859	-0.969507	3.998399	9.806634	0.001933	10.1
1860	-0.961629	4.065807	9.780262	0.004340	9.9
1861	-0.971828	4.022520	9.797181	0.003020	10.3
1862	-0.972837	4.477162	9.622349	0.002459	10.6
1863	-0.964790	4.334788	9.676424	0.003114	10.1
1864	-0.959737	4.625156	9.566777	0.004800	9.9
1865	-0.948931	4.541336	9.598172	0.002839	9.8
1866	-0.950728	4.431460	9.639641	0.003370	9.8
1867	-0.961937	4.359977	9.666813	0.003064	11.1
1868	-0.975542	4.670618	9.549834	0.002147	9.9
1869	-0.955586	4.798924	9.502340	0.001591	9.9
1870	-0.946725	4.878712	9.473043	0.002890	9.8
1871	-0.950195	4.805502	9.499918	0.002150	9.9
1872	-0.960436	4.796526	9.503223	0.002941	10.8
1873	-0.954796	4.683828	9.544922	0.004394	10.1
1874	-0.959634	4.514272	9.608354	0.002209	9.9
1875	-0.960803	4.625122	9.566789	0.002052	9.9
1876	-0.976286	4.622318	9.567837	0.001237	10.0
1877	-0.959966	4.616903	9.569859	0.004918	10.9
1878	-0.951723	4.712831	9.534156	0.002883	10.1
1879	-0.949119	4.747803	9.521206	0.002807	9.9
1880	-0.938197	4.774978	9.511168	0.002330	9.9
1881	-0.970247	4.688159	9.543313	0.002578	10.0
1882	-0.958447	4.753318	9.519167	0.002611	11.1
1883	-0.948985	4.653353	9.556261	0.001962	9.9
1884	-0.960110	4.649578	9.557668	0.004071	9.8
1885	-0.952510	4.535148	9.600499	0.001495	9.9
1886	-0.956096	4.676096	9.547797	0.002508	9.9
1887	-0.962784	4.681722	9.545705	0.003942	11.1
1888	-0.956845	4.702900	9.537840	0.001720	10.0
1889	-0.963761	4.645961	9.559016	0.004369	10.0
1890	-0.972719	4.556399	9.592515	0.003966	9.9
1891	-0.958682	5.326173	9.312031	0.003115	9.9
1892	-0.951602	5.156880	9.372301	0.004353	10.7
1893	-0.956443	5.446403	9.269697	0.002279	9.9
1894	-0.958442	5.296702	9.322467	0.003163	9.7
1895	-0.969894	5.392387	9.288669	0.002241	10.0
1896	-0.962392	5.263906	9.334108	0.001349	9.8
1897	-0.967535	5.277381	9.329322	0.002524	10.4
1898	-0.962836	5.284583	9.326766	0.002205	9.9
1899	-0.949224	5.251086	9.338667	0.002380	9.8
1900	-0.950954	5.182160	9.363251	0.002127	9.8
1901	-0.956492	5.100794	9.392440	0.001842	9.9
1902	-0.962014	5.098098	9.393411	0.002568	12.5
1903	-0.970261	5.121350	9.385049	0.002406	10.9
1904	-0.968860	5.268907	9.332331	0.003768	9.8
1905	-0.940760	5.126485	9.383204	0.004121	9.9
1906	-0.964782	5.885215	9.118400	0.004016	10.9
1907	-0.963655	5.935679	9.101317	0.002238	11.2
1908	-0.968655	5.775510	9.155760	0.002921	10.8
1909	-0.953034	5.780651	9.154002	0.003392	9.9
1910	-0.973530	5.620705	9.209003	0.003189	10.1
1911	-0.944430	5.640545	9.202145	0.001511	12.2
1912	-0.962949	5.704197	9.180210	0.002386	10.2
1913	-0.963032	5.671591	9.191433	0.001703	10.4
1914	-0.952240	5.610631	9.212489	0.003465	9.9
1915	-0.954282	5.668056	9.192652	0.002525	9.8
1916	-0.963634	5.703645	9.180400	0.004193	11.4
1917	-0.970358	5.585403	9.221231	0.002172	9.9
1918	-0.974004	5.421555	9.278415	0.002144	10.0
1919	-0.962859	5.506036	9.248842	0.002779	9.9
1920	-0.957556	5.435258	9.273605	0.002969	9.9
1921	-0.957646	5.288810	9.325266	0.002174	11.2
1922	-0.961730	5.195706	9.358410	0.003311	10.0
1923	-0.967253	5.319554	9.314373	0.001860	10.0
1924	-0.966534	5.280245	9.328305	0.001609	10.0
1925	-0.958338	5.293686	9.323537	0.002830	9.8
1926	-0.970239	5.198863	9.357282	0.002534	11.1
1927	-0.955310	5.185505	9.362055	0.002745	10.2
1928	-0.968587	5.340730	9.306885	0.001830	9.9
1929	-0.970921	5.277994	9.329104	0.003132	10.0
1930	-0.952519	5.402098	9.285253	0.001973	10.0
1931	-0.954429	5.385336	9.291151	0.002944	11.4
1932	-0.948129	5.347524	9.304485	0.002324	10.1
1933	-0.957414	5.268416	9.332506	0.002328	10.1
1934	-0.957757	5.273115	9.330837	0.002455	10.1
1935	-0.965977	5.254478	9.337460	0.001735	9.9
1936	-0.958347	5.258496	9.336032	0.005797	11.7
1937	-0.961432	5.149682	9.374881	0.004311	10.1
1938	-0.964382	6.091093	9.049105	0.002809	10.1
1939	-0.956522	6.132937	9.035150	0.001911	9.9
1940	-0.969355	6.053747	9.061597	0.002547	11.8
1941	-0.954023	5.955389	9.094662	0.001570	15.4
1942	-0.962849	5.887769	9.117534	0.002864	12.9
1943	-0.966071	5.820051	9.140555	0.003219	13.7
1944	-0.967888	6.070452	9.056005	0.002303	10.1
1945	-0.959131	6.127982	9.036800	0.002632	10.0
1946	-0.957261	6.149336	9.029692	0.003509	9.7
1947	-0.958878	6.524155	8.906727	0.003142	11.7
1948	-0.945676	6.353036	8.962447	0.003144	11.4
1949	-0.951826	6.358663	8.960604	0.002478	10.1
1950	-0.973235	6.212364	9.008778	0.002673	9.8
1951	-0.965322	6.099592	9.046267	0.001890	9.8
1952	-0.948086	6.222997	9.005259	0.003819	11.7
1953	-0.961209	6.149368	9.029681	0.001420	10.3
1954	-0.972520	6.221661	9.005701	0.003194	10.4
1955	-0.960906	6.287166	8.984082	0.002438	9.9
1956	-0.955940	6.195329	9.014421	0.002518	10.0
1957	-0.968914	6.133874	9.034838	0.002783	9.8
1958	-0.941994	6.012606	9.075398	0.002723	10.2
1959	-0.955316	6.204478	9.011390	0.002065	11.1
1960	-0.950795	6.357363	8.961030	0.002378	9.8
1961	-0.949756	6.357825	8.960879	0.002891	10.0
1962	-0.960459	6.413156	8.942792	0.002053	9.9
1963	-0.956509	6.404755	8.945533	0.001745	9.9
1964	-0.976958	6.393801	8.949110	0.003502	10.5
1965	-0.957804	6.527282	8.905716	0.004422	9.9
1966	-0.957299	6.609597	8.879164	0.002347	10.3
1967	-0.955310	6.571256	8.891512	0.004741	9.9
1968	-0.960322	6.422700	8.939679	0.002537	10.5
1969	-0.955190	7.028922	8.746328	0.001920	10.4
1970	-0.973162	7.056988	8.737579	0.002325	9.8
1971	-0.970531	6.949634	8.771140	0.003150	10.0
1972	-0.958127	6.877199	8.793930	0.001572	10.0
1973	-0.960792	6.812371	8.814428	0.003463	10.0
1974	-0.966103	6.730568	8.840430	0.003328	10.7
1975	-0.967112	6.580651	8.888483	0.004096	10.3
1976	-0.962021	6.783773	8.823501	0.001818	10.0
1977	-0.954149	6.919333	8.780659	0.001743	9.8
1978	-0.940222	7.026248	8.747162	0.002935	10.0
1979	-0.951330	6.927416	8.778118	0.002218	10.6
1980	-0.950524	6.986000	8.759742	0.002365	9.9
1981	-0.962357	6.931037	8.776980	0.002202	10.7
1982	-0.959578	6.943063	8.773202	0.002775	10.0
1983	-0.967814	6.969887	8.764789	0.002704	10.0
1984	-0.952987	6.878655	8.793471	0.002803	10.5
1985	-0.974202	6.784941	8.823130	0.003315	9.9
1986	-0.956493	7.190995	8.696044	0.001523	9.8
1987	-0.949872	7.162997	8.704690	0.002234	10.0
1988	-0.964839	7.083203	8.729423	0.002611	9.9
1989	-0.977166	7.078604	8.730853	0.003134	10.5
1990	-0.958063	7.106618	8.722150	0.003775	9.9
1991	-0.963997	6.933880	8.776087	0.001871	9.9
1992	-0.971819	6.840081	8.805655	0.002417	9.7
1993	-0.969871	6.879902	8.793078	0.001597	10.0
1994	-0.963703	6.821336	8.811588	0.004339	10.7
1995	-0.960990	6.878592	8.793491	0.005209	12.0
1996	-0.952866	6.680661	8.856369	0.003485	11.0
1997	-0.956544	7.126436	8.716005	0.001528	9.7
1998	-0.954167	7.186322	8.697486	0.002416	10.0
1999	-0.958374	7.117402	8.718805	0.003060	10.7
