1:ItNr	2:Metric	3a:Time	3b:StepSize	4:||Gradient||	Time[ms]
0	-0.010070	0.000000	20.180842	0.004168	3795.2
1	-0.008752	0.000000	20.180842	0.004508	17.4
2	-0.009144	0.344924	19.854729	0.003082	14.8
3	-0.009082	1.312105	18.994070	0.004614	14.6
4	-0.010225	0.471499	19.737685	0.002774	15.2
5	-0.012035	0.247712	19.945568	0.004170	15.0
6	-0.010379	1.176056	19.110598	0.003968	15.7
7	-0.008108	0.813521	19.428211	0.003835	14.5
8	-0.008990	1.808995	18.580288	0.003457	16.0
9	-0.008832	0.942474	19.314033	0.003630	14.7
10	-0.007795	1.878051	18.524204	0.003366	14.3
11	-0.006034	2.877984	17.748470	0.002262	15.1
12	-0.008753	3.033595	17.633553	0.003568	15.0
13	-0.008860	2.169324	18.291327	0.004385	14.4
14	-0.009827	1.344502	18.966531	0.002362	14.2
15	-0.011071	0.483279	19.726863	0.004439	15.1
16	-0.009046	0.000000	20.180842	0.002929	15.0
17	-0.011611	0.000000	20.180842	0.003695	14.5
18	-0.009877	0.000000	20.180842	0.004714	14.2
19	-0.009735	0.999999	19.263532	0.004199	14.4
20	-0.012046	0.146477	20.041054	0.005549	15.0
21	-0.009951	0.000000	20.180842	0.003370	14.5
22	-0.012946	0.000000	20.180842	0.003364	14.3
23	-0.008489	0.000000	20.180842	0.002544	16.8
24	-0.012944	0.112099	20.073687	0.006639	14.7
25	-0.010980	0.000000	20.180842	0.003985	14.4
26	-0.010499	0.999835	19.263676	0.003272	15.3
27	-0.009820	0.278706	19.916516	0.003691	14.9
28	-0.012364	0.000000	20.180842	0.004167	14.8
29	-0.008096	0.000000	20.180842	0.005692	14.4
30	-0.008947	0.000000	20.180842	0.002955	20.1
31	-0.011268	0.000000	20.180842	0.003702	14.4
32	-0.009555	0.406886	19.797260	0.002543	14.6
33	-0.007622	0.000000	20.180842	0.003102	19.1
34	-0.010106	0.000000	20.180842	0.004020	14.9
35	-0.010032	0.636972	19.586737	0.003217	14.7
36	-0.009486	0.226507	19.965493	0.003640	17.7
37	-0.006876	0.735629	19.497834	0.003371	14.3
38	-0.009719	0.256494	19.937328	0.003180	14.3
39	-0.011535	1.256450	19.041567	0.002082	14.6
40	-0.012267	0.697749	19.531873	0.003651	16.5
41	-0.006882	0.000000	20.180842	0.002837	14.1
42	-0.009966	0.089197	20.095487	0.002582	14.6
43	-0.012523	1.071368	19.201242	0.002441	16.9
44	-0.011095	0.714630	19.516689	0.003215	14.4
45	-0.009761	0.000000	20.180842	0.002962	14.2
46	-0.010290	0.000000	20.180842	0.004321	15.1
47	-0.013000	0.999990	19.263540	0.002879	14.9
48	-0.010893	1.999755	18.426183	0.003895	14.5
49	-0.008906	2.991309	17.664633	0.006891	14.4
50	-0.012211	3.991309	16.957802	0.003561	16.4
51	-0.008732	4.572839	16.572180	0.004233	14.3
52	-0.010729	3.726229	17.139601	0.003254	14.5
53	-0.014463	3.790905	17.094886	0.004277	15.0
54	-0.009437	3.907359	17.014958	0.003641	15.8
55	-0.009425	4.634233	16.532489	0.005585	16.3
56	-0.008989	5.634232	15.911766	0.002925	14.3
57	-0.008432	6.633010	15.336646	0.002024	15.7
58	-0.010911	5.796230	15.815571	0.003514	15.9
59	-0.009532	4.941271	16.336813	0.003845	14.8
60	-0.011207	4.077731	16.899363	0.005080	18.0
61	-0.012718	3.210906	17.504413	0.003435	14.6
62	-0.011629	3.259451	17.469385	0.001938	17.0
63	-0.011757	3.435252	17.343700	0.005250	19.4
64	-0.011266	2.570459	17.980035	0.002947	14.8
65	-0.010688	3.540013	17.269660	0.005641	14.7
66	-0.011825	3.099213	17.585540	0.003909	14.8
67	-0.010319	2.231322	18.242513	0.005319	15.1
68	-0.011903	3.231321	17.489665	0.002905	14.9
69	-0.008557	4.208524	16.811682	0.004232	14.9
70	-0.015760	3.347642	17.406108	0.003934	14.8
71	-0.011087	2.837739	17.778435	0.002804	14.8
72	-0.010923	2.189977	18.275037	0.003309	14.3
73	-0.010467	3.100072	17.584914	0.002750	14.5
74	-0.012229	2.651287	17.918589	0.002873	14.4
75	-0.012860	2.099015	18.347002	0.003820	15.2
76	-0.012522	1.235015	19.059923	0.002514	15.0
77	-0.011798	0.485568	19.724760	0.002960	14.7
78	-0.010236	0.000000	20.180842	0.002847	15.3
79	-0.013292	0.891792	19.358748	0.002185	14.5
80	-0.011589	0.133817	20.053059	0.004753	14.6
81	-0.011204	0.934691	19.320887	0.004287	14.3
82	-0.011721	1.934691	18.478456	0.003299	14.8
83	-0.009325	2.135880	18.317768	0.003585	14.6
84	-0.009155	1.270617	19.029454	0.006557	14.1
85	-0.013168	0.402725	19.801109	0.006247	14.1
86	-0.007510	0.000000	20.180842	0.005611	14.9
87	-0.010246	0.000000	20.180842	0.004103	14.9
88	-0.010506	0.000000	20.180842	0.003814	14.4
89	-0.012113	0.999353	19.264097	0.003337	14.2
90	-0.013540	1.754614	18.624692	0.004134	15.1
91	-0.010370	0.889473	19.360798	0.002217	14.8
92	-0.011920	1.887840	18.516281	0.003589	14.6
93	-0.007375	1.027707	19.239301	0.002312	14.4
94	-0.013162	1.975145	18.445920	0.003325	16.6
95	-0.008732	1.356254	18.956560	0.003079	17.7
96	-0.007361	2.021159	18.409051	0.002488	15.6
97	-0.011748	1.352668	18.959602	0.005511	17.4
98	-0.010288	0.484842	19.725427	0.003217	14.4
99	-0.014897	0.000000	20.180842	0.003795	14.4
100	-0.008407	0.000000	20.180842	0.003387	14.4
101	-0.010704	0.000000	20.180842	0.002961	16.5
102	-0.009390	0.000000	20.180842	0.003395	14.3
103	-0.008927	0.922723	19.331435	0.004686	14.3
104	-0.011554	0.054849	20.128269	0.003721	16.1
105	-0.017036	0.000000	20.180842	0.004758	14.2
106	-0.010936	0.000000	20.180842	0.004056	14.3
107	-0.010989	0.999121	19.264300	0.003526	14.7
108	-0.010761	0.351331	19.848771	0.004366	15.4
109	-0.010926	1.317394	18.989569	0.007724	14.2
110	-0.012829	2.317265	18.175274	0.002110	14.6
111	-0.011272	3.317241	17.427869	0.002776	16.2
112	-0.007708	2.473956	18.053952	0.002926	14.4
113	-0.012157	1.607674	18.745745	0.002676	14.4
114	-0.010902	2.456188	18.067628	0.002308	14.5
115	-0.010195	2.284318	18.200992	0.003539	15.2
116	-0.011102	1.527366	18.812572	0.002315	14.4
117	-0.012335	0.676691	19.550847	0.004521	14.3
118	-0.009469	1.644672	18.715117	0.005194	16.3
119	-0.008216	2.644672	17.923601	0.004540	14.2
120	-0.009563	3.498410	17.298987	0.003426	14.8
121	-0.012098	2.630529	17.934329	0.003417	14.6
122	-0.009727	3.069772	17.607051	0.003396	15.2
123	-0.013715	3.653751	17.189988	0.006758	14.5
124	-0.011173	4.653647	16.519978	0.004354	14.3
125	-0.008861	5.653647	15.900176	0.003579	17.8
126	-0.011529	6.641290	15.332051	0.003345	14.3
127	-0.010101	6.021980	15.683443	0.002755	14.3
128	-0.010539	6.786532	15.251910	0.003571	18.6
129	-0.010147	7.780462	14.725187	0.003491	16.0
130	-0.012672	7.241288	15.006316	0.003015	14.6
131	-0.007462	6.373505	15.482039	0.003230	14.4
132	-0.010183	7.244219	15.004758	0.006314	15.6
133	-0.010284	8.243890	14.491837	0.003021	14.6
134	-0.011551	7.376012	14.935068	0.004579	14.7
135	-0.010372	6.607642	15.350738	0.005133	17.6
136	-0.011818	7.607447	14.814244	0.002529	14.2
137	-0.010756	8.601885	14.316577	0.004564	14.4
138	-0.014247	9.471256	13.908114	0.003022	14.8
139	-0.008980	8.615886	14.309809	0.003088	15.2
140	-0.009987	7.878960	14.674964	0.002184	14.3
141	-0.014528	8.109350	14.558816	0.003051	14.1
142	-0.013509	7.759228	14.736059	0.002426	15.1
143	-0.012022	6.896430	15.191825	0.003190	14.9
144	-0.011098	7.874658	14.677150	0.003281	14.3
145	-0.010347	7.782390	14.724200	0.002008	14.2
146	-0.012896	6.977894	15.147591	0.005550	15.5
147	-0.011547	6.110849	15.632033	0.003424	14.4
148	-0.008560	6.802248	15.243289	0.004080	14.4
149	-0.007561	5.934766	15.734225	0.002833	14.9
150	-0.010384	5.168546	16.194927	0.004935	15.1
151	-0.010125	6.163813	15.601554	0.005313	14.3
152	-0.010908	7.163764	15.047623	0.003370	14.5
153	-0.008597	6.295871	15.526073	0.001552	14.9
154	-0.010933	6.059935	15.661445	0.002353	14.9
155	-0.011745	5.347839	16.084722	0.002687	14.3
156	-0.014115	4.559069	16.581108	0.002969	14.7
157	-0.012376	5.392403	16.057563	0.003769	14.5
158	-0.011030	5.982333	15.706488	0.005071	15.1
159	-0.009478	5.114443	16.228479	0.004554	14.5
160	-0.009612	4.247334	16.785839	0.004788	14.5
161	-0.009923	5.247181	16.146407	0.005486	14.9
162	-0.009320	4.379290	16.698563	0.002966	18.5
163	-0.006977	4.590300	16.560872	0.003003	14.2
164	-0.010284	3.735783	17.132981	0.006169	14.4
165	-0.016551	4.731551	16.469963	0.004107	17.5
166	-0.007868	3.863662	17.044862	0.003392	14.6
167	-0.010737	3.011963	17.649439	0.004286	14.8
168	-0.010682	2.587589	17.966977	0.002993	15.7
169	-0.011441	3.587519	17.236293	0.003430	14.8
170	-0.011225	4.582680	16.565805	0.002029	14.5
171	-0.007054	4.174852	16.834168	0.002861	14.3
172	-0.012901	4.982554	16.310856	0.003781	14.5
173	-0.012300	4.522862	16.604630	0.007927	15.1
174	-0.012863	3.654976	17.189134	0.004809	14.2
175	-0.011488	4.654961	16.519132	0.001969	15.4
176	-0.008763	3.928844	17.000295	0.005174	14.6
177	-0.010236	3.063005	17.612001	0.002284	15.0
178	-0.012039	2.200666	18.266617	0.003722	14.5
179	-0.009240	1.650940	18.709938	0.004248	14.2
180	-0.012018	2.424772	18.091859	0.004240	15.0
181	-0.010690	3.423374	17.352135	0.005613	15.2
182	-0.009817	4.423359	16.669618	0.002251	14.7
183	-0.008690	4.931353	16.343061	0.003267	14.6
184	-0.009256	4.120262	16.870751	0.003054	17.0
185	-0.008589	5.119904	16.225086	0.002396	14.5
186	-0.009553	5.538256	15.969312	0.003459	14.5
187	-0.009468	6.100795	15.637832	0.003910	16.3
188	-0.011820	6.934850	15.170931	0.003684	15.3
189	-0.011414	7.797621	14.716413	0.005446	14.4
190	-0.009023	8.040382	14.593392	0.001586	14.4
191	-0.010941	7.588884	14.823862	0.002952	16.8
192	-0.013370	7.987556	14.619987	0.007607	14.4
193	-0.010057	7.119726	15.071188	0.004652	14.8
194	-0.013458	6.256771	15.548345	0.004739	19.3
195	-0.011846	5.479364	16.004829	0.004073	15.4
196	-0.011798	4.826064	16.409689	0.003313	14.3
197	-0.011305	5.799936	15.813384	0.003041	16.5
198	-0.012605	4.966094	16.321195	0.004972	18.4
199	-0.010439	5.918306	15.743846	0.002945	14.7
200	-0.011576	5.061251	16.261602	0.002910	14.5
201	-0.011378	5.985920	15.704400	0.004881	15.0
202	-0.012319	5.118854	16.225738	0.002469	14.7
203	-0.007990	5.037214	16.276614	0.003037	14.5
204	-0.009156	5.871736	15.771132	0.002156	16.7
205	-0.015033	5.121096	16.224345	0.002244	14.3
206	-0.011492	5.759609	15.837215	0.001946	14.4
207	-0.012070	5.905919	15.751095	0.004441	14.6
208	-0.009932	5.038282	16.275946	0.002759	15.4
209	-0.012694	4.811376	16.419027	0.002609	14.5
210	-0.010678	4.625075	16.538398	0.002655	14.4
211	-0.009851	4.173069	16.835360	0.003948	16.1
212	-0.009637	5.170606	16.193652	0.006293	14.8
213	-0.009434	4.302714	16.749100	0.004039	14.7
214	-0.011857	3.437679	17.341978	0.002988	15.2
215	-0.010695	4.213443	16.808402	0.002129	15.1
216	-0.010138	5.199472	16.175810	0.003186	14.3
217	-0.012679	4.402807	16.683105	0.003080	14.3
218	-0.014812	4.889625	16.369402	0.004526	16.1
219	-0.012228	5.728971	15.855368	0.002867	14.6
220	-0.011840	6.699613	15.299769	0.005160	14.6
221	-0.013654	5.831757	15.794630	0.004813	14.6
222	-0.009715	4.963865	16.322596	0.002712	15.3
223	-0.008924	4.097544	16.886022	0.005604	14.5
224	-0.013387	4.905281	16.359509	0.002998	14.3
225	-0.011857	4.728917	16.471649	0.005189	16.1
226	-0.012985	5.728894	15.855414	0.002046	14.9
227	-0.011643	6.726872	15.284728	0.002175	16.6
228	-0.008638	6.391506	15.471865	0.002230	17.4
229	-0.009184	6.810798	15.238602	0.004425	15.7
230	-0.011803	5.950805	15.724862	0.004212	17.1
231	-0.011076	5.129152	16.219343	0.003491	16.7
232	-0.009959	4.277710	16.765668	0.002927	16.1
233	-0.011311	4.461166	16.644866	0.004057	14.7
234	-0.009130	3.620709	17.213058	0.006334	14.6
235	-0.009589	4.620689	16.541229	0.003961	17.1
236	-0.009282	3.752796	17.121204	0.002758	14.3
237	-0.010099	4.747003	16.460078	0.002916	14.3
238	-0.009076	4.055171	16.914579	0.001916	23.0
239	-0.010924	4.510694	16.612550	0.002885	15.0
240	-0.010322	4.030841	16.931020	0.004058	15.1
241	-0.008394	3.163800	17.538536	0.003395	17.9
242	-0.008828	4.088380	16.892190	0.002917	14.4
243	-0.012658	5.082721	16.248216	0.003576	14.3
244	-0.011975	4.218054	16.805329	0.004208	14.5
245	-0.011006	5.217838	16.164479	0.002395	15.2
246	-0.010657	4.513177	16.610934	0.003372	14.6
247	-0.012666	4.197588	16.818978	0.004660	14.7
248	-0.007366	5.196984	16.177346	0.003290	16.4
249	-0.012920	4.575779	16.570275	0.003470	14.5
250	-0.010036	4.263019	16.775417	0.005572	14.3
251	-0.012204	3.409203	17.362209	0.003481	18.0
252	-0.007707	3.661673	17.184466	0.003025	14.8
253	-0.011559	4.282068	16.762777	0.004698	14.9
254	-0.009459	3.418837	17.355359	0.004488	14.4
255	-0.010413	4.418723	16.672658	0.003731	16.9
256	-0.009721	5.418652	16.041609	0.003757	14.8
257	-0.011189	4.550904	16.586406	0.002408	14.5
258	-0.010126	3.932712	16.997657	0.003045	17.6
259	-0.013437	3.141823	17.554502	0.003417	16.3
260	-0.011024	2.399835	18.111140	0.005000	15.3
261	-0.008260	1.658243	18.703908	0.002842	17.6
262	-0.011933	2.643982	17.924125	0.005593	15.7
263	-0.010933	2.989270	17.666135	0.005457	16.0
264	-0.009802	2.126402	18.325276	0.005358	14.6
265	-0.009953	3.126402	17.565723	0.002288	15.3
266	-0.011849	3.544637	17.266407	0.001569	14.5
267	-0.012998	3.256090	17.471805	0.002213	14.4
268	-0.011772	3.779237	17.102935	0.003345	16.6
269	-0.009676	3.385940	17.378772	0.003329	14.6
270	-0.013856	3.296136	17.443007	0.005678	14.5
271	-0.013046	2.534114	18.007803	0.003475	14.7
272	-0.013024	1.667616	18.696174	0.004583	15.5
273	-0.014932	0.800860	19.439494	0.005396	14.2
274	-0.009945	1.800858	18.586918	0.004646	14.6
275	-0.013791	1.179473	19.107653	0.003369	16.8
276	-0.010724	0.312271	19.885149	0.002423	14.2
277	-0.009299	0.000000	20.180842	0.004354	14.3
278	-0.008575	0.880817	19.368458	0.004849	14.9
279	-0.009163	1.878844	18.523562	0.003001	15.1
280	-0.009583	2.327006	18.167685	0.004640	14.3
281	-0.007946	3.307558	17.434811	0.003168	15.2
282	-0.009591	4.306450	16.746627	0.002746	16.7
283	-0.010799	4.855719	16.390868	0.003721	14.1
284	-0.013891	4.010450	16.944824	0.002810	14.1
285	-0.010626	3.832576	17.066199	0.003734	14.7
286	-0.012967	2.989771	17.665766	0.003827	15.0
287	-0.012420	3.860088	17.047312	0.004467	14.1
288	-0.010059	4.541396	16.592581	0.003243	15.2
289	-0.011561	4.122252	16.869414	0.002925	17.3
290	-0.008830	5.041941	16.273660	0.002866	14.3
291	-0.014436	4.396723	16.687101	0.003700	17.6
292	-0.013395	3.555150	17.259014	0.003285	18.8
293	-0.012348	2.707141	17.876373	0.003030	14.5
294	-0.009971	3.211892	17.503700	0.003442	14.4
295	-0.008794	4.185991	16.826723	0.002131	19.4
296	-0.011517	5.123678	16.222742	0.002073	14.6
297	-0.009256	5.874633	15.769432	0.002300	14.7
298	-0.007919	5.703136	15.870708	0.002703	14.4
299	-0.010639	6.564780	15.374608	0.003171	15.2
300	-0.011483	7.384597	14.930551	0.004020	14.6
301	-0.012353	8.289666	14.469188	0.004439	14.5
302	-0.010399	9.289520	13.991561	0.003485	15.3
303	-0.013839	8.421707	14.404252	0.004412	14.7
304	-0.008811	7.597555	14.819368	0.003367	14.3
305	-0.014449	8.597543	14.318678	0.004267	14.5
306	-0.010998	9.595705	13.851542	0.003166	14.8
307	-0.011695	10.583700	13.418240	0.004494	15.0
308	-0.013879	9.719264	13.795828	0.004795	14.3
309	-0.011651	8.856164	14.194646	0.002314	14.3
310	-0.010607	8.201199	14.513024	0.002857	14.8
311	-0.013650	9.104884	14.077373	0.003606	14.6
312	-0.014875	9.677280	13.814708	0.003335	14.2
313	-0.011468	10.459322	13.471291	0.004203	14.3
314	-0.008614	9.602198	13.848603	0.003030	15.4
315	-0.010549	9.667439	13.819142	0.002947	14.5
316	-0.009756	8.850447	14.197365	0.002146	14.3
317	-0.007945	8.197149	14.515037	0.003286	14.4
318	-0.011897	8.778177	14.231821	0.003345	16.1
319	-0.015865	9.719209	13.795853	0.005377	14.2
320	-0.011113	8.877740	14.184396	0.003434	14.3
321	-0.013376	8.240378	14.493578	0.003861	14.2
322	-0.008210	7.482512	14.879224	0.002440	15.8
323	-0.009700	7.684652	14.774371	0.004839	14.0
324	-0.013670	6.816845	15.235289	0.003529	16.2
325	-0.009594	5.948988	15.725922	0.003002	16.9
326	-0.010682	5.786434	15.821355	0.003443	14.2
327	-0.010971	4.939241	16.338091	0.003414	15.4
328	-0.010661	4.617436	16.543330	0.003418	17.1
329	-0.010479	3.873368	17.038211	0.002217	15.9
330	-0.010742	4.713242	16.481690	0.001813	15.3
331	-0.014783	5.338336	16.090526	0.005348	14.3
332	-0.013816	4.500400	16.619256	0.005060	15.4
333	-0.010470	3.632508	17.204813	0.003983	15.2
334	-0.009282	4.632503	16.533605	0.004323	14.4
335	-0.009795	4.571162	16.573267	0.002132	14.3
336	-0.012293	3.718502	17.144958	0.002436	14.8
337	-0.015141	4.154967	16.847475	0.004805	14.4
338	-0.009630	3.287495	17.449214	0.002470	14.6
339	-0.010602	4.163045	16.842067	0.004205	14.4
340	-0.011722	4.727809	16.472358	0.003812	15.0
341	-0.010755	5.727321	15.856347	0.004713	15.0
342	-0.010305	4.859430	16.388516	0.002301	14.3
343	-0.010584	3.992545	16.956964	0.003069	14.3
344	-0.007671	4.984159	16.309848	0.001732	14.9
345	-0.009693	5.914362	15.746154	0.003424	14.8
346	-0.011363	5.116551	16.227169	0.003950	14.2
347	-0.012176	4.259271	16.777907	0.003379	14.5
348	-0.009290	5.252566	16.143096	0.002658	14.4
349	-0.014146	4.437112	16.660605	0.003477	15.1
350	-0.009793	3.741133	17.129275	0.004195	14.4
351	-0.013026	4.734299	16.468204	0.002653	14.4
352	-0.010430	4.252325	16.782522	0.002634	17.3
353	-0.010786	3.493665	17.302339	0.003179	23.3
354	-0.012411	2.627438	17.936675	0.006035	17.0
355	-0.011038	1.759737	18.620500	0.003673	17.1
356	-0.015190	2.759679	17.836844	0.002945	16.5
357	-0.015488	3.746729	17.125402	0.006973	15.4
358	-0.012410	4.746712	16.460264	0.004693	14.3
359	-0.014238	3.974400	16.969284	0.005540	16.9
360	-0.011709	4.974400	16.315976	0.004468	21.7
361	-0.010267	4.106507	16.879994	0.003651	16.1
362	-0.013977	4.409090	16.678979	0.003534	14.7
363	-0.013078	5.096568	16.239595	0.002883	15.6
364	-0.012788	4.647723	16.523794	0.002490	14.7
365	-0.010655	5.490329	15.998204	0.003055	15.1
366	-0.009595	6.245907	15.554545	0.006035	17.7
367	-0.009435	6.485314	15.419059	0.001844	14.1
368	-0.012925	6.547372	15.384324	0.005842	14.2
369	-0.015253	6.789491	15.250286	0.004383	14.5
370	-0.010736	7.789491	14.720569	0.003571	15.5
371	-0.012714	8.789490	14.226416	0.004527	14.3
372	-0.013342	9.650908	13.826595	0.002977	14.3
373	-0.011246	10.241543	13.565197	0.003439	16.6
374	-0.009970	11.237263	13.146205	0.002297	14.2
375	-0.008035	10.450544	13.475051	0.003026	15.1
376	-0.012288	10.356043	13.515662	0.002956	14.6
377	-0.012233	11.287861	13.125604	0.003439	15.1
378	-0.012282	11.010167	13.239471	0.003238	14.3
379	-0.010437	11.932781	12.868566	0.004633	14.4
380	-0.012312	12.932449	12.489452	0.003453	17.8
381	-0.012855	12.064559	12.817279	0.003536	14.4
382	-0.011234	11.752217	12.939511	0.002547	14.4
383	-0.011789	11.003415	13.242264	0.004146	14.7
384	-0.009328	11.897034	12.882550	0.003603	15.3
385	-0.010951	12.893499	12.503804	0.003818	14.4
386	-0.012785	12.025632	12.832387	0.003925	14.6
387	-0.008473	13.025454	12.455313	0.002895	16.5
388	-0.015542	13.918686	12.136702	0.003880	17.0
389	-0.011698	13.430578	12.308759	0.001904	14.4
390	-0.011154	13.436906	12.306497	0.002764	17.5
391	-0.010070	13.312365	12.351165	0.003379	16.6
392	-0.010417	12.481255	12.657760	0.002647	15.5
393	-0.009938	13.475175	12.292836	0.001601	16.0
394	-0.010930	13.396357	12.321005	0.005824	14.6
395	-0.011230	13.171660	12.402022	0.004653	14.4
396	-0.008524	14.171659	12.049408	0.002122	14.5
397	-0.009326	14.687753	11.875157	0.001788	16.9
398	-0.008718	14.359041	11.985554	0.004182	15.2
399	-0.010924	13.495244	12.285684	0.004586	14.4
400	-0.013007	14.488536	11.941819	0.002120	17.4
401	-0.012037	13.663598	12.226015	0.004067	14.3
402	-0.011670	14.654304	11.886298	0.003260	14.4
403	-0.009895	15.485074	11.615646	0.003899	14.2
404	-0.010774	15.712463	11.543701	0.001965	15.2
405	-0.010465	14.940992	11.791485	0.003009	14.6
406	-0.009734	14.081418	12.080404	0.002911	14.5
407	-0.014443	13.687533	12.217579	0.002904	14.4
408	-0.007566	12.834028	12.525783	0.002158	15.1
409	-0.011269	12.001203	12.841886	0.005166	14.2
410	-0.011246	12.652449	12.593368	0.004099	14.2
411	-0.011307	13.651899	12.230143	0.004421	14.9
412	-0.011048	12.784050	12.544312	0.003407	14.8
413	-0.012173	13.762194	12.191339	0.003494	14.8
414	-0.009218	14.569407	11.914668	0.002445	14.4
415	-0.014459	15.063570	11.751407	0.004553	14.8
416	-0.010941	14.195716	12.041172	0.003195	14.9
417	-0.014957	15.195586	11.708546	0.005357	14.3
418	-0.011904	14.327735	11.996175	0.003812	15.1
419	-0.011764	13.459843	12.298306	0.003751	15.0
420	-0.011590	13.710095	12.209638	0.005355	17.1
421	-0.012617	14.683479	11.876580	0.003324	15.9
422	-0.009507	15.683478	11.552822	0.002308	14.3
423	-0.014802	14.987537	11.776235	0.003253	15.4
424	-0.011532	15.959376	11.466581	0.004507	17.6
425	-0.011902	16.673304	11.249284	0.005090	14.8
426	-0.009555	15.805411	11.514548	0.003038	15.9
427	-0.011304	15.421584	11.635894	0.004628	14.3
428	-0.008589	14.557841	11.918544	0.003524	14.6
429	-0.015725	15.557746	11.592555	0.003972	15.2
430	-0.009435	16.352298	11.345960	0.004564	14.9
431	-0.012879	17.159381	11.105990	0.002952	14.1
432	-0.011352	16.291881	11.364342	0.004262	14.5
433	-0.012188	17.291704	11.067611	0.001843	15.1
434	-0.008471	16.479055	11.307587	0.003534	14.7
435	-0.011113	16.627665	11.262928	0.004086	14.7
436	-0.010858	17.627582	10.971375	0.002214	14.4
437	-0.010461	16.762043	11.222848	0.002224	15.2
438	-0.011903	16.087794	11.426878	0.005654	14.5
439	-0.007935	17.087623	11.126914	0.002928	14.4
440	-0.009618	16.229155	11.383489	0.003497	14.5
441	-0.009442	17.227467	11.086209	0.003798	15.1
442	-0.010313	16.459244	11.313567	0.004165	14.4
443	-0.011955	15.591583	11.581835	0.002726	14.2
444	-0.010332	16.383742	11.336417	0.004031	15.3
445	-0.011575	17.381256	11.041788	0.003232	15.0
446	-0.009337	16.513474	11.297212	0.003620	14.5
447	-0.011261	15.659081	11.560510	0.004136	14.3
448	-0.012459	16.658795	11.253618	0.002657	15.0
449	-0.008856	16.239121	11.380443	0.005759	15.0
450	-0.009989	17.067043	11.132929	0.006503	14.2
451	-0.008407	18.067043	10.847959	0.002594	14.3
452	-0.013307	17.411661	11.033047	0.002604	15.5
453	-0.012148	17.856133	10.906841	0.006217	17.0
454	-0.007304	16.988241	11.156023	0.004895	15.2
455	-0.011129	16.120349	11.416856	0.002827	14.3
456	-0.009043	17.119437	11.117627	0.003762	15.0
457	-0.010589	16.622314	11.264530	0.002624	16.9
458	-0.009882	15.925951	11.476961	0.001463	15.0
459	-0.012713	15.776679	11.523544	0.004333	15.1
460	-0.009935	16.679558	11.247417	0.003615	14.8
461	-0.016730	17.667929	10.959927	0.003219	14.4
462	-0.011556	17.861260	10.905403	0.005255	14.6
463	-0.011194	18.860293	10.632076	0.003366	15.2
464	-0.015383	17.992404	10.868724	0.004994	14.3
465	-0.010022	17.125806	11.115770	0.003402	14.3
466	-0.009539	16.534989	11.290737	0.002464	15.1
467	-0.011639	17.505335	11.006207	0.001915	14.7
468	-0.009169	18.442014	10.744829	0.003261	14.8
469	-0.008362	18.265436	10.793148	0.002646	14.4
470	-0.011872	19.132867	10.559866	0.002676	15.1
471	-0.012176	18.596727	10.702846	0.004306	14.3
472	-0.009264	17.868486	10.903375	0.002554	14.6
473	-0.010008	17.646231	10.966081	0.004349	14.8
474	-0.011055	18.642666	10.690444	0.005816	15.2
475	-0.009479	17.774773	10.929727	0.004244	14.3
476	-0.013290	18.774771	10.654937	0.003849	14.2
477	-0.013292	18.763693	10.657906	0.003447	14.6
478	-0.009177	17.909406	10.891908	0.003579	14.8
479	-0.011168	17.042993	11.139967	0.004094	14.2
480	-0.013212	17.978141	10.872701	0.003920	14.2
481	-0.007801	18.951455	10.607816	0.002967	14.5
482	-0.009239	18.087396	10.842311	0.002120	15.4
483	-0.010831	17.904574	10.893261	0.002939	14.3
484	-0.011600	18.084994	10.842977	0.004403	14.2
485	-0.008562	18.943235	10.609999	0.003470	14.4
486	-0.011047	18.075387	10.845643	0.004334	14.9
487	-0.008947	17.485529	11.011871	0.002206	16.9
488	-0.009702	17.646391	10.966035	0.002348	16.5
489	-0.009788	17.492283	11.009939	0.002269	15.2
490	-0.009183	18.128238	10.830993	0.002906	14.5
491	-0.013402	18.457925	10.740496	0.006883	17.4
492	-0.011063	19.456613	10.475362	0.004761	15.2
493	-0.011291	20.456613	10.222680	0.002788	15.0
494	-0.010501	19.588821	10.441242	0.004209	14.8
495	-0.010796	20.537130	10.202864	0.003190	14.5
496	-0.014509	19.671521	10.420011	0.003222	15.6
497	-0.010113	20.594387	10.188819	0.003868	14.6
498	-0.009984	20.173919	10.292867	0.003168	14.4
499	-0.011420	20.785376	10.142249	0.003102	14.1
500	-0.012800	21.768891	9.909017	0.003136	14.7
501	-0.011219	21.384319	9.998926	0.002315	14.8
502	-0.013542	22.248760	9.799071	0.003238	14.7
503	-0.010562	22.924557	9.648309	0.002863	14.2
504	-0.006154	22.065924	9.840673	0.003052	15.2
505	-0.010617	23.041631	9.622661	0.002916	14.7
506	-0.008802	22.894215	9.654978	0.002960	15.2
507	-0.011316	23.659376	9.489557	0.002704	15.6
508	-0.011084	23.015882	9.628290	0.001957	15.6
509	-0.010246	23.570367	9.508508	0.003289	14.2
510	-0.010945	24.332481	9.348654	0.004227	14.3
511	-0.010500	25.095018	9.194002	0.004778	14.8
512	-0.011269	26.095017	8.998780	0.001590	16.0
513	-0.009331	26.926826	8.842599	0.002706	14.2
514	-0.008305	26.858610	8.855202	0.002735	14.3
515	-0.010333	26.013074	9.014464	0.005033	14.6
516	-0.011454	26.999046	8.829294	0.005040	14.9
517	-0.013287	27.998767	8.649150	0.004227	14.4
518	-0.011969	28.998767	8.476163	0.003536	14.9
519	-0.011296	28.596288	8.544948	0.004420	14.5
520	-0.010559	27.728814	8.697065	0.002857	17.2
521	-0.010838	28.728614	8.522210	0.004076	15.6
522	-0.010083	28.762454	8.516414	0.003876	14.3
523	-0.012043	29.762430	8.348649	0.006558	16.8
524	-0.010019	30.762429	8.187361	0.003149	17.6
525	-0.009502	29.894537	8.326978	0.002232	14.6
526	-0.009752	30.168800	8.282346	0.003392	15.2
527	-0.008384	30.797031	8.181891	0.002922	14.9
528	-0.010475	29.929843	8.321205	0.003287	14.7
529	-0.012059	29.227319	8.437593	0.002828	14.5
530	-0.012182	29.833450	8.336984	0.002014	16.2
531	-0.009575	29.083116	8.461887	0.003511	14.3
532	-0.010778	29.166094	8.447891	0.003367	14.3
533	-0.008675	29.081796	8.462110	0.002650	14.2
534	-0.009896	28.388127	8.580963	0.005401	14.9
535	-0.015430	29.033815	8.470225	0.004308	14.3
536	-0.010542	28.192759	8.615042	0.003670	14.3
537	-0.009982	28.960499	8.482655	0.003516	15.5
538	-0.010861	29.015886	8.473262	0.002497	14.5
539	-0.012023	28.618321	8.541153	0.003946	14.5
540	-0.011875	27.963739	8.655337	0.003569	14.3
541	-0.013891	28.954504	8.483673	0.005264	14.9
542	-0.008664	28.093486	8.632463	0.002137	14.6
543	-0.009000	28.439338	8.572074	0.004212	14.5
544	-0.011925	29.325471	8.421137	0.002547	14.1
545	-0.009374	30.255145	8.268393	0.002482	15.0
546	-0.011959	29.872066	8.330656	0.004265	14.9
547	-0.013404	29.232699	8.436689	0.001903	14.4
548	-0.009428	29.746737	8.351230	0.003429	14.5
549	-0.010458	29.170058	8.447223	0.001985	15.4
550	-0.011116	29.184272	8.444831	0.004548	14.6
551	-0.009715	30.049839	8.301646	0.003299	14.3
552	-0.009787	29.186626	8.444435	0.005632	14.8
553	-0.012688	30.186626	8.279461	0.005008	17.5
554	-0.010599	31.186606	8.120813	0.002557	15.4
555	-0.012499	32.143117	7.974649	0.004598	14.3
556	-0.011574	32.817953	7.874653	0.003229	16.2
557	-0.012115	31.966271	8.001275	0.003406	18.7
558	-0.010850	31.112294	8.132394	0.003811	14.5
559	-0.009344	30.389580	8.246763	0.003458	15.2
560	-0.010077	29.525108	8.387863	0.002230	14.7
561	-0.013726	30.162040	8.283440	0.003419	14.5
562	-0.012229	29.594473	8.376363	0.005124	14.5
563	-0.009649	28.796233	8.510637	0.006163	16.5
564	-0.012178	29.783348	8.345210	0.004586	14.4
565	-0.011764	28.915988	8.490219	0.004649	14.4
566	-0.014805	28.048096	8.640451	0.003119	14.5
567	-0.013472	27.184334	8.795342	0.003201	15.2
568	-0.009547	28.145297	8.623362	0.002723	14.6
569	-0.012101	27.333105	8.768269	0.004066	14.6
570	-0.011174	26.561917	8.910442	0.004029	16.3
571	-0.013554	27.560515	8.727207	0.006209	14.1
572	-0.010539	28.560514	8.551116	0.002343	14.4
573	-0.008879	27.692712	8.703514	0.003901	14.8
574	-0.008722	28.670326	8.532211	0.003313	15.2
575	-0.011667	29.508209	8.390669	0.003053	14.6
576	-0.009969	28.801348	8.509763	0.004450	14.4
577	-0.012378	27.938870	8.659736	0.003854	16.3
578	-0.012947	28.938664	8.486364	0.003546	16.3
579	-0.009937	28.070788	8.636456	0.002308	14.5
580	-0.012271	28.057152	8.638856	0.003235	16.1
581	-0.009828	28.317990	8.593166	0.001881	14.5
582	-0.009332	27.680114	8.705766	0.003794	14.6
583	-0.011657	28.674287	8.531530	0.004073	14.3
584	-0.009474	28.679007	8.530720	0.002300	17.0
585	-0.010444	27.815196	8.681675	0.004020	14.6
586	-0.009818	27.479749	8.741747	0.002354	17.5
587	-0.010649	28.285463	8.598837	0.003712	16.4
588	-0.012840	28.735832	8.520973	0.002955	14.5
589	-0.009078	29.616279	8.372755	0.002350	17.8
590	-0.008081	29.128460	8.454233	0.003535	18.1
591	-0.012213	28.408613	8.577405	0.003584	14.2
592	-0.012542	27.705082	8.701303	0.002664	14.5
593	-0.010150	28.635115	8.538263	0.003251	14.4
594	-0.012801	29.008965	8.474434	0.003619	15.6
595	-0.010444	28.141151	8.624090	0.001638	14.1
596	-0.008843	28.185476	8.616318	0.002267	14.5
597	-0.011364	27.857272	8.674199	0.004461	17.5
598	-0.011602	28.138592	8.624539	0.004106	14.3
599	-0.010571	27.274288	8.778953	0.002837	14.3
600	-0.010877	26.822447	8.861899	0.003560	14.5
601	-0.013010	25.954774	9.025657	0.003946	15.7
602	-0.011676	26.843822	8.857940	0.005782	14.2
603	-0.010667	26.012294	9.014614	0.002460	14.2
604	-0.011485	26.934267	8.841226	0.004607	17.0
605	-0.007545	26.093498	8.999070	0.001393	14.5
606	-0.013243	26.436874	8.933929	0.006058	14.2
607	-0.012906	26.470279	8.927643	0.002674	14.8
608	-0.014299	27.373368	8.760971	0.003617	14.9
609	-0.012674	26.505662	8.920993	0.003127	14.3
610	-0.014353	27.505446	8.737116	0.005401	14.3
611	-0.011895	28.413401	8.576574	0.002297	15.2
612	-0.008530	29.413363	8.406455	0.002721	17.9
613	-0.011769	30.221143	8.273882	0.002826	15.3
614	-0.007568	31.185552	8.120977	0.002398	21.1
615	-0.013674	30.352712	8.252684	0.005131	25.5
616	-0.011754	29.503406	8.391467	0.003281	40.0
617	-0.009749	30.492198	8.230328	0.003193	35.3
618	-0.011665	31.491135	8.073700	0.001921	33.6
619	-0.013716	31.819536	8.023503	0.003341	31.7
620	-0.010116	31.220356	8.115565	0.004482	34.9
621	-0.009381	30.843353	8.174581	0.004755	37.1
622	-0.007660	31.843147	8.019918	0.001498	36.2
623	-0.007996	31.259367	8.109507	0.002081	41.1
624	-0.012656	30.983018	8.152618	0.003753	37.4
625	-0.009467	30.397071	8.245561	0.005563	34.5
626	-0.013109	29.529178	8.387187	0.002252	29.0
627	-0.011299	30.239244	8.270959	0.002738	34.5
628	-0.009254	30.241405	8.270610	0.004078	25.8
629	-0.011371	31.204312	8.118059	0.003460	15.0
630	-0.013027	30.336542	8.255283	0.003708	18.0
631	-0.010807	30.928128	8.161236	0.005094	15.7
632	-0.009169	31.915786	8.008908	0.002644	16.3
633	-0.009556	31.672194	8.045947	0.004114	21.0
634	-0.011474	32.642235	7.900448	0.003533	24.7
635	-0.013615	33.641900	7.755910	0.003136	32.8
636	-0.010369	32.776623	7.880705	0.001634	26.7
637	-0.010966	32.840791	7.871312	0.002415	34.2
638	-0.012083	33.603201	7.761407	0.002968	31.7
639	-0.010491	34.471129	7.639969	0.002555	29.1
640	-0.008312	34.644988	7.616098	0.004204	33.6
641	-0.009930	34.429381	7.645723	0.004033	30.9
642	-0.009322	35.426499	7.510615	0.004113	28.6
643	-0.011610	34.577620	7.625330	0.003150	20.1
644	-0.014056	34.933044	7.576875	0.003271	24.0
645	-0.011519	35.126227	7.550796	0.006362	21.6
646	-0.013289	36.125586	7.418702	0.003707	20.7
647	-0.011505	36.792039	7.333150	0.001639	20.6
648	-0.012233	36.138078	7.417080	0.003344	20.9
649	-0.012021	36.977281	7.309720	0.005678	25.4
650	-0.010871	37.977275	7.185779	0.002285	19.1
651	-0.009955	37.110434	7.292971	0.001822	22.6
652	-0.012917	37.978501	7.185630	0.005357	24.8
653	-0.010275	37.642243	7.226833	0.002912	20.0
654	-0.009756	36.774440	7.335384	0.002671	24.9
655	-0.009269	37.343093	7.263888	0.002937	22.1
656	-0.011496	38.323068	7.143894	0.004596	33.9
657	-0.012966	38.292757	7.147546	0.003308	37.0
658	-0.014110	37.941652	7.190122	0.004570	33.8
659	-0.010801	37.137344	7.289595	0.002478	36.3
660	-0.008993	38.070693	7.174415	0.002125	35.1
661	-0.009527	38.762317	7.091386	0.004343	30.1
662	-0.009546	38.438638	7.130003	0.003958	29.1
663	-0.010997	39.437656	7.012146	0.002969	19.9
664	-0.010974	40.413811	6.900690	0.003080	15.7
665	-0.012038	40.924347	6.843797	0.004412	16.1
666	-0.013114	41.765388	6.752092	0.004094	15.8
667	-0.012407	41.066768	6.828093	0.003785	14.7
668	-0.010342	42.058972	6.720656	0.002989	16.7
669	-0.011262	42.321582	6.692784	0.002579	14.5
670	-0.008775	43.131554	6.608255	0.003025	16.6
671	-0.010545	42.384330	6.686159	0.004043	16.7
672	-0.012928	41.558490	6.774423	0.008485	14.7
673	-0.009160	40.690598	6.869729	0.004424	14.9
674	-0.012594	39.822706	6.967755	0.005127	14.6
675	-0.012691	38.954813	7.068618	0.003771	15.3
676	-0.008918	38.086937	7.172443	0.002458	14.9
677	-0.011097	37.232743	7.277653	0.002694	14.6
678	-0.010873	36.441681	7.377877	0.006421	19.4
679	-0.015431	35.574124	7.491016	0.006146	14.9
680	-0.008819	36.570536	7.361364	0.002063	14.8
681	-0.013383	37.570226	7.235719	0.002464	14.9
682	-0.014996	37.181778	7.284028	0.004582	16.9
683	-0.010735	36.335739	7.391510	0.002787	15.2
684	-0.014788	35.483082	7.503091	0.003606	15.3
685	-0.012956	35.083971	7.556485	0.005583	16.4
686	-0.009779	34.259240	7.669264	0.002239	15.1
687	-0.011320	35.205728	7.540116	0.003271	20.5
688	-0.012359	34.509810	7.634645	0.003859	31.0
689	-0.012589	35.509706	7.499556	0.003613	33.1
690	-0.011103	34.641864	7.616526	0.004362	28.3
691	-0.012958	34.039789	7.699842	0.004193	24.5
692	-0.015058	33.172373	7.823133	0.004239	24.2
693	-0.014623	32.304482	7.950507	0.001879	20.3
694	-0.010120	33.154598	7.825701	0.002949	22.1
695	-0.008687	33.399569	7.790460	0.003378	19.4
696	-0.012254	32.773991	7.881090	0.005796	24.8
697	-0.009049	31.906114	8.010373	0.002799	21.0
698	-0.012291	32.288563	7.952883	0.003225	21.4
699	-0.012081	31.784125	8.028885	0.002582	21.8
700	-0.012607	31.903544	8.010762	0.005324	19.6
701	-0.010316	31.042746	8.143261	0.003261	23.5
702	-0.011057	30.175567	8.281250	0.008145	14.9
703	-0.011125	31.175567	8.122532	0.001656	14.6
704	-0.012956	31.341765	8.096740	0.002878	16.3
705	-0.009742	32.198789	7.966303	0.003681	15.0
706	-0.012864	31.342382	8.096645	0.002703	15.0
707	-0.010903	30.528283	8.224564	0.003852	15.2
708	-0.012268	31.032137	8.144922	0.004031	15.8
709	-0.010473	31.401613	8.087493	0.006536	14.7
710	-0.009737	31.389760	8.089323	0.002545	14.6
711	-0.009423	30.550264	8.221058	0.001554	17.5
712	-0.010132	30.127638	8.289014	0.003327	14.7
713	-0.008888	29.897415	8.326507	0.004277	14.7
714	-0.013561	30.868925	8.170551	0.002633	18.7
715	-0.009701	30.199713	8.277345	0.003584	14.7
716	-0.013693	30.718685	8.194286	0.004287	14.6
717	-0.010560	29.851125	8.334087	0.002382	14.5
718	-0.014304	28.987225	8.478120	0.002716	16.1
719	-0.011842	29.490351	8.393637	0.002057	15.2
720	-0.008404	30.197517	8.277700	0.005350	14.9
721	-0.008841	30.756929	8.188231	0.003911	17.6
722	-0.009273	31.697314	8.042112	0.002832	15.5
723	-0.008186	30.831414	8.176464	0.005208	14.8
724	-0.012594	31.730107	8.037110	0.003394	17.2
725	-0.016731	30.902617	8.165247	0.003280	15.4
726	-0.010126	31.900539	8.011217	0.003198	14.9
727	-0.009301	31.033258	8.144746	0.002698	15.0
728	-0.010880	30.209609	8.275745	0.002601	16.5
729	-0.010365	30.349831	8.253147	0.002622	15.1
730	-0.010704	30.974569	8.153943	0.003715	15.4
731	-0.012956	30.322675	8.257514	0.002800	21.1
732	-0.009379	29.509230	8.390500	0.002966	15.8
733	-0.009979	30.352078	8.252786	0.002275	21.2
734	-0.011331	30.005427	8.308874	0.002273	20.3
735	-0.009333	29.804202	8.341784	0.005100	16.9
736	-0.011264	28.938780	8.486344	0.004228	15.7
737	-0.011174	29.938780	8.319745	0.002507	15.7
738	-0.009176	29.090978	8.460559	0.003821	16.3
739	-0.009695	28.228633	8.608764	0.004325	15.5
740	-0.012394	29.228628	8.437373	0.002893	16.5
741	-0.008407	29.736007	8.352996	0.003571	14.8
742	-0.011982	28.870482	8.497966	0.004707	15.3
743	-0.009882	28.006140	8.647849	0.002067	17.9
744	-0.009987	28.193717	8.614874	0.002644	15.7
745	-0.010081	27.806402	8.683240	0.003769	16.3
746	-0.009973	26.942431	8.839720	0.003167	18.6
747	-0.011283	26.112840	8.995375	0.004636	15.6
748	-0.012004	26.956520	8.837123	0.002880	19.3
749	-0.011664	27.949582	8.657841	0.003885	18.7
750	-0.007119	28.891104	8.494454	0.001939	15.7
751	-0.014423	29.851450	8.334033	0.003765	15.7
752	-0.010955	29.892263	8.327350	0.003980	18.1
753	-0.013674	29.050569	8.467390	0.004163	15.8
754	-0.007401	28.658575	8.534230	0.003276	15.7
755	-0.009425	28.311816	8.594242	0.002630	17.8
756	-0.011290	28.961598	8.482469	0.005149	16.5
757	-0.012737	29.418202	8.405649	0.003798	15.3
758	-0.010424	28.550823	8.552788	0.004062	15.6
759	-0.013563	27.689317	8.704120	0.003748	37.6
760	-0.011104	26.890155	8.849370	0.007193	40.2
761	-0.012939	26.022930	9.012575	0.004084	40.8
762	-0.009316	27.022877	8.824912	0.003215	28.9
763	-0.010461	28.013542	8.646543	0.003561	31.8
764	-0.008960	27.150005	8.801613	0.003001	26.7
765	-0.011116	26.371701	8.946220	0.002884	34.3
766	-0.011650	25.520027	9.110005	0.003392	31.4
767	-0.009306	24.654875	9.282638	0.004366	32.3
768	-0.009213	23.814176	9.456777	0.002330	29.9
769	-0.009312	22.949417	9.642851	0.004008	16.1
770	-0.011670	23.911652	9.436252	0.003302	15.1
771	-0.012627	24.911099	9.230833	0.001883	14.3
772	-0.010595	24.094151	9.398063	0.003965	16.4
773	-0.010327	24.941366	9.224751	0.004426	14.8
774	-0.009341	24.073475	9.402374	0.003138	14.9
775	-0.009449	24.933301	9.226371	0.004228	15.5
776	-0.011622	25.549655	9.104207	0.002426	14.7
777	-0.010178	25.381453	9.137223	0.003551	14.6
778	-0.011186	25.271422	9.158951	0.003956	14.4
779	-0.011335	26.255044	8.968306	0.004109	14.9
780	-0.008971	27.093335	8.811984	0.003295	15.4
781	-0.010685	28.084838	8.633984	0.005041	14.5
782	-0.010575	27.217952	8.789210	0.002732	14.1
783	-0.014158	28.026462	8.644264	0.006604	14.7
784	-0.012493	28.808621	8.508521	0.003921	14.8
785	-0.008461	27.940729	8.659407	0.002355	14.2
786	-0.010263	27.356723	8.763987	0.002918	16.2
787	-0.010240	26.669609	8.890312	0.003435	17.8
788	-0.008719	26.827481	8.860966	0.003090	14.7
789	-0.011103	26.014547	9.014182	0.003027	14.2
790	-0.013404	25.178612	9.177359	0.005642	14.8
791	-0.009708	24.917493	9.229547	0.003871	16.5
792	-0.011561	25.917483	9.032831	0.004820	14.9
793	-0.009359	26.914425	8.844887	0.002166	14.5
794	-0.011548	26.056387	9.006167	0.004035	16.8
795	-0.012077	27.052316	8.819506	0.005022	14.9
796	-0.008546	28.052316	8.639708	0.003015	15.1
797	-0.011927	27.184425	8.795325	0.003668	15.0
798	-0.009541	26.320198	8.955958	0.004561	15.5
799	-0.011247	27.306468	8.773104	0.003390	14.5
800	-0.011439	28.306294	8.595205	0.004496	14.6
801	-0.011150	29.290015	8.427074	0.004827	16.6
802	-0.011492	28.654445	8.534939	0.002334	14.5
803	-0.010411	28.986810	8.478190	0.004063	14.7
804	-0.012278	29.812332	8.340449	0.002357	15.4
805	-0.011110	30.811130	8.179665	0.003903	15.1
806	-0.010071	30.027095	8.305346	0.002755	14.6
807	-0.011297	29.322028	8.421713	0.003989	14.7
808	-0.013024	28.454281	8.569484	0.004168	17.1
809	-0.008413	29.392264	8.409975	0.002811	14.8
810	-0.010417	28.566010	8.550167	0.003301	14.7
811	-0.014911	27.722487	8.698195	0.003192	17.6
812	-0.013746	27.343987	8.766296	0.003529	15.3
813	-0.010366	26.565367	8.909795	0.006621	14.7
814	-0.012342	25.697488	9.075385	0.003406	14.8
815	-0.008952	24.829609	9.247246	0.004909	16.2
816	-0.010371	25.828014	9.050089	0.003076	14.5
817	-0.012275	24.975521	9.217898	0.001891	24.5
818	-0.011827	24.222862	9.371315	0.003638	33.1
819	-0.012078	23.379357	9.549433	0.003616	58.7
820	-0.010122	22.554399	9.730307	0.002263	58.9
821	-0.010035	22.679767	9.702380	0.004165	23.2
822	-0.011624	23.467952	9.530407	0.004817	15.1
823	-0.009563	22.600061	9.720117	0.004128	14.5
824	-0.014885	21.734211	9.917059	0.004327	20.9
825	-0.011545	22.732741	9.690627	0.002770	14.4
826	-0.008616	23.725752	9.475474	0.004553	14.3
827	-0.008992	22.865419	9.661316	0.002131	16.4
828	-0.009003	23.862160	9.446663	0.005170	14.1
829	-0.011218	24.178620	9.380492	0.003039	15.4
830	-0.009883	23.570670	9.508443	0.002597	17.4
831	-0.007319	24.547268	9.304569	0.002978	14.3
832	-0.009155	23.715412	9.477665	0.002007	14.3
833	-0.010754	24.138049	9.388923	0.003875	14.5
834	-0.011491	23.640531	9.493563	0.003518	15.3
835	-0.012393	22.777902	9.680630	0.005133	14.4
836	-0.011384	23.777083	9.464611	0.004952	14.5
837	-0.011706	24.739650	9.265433	0.001429	16.6
838	-0.009345	24.933418	9.226348	0.003206	14.4
839	-0.013492	25.161195	9.180821	0.003408	14.3
840	-0.008034	26.121335	8.993754	0.003733	19.8
841	-0.014052	25.253604	9.162479	0.003714	14.7
842	-0.012393	24.672952	9.278964	0.003456	14.5
843	-0.009914	25.653147	9.084011	0.002330	14.6
844	-0.010374	24.923158	9.228409	0.003192	15.7
845	-0.008937	24.108518	9.395070	0.002930	14.2
846	-0.010270	24.994738	9.214047	0.001512	14.5
847	-0.012458	24.561636	9.301635	0.002864	17.3
848	-0.009835	24.442306	9.326060	0.003995	14.2
849	-0.010537	23.624400	9.496995	0.003637	14.5
850	-0.011020	24.241736	9.367405	0.002293	15.7
851	-0.006834	25.052403	9.202510	0.003152	15.2
852	-0.007995	25.415089	9.130601	0.004581	14.3
853	-0.009110	25.698158	9.075255	0.004295	14.4
854	-0.010604	26.698157	8.884991	0.003851	17.4
855	-0.012857	27.644793	8.712087	0.003415	14.3
856	-0.011758	27.666537	8.708195	0.003736	14.5
857	-0.014249	26.952553	8.837854	0.005631	14.4
858	-0.012206	27.920309	8.663021	0.003126	15.0
859	-0.011521	27.052428	8.819485	0.006986	14.3
860	-0.013342	27.390402	8.757887	0.005080	14.1
861	-0.012886	28.390390	8.580570	0.008090	17.5
862	-0.009519	29.390390	8.410288	0.001915	14.2
863	-0.014475	28.569724	8.549527	0.002947	14.3
864	-0.011153	27.743847	8.694383	0.002647	14.3
865	-0.009264	27.048366	8.820231	0.003883	15.2
866	-0.011810	26.195713	8.979580	0.002607	14.5
867	-0.009818	27.035658	8.822564	0.004688	14.6
868	-0.008656	26.668771	8.890468	0.003271	16.4
869	-0.012685	27.663178	8.708796	0.003149	15.3
870	-0.007632	27.023119	8.824868	0.003207	14.3
871	-0.009631	26.245373	8.970142	0.003120	21.2
872	-0.010244	25.379329	9.137642	0.004710	15.7
873	-0.009083	24.809653	9.251275	0.001772	14.7
874	-0.010940	24.568886	9.300155	0.002788	15.4
875	-0.013465	23.894713	9.439813	0.004981	15.2
876	-0.008504	23.026841	9.625893	0.003802	14.4
877	-0.009693	24.026592	9.412164	0.005055	14.3
878	-0.010664	25.022203	9.208548	0.004002	16.9
879	-0.010942	26.000832	9.016812	0.005848	14.3
880	-0.010848	25.133504	9.186332	0.005042	14.2
881	-0.009320	26.133504	8.991432	0.004012	14.4
882	-0.011073	25.267183	9.159790	0.004472	15.1
883	-0.008615	24.414158	9.331841	0.002323	14.5
884	-0.009616	23.546483	9.513606	0.002893	14.3
885	-0.013380	23.024441	9.626418	0.004160	16.9
886	-0.009890	23.270475	9.572919	0.002359	14.3
887	-0.008034	22.890041	9.655896	0.004433	14.5
888	-0.014860	23.885928	9.441660	0.005738	14.5
889	-0.010800	24.885927	9.235897	0.001754	15.2
890	-0.016501	24.048702	9.407545	0.005653	14.2
891	-0.007824	23.187160	9.590969	0.004470	14.4
892	-0.009948	24.187160	9.378719	0.003214	14.5
893	-0.010480	24.836003	9.245956	0.002973	14.8
894	-0.010332	25.686453	9.077530	0.002223	14.1
895	-0.014514	26.026016	9.011984	0.003859	14.8
896	-0.010607	25.793419	9.056780	0.002436	14.6
897	-0.011860	25.108233	9.191367	0.005736	14.8
898	-0.010983	24.243536	9.367033	0.003555	14.1
899	-0.010193	25.243516	9.164478	0.002179	14.3
900	-0.010551	24.532238	9.307640	0.002881	15.0
901	-0.012507	24.675180	9.278511	0.002327	14.7
902	-0.012941	23.914655	9.435621	0.004093	14.4
903	-0.012353	23.251916	9.576934	0.003245	17.5
904	-0.007893	22.385025	9.768294	0.003081	15.9
905	-0.011973	21.561493	9.957303	0.002366	15.0
906	-0.009597	20.828706	10.131743	0.002279	14.4
907	-0.011401	20.214019	10.282853	0.004274	15.1
908	-0.012216	21.038902	10.081083	0.002962	15.1
909	-0.012734	21.650130	9.936609	0.002627	14.4
910	-0.009764	22.574574	9.725802	0.002623	14.5
911	-0.011422	21.724547	9.919302	0.002475	15.2
912	-0.010584	20.900254	10.114442	0.003062	14.2
913	-0.013046	20.090506	10.313762	0.003847	14.4
914	-0.012279	21.018393	10.086004	0.003404	15.2
915	-0.011812	22.015894	9.852118	0.002568	14.6
916	-0.015628	22.901295	9.653421	0.003766	14.3
917	-0.010584	22.170427	9.816852	0.004608	14.3
918	-0.010804	21.302549	10.018254	0.004295	15.0
919	-0.010939	20.434672	10.228093	0.002450	14.6
920	-0.011650	21.432854	9.987489	0.004460	14.3
921	-0.010500	22.293674	9.788906	0.004418	14.3
922	-0.012379	21.725078	9.919179	0.006924	15.2
923	-0.008844	20.857185	10.124849	0.004538	14.7
924	-0.012269	21.857144	9.888612	0.002668	14.3
925	-0.010720	21.239464	10.033216	0.003273	14.2
926	-0.009112	22.177479	9.815248	0.006154	14.5
927	-0.009481	23.121597	9.605221	0.003080	14.7
928	-0.008546	24.121596	9.392347	0.002665	14.4
929	-0.014587	23.268873	9.573266	0.004407	14.3
930	-0.012851	24.248709	9.365962	0.003771	15.1
931	-0.012721	25.199980	9.173114	0.003480	14.7
932	-0.011076	26.193947	8.979916	0.004209	14.3
933	-0.006896	26.908358	8.846007	0.002411	14.3
934	-0.009813	27.066660	8.816874	0.002708	15.3
935	-0.010071	26.215170	8.975880	0.004030	14.5
936	-0.007581	27.180896	8.795969	0.007244	16.4
937	-0.012138	28.180892	8.617121	0.003684	16.8
938	-0.015049	28.215024	8.611145	0.003467	15.6
939	-0.013224	27.367969	8.761949	0.003870	14.5
940	-0.008748	28.362577	8.585404	0.003646	14.7
941	-0.012293	27.494731	8.739046	0.003668	14.8
942	-0.015097	28.129800	8.626082	0.003821	15.4
943	-0.008995	29.104647	8.458251	0.004247	14.2
944	-0.013804	30.104479	8.292770	0.004514	14.1
945	-0.012820	31.104428	8.133621	0.004303	14.5
946	-0.009718	31.389743	8.089326	0.004761	15.0
947	-0.014023	30.522600	8.225472	0.003213	14.3
948	-0.012662	29.705755	8.357980	0.002170	14.5
949	-0.013171	29.570583	8.380320	0.002758	15.1
950	-0.009053	28.852859	8.500971	0.002791	14.2
951	-0.012112	29.602855	8.374976	0.002560	14.5
952	-0.015552	29.949270	8.318033	0.003555	14.4
953	-0.008480	30.160761	8.283647	0.003318	15.4
954	-0.011587	31.095242	8.135056	0.004076	15.1
955	-0.011310	30.336913	8.255223	0.003417	14.5
956	-0.007971	29.469920	8.397035	0.002670	14.4
957	-0.010309	30.461686	8.235208	0.003587	15.3
958	-0.008079	29.650037	8.367174	0.002886	14.8
959	-0.013010	30.648081	8.205488	0.001860	14.2
960	-0.012207	31.427600	8.083484	0.004208	14.1
961	-0.010766	30.651636	8.204923	0.002889	15.1
962	-0.010449	31.578489	8.060287	0.003309	15.1
963	-0.011902	32.497713	7.921791	0.005692	14.3
964	-0.009326	31.629891	8.052414	0.005326	14.5
965	-0.013706	30.773988	8.185533	0.003650	14.6
966	-0.009876	31.753573	8.033535	0.003393	14.5
967	-0.011468	31.439995	8.081574	0.004178	14.5
968	-0.007604	30.572215	8.217558	0.003500	14.7
969	-0.012306	29.710157	8.357254	0.005130	14.7
970	-0.013202	28.842842	8.502679	0.005250	16.6
971	-0.010616	27.976202	8.653135	0.003388	15.1
972	-0.008757	28.973724	8.480410	0.003747	15.8
973	-0.012491	28.304538	8.595511	0.002975	15.9
974	-0.009924	27.482088	8.741325	0.005122	16.2
975	-0.010782	27.469320	8.743628	0.003747	14.7
976	-0.013384	26.602483	8.902848	0.002989	15.8
977	-0.011086	25.746536	9.065863	0.002962	15.1
978	-0.009896	26.737897	8.877594	0.004587	14.5
979	-0.010694	26.183464	8.981911	0.003109	15.2
980	-0.009526	25.324564	9.148444	0.003521	14.9
981	-0.012839	25.374586	9.138576	0.002625	14.5
982	-0.007033	26.293434	8.961026	0.003446	14.2
983	-0.015671	26.701837	8.884305	0.002477	15.2
984	-0.012035	27.632843	8.714228	0.004791	14.4
985	-0.010452	28.565256	8.550297	0.002978	14.2
986	-0.011596	27.698623	8.702457	0.003550	14.3
987	-0.011958	28.573784	8.548827	0.004674	15.3
988	-0.011832	27.748297	8.693590	0.003656	15.5
989	-0.010324	28.745673	8.519287	0.002802	14.6
990	-0.012992	29.720148	8.355608	0.006312	14.4
991	-0.014540	30.716930	8.194564	0.003840	16.7
992	-0.012900	29.849349	8.334378	0.003058	14.1
993	-0.010205	30.848625	8.173750	0.006362	14.2
994	-0.010835	31.828778	8.022099	0.006830	14.8
995	-0.008930	30.992299	8.151163	0.002798	15.7
996	-0.017361	31.992298	7.997345	0.003050	14.3
997	-0.016545	31.240362	8.112457	0.003742	14.3
998	-0.008969	32.175542	7.969786	0.001265	16.5
999	-0.011832	32.278330	7.954410	0.004351	14.3
1000	-0.007410	32.092397	7.982267	0.003460	14.3
1001	-0.010914	33.087900	7.835351	0.002054	15.0
1002	-0.010828	33.882616	7.721893	0.003559	15.0
1003	-0.010233	34.847123	7.588532	0.003791	17.1
1004	-0.011609	35.845072	7.455311	0.005183	14.6
1005	-0.009851	36.742258	7.339472	0.004663	16.0
1006	-0.010258	35.888624	7.449603	0.003761	16.5
1007	-0.011046	36.888614	7.320916	0.004630	32.8
1008	-0.007883	36.021427	7.432253	0.001679	31.9
1009	-0.013055	36.846405	7.326258	0.003028	36.8
1010	-0.012997	37.542486	7.239147	0.004299	36.9
1011	-0.009894	38.482661	7.124726	0.002475	18.1
1012	-0.011001	37.616705	7.229981	0.002936	15.2
1013	-0.012442	38.610909	7.109398	0.006320	18.6
1014	-0.012467	39.610635	6.992134	0.003534	14.8
1015	-0.010157	38.875476	7.077984	0.002140	14.5
1016	-0.009406	39.468401	7.008581	0.004246	17.3
1017	-0.012510	38.608696	7.109662	0.004504	14.6
1018	-0.010437	39.608681	6.992359	0.001983	14.9
1019	-0.010596	40.525787	6.888131	0.002160	14.3
1020	-0.010772	40.442353	6.897485	0.005391	19.8
1021	-0.012356	39.648019	6.987824	0.003802	14.8
1022	-0.013027	40.647992	6.874477	0.002767	15.3
1023	-0.012354	39.794156	6.971027	0.002090	15.6
1024	-0.011903	40.169382	6.928265	0.004151	17.7
1025	-0.015209	40.985323	6.837065	0.003696	16.5
1026	-0.012322	40.744039	6.863783	0.003439	15.4
1027	-0.009401	40.082620	6.938106	0.004182	14.8
1028	-0.014854	39.214737	7.038106	0.004467	14.3
1029	-0.009002	40.211670	6.923479	0.002940	20.1
1030	-0.011233	39.349755	7.022360	0.002981	16.0
1031	-0.010868	40.347554	6.908143	0.002280	14.6
1032	-0.011882	39.888066	6.960275	0.002566	15.1
1033	-0.013239	40.486724	6.892507	0.003524	15.1
1034	-0.012055	40.440004	6.897748	0.005131	14.7
1035	-0.010688	41.418020	6.789669	0.003279	14.3
1036	-0.014579	40.550134	6.885406	0.004020	14.6
1037	-0.010974	40.731636	6.865162	0.003592	14.8
1038	-0.013010	39.884690	6.960661	0.002272	14.3
1039	-0.011645	40.442474	6.897471	0.004156	15.2
1040	-0.012544	41.081165	6.826510	0.003679	15.0
1041	-0.010546	40.728376	6.865525	0.004185	14.7
1042	-0.010549	39.917840	6.956873	0.003153	14.4
1043	-0.012909	40.905603	6.845870	0.003216	14.4
1044	-0.009773	40.632126	6.876246	0.003661	14.9
1045	-0.011669	39.819658	6.968104	0.002583	14.9
1046	-0.009416	39.611126	6.992077	0.004951	14.5
1047	-0.013093	39.148874	7.045812	0.003930	14.3
1048	-0.011713	40.084426	6.937901	0.004588	14.9
1049	-0.012508	41.019984	6.833244	0.006219	14.9
1050	-0.009935	40.152110	6.930222	0.002956	14.3
1051	-0.008973	40.745983	6.863567	0.005001	14.2
1052	-0.009180	39.895427	6.959434	0.002411	14.7
1053	-0.011228	40.888431	6.847769	0.003787	14.9
1054	-0.011481	41.832650	6.744864	0.002978	14.2
1055	-0.008713	40.974650	6.838243	0.003013	14.4
1056	-0.013364	40.682706	6.870608	0.002248	14.9
1057	-0.012117	41.257479	6.807177	0.003807	17.6
1058	-0.012388	41.448755	6.786327	0.003981	15.6
1059	-0.013349	42.393784	6.685162	0.005703	14.4
1060	-0.011194	43.376000	6.583163	0.003143	15.2
1061	-0.011268	43.071773	6.614421	0.005995	15.0
1062	-0.010311	44.066241	6.513327	0.004949	17.9
1063	-0.012906	45.063280	6.415026	0.003472	16.4
1064	-0.012517	44.203028	6.499663	0.004082	18.8
1065	-0.012413	44.458799	6.474266	0.002516	15.9
1066	-0.009605	43.594365	6.560908	0.002897	17.0
1067	-0.011430	43.132458	6.608162	0.005125	14.8
1068	-0.011947	44.124041	6.507546	0.003577	15.8
1069	-0.011156	43.302380	6.590700	0.002746	17.4
1070	-0.010877	43.929381	6.527056	0.002686	16.3
1071	-0.013114	43.305391	6.590391	0.003734	15.0
1072	-0.009988	44.289066	6.491097	0.002782	14.6
1073	-0.010506	45.078972	6.413503	0.004819	15.7
1074	-0.012441	45.519226	6.371056	0.003483	14.6
1075	-0.013018	46.483115	6.280055	0.003597	14.3
1076	-0.011359	47.473814	6.189193	0.003975	14.4
1077	-0.009494	48.473741	6.100113	0.003356	15.2
1078	-0.009818	48.784494	6.072949	0.004605	14.1
1079	-0.011164	49.775785	5.987891	0.003111	14.4
1080	-0.012029	48.994602	6.054720	0.003192	15.6
1081	-0.014413	48.138935	6.129653	0.004230	14.6
1082	-0.011784	47.271306	6.207552	0.003672	14.3
1083	-0.010098	46.404128	6.287414	0.001904	14.5
1084	-0.010883	47.354751	6.199974	0.004427	19.0
1085	-0.008881	46.737598	6.256462	0.004739	16.3
1086	-0.009572	47.737597	6.165442	0.004330	14.8
1087	-0.010467	46.869802	6.244275	0.004400	16.3
1088	-0.008380	46.825418	6.248361	0.003191	14.4
1089	-0.010717	47.795624	6.160242	0.004433	14.5
1090	-0.011468	46.932926	6.238472	0.005048	15.2
1091	-0.013444	47.932926	6.147972	0.004702	15.1
1092	-0.013836	47.065037	6.226364	0.004201	17.7
1093	-0.012248	46.197145	6.306781	0.002351	15.9
1094	-0.008652	45.637052	6.359790	0.003846	18.0
1095	-0.012248	46.236704	6.303070	0.005749	15.9
1096	-0.009574	45.368812	6.385495	0.003069	14.5
1097	-0.010807	44.500920	6.470103	0.004990	15.8
1098	-0.011333	43.633047	6.556981	0.003762	14.5
1099	-0.012826	42.765160	6.646226	0.003554	15.5
1100	-0.011094	43.765151	6.543607	0.003192	19.6
1101	-0.011809	44.364156	6.483640	0.002667	14.6
1102	-0.011223	45.280457	6.394007	0.005073	14.4
1103	-0.012085	46.278960	6.299112	0.004560	14.7
1104	-0.010324	47.278831	6.206868	0.003026	15.7
1105	-0.011791	46.410991	6.286774	0.002638	15.6
1106	-0.010522	45.829180	6.341507	0.003023	14.8
1107	-0.012461	45.842300	6.340262	0.003608	14.8
1108	-0.014085	46.657151	6.263901	0.005122	15.2
1109	-0.012148	45.792852	6.344956	0.002753	16.8
1110	-0.013829	45.761594	6.347926	0.001857	14.5
1111	-0.014224	46.549172	6.273914	0.003343	16.2
1112	-0.010372	45.905075	6.334313	0.005988	14.3
1113	-0.008619	45.075376	6.413852	0.002511	18.5
1114	-0.011456	44.207566	6.499210	0.004854	16.6
1115	-0.010403	45.205464	6.401249	0.005384	15.2
1116	-0.009858	44.337766	6.486259	0.002165	14.3
1117	-0.012037	45.299040	6.392214	0.003918	14.9
1118	-0.011287	44.445563	6.475576	0.002478	15.4
1119	-0.012879	43.623187	6.557982	0.003114	14.4
1120	-0.008083	44.550004	6.465258	0.001630	14.4
1121	-0.013324	44.081793	6.511770	0.005901	15.2
1122	-0.013315	43.300626	6.590880	0.006330	17.7
1123	-0.012323	42.432736	6.681056	0.003856	15.1
1124	-0.012093	43.432736	6.577366	0.002542	14.6
1125	-0.014230	44.301830	6.489829	0.003260	15.7
1126	-0.012801	45.269087	6.395104	0.003941	16.8
1127	-0.010558	45.418614	6.380707	0.004392	15.8
1128	-0.009106	44.784314	6.442230	0.003595	17.1
1129	-0.008768	43.916741	6.528327	0.003648	15.3
1130	-0.010446	44.914556	6.429501	0.003068	17.7
1131	-0.009170	44.046701	6.515283	0.003163	16.4
1132	-0.010278	44.877083	6.433158	0.004016	14.5
1133	-0.010031	45.876797	6.336991	0.003916	14.3
1134	-0.012601	45.008908	6.420311	0.003130	14.5
1135	-0.012069	44.171601	6.502797	0.003725	14.7
1136	-0.015581	45.171430	6.404542	0.005031	14.7
1137	-0.010760	46.168514	6.309469	0.003591	14.3
1138	-0.009829	47.164182	6.217308	0.003686	14.5
1139	-0.012240	46.298526	6.297280	0.003993	19.7
1140	-0.013863	47.298525	6.205078	0.005443	14.5
1141	-0.011885	48.298273	6.115559	0.005690	14.7
1142	-0.011295	49.260851	6.031776	0.003160	16.5
1143	-0.015038	48.393213	6.107192	0.003794	14.4
1144	-0.015314	48.921615	6.061040	0.006270	15.1
1145	-0.009647	48.053731	6.137216	0.004406	16.9
1146	-0.010699	47.185839	6.215333	0.005096	14.4
1147	-0.011380	46.317948	6.295463	0.002985	14.4
1148	-0.010350	47.190613	6.214898	0.003548	19.4
1149	-0.010052	48.001572	6.141856	0.004674	16.1
1150	-0.012975	49.001571	6.054117	0.004728	14.6
1151	-0.010194	48.141526	6.129423	0.003266	14.7
1152	-0.009629	49.116258	6.044214	0.002834	15.5
1153	-0.012068	48.700628	6.080256	0.004213	14.5
1154	-0.012553	48.128923	6.130541	0.001820	14.4
1155	-0.011991	49.104283	6.045247	0.003951	17.7
1156	-0.011832	48.308191	6.114684	0.002629	14.2
1157	-0.011008	47.723857	6.166675	0.005305	22.0
1158	-0.010336	47.009954	6.231407	0.002470	18.4
1159	-0.010338	46.146078	6.311578	0.003027	14.4
1160	-0.012805	47.004511	6.231905	0.002985	15.2
1161	-0.015772	47.661874	6.172242	0.003520	18.0
1162	-0.010516	47.950648	6.146392	0.004698	14.4
1163	-0.013890	48.948963	6.058670	0.003079	14.3
1164	-0.014783	49.948956	5.973276	0.003042	21.3
1165	-0.014981	49.138434	6.042303	0.005812	15.7
1166	-0.013288	50.138080	5.957396	0.003716	14.9
1167	-0.009528	50.582819	5.920383	0.004471	14.6
1168	-0.013738	50.446883	5.931647	0.004149	15.4
1169	-0.009218	51.433771	5.850830	0.004245	14.3
1170	-0.015905	52.425740	5.771786	0.003761	14.6
1171	-0.010265	51.859498	5.816643	0.004153	17.6
1172	-0.009441	51.295968	5.861982	0.002543	14.6
1173	-0.013055	52.184504	5.790812	0.003858	14.4
1174	-0.007494	51.324585	5.859663	0.004016	14.5
1175	-0.011184	50.457699	5.930749	0.002434	15.2
1176	-0.010787	49.593680	6.003337	0.003754	17.7
1177	-0.011468	48.736314	6.077145	0.003725	16.3
1178	-0.013245	48.993644	6.054802	0.004914	15.5
1179	-0.011182	49.993643	5.969516	0.005514	14.6
1180	-0.007362	50.993643	5.886599	0.002441	14.4
1181	-0.010613	51.992967	5.806007	0.002223	17.7
1182	-0.012464	52.342687	5.778322	0.002320	14.3
1183	-0.011940	52.860352	5.737824	0.004464	17.5
1184	-0.007961	51.993281	5.805982	0.002082	17.6
1185	-0.009991	51.248283	5.865851	0.002404	15.0
1186	-0.012538	51.095761	5.878261	0.005539	14.4
1187	-0.011101	50.229810	5.949724	0.006738	15.1
1188	-0.011108	51.224256	5.867803	0.006091	16.7
1189	-0.013767	52.224256	5.787668	0.002352	19.6
1190	-0.012943	52.002232	5.805270	0.004001	14.6
1191	-0.008637	52.674491	5.752299	0.003082	18.5
1192	-0.011241	52.001460	5.805332	0.003772	14.5
1193	-0.010316	52.302812	5.781466	0.005280	19.3
1194	-0.011374	52.692028	5.750930	0.003834	15.9
1195	-0.010904	53.606562	5.680434	0.002572	14.6
1196	-0.012817	53.260562	5.706901	0.004092	14.7
1197	-0.010125	52.662458	5.753238	0.002170	15.6
1198	-0.008594	52.547670	5.762218	0.002223	14.9
1199	-0.010626	51.859278	5.816660	0.003911	14.4
1200	-0.009978	51.076637	5.879820	0.003201	18.1
1201	-0.008329	50.436724	5.932490	0.004258	16.7
1202	-0.009926	50.479755	5.928919	0.002897	14.4
1203	-0.013535	50.927136	5.892042	0.004589	14.3
1204	-0.012608	51.286831	5.862723	0.002139	19.5
1205	-0.014840	52.194109	5.790052	0.003088	15.7
1206	-0.011809	51.927112	5.811250	0.003122	14.6
1207	-0.009469	51.354463	5.857243	0.003446	15.7
1208	-0.008935	52.235042	5.786816	0.002271	15.1
1209	-0.009883	51.762751	5.824377	0.004205	14.4
1210	-0.013681	50.958555	5.889469	0.002639	14.7
1211	-0.011121	50.112559	5.959534	0.003048	14.7
1212	-0.010145	49.602079	6.002623	0.002223	14.7
1213	-0.009628	50.473977	5.929398	0.002634	19.1
1214	-0.012396	51.358914	5.856883	0.004545	15.0
1215	-0.011472	50.493463	5.927782	0.001610	15.5
1216	-0.009456	51.423308	5.851675	0.002886	14.5
1217	-0.013388	52.215622	5.788351	0.002785	14.5
1218	-0.010451	51.906726	5.812875	0.004041	15.1
1219	-0.010602	52.693109	5.750846	0.004706	15.5
1220	-0.012368	51.825217	5.819381	0.002522	16.4
1221	-0.011113	52.779950	5.744077	0.003964	16.3
1222	-0.010175	52.006308	5.804946	0.003800	15.4
1223	-0.010441	52.777261	5.744286	0.003695	14.5
1224	-0.012296	51.910721	5.812556	0.003025	14.6
1225	-0.012719	52.364482	5.776606	0.002996	15.3
1226	-0.014685	51.551925	5.841302	0.006750	15.2
1227	-0.011588	50.699150	5.910777	0.003325	14.5
1228	-0.012030	51.680126	5.830998	0.002931	14.4
1229	-0.009655	52.662779	5.753213	0.002404	14.9
1230	-0.013218	53.104500	5.718920	0.004133	14.9
1231	-0.016325	52.241146	5.786333	0.004268	17.1
1232	-0.012476	53.240509	5.708443	0.002481	16.9
1233	-0.011289	52.380679	5.775331	0.003018	15.1
1234	-0.013023	53.128490	5.717069	0.003645	14.3
1235	-0.012449	54.126827	5.641097	0.003869	14.6
1236	-0.009686	53.259041	5.707018	0.002357	14.8
1237	-0.012711	52.427680	5.771634	0.003681	15.1
1238	-0.008939	51.565208	5.840232	0.004015	14.4
1239	-0.009463	50.705749	5.910233	0.002382	14.5
1240	-0.011118	51.702396	5.829212	0.002317	15.1
1241	-0.010580	52.445171	5.770259	0.002326	14.6
1242	-0.010493	51.812219	5.820420	0.003673	14.3
1243	-0.011435	51.358436	5.856922	0.003379	14.9
1244	-0.012884	50.510467	5.926373	0.003163	17.0
1245	-0.013095	51.108096	5.877255	0.004217	14.4
1246	-0.008759	50.254591	5.947654	0.003115	14.2
1247	-0.012409	51.254363	5.865358	0.006493	20.8
1248	-0.010607	52.254264	5.785297	0.005243	15.8
1249	-0.008549	53.244289	5.708152	0.002970	14.7
1250	-0.008515	54.243174	5.632374	0.002809	14.7
1251	-0.012610	54.418515	5.619279	0.002084	15.2
1252	-0.008120	53.861165	5.661115	0.003573	14.7
1253	-0.009010	53.196695	5.711814	0.004717	19.2
1254	-0.010753	54.196695	5.635855	0.003179	15.4
1255	-0.010715	53.391495	5.696857	0.005722	15.0
1256	-0.014895	52.602306	5.757940	0.003733	14.2
1257	-0.012759	51.734422	5.826645	0.004150	17.1
1258	-0.010717	52.618545	5.756670	0.003741	14.7
1259	-0.009029	53.618438	5.679530	0.001750	14.4
1260	-0.013503	52.898608	5.734853	0.006089	15.5
1261	-0.012803	53.416908	5.694911	0.004221	16.4
1262	-0.008059	52.549015	5.762112	0.004333	16.3
1263	-0.009651	53.548109	5.684888	0.002527	14.9
1264	-0.010885	53.316579	5.702600	0.004615	15.6
1265	-0.010940	52.449082	5.769952	0.002766	14.2
1266	-0.013301	53.388216	5.697108	0.005417	14.6
1267	-0.009900	52.526004	5.763916	0.004315	16.5
1268	-0.012437	51.662844	5.832385	0.003728	14.4
1269	-0.010930	51.783742	5.822697	0.004019	14.5
1270	-0.013483	52.684532	5.751515	0.004526	15.3
1271	-0.009706	53.680913	5.674779	0.002511	14.7
1272	-0.009195	52.814056	5.741423	0.002604	14.5
1273	-0.011373	52.113905	5.796403	0.003667	17.5
1274	-0.012911	53.006915	5.726461	0.003791	17.7
1275	-0.013243	52.221030	5.787923	0.002425	14.6
1276	-0.009743	51.407776	5.852931	0.003985	15.2
1277	-0.010015	52.009073	5.804726	0.002294	16.8
1278	-0.011787	52.954730	5.730501	0.002877	14.5
1279	-0.011962	53.369944	5.698507	0.002804	14.9
1280	-0.009209	52.647103	5.754438	0.003464	14.8
1281	-0.009448	51.787744	5.822377	0.001726	14.7
1282	-0.012262	51.662378	5.832422	0.003037	14.3
1283	-0.010744	52.447668	5.770063	0.002156	14.2
1284	-0.008045	52.373825	5.775870	0.003096	16.8
1285	-0.010531	51.986548	5.806518	0.004812	16.3
1286	-0.012161	52.985868	5.728090	0.002613	15.4
1287	-0.011612	53.985724	5.651712	0.002819	21.5
1288	-0.012726	53.133840	5.716656	0.003959	14.9
1289	-0.010222	54.131156	5.640771	0.004264	14.8
1290	-0.010708	53.366537	5.698769	0.004811	16.7
1291	-0.012406	54.365893	5.623203	0.002736	14.6
1292	-0.010305	53.498888	5.688644	0.001996	14.3
1293	-0.013825	53.345043	5.700416	0.005088	14.5
1294	-0.011255	53.708327	5.672697	0.003415	17.1
1295	-0.010169	52.865437	5.737429	0.001368	14.3
1296	-0.011509	52.552874	5.761810	0.003159	14.3
1297	-0.008516	51.852760	5.817181	0.002651	17.0
1298	-0.012196	52.782262	5.743897	0.002422	18.5
1299	-0.009748	51.957301	5.808845	0.003294	15.5
1300	-0.010371	51.132645	5.875255	0.001877	16.8
1301	-0.009789	50.315784	5.942551	0.003894	14.5
1302	-0.012909	50.682458	5.912153	0.004613	14.7
1303	-0.013682	51.646504	5.833697	0.003185	14.5
1304	-0.010737	52.546594	5.762302	0.002603	16.5
1305	-0.016256	53.236310	5.708765	0.004244	14.3
1306	-0.012083	54.035645	5.647951	0.002153	15.1
1307	-0.010704	54.995613	5.576607	0.003212	17.1
1308	-0.015524	55.605158	5.532234	0.003436	14.2
1309	-0.007593	56.272167	5.484480	0.003762	14.2
1310	-0.011012	56.807284	5.446761	0.003580	14.4
1311	-0.009777	56.219388	5.488229	0.003173	15.0
1312	-0.013781	55.702105	5.525242	0.002867	14.5
1313	-0.011074	55.410472	5.546330	0.004830	17.9
1314	-0.011355	56.306550	5.482041	0.003358	16.9
1315	-0.008881	55.438663	5.544284	0.008051	14.5
1316	-0.009929	56.438663	5.472689	0.003533	18.7
1317	-0.007903	57.438663	5.402918	0.003115	21.3
1318	-0.012767	58.366837	5.339733	0.003012	16.2
1319	-0.009198	59.350297	5.274376	0.003801	16.4
1320	-0.011157	60.349234	5.209609	0.003642	15.4
1321	-0.008960	61.305420	5.149086	0.003199	14.6
1322	-0.010362	60.478661	5.201333	0.005020	14.7
1323	-0.010838	59.611746	5.257270	0.002573	14.4
1324	-0.010432	58.746487	5.314312	0.002492	14.9
1325	-0.013343	58.729529	5.315442	0.003953	14.5
1326	-0.010463	58.827547	5.308915	0.005180	14.3
1327	-0.009609	59.816717	5.243936	0.002262	16.0
1328	-0.010236	60.760000	5.183435	0.005893	27.6
1329	-0.012590	59.929380	5.236636	0.002562	31.0
1330	-0.015344	59.093188	5.291307	0.003210	29.6
1331	-0.011941	60.076811	5.227113	0.003920	33.1
1332	-0.012344	59.209645	5.283625	0.004416	31.3
1333	-0.013637	60.209223	5.218591	0.003121	24.0
1334	-0.012264	59.384006	5.272164	0.003011	14.8
1335	-0.011679	60.278457	5.214145	0.002687	14.5
1336	-0.009626	60.844824	5.178063	0.005405	15.4
1337	-0.013135	61.842896	5.115679	0.003981	15.5
1338	-0.011598	60.975932	5.169782	0.005552	14.7
1339	-0.010838	60.110063	5.224970	0.004480	14.5
1340	-0.010149	61.110028	5.161339	0.002451	15.2
1341	-0.009151	60.251279	5.215889	0.005952	15.0
1342	-0.011446	60.538058	5.197545	0.004380	14.2
1343	-0.009927	59.802691	5.244846	0.003342	16.9
1344	-0.013462	59.546779	5.261510	0.005637	16.1
1345	-0.007268	58.678887	5.318820	0.002544	14.3
1346	-0.012008	59.650426	5.254748	0.004937	14.6
1347	-0.011484	58.816876	5.309625	0.004315	15.2
1348	-0.008507	57.970658	5.366521	0.002347	15.1
1349	-0.012960	58.059853	5.360466	0.004404	14.2
1350	-0.013515	59.024680	5.295837	0.005384	14.3
1351	-0.011997	58.164909	5.353353	0.003747	16.1
1352	-0.008263	59.164908	5.286574	0.003385	14.4
1353	-0.011934	58.305034	5.343894	0.002466	14.4
1354	-0.012788	57.615639	5.390755	0.004469	14.3
1355	-0.009744	57.254083	5.415662	0.002633	15.2
1356	-0.010085	56.697632	5.454448	0.005559	14.1
1357	-0.011341	55.951808	5.507313	0.002808	14.4
1358	-0.008522	56.950330	5.436766	0.001400	16.2
1359	-0.011983	57.192892	5.419900	0.004163	14.5
1360	-0.010726	57.376502	5.407203	0.003784	14.1
1361	-0.009707	57.089755	5.427059	0.004343	14.4
1362	-0.010512	58.082002	5.358965	0.003137	15.2
1363	-0.009080	57.214728	5.418387	0.003089	14.3
1364	-0.010832	57.789631	5.378851	0.003654	14.4
1365	-0.014082	58.768144	5.312869	0.003429	17.5
1366	-0.010476	59.752119	5.248131	0.003523	14.5
1367	-0.008117	59.005513	5.297106	0.003823	14.3
1368	-0.009977	59.395805	5.271391	0.003541	14.4
1369	-0.009346	60.391808	5.206884	0.004106	15.2
1370	-0.010887	59.621409	5.256640	0.003263	14.4
1371	-0.010341	58.764142	5.313135	0.004424	14.4
1372	-0.014841	58.838423	5.308192	0.006268	17.0
1373	-0.009109	57.972163	5.366419	0.001779	14.3
1374	-0.011097	57.172287	5.421329	0.003715	14.4
1375	-0.010565	57.137933	5.423712	0.004435	14.7
1376	-0.009156	58.121649	5.356280	0.002795	17.7
1377	-0.016074	57.253979	5.415669	0.002443	15.8
1378	-0.011681	57.745991	5.381832	0.002247	14.8
1379	-0.006180	58.653018	5.320548	0.003536	15.5
1380	-0.013960	59.578894	5.259413	0.003854	14.6
1381	-0.012090	60.573183	5.195306	0.002206	14.4
1382	-0.011298	60.936842	5.172248	0.005800	18.1
1383	-0.012993	60.088401	5.226366	0.002253	15.9
1384	-0.013798	61.082106	5.163095	0.003223	14.3
1385	-0.009614	61.528104	5.135192	0.004351	30.6
1386	-0.011436	62.528099	5.073714	0.004441	34.6
1387	-0.012523	61.660219	5.126985	0.004546	34.3
1388	-0.012243	62.651861	5.066207	0.003773	36.9
1389	-0.012790	61.783989	5.119319	0.003491	30.2
1390	-0.012135	62.782744	5.058293	0.003154	19.2
1391	-0.008328	62.777304	5.058622	0.004318	14.9
1392	-0.008984	62.425992	5.079924	0.003632	15.2
1393	-0.011397	63.405232	5.020988	0.004946	16.3
1394	-0.010769	64.389659	4.963103	0.003138	15.3
1395	-0.011847	65.389053	4.905687	0.003008	14.4
1396	-0.011984	64.526589	4.955157	0.003838	15.2
1397	-0.014981	65.525676	4.897941	0.003681	17.0
1398	-0.011238	66.525231	4.842006	0.003240	14.2
1399	-0.013066	67.455100	4.791105	0.004277	14.4
1400	-0.008261	68.398137	4.740565	0.004129	17.1
1401	-0.010601	67.531616	4.786964	0.003829	14.2
1402	-0.013157	68.488628	4.735771	0.003505	16.8
1403	-0.008002	69.073771	4.705007	0.003249	16.7
1404	-0.013403	68.593724	4.730216	0.004968	15.7
1405	-0.012878	68.795461	4.719589	0.002119	14.8
1406	-0.011485	68.683038	4.725505	0.003021	14.6
1407	-0.011390	68.129980	4.754828	0.002088	17.0
1408	-0.012279	67.469795	4.790309	0.003492	14.5
1409	-0.010884	66.764540	4.828803	0.002293	14.5
1410	-0.013401	65.950046	4.874036	0.004220	14.6
1411	-0.010836	65.677920	4.889338	0.004322	14.9
1412	-0.009293	64.810037	4.938789	0.003910	14.7
1413	-0.010326	65.720025	4.886965	0.003086	14.3
1414	-0.012622	64.884065	4.934532	0.005449	16.5
1415	-0.012166	65.879369	4.878001	0.003084	14.1
1416	-0.009415	66.878878	4.822520	0.003487	14.2
1417	-0.011080	67.189661	4.805526	0.005591	14.3
1418	-0.009989	68.160435	4.753203	0.003563	15.3
1419	-0.009415	69.160379	4.700487	0.002702	14.1
1420	-0.016668	68.413963	4.739726	0.003636	14.2
1421	-0.014725	67.558455	4.785514	0.001911	17.5
1422	-0.011576	67.751321	4.775114	0.003497	14.4
1423	-0.012153	67.560787	4.785387	0.005394	14.2
1424	-0.009669	66.712811	4.831651	0.004067	14.6
1425	-0.010295	65.844974	4.879933	0.003013	15.1
1426	-0.009111	65.173174	4.917977	0.005600	14.5
1427	-0.011048	65.791427	4.882944	0.003808	14.3
1428	-0.015373	64.923535	4.932265	0.004905	16.1
1429	-0.010153	65.897248	4.876998	0.003288	14.1
1430	-0.012231	65.179105	4.917638	0.003287	14.1
1431	-0.010644	64.313474	4.967535	0.002252	15.9
1432	-0.012428	63.510577	5.014730	0.003176	14.8
1433	-0.011050	63.407485	5.020854	0.004826	14.2
1434	-0.010726	64.396055	4.962731	0.002848	14.3
1435	-0.008776	63.615278	5.008524	0.002719	19.5
1436	-0.013195	63.009442	5.044643	0.004294	15.7
1437	-0.009623	62.153685	5.096559	0.002741	21.2
1438	-0.010603	62.997313	5.045372	0.001901	16.9
1439	-0.009998	63.130484	5.037386	0.005815	15.6
1440	-0.011010	62.265556	5.089712	0.005719	14.5
1441	-0.009461	63.265556	5.029311	0.008399	16.6
1442	-0.010481	64.265556	4.970327	0.004560	14.7
1443	-0.011014	63.397664	5.021439	0.003315	14.5
1444	-0.009872	62.531222	5.073524	0.003023	14.4
1445	-0.012370	61.705189	5.124197	0.004084	15.4
1446	-0.013320	62.550962	5.072326	0.004205	14.6
1447	-0.012533	63.486999	5.016129	0.004015	14.6
1448	-0.008233	64.327373	4.966726	0.003219	14.7
1449	-0.011076	65.316140	4.909831	0.006976	16.0
1450	-0.009120	64.448248	4.959700	0.002736	15.8
1451	-0.011345	64.180345	4.975299	0.003370	14.8
1452	-0.008425	63.343314	5.024674	0.003856	16.2
1453	-0.012873	63.767732	4.999517	0.003030	14.5
1454	-0.010887	64.766193	4.941314	0.003139	14.2
1455	-0.011457	63.900306	4.991710	0.004110	14.6
1456	-0.013491	64.458294	4.959117	0.004809	14.8
1457	-0.011628	63.590437	5.009995	0.002697	14.4
1458	-0.009366	63.881024	4.992844	0.003343	14.2
1459	-0.009498	63.164979	5.035321	0.002787	15.0
1460	-0.012538	62.559614	5.071800	0.004580	14.5
1461	-0.008881	61.927017	5.110490	0.002508	14.9
1462	-0.009712	62.922588	5.049864	0.001964	14.4
1463	-0.011878	63.862929	4.993908	0.002440	15.2
1464	-0.011450	63.210869	5.032577	0.003825	14.4
1465	-0.012686	62.343925	5.084926	0.003517	14.4
1466	-0.010619	61.518296	5.135803	0.003495	15.1
1467	-0.008659	62.276538	5.089041	0.003216	14.9
1468	-0.010863	61.749941	5.121426	0.002838	16.4
1469	-0.010626	61.404747	5.142879	0.001935	15.9
1470	-0.011791	62.068150	5.101807	0.004077	15.4
1471	-0.009548	61.268550	5.151394	0.003166	14.4
1472	-0.008080	62.161027	5.096109	0.002762	14.7
1473	-0.009942	61.705911	5.124152	0.004446	14.3
1474	-0.008023	60.839430	5.178405	0.002590	15.3
1475	-0.012385	60.131551	5.223587	0.002901	14.4
1476	-0.007481	59.341959	5.274923	0.003605	14.4
1477	-0.010633	58.716958	5.316280	0.003327	14.9
1478	-0.014453	59.338079	5.275178	0.006154	15.3
1479	-0.012012	58.541542	5.328004	0.002763	14.3
1480	-0.008070	57.673780	5.386772	0.002883	14.4
1481	-0.015418	58.631772	5.321967	0.004014	14.9
1482	-0.014386	57.867820	5.373518	0.005259	14.7
1483	-0.009422	58.771086	5.312673	0.003836	14.4
1484	-0.013663	57.903332	5.371100	0.004102	14.5
1485	-0.008912	58.894586	5.304461	0.002595	14.5
1486	-0.010798	58.081680	5.358987	0.004214	14.9
1487	-0.012143	59.072166	5.292697	0.003673	15.3
1488	-0.010142	60.060266	5.228180	0.003789	14.3
1489	-0.011501	61.033396	5.166160	0.003165	15.2
1490	-0.010526	60.596660	5.193812	0.002387	14.7
1491	-0.012594	61.451509	5.139963	0.002278	14.3
1492	-0.009645	61.277996	5.150802	0.002753	14.4
1493	-0.012671	62.245100	5.090963	0.003627	15.2
1494	-0.011822	63.193543	5.033613	0.004219	14.2
1495	-0.010981	63.360210	5.023668	0.002350	14.4
1496	-0.012012	62.497061	5.075600	0.004040	14.6
1497	-0.011060	62.674819	5.064817	0.004394	15.1
1498	-0.012842	61.809771	5.117726	0.002598	14.3
1499	-0.008829	62.223736	5.092269	0.003445	14.3
1500	-0.013568	61.456754	5.139636	0.004542	15.0
1501	-0.017287	61.896045	5.112399	0.002994	17.5
1502	-0.009544	61.429473	5.141337	0.003552	16.3
1503	-0.013422	60.626183	5.191933	0.005077	15.1
1504	-0.009091	59.758564	5.247712	0.004429	15.2
1505	-0.010498	60.755096	5.183746	0.003914	19.7
1506	-0.010593	59.905105	5.238207	0.003601	14.9
1507	-0.010190	60.904960	5.174262	0.004771	15.6
1508	-0.010442	60.066550	5.227775	0.002967	14.6
1509	-0.013121	60.882516	5.175680	0.003366	14.5
1510	-0.011650	60.027538	5.230292	0.002917	15.5
1511	-0.009370	60.415339	5.205379	0.004837	14.8
1512	-0.011382	59.553324	5.261083	0.003345	14.3
1513	-0.014425	60.522782	5.198518	0.005326	14.5
1514	-0.007416	59.655451	5.254421	0.002479	14.7
1515	-0.013628	60.215038	5.218217	0.004042	14.9
1516	-0.010282	59.469417	5.266568	0.003545	14.4
1517	-0.012060	60.464884	5.202213	0.001777	14.4
1518	-0.013129	60.144331	5.222764	0.004737	17.6
1519	-0.011422	60.761827	5.183320	0.003689	14.3
1520	-0.011534	59.904140	5.238269	0.003978	14.5
1521	-0.011796	59.162177	5.286754	0.003027	14.8
1522	-0.015358	58.454833	5.333819	0.003161	15.3
1523	-0.006649	57.726045	5.383195	0.003107	14.4
1524	-0.009443	56.876603	5.441913	0.002432	14.5
1525	-0.011466	56.020223	5.502421	0.004436	18.3
1526	-0.010277	55.228178	5.559593	0.002515	15.1
1527	-0.008220	56.064561	5.499255	0.004428	15.0
1528	-0.009956	56.965357	5.435718	0.004207	16.9
1529	-0.010435	57.965346	5.366882	0.001598	14.4
1530	-0.012632	57.255966	5.415532	0.003992	14.8
1531	-0.009695	57.669709	5.387050	0.005139	14.3
1532	-0.008115	56.805464	5.446888	0.001412	15.4
1533	-0.012868	56.916497	5.439126	0.002490	14.5
1534	-0.012705	57.231439	5.417230	0.003416	16.5
1535	-0.012017	56.620398	5.459875	0.002203	17.6
1536	-0.009038	55.829599	5.516073	0.002762	14.5
1537	-0.010700	56.679277	5.455737	0.002570	15.8
1538	-0.009311	56.441196	5.472510	0.003879	19.7
1539	-0.009659	55.576993	5.534269	0.002560	16.0
1540	-0.009520	56.437499	5.472771	0.004471	15.5
1541	-0.009951	55.571322	5.534679	0.003900	18.0
1542	-0.009986	56.571299	5.463331	0.004343	15.8
1543	-0.009857	55.794785	5.518574	0.004167	15.9
1544	-0.010274	56.773488	5.449128	0.003370	15.9
1545	-0.009861	57.167657	5.421650	0.003241	22.2
1546	-0.009403	56.324439	5.480773	0.002801	31.1
1547	-0.012201	55.469074	5.542079	0.003515	18.5
1548	-0.011243	55.206823	5.561151	0.003292	17.1
1549	-0.008337	55.049520	5.572654	0.001939	15.8
1550	-0.009116	54.405442	5.620253	0.005627	17.1
1551	-0.007634	55.404729	5.546747	0.002664	15.8
1552	-0.011579	56.392101	5.475981	0.004247	16.1
1553	-0.011001	56.957466	5.436268	0.002749	17.1
1554	-0.011133	57.957382	5.367423	0.003419	14.6
1555	-0.006789	57.089972	5.427044	0.003922	22.5
1556	-0.012228	56.222094	5.488037	0.003485	15.3
1557	-0.012468	55.354268	5.550413	0.005301	14.6
1558	-0.010599	54.486476	5.614220	0.002877	15.8
1559	-0.012154	55.064312	5.571571	0.001857	17.2
1560	-0.009921	55.672719	5.527360	0.004466	14.2
1561	-0.009834	54.850221	5.587297	0.005005	14.3
1562	-0.010097	53.982329	5.651967	0.003848	15.1
1563	-0.010805	54.981765	5.577624	0.005424	18.1
1564	-0.008153	54.281429	5.629512	0.002897	16.5
1565	-0.014951	54.709488	5.597683	0.004911	14.8
1566	-0.008063	53.841771	5.662582	0.003408	15.2
1567	-0.009740	54.841768	5.587919	0.002682	14.5
1568	-0.013196	55.834215	5.515742	0.003662	14.7
1569	-0.010438	55.347446	5.550908	0.003553	15.2
1570	-0.011577	55.618716	5.531255	0.003756	14.8
1571	-0.010875	56.066555	5.499113	0.002098	14.3
1572	-0.011248	55.237840	5.558889	0.003277	14.3
1573	-0.010276	54.537828	5.610403	0.002403	14.9
1574	-0.011296	53.986778	5.651632	0.003280	14.5
1575	-0.009344	54.399359	5.620707	0.004294	14.5
1576	-0.010999	53.532943	5.686045	0.002953	14.1
1577	-0.011349	54.532863	5.610772	0.004341	14.3
1578	-0.008910	55.532812	5.537464	0.002633	15.1
1579	-0.010837	55.955057	5.507080	0.004871	14.6
1580	-0.011279	56.948726	5.436878	0.006704	15.1
1581	-0.011253	56.080834	5.498094	0.002963	16.9
1582	-0.011598	55.212942	5.560705	0.002835	14.3
1583	-0.012399	56.033909	5.501443	0.001577	14.3
1584	-0.010226	55.388625	5.547916	0.004889	17.6
1585	-0.012912	55.656653	5.528518	0.005316	15.8
1586	-0.011415	54.795575	5.591325	0.003496	14.6
1587	-0.009503	55.792289	5.518753	0.003019	17.9
1588	-0.012246	55.834252	5.515739	0.003734	14.5
1589	-0.009248	56.815448	5.446190	0.004693	14.5
1590	-0.013538	57.795632	5.378441	0.002555	16.5
1591	-0.008068	57.108651	5.425746	0.003290	15.7
1592	-0.013288	58.102263	5.357592	0.004838	14.4
1593	-0.012004	57.427499	5.403687	0.003187	14.4
1594	-0.011583	58.401088	5.337429	0.002524	17.5
1595	-0.008756	59.176971	5.285778	0.003065	16.6
1596	-0.011610	60.053189	5.228637	0.006956	16.3
1597	-0.010710	61.053085	5.164921	0.005420	17.9
1598	-0.013246	60.185311	5.220128	0.003066	14.8
1599	-0.010710	59.504000	5.264306	0.003561	14.4
1600	-0.013517	60.501778	5.199858	0.003774	16.3
1601	-0.012386	61.478375	5.138288	0.002986	14.8
1602	-0.009999	60.611198	5.192886	0.003655	14.3
1603	-0.012083	61.424895	5.141622	0.004299	14.6
1604	-0.012835	60.557438	5.196309	0.003955	16.7
1605	-0.012809	59.754832	5.247954	0.004249	14.5
1606	-0.012390	60.754535	5.183782	0.002705	14.1
1607	-0.010062	61.380181	5.144413	0.004567	17.8
1608	-0.013386	61.902908	5.111976	0.001969	14.2
1609	-0.013429	61.513993	5.136070	0.004726	15.9
1610	-0.008569	62.299116	5.087661	0.002274	14.5
1611	-0.007387	62.188272	5.094440	0.003409	15.1
1612	-0.017258	61.666637	5.126587	0.003528	14.3
1613	-0.011524	62.653788	5.066091	0.003678	14.2
1614	-0.010127	61.988566	5.106700	0.003011	17.3
1615	-0.013392	62.502838	5.075249	0.004808	14.3
1616	-0.013227	61.634970	5.128551	0.003347	14.2
1617	-0.010199	62.596461	5.069565	0.003586	14.5
1618	-0.011311	62.720613	5.062047	0.002555	15.5
1619	-0.010548	62.621258	5.068062	0.002121	14.2
1620	-0.007626	61.824495	5.116816	0.002334	14.3
1621	-0.013774	62.629439	5.067566	0.004105	16.9
1622	-0.011069	61.874823	5.113708	0.002949	14.4
1623	-0.009861	62.874503	5.052759	0.002938	14.4
1624	-0.009336	62.978457	5.046505	0.002863	14.4
1625	-0.012238	63.860941	4.994025	0.002153	15.1
1626	-0.011647	64.479315	4.957898	0.004936	14.2
1627	-0.009723	65.459069	4.901715	0.003560	14.4
1628	-0.016366	66.459019	4.845672	0.005034	18.7
1629	-0.011708	67.376707	4.795355	0.003685	17.0
1630	-0.010339	68.184439	4.751924	0.004649	15.5
1631	-0.008301	67.316551	4.798621	0.002035	17.3
1632	-0.007877	66.453498	4.845977	0.003496	15.6
1633	-0.009364	66.224329	4.858710	0.001832	15.7
1634	-0.008411	67.019947	4.814791	0.002537	18.5
1635	-0.009180	66.236084	4.858055	0.003173	14.9
1636	-0.009392	65.389955	4.905636	0.002967	14.9
1637	-0.011357	65.531983	4.897584	0.002624	15.1
1638	-0.009580	65.938533	4.874682	0.004689	16.0
1639	-0.010175	66.890024	4.821909	0.003667	15.2
1640	-0.010531	67.631858	4.781550	0.003668	64.4
1641	-0.011903	68.582098	4.730830	0.004416	56.2
1642	-0.013397	69.468397	4.684483	0.002459	20.9
1643	-0.011084	68.771014	4.720874	0.004005	16.2
1644	-0.012368	69.328338	4.691747	0.004014	14.7
1645	-0.012027	68.460937	4.737237	0.004509	14.8
1646	-0.011885	69.323516	4.691997	0.004483	16.4
1647	-0.011910	70.320892	4.640753	0.003166	14.5
1648	-0.009478	71.320741	4.590493	0.005041	14.7
1649	-0.011005	70.453712	4.634013	0.004849	14.6
1650	-0.012234	71.453689	4.583892	0.003499	15.8
1651	-0.009076	72.453289	4.534861	0.002707	15.2
1652	-0.015007	72.315589	4.541553	0.002706	14.9
1653	-0.008552	73.243761	4.496825	0.002342	18.1
1654	-0.011076	72.641874	4.525728	0.005328	15.0
1655	-0.007762	71.777476	4.567894	0.003498	16.8
1656	-0.011064	71.359163	4.588583	0.002818	19.2
1657	-0.009525	71.607712	4.576268	0.003955	18.0
1658	-0.011571	72.596153	4.527939	0.003091	18.2
1659	-0.010519	73.494087	4.484912	0.001893	22.7
1660	-0.010235	73.011618	4.507929	0.001996	21.2
1661	-0.007627	73.348000	4.491857	0.001568	27.5
1662	-0.010587	72.714806	4.522206	0.007034	20.3
1663	-0.011367	71.848177	4.564416	0.004703	26.5
1664	-0.015645	70.980663	4.607465	0.003283	22.5
1665	-0.012210	71.833161	4.565154	0.004590	21.5
1666	-0.011849	72.793980	4.518389	0.004125	24.9
1667	-0.008455	73.786337	4.471084	0.003263	20.8
1668	-0.008746	73.010624	4.507977	0.002796	22.2
1669	-0.011270	73.336934	4.492384	0.003759	14.7
1670	-0.009957	74.261635	4.448776	0.003181	14.5
1671	-0.009796	73.602383	4.479778	0.004139	16.6
1672	-0.011369	72.773628	4.519370	0.004349	14.9
1673	-0.009172	73.771729	4.471773	0.003653	14.7
1674	-0.012002	72.903880	4.513101	0.003054	15.0
1675	-0.010499	72.487631	4.533195	0.002974	15.7
1676	-0.009728	71.630110	4.575161	0.004104	14.9
1677	-0.012825	72.621508	4.526713	0.003744	15.4
1678	-0.014146	72.093989	4.552364	0.004183	17.2
1679	-0.013208	72.067787	4.553645	0.006275	15.3
1680	-0.010010	73.067785	4.505237	0.003046	15.2
1681	-0.008671	72.202349	4.547071	0.002215	16.0
1682	-0.009082	71.423173	4.585405	0.001443	16.0
1683	-0.013270	71.071986	4.602895	0.006156	15.3
1684	-0.010234	70.649842	4.624096	0.003365	15.7
1685	-0.007834	71.649618	4.574198	0.002288	16.7
1686	-0.013105	70.794128	4.616828	0.003937	18.7
1687	-0.011700	71.328661	4.590099	0.005832	24.8
1688	-0.014341	72.328631	4.540918	0.004513	22.9
1689	-0.011117	73.328631	4.492779	0.002655	23.6
1690	-0.008553	72.635356	4.526043	0.004425	25.7
1691	-0.010469	73.465533	4.486268	0.004266	23.2
1692	-0.011860	72.599162	4.527794	0.002715	25.3
1693	-0.007188	71.741667	4.569658	0.004486	23.3
1694	-0.010005	72.464037	4.534340	0.001645	26.6
1695	-0.011385	71.708872	4.571274	0.002785	22.5
1696	-0.011336	71.915242	4.561121	0.004013	26.9
1697	-0.012606	71.134894	4.599752	0.002633	45.3
1698	-0.010649	72.128691	4.550667	0.002212	53.4
1699	-0.011336	71.909675	4.561395	0.002304	30.5
1700	-0.008806	72.842216	4.516066	0.003980	24.3
1701	-0.014606	73.379760	4.490345	0.005344	19.8
1702	-0.013345	72.511974	4.532015	0.004310	15.3
1703	-0.012531	73.511972	4.484063	0.003644	16.1
1704	-0.012085	72.644302	4.525611	0.003163	14.7
1705	-0.010946	73.643370	4.477838	0.003531	15.0
1706	-0.014423	72.798735	4.518160	0.006680	16.3
1707	-0.010656	71.956052	4.559119	0.004583	14.2
1708	-0.013894	72.762552	4.519903	0.005057	15.0
1709	-0.007010	73.742673	4.473145	0.001928	14.7
1710	-0.009841	74.712054	4.427840	0.003505	15.5
1711	-0.009320	74.654810	4.430490	0.003170	15.1
1712	-0.010912	75.192438	4.405728	0.002975	16.1
1713	-0.010990	75.631104	4.385727	0.004324	18.3
1714	-0.014650	74.768142	4.425247	0.002564	24.0
1715	-0.009478	74.065881	4.457937	0.003121	26.5
1716	-0.009558	74.192889	4.451989	0.004214	20.7
1717	-0.012962	73.653366	4.477365	0.002971	15.4
1718	-0.009774	72.861107	4.515158	0.002810	15.8
1719	-0.010052	72.006192	4.556661	0.004451	14.6
1720	-0.010253	71.138680	4.599563	0.003868	17.9
1721	-0.007938	70.311085	4.641251	0.003138	18.0
1722	-0.008610	70.795675	4.616750	0.004396	14.9
1723	-0.011218	69.939062	4.660238	0.004360	15.3
1724	-0.013811	70.097395	4.652138	0.004386	21.8
1725	-0.012166	70.894314	4.611794	0.003424	15.4
1726	-0.014106	70.028058	4.655682	0.003616	14.7
1727	-0.011363	70.999019	4.606546	0.003014	17.5
1728	-0.012231	70.766179	4.618234	0.005108	15.7
1729	-0.011141	69.898774	4.662304	0.004305	15.4
1730	-0.013649	69.030881	4.707248	0.003024	18.0
1731	-0.011021	69.961938	4.659066	0.004788	14.5
1732	-0.010457	70.506902	4.631319	0.003182	14.4
1733	-0.012419	71.502871	4.581454	0.003514	15.3
1734	-0.006556	71.613872	4.575963	0.003980	15.7
1735	-0.012425	70.815813	4.615737	0.005576	14.6
1736	-0.009479	71.815811	4.566007	0.003259	14.6
1737	-0.010905	72.800593	4.518070	0.002168	17.9
1738	-0.009013	72.350867	4.539837	0.002821	15.6
1739	-0.009497	72.822278	4.517026	0.003576	14.5
1740	-0.010575	73.610899	4.479375	0.001387	16.8
1741	-0.009707	74.157966	4.453623	0.003844	14.8
1742	-0.009321	74.747137	4.426218	0.002396	15.0
1743	-0.011600	73.884191	4.466473	0.005768	15.2
1744	-0.010577	74.172561	4.452940	0.003890	15.8
1745	-0.014865	75.172561	4.406638	0.006122	14.9
1746	-0.012325	76.172524	4.361291	0.004465	15.1
1747	-0.011116	77.172524	4.316867	0.003170	17.4
1748	-0.007144	78.162768	4.273758	0.002226	14.7
1749	-0.009918	78.219343	4.271321	0.004748	14.8
1750	-0.014222	77.388364	4.307396	0.006420	16.0
1751	-0.008844	76.520471	4.345730	0.004238	15.0
1752	-0.010160	75.652579	4.384753	0.003919	15.4
1753	-0.011852	76.651584	4.339896	0.004465	15.0
1754	-0.008491	77.651345	4.295914	0.003652	16.1
1755	-0.011252	76.989848	4.324914	0.004557	16.3
1756	-0.010724	77.989793	4.281226	0.005645	17.1
1757	-0.010593	78.989771	4.238410	0.003967	17.5
1758	-0.009614	78.125602	4.275361	0.002671	15.1
1759	-0.008172	77.437027	4.305267	0.002022	15.7
1760	-0.008579	76.757250	4.335205	0.003055	18.9
1761	-0.010307	77.097272	4.320178	0.002216	15.4
1762	-0.010507	77.387653	4.307428	0.004454	15.0
1763	-0.010304	76.878889	4.329817	0.003099	21.2
1764	-0.011624	77.878579	4.286041	0.003876	17.0
1765	-0.014353	77.012340	4.323922	0.003726	15.3
1766	-0.015705	77.081317	4.320881	0.002672	17.2
1767	-0.016436	76.303271	4.355431	0.004815	14.5
1768	-0.006194	75.453864	4.393786	0.002520	14.6
1769	-0.012694	75.900988	4.373513	0.005489	14.1
1770	-0.008317	76.697371	4.337862	0.003551	15.4
1771	-0.009668	77.690303	4.294218	0.003583	14.1
1772	-0.013646	78.673963	4.251839	0.004484	14.6
1773	-0.012048	79.334539	4.223846	0.003209	17.3
1774	-0.009711	80.334058	4.182184	0.003456	14.3
1775	-0.007500	79.564058	4.214206	0.001752	14.4
1776	-0.010249	79.273411	4.226421	0.003153	14.8
1777	-0.011222	79.982446	4.196746	0.003838	15.6
1778	-0.007812	80.894323	4.159188	0.003823	14.5
1779	-0.012968	80.026439	4.194919	0.002126	14.4
1780	-0.008718	80.955358	4.156699	0.002490	16.7
1781	-0.008903	81.390316	4.139041	0.006094	14.3
1782	-0.012060	80.522552	4.174419	0.002896	14.4
1783	-0.010319	79.654682	4.210412	0.002960	15.2
1784	-0.012157	79.652373	4.210509	0.006053	14.6
1785	-0.010486	80.052081	4.193854	0.003125	14.3
1786	-0.010277	79.277437	4.226252	0.003487	14.7
1787	-0.010528	78.672057	4.251921	0.004627	18.3
1788	-0.009556	77.804215	4.289267	0.002280	16.0
1789	-0.007687	78.802917	4.246346	0.001968	15.0
1790	-0.012263	78.319005	4.267035	0.003408	17.7
1791	-0.010628	77.459442	4.304287	0.003559	14.4
1792	-0.007716	78.452498	4.261308	0.002388	14.4
1793	-0.011347	79.424160	4.220077	0.003853	14.8
1794	-0.011713	80.394697	4.179683	0.003340	16.2
1795	-0.009327	80.089757	4.192291	0.004243	14.4
1796	-0.010679	79.297177	4.225420	0.003406	14.4
1797	-0.013567	78.462166	4.260893	0.003499	16.9
1798	-0.009910	79.224364	4.228490	0.002280	14.1
1799	-0.011934	78.586672	4.255566	0.004613	15.9
1800	-0.010423	77.747418	4.291734	0.003457	14.6
1801	-0.013911	77.971310	4.282026	0.004859	15.3
1802	-0.010021	77.566200	4.299625	0.004320	14.5
1803	-0.010572	78.561669	4.256635	0.003519	14.2
1804	-0.008963	79.330272	4.224026	0.005543	16.8
1805	-0.010160	78.472005	4.260472	0.003891	16.3
1806	-0.009946	77.604266	4.297965	0.003023	15.5
1807	-0.011237	77.128775	4.318791	0.003565	18.7
1808	-0.008557	76.476846	4.347675	0.003404	22.2
1809	-0.011095	75.610871	4.386646	0.003335	20.0
1810	-0.009117	75.104851	4.409743	0.002666	22.1
1811	-0.012604	74.301631	4.446909	0.004868	19.8
1812	-0.008295	75.301480	4.400739	0.004391	21.8
1813	-0.010001	75.439709	4.394431	0.003208	20.6
1814	-0.009713	74.571838	4.434336	0.003602	21.9
1815	-0.010755	73.704098	4.474967	0.002575	23.4
1816	-0.012435	73.698585	4.475227	0.001676	20.0
1817	-0.008827	73.314324	4.493460	0.001917	24.2
1818	-0.012911	73.090135	4.504167	0.003269	21.2
1819	-0.008702	73.962817	4.462775	0.003836	23.3
1820	-0.010547	73.100788	4.503657	0.003392	21.7
1821	-0.011213	72.271537	4.543698	0.006453	19.9
1822	-0.010117	73.244148	4.496806	0.003746	23.3
1823	-0.011726	72.422329	4.536364	0.003083	21.6
1824	-0.010448	73.420509	4.488407	0.003708	19.2
1825	-0.013630	74.420499	4.441369	0.005418	22.1
1826	-0.012317	75.414542	4.395578	0.004948	21.8
1827	-0.012459	76.414529	4.350457	0.002215	20.0
1828	-0.012816	77.403218	4.306746	0.002343	17.4
1829	-0.011684	78.084416	4.277138	0.003851	19.3
1830	-0.007581	77.236724	4.314045	0.004632	17.1
1831	-0.011081	78.234172	4.270683	0.002243	14.9
1832	-0.009030	79.204834	4.229314	0.002488	14.4
1833	-0.011640	79.626994	4.211571	0.003636	17.7
1834	-0.013830	79.496076	4.217057	0.004116	14.2
1835	-0.010554	80.495959	4.175513	0.003166	15.2
1836	-0.012595	79.654438	4.210422	0.003232	18.3
1837	-0.011260	80.485039	4.175962	0.002980	14.9
1838	-0.011851	81.483822	4.135264	0.003484	16.5
1839	-0.013020	82.483540	4.095315	0.004005	62.9
1840	-0.009686	81.615698	4.129950	0.003040	26.8
1841	-0.012203	82.514335	4.094097	0.002118	26.0
1842	-0.008960	83.235447	4.065773	0.002431	22.2
1843	-0.012088	82.552279	4.092596	0.002259	24.6
1844	-0.008954	81.868520	4.119800	0.003378	20.7
1845	-0.014659	82.363988	4.100052	0.003818	14.8
1846	-0.010987	83.363772	4.060774	0.004069	16.1
1847	-0.009784	84.363592	4.022240	0.003142	17.0
1848	-0.014042	83.713032	4.047230	0.004898	15.5
1849	-0.009474	82.959230	4.076576	0.003119	15.0
1850	-0.010408	82.864957	4.080276	0.004043	17.2
1851	-0.008762	82.002149	4.114455	0.003163	14.5
1852	-0.010633	81.173999	4.147804	0.002454	14.5
1853	-0.012607	80.355116	4.181315	0.002146	14.4
1854	-0.011355	80.920593	4.158116	0.004424	16.8
1855	-0.008680	81.890461	4.118921	0.003306	14.3
1856	-0.011241	81.709298	4.126186	0.004419	14.0
1857	-0.012274	82.707673	4.086464	0.002674	16.2
1858	-0.009907	81.847701	4.120634	0.003114	14.2
1859	-0.013214	82.156069	4.108316	0.003460	14.5
1860	-0.011493	81.344389	4.140898	0.004014	14.4
1861	-0.011542	80.476810	4.176301	0.004062	17.2
1862	-0.010242	81.448313	4.136698	0.002751	14.2
1863	-0.012289	80.671726	4.168294	0.002582	14.3
1864	-0.009742	79.872306	4.201328	0.002983	16.0
1865	-0.009620	79.008056	4.237635	0.003130	14.5
1866	-0.011624	78.143243	4.274600	0.004563	14.3
1867	-0.010310	77.284942	4.311929	0.002423	14.2
1868	-0.007434	77.900535	4.285090	0.003068	16.9
1869	-0.014102	78.816372	4.245773	0.002866	14.8
1870	-0.009726	79.777049	4.205300	0.003762	14.1
1871	-0.009322	78.940015	4.240521	0.002496	14.4
1872	-0.014263	79.850965	4.202217	0.006090	16.3
1873	-0.009300	78.998781	4.238028	0.004754	14.2
1874	-0.011221	78.130914	4.275131	0.003905	14.5
1875	-0.010517	77.267329	4.312702	0.002433	16.2
1876	-0.010373	76.405863	4.350844	0.002383	14.2
1877	-0.011464	75.686688	4.383206	0.003800	14.3
1878	-0.009149	76.680783	4.338598	0.003872	14.3
1879	-0.011788	77.675021	4.294883	0.004193	15.2
1880	-0.009131	78.674507	4.251816	0.004255	14.4
1881	-0.011733	77.806615	4.289163	0.005798	14.2
1882	-0.012301	78.806604	4.246189	0.002416	18.8
1883	-0.010443	79.802678	4.204230	0.003274	14.5
1884	-0.010402	78.947925	4.240185	0.003516	14.3
1885	-0.011772	79.947113	4.198215	0.003238	14.7
1886	-0.010551	80.945986	4.157081	0.003874	15.3
1887	-0.012082	81.923552	4.117597	0.004182	14.2
1888	-0.010561	81.055802	4.152607	0.003090	14.3
1889	-0.011849	82.022216	4.113653	0.003285	15.9
1890	-0.008818	82.991277	4.075320	0.004084	14.1
1891	-0.012615	82.126659	4.109487	0.004656	14.4
1892	-0.011992	81.258905	4.144360	0.003715	14.6
1893	-0.013195	80.435979	4.177982	0.003360	14.9
1894	-0.008862	81.433953	4.137277	0.003134	14.3
1895	-0.012297	81.033958	4.153496	0.005227	14.7
1896	-0.012229	82.030766	4.113312	0.003163	17.4
1897	-0.012245	81.674013	4.127604	0.004546	14.1
1898	-0.008151	82.602644	4.090607	0.001992	14.2
1899	-0.012530	81.737961	4.125035	0.003736	14.8
1900	-0.010000	82.711225	4.086324	0.004755	15.0
1901	-0.008053	81.843367	4.120807	0.003343	14.2
1902	-0.014212	82.843366	4.081124	0.003278	14.7
1903	-0.009834	82.200246	4.106557	0.004159	16.9
1904	-0.009016	81.332360	4.141385	0.004453	14.2
1905	-0.010519	80.464469	4.176809	0.002148	14.1
1906	-0.008919	81.457632	4.136321	0.003717	14.3
1907	-0.010796	82.439085	4.097075	0.002337	15.2
1908	-0.011713	83.403851	4.059215	0.002891	14.3
1909	-0.012781	83.627042	4.050556	0.004348	14.3
1910	-0.008247	84.626756	4.012219	0.002299	16.0
1911	-0.011577	83.814628	4.043307	0.003020	14.9
1912	-0.008246	83.902307	4.039927	0.002522	14.4
1913	-0.014193	83.078301	4.071912	0.004020	14.3
1914	-0.009705	84.010761	4.035755	0.004221	15.0
1915	-0.008118	83.159653	4.068732	0.001840	14.6
1916	-0.007864	82.605189	4.090506	0.004123	14.2
1917	-0.011416	83.487198	4.055977	0.002873	14.3
1918	-0.009730	83.429882	4.058203	0.003660	16.5
1919	-0.010696	82.575801	4.091667	0.002929	14.6
1920	-0.009443	83.432058	4.058119	0.002239	14.3
1921	-0.010983	84.193020	4.028762	0.003428	14.6
1922	-0.012131	83.669100	4.048928	0.004712	15.1
1923	-0.011513	82.816572	4.082178	0.003927	14.2
1924	-0.010792	82.054740	4.112355	0.002540	14.5
1925	-0.009109	83.051667	4.072954	0.002695	15.3
1926	-0.009915	82.219658	4.105785	0.003263	14.7
1927	-0.012939	83.215513	4.066551	0.005631	14.5
1928	-0.012589	84.001821	4.036098	0.002638	14.4
1929	-0.010865	83.142377	4.069407	0.002598	16.6
1930	-0.010008	82.470082	4.095848	0.002728	15.4
1931	-0.009377	83.267019	4.064542	0.002889	14.5
1932	-0.011484	84.219109	4.027763	0.003182	16.0
1933	-0.008085	85.198034	3.990636	0.002571	14.5
1934	-0.012026	84.392360	4.021142	0.001880	14.4
1935	-0.010925	84.674504	4.010406	0.003666	14.4
1936	-0.011785	84.258237	4.026266	0.003451	16.8
1937	-0.008377	83.398402	4.059427	0.002379	14.5
1938	-0.011656	82.840688	4.081230	0.004139	14.3
1939	-0.012616	83.764627	4.045236	0.004207	17.3
1940	-0.010527	82.896784	4.079026	0.002373	14.9
1941	-0.010041	82.036936	4.113066	0.004374	14.5
1942	-0.008747	82.897451	4.079000	0.002756	14.4
1943	-0.011053	83.897396	4.040116	0.007338	15.4
1944	-0.010457	83.030848	4.073769	0.002889	15.5
1945	-0.011721	82.162956	4.108041	0.003162	14.3
1946	-0.011327	81.310860	4.142255	0.002363	16.4
1947	-0.009158	82.177515	4.107462	0.003006	14.3
1948	-0.011677	83.126985	4.070008	0.003892	14.3
1949	-0.010741	82.260069	4.104178	0.004181	15.5
1950	-0.008942	83.259897	4.064820	0.004545	14.7
1951	-0.012824	84.259896	4.026203	0.006146	14.2
1952	-0.009834	83.392004	4.059676	0.003355	14.6
1953	-0.011992	82.524171	4.093708	0.003792	16.9
1954	-0.009917	81.660812	4.128135	0.004874	14.3
1955	-0.009773	81.031156	4.153611	0.003141	14.2
1956	-0.011735	81.978095	4.115416	0.003526	15.9
1957	-0.012051	82.921392	4.078060	0.002946	14.2
1958	-0.008260	82.072876	4.111631	0.005046	14.3
1959	-0.010786	81.206537	4.146483	0.005106	14.3
1960	-0.009684	80.338644	4.181995	0.004431	17.3
1961	-0.015377	81.338608	4.141132	0.002684	14.5
1962	-0.009907	82.327845	4.101486	0.002147	14.2
1963	-0.010924	81.636639	4.129107	0.002435	16.6
1964	-0.012391	80.922833	4.158025	0.003872	14.2
1965	-0.010388	81.251447	4.144662	0.004157	14.3
1966	-0.012188	80.434817	4.178030	0.002863	14.8
1967	-0.010947	79.983789	4.196690	0.002443	15.8
1968	-0.012126	79.476525	4.217878	0.004976	14.4
1969	-0.009626	78.608753	4.254623	0.001839	14.3
1970	-0.010272	79.358330	4.222845	0.005673	16.7
1971	-0.009414	80.356737	4.181248	0.002417	14.3
1972	-0.009703	81.157770	4.148463	0.004187	14.1
1973	-0.010921	80.372599	4.180594	0.003417	14.4
1974	-0.012145	80.970801	4.156069	0.003909	16.6
1975	-0.010916	80.254319	4.185478	0.002754	15.3
1976	-0.009540	81.179079	4.147597	0.004486	14.2
1977	-0.013151	81.795832	4.122713	0.003272	14.9
1978	-0.010726	82.795231	4.083017	0.003197	15.0
1979	-0.009841	82.054804	4.112353	0.002115	14.2
1980	-0.010182	82.159315	4.108186	0.003296	14.4
1981	-0.011737	82.026812	4.113470	0.002213	16.9
1982	-0.012300	81.229047	4.145570	0.004831	14.4
1983	-0.009551	80.394742	4.179681	0.003727	14.7
1984	-0.014018	79.526850	4.215766	0.003009	14.4
1985	-0.011676	78.770482	4.247726	0.003264	15.4
1986	-0.008319	77.908625	4.284739	0.003239	14.2
1987	-0.014093	77.041760	4.322624	0.004604	14.3
1988	-0.009723	76.180956	4.360913	0.001923	18.2
1989	-0.010563	75.426062	4.395053	0.005205	19.6
1990	-0.010969	76.228084	4.358799	0.003319	14.3
1991	-0.011157	76.369061	4.352488	0.005449	18.6
1992	-0.008721	77.368753	4.308255	0.002034	14.6
1993	-0.009074	77.004825	4.324253	0.003873	14.9
1994	-0.013383	76.902831	4.328758	0.005107	17.2
1995	-0.010050	76.038760	4.367303	0.003708	14.7
1996	-0.010531	76.456256	4.348594	0.002184	14.6
1997	-0.009820	75.598378	4.387213	0.003560	14.6
1998	-0.015434	75.122084	4.408952	0.004347	15.6
1999	-0.011864	76.122074	4.363557	0.003816	14.5
