1:ItNr	2:Metric	3a:Time	3b:StepSize	4:||Gradient||	Time[ms]
0	-0.620325	0.000000	81.201853	0.007563	206.1
1	-0.637683	0.000000	81.201853	0.007917	25.4
2	-0.643570	0.000000	81.201853	0.007832	26.8
3	-0.650122	0.000000	81.201853	0.007727	25.4
4	-0.653170	0.000000	81.201853	0.006907	25.4
5	-0.663710	0.000000	81.201853	0.007178	25.6
6	-0.666161	0.000000	81.201853	0.007069	25.1
7	-0.663010	0.000000	81.201853	0.006951	25.8
8	-0.676958	0.000000	81.201853	0.007005	25.0
9	-0.672933	0.000000	81.201853	0.007032	25.8
10	-0.704916	0.000000	81.201853	0.006366	26.5
11	-0.694236	0.000000	81.201853	0.006467	28.0
12	-0.706752	0.000000	81.201853	0.006454	29.6
13	-0.708850	0.000000	81.201853	0.006167	27.1
14	-0.717328	0.000000	81.201853	0.006097	31.8
15	-0.707726	0.000000	81.201853	0.005795	26.8
16	-0.727310	0.000000	81.201853	0.005451	30.9
17	-0.718180	0.000000	81.201853	0.005614	26.0
18	-0.738172	0.000000	81.201853	0.005365	29.5
19	-0.746897	0.000000	81.201853	0.005344	26.9
20	-0.760184	0.000000	81.201853	0.005200	31.4
21	-0.756297	0.000000	81.201853	0.004948	28.8
22	-0.749347	0.000000	81.201853	0.004906	26.3
23	-0.757103	0.000000	81.201853	0.004902	30.5
24	-0.750139	0.000000	81.201853	0.004738	26.4
25	-0.756296	0.000000	81.201853	0.004560	31.4
26	-0.748318	0.000000	81.201853	0.004386	26.5
27	-0.772505	0.000000	81.201853	0.004644	28.6
28	-0.773745	0.000000	81.201853	0.004402	26.1
29	-0.775503	0.000000	81.201853	0.004759	31.1
30	-0.778872	0.000000	81.201853	0.004129	26.7
31	-0.773524	0.000000	81.201853	0.004246	30.5
32	-0.795183	0.000000	81.201853	0.004081	27.3
33	-0.778469	0.000000	81.201853	0.003989	25.3
34	-0.783490	0.000000	81.201853	0.004010	27.5
35	-0.792706	0.000000	81.201853	0.003656	27.1
36	-0.783400	0.000000	81.201853	0.003911	28.2
37	-0.780424	0.000000	81.201853	0.003645	25.4
38	-0.784687	0.000000	81.201853	0.003855	29.5
39	-0.805971	0.000000	81.201853	0.003416	25.0
40	-0.812237	0.000000	81.201853	0.003410	28.6
41	-0.800700	0.000000	81.201853	0.003372	26.3
42	-0.796451	0.000000	81.201853	0.003479	28.4
43	-0.793932	0.000000	81.201853	0.003572	25.4
44	-0.811871	0.000000	81.201853	0.003684	28.1
45	-0.800644	0.000000	81.201853	0.003094	25.2
46	-0.798308	0.000000	81.201853	0.003497	27.2
47	-0.795193	0.000000	81.201853	0.003477	25.6
48	-0.816408	0.000000	81.201853	0.003057	27.6
49	-0.823871	0.000000	81.201853	0.003391	25.3
50	-0.811985	0.000000	81.201853	0.002929	28.7
51	-0.809006	0.000000	81.201853	0.003171	25.2
52	-0.819465	0.000000	81.201853	0.003189	27.2
53	-0.806676	0.000000	81.201853	0.003000	25.1
54	-0.820311	0.000000	81.201853	0.002882	27.0
55	-0.824358	0.000000	81.201853	0.003094	25.2
56	-0.816273	0.000000	81.201853	0.002939	27.4
57	-0.815168	0.000000	81.201853	0.003000	25.2
58	-0.822600	0.000000	81.201853	0.002992	28.4
59	-0.829817	0.000000	81.201853	0.002810	25.3
60	-0.813614	0.000000	81.201853	0.003045	29.9
61	-0.818750	0.000000	81.201853	0.003004	25.2
62	-0.831778	0.000000	81.201853	0.002781	29.3
63	-0.820637	0.000000	81.201853	0.003114	25.4
64	-0.827452	0.000000	81.201853	0.002760	27.6
65	-0.822477	0.000000	81.201853	0.002821	25.4
66	-0.826117	0.000000	81.201853	0.002878	26.8
67	-0.812112	0.000000	81.201853	0.002757	25.3
68	-0.839018	0.000000	81.201853	0.002782	25.8
69	-0.827174	0.000000	81.201853	0.002828	25.4
70	-0.822313	0.000000	81.201853	0.002855	25.8
71	-0.836797	0.000000	81.201853	0.002869	25.1
72	-0.841923	0.000000	81.201853	0.002732	26.2
73	-0.838807	0.000000	81.201853	0.002727	25.3
74	-0.824946	0.000000	81.201853	0.002761	25.9
75	-0.820813	0.000000	81.201853	0.002897	26.3
76	-0.844356	0.000000	81.201853	0.002690	27.0
77	-0.844696	0.000000	81.201853	0.002786	25.1
78	-0.841324	0.000000	81.201853	0.002711	25.9
79	-0.829598	0.000000	81.201853	0.002806	25.1
80	-0.832710	0.000000	81.201853	0.002863	26.7
81	-0.838818	0.000000	81.201853	0.002892	25.2
82	-0.856214	0.000000	81.201853	0.002881	25.6
83	-0.835561	0.000000	81.201853	0.002773	25.1
84	-0.848147	0.000000	81.201853	0.002634	26.5
85	-0.849412	0.000000	81.201853	0.002718	25.3
86	-0.853627	0.000000	81.201853	0.002760	25.5
87	-0.850534	0.000000	81.201853	0.002599	25.1
88	-0.859677	0.000000	81.201853	0.002868	25.7
89	-0.850671	0.000000	81.201853	0.002607	25.2
90	-0.856677	0.000000	81.201853	0.002731	26.0
91	-0.835725	0.000000	81.201853	0.002659	24.9
92	-0.853598	0.000000	81.201853	0.002636	26.0
93	-0.846487	0.000000	81.201853	0.002691	25.5
94	-0.840462	0.000000	81.201853	0.002692	25.8
95	-0.850046	0.000000	81.201853	0.002652	25.1
96	-0.860856	0.000000	81.201853	0.002561	25.9
97	-0.842904	0.000000	81.201853	0.002779	25.0
98	-0.846301	0.000000	81.201853	0.002586	25.8
99	-0.858323	0.000000	81.201853	0.002808	25.3
100	-0.854160	0.000000	81.201853	0.002734	26.4
101	-0.843880	0.000000	81.201853	0.002801	25.4
102	-0.850196	0.000000	81.201853	0.002669	25.8
103	-0.847712	0.000000	81.201853	0.002500	25.0
104	-0.855519	0.000000	81.201853	0.002631	25.6
105	-0.855303	0.000000	81.201853	0.002498	25.9
106	-0.865353	0.000000	81.201853	0.002746	25.7
107	-0.854518	0.000000	81.201853	0.002678	26.0
108	-0.841396	0.000000	81.201853	0.002674	25.8
109	-0.864091	0.000000	81.201853	0.002607	25.7
110	-0.869655	0.000000	81.201853	0.002566	25.3
111	-0.868156	0.000000	81.201853	0.002564	25.6
112	-0.860806	0.000000	81.201853	0.002574	25.8
113	-0.864167	0.000000	81.201853	0.002531	24.9
114	-0.860345	0.000000	81.201853	0.002655	26.5
115	-0.849559	0.000000	81.201853	0.002530	25.5
116	-0.868128	0.000000	81.201853	0.002507	25.2
117	-0.854787	0.000000	81.201853	0.002525	24.9
118	-0.864163	0.000000	81.201853	0.002425	25.7
119	-0.867292	0.000000	81.201853	0.002712	25.0
120	-0.869187	0.000000	81.201853	0.002646	26.3
121	-0.860721	0.000000	81.201853	0.002508	24.9
122	-0.863411	0.000000	81.201853	0.002602	25.5
123	-0.868444	0.000000	81.201853	0.002628	25.0
124	-0.859192	0.000000	81.201853	0.002610	26.4
125	-0.870707	0.000000	81.201853	0.002426	25.0
126	-0.874670	0.000000	81.201853	0.002549	25.7
127	-0.875309	0.000000	81.201853	0.002706	24.9
128	-0.874532	0.000000	81.201853	0.002516	25.5
129	-0.873374	0.000000	81.201853	0.002438	26.5
130	-0.863326	0.000000	81.201853	0.002457	25.4
131	-0.869742	0.000000	81.201853	0.002476	31.1
132	-0.875552	0.000000	81.201853	0.002548	24.8
133	-0.873067	0.000000	81.201853	0.002344	24.9
134	-0.859572	0.000000	81.201853	0.002536	25.6
135	-0.875910	0.000000	81.201853	0.002483	24.9
136	-0.880369	0.000000	81.201853	0.002373	25.5
137	-0.874068	0.000000	81.201853	0.002450	25.0
138	-0.878836	0.000000	81.201853	0.002443	25.6
139	-0.889474	0.000000	81.201853	0.002438	25.1
140	-0.873993	0.000000	81.201853	0.002500	26.0
141	-0.881905	0.000000	81.201853	0.002387	24.7
142	-0.896603	0.000000	81.201853	0.002486	25.7
143	-0.873258	0.000000	81.201853	0.002457	24.9
144	-0.883251	0.000000	81.201853	0.002471	26.3
145	-0.880773	0.000000	81.201853	0.002346	25.0
146	-0.875013	0.000000	81.201853	0.002530	25.6
147	-0.879760	0.000000	81.201853	0.002411	25.0
148	-0.885478	0.000000	81.201853	0.002360	25.5
149	-0.879492	0.000000	81.201853	0.002461	25.0
150	-0.896182	0.000000	81.201853	0.002383	25.6
151	-0.888543	0.000000	81.201853	0.002365	24.9
152	-0.879970	0.000000	81.201853	0.002454	25.6
153	-0.896160	0.000000	81.201853	0.002457	25.7
154	-0.887537	0.000000	81.201853	0.002439	25.4
155	-0.877682	0.000000	81.201853	0.002479	25.0
156	-0.888775	0.000000	81.201853	0.002319	25.4
157	-0.888984	0.000000	81.201853	0.002422	24.8
158	-0.882360	0.000000	81.201853	0.002252	25.7
159	-0.894869	0.000000	81.201853	0.002430	24.8
160	-0.882943	0.000000	81.201853	0.002332	25.5
161	-0.883269	0.000000	81.201853	0.002330	24.8
162	-0.885188	0.000000	81.201853	0.002362	25.5
163	-0.890784	0.000000	81.201853	0.002248	24.9
164	-0.875571	0.000000	81.201853	0.002313	26.0
165	-0.882760	0.000000	81.201853	0.002353	25.0
166	-0.888805	0.000000	81.201853	0.002277	25.5
167	-0.879164	0.000000	81.201853	0.002312	24.7
168	-0.900024	0.000000	81.201853	0.002207	26.0
169	-0.885939	0.000000	81.201853	0.002384	24.5
170	-0.895874	0.000000	81.201853	0.002281	25.7
171	-0.892509	0.000000	81.201853	0.002183	24.7
172	-0.891839	0.000000	81.201853	0.002352	25.6
173	-0.891544	0.000000	81.201853	0.002260	24.8
174	-0.897693	0.000000	81.201853	0.002341	25.7
175	-0.897956	0.000000	81.201853	0.002197	24.8
176	-0.901720	0.000000	81.201853	0.002304	25.6
177	-0.896827	0.000000	81.201853	0.002154	24.8
178	-0.877116	0.000000	81.201853	0.002319	26.0
179	-0.897729	0.000000	81.201853	0.002247	24.8
180	-0.897754	0.000000	81.201853	0.002237	26.1
181	-0.891620	0.000000	81.201853	0.002262	25.1
182	-0.882017	0.000000	81.201853	0.002291	25.3
183	-0.892093	0.000000	81.201853	0.002341	24.7
184	-0.903865	0.000000	81.201853	0.002195	26.3
185	-0.909679	0.000000	81.201853	0.002101	24.6
186	-0.896837	0.000000	81.201853	0.002157	25.6
187	-0.908607	0.000000	81.201853	0.002154	25.1
188	-0.912161	0.000000	81.201853	0.002095	26.2
189	-0.899816	0.000000	81.201853	0.002189	24.9
190	-0.901117	0.000000	81.201853	0.002161	26.2
191	-0.909183	0.000000	81.201853	0.002108	24.6
192	-0.915057	0.000000	81.201853	0.002202	25.5
193	-0.907866	0.000000	81.201853	0.002331	24.9
194	-0.906412	0.000000	81.201853	0.002142	25.5
195	-0.895720	0.000000	81.201853	0.002220	24.7
196	-0.891360	0.000000	81.201853	0.002106	26.6
197	-0.906439	0.000000	81.201853	0.002262	24.7
198	-0.900382	0.000000	81.201853	0.002252	25.2
199	-0.906885	0.000000	81.201853	0.002155	24.7
200	-0.909206	0.000000	81.201853	0.002180	25.6
201	-0.896025	0.000000	81.201853	0.002202	24.7
202	-0.896134	0.000000	81.201853	0.002108	25.6
203	-0.914343	0.000000	81.201853	0.002249	24.7
204	-0.919106	0.000000	81.201853	0.002144	25.6
205	-0.902968	0.000000	81.201853	0.002208	24.9
206	-0.892832	0.000000	81.201853	0.002173	25.9
207	-0.903291	0.000000	81.201853	0.002054	25.1
208	-0.910409	0.000000	81.201853	0.002186	25.4
209	-0.912935	0.000000	81.201853	0.002082	24.9
210	-0.914820	0.000000	81.201853	0.002106	26.0
211	-0.898809	0.000000	81.201853	0.002164	24.8
212	-0.908506	0.000000	81.201853	0.001938	25.7
213	-0.912406	0.000000	81.201853	0.001968	24.6
214	-0.901552	0.000000	81.201853	0.002086	25.6
215	-0.916939	0.000000	81.201853	0.002095	24.5
216	-0.922618	0.000000	81.201853	0.002159	26.0
217	-0.900358	0.000000	81.201853	0.002111	24.8
218	-0.907189	0.000000	81.201853	0.002149	25.5
219	-0.919851	0.000000	81.201853	0.002117	24.8
220	-0.905806	0.000000	81.201853	0.002080	25.5
221	-0.906933	0.000000	81.201853	0.002053	24.7
222	-0.909832	0.000000	81.201853	0.002050	25.8
223	-0.916395	0.000000	81.201853	0.002071	25.1
224	-0.898093	0.000000	81.201853	0.002069	25.6
225	-0.937417	0.000000	81.201853	0.001965	25.4
226	-0.911683	0.000000	81.201853	0.002177	25.6
227	-0.894618	0.000000	81.201853	0.002003	30.2
228	-0.911232	0.000000	81.201853	0.002073	25.0
229	-0.919536	0.000000	81.201853	0.002086	25.1
230	-0.913369	0.000000	81.201853	0.002021	26.2
231	-0.912643	0.000000	81.201853	0.002091	24.7
232	-0.921050	0.000000	81.201853	0.002044	26.3
233	-0.928933	0.000000	81.201853	0.002131	24.7
234	-0.909807	0.000000	81.201853	0.001976	25.2
235	-0.917356	0.000000	81.201853	0.001910	24.7
236	-0.918925	0.000000	81.201853	0.001959	25.5
237	-0.922078	0.000000	81.201853	0.001994	24.7
238	-0.926883	0.000000	81.201853	0.001982	25.4
239	-0.912745	0.000000	81.201853	0.001929	24.5
240	-0.912084	0.000000	81.201853	0.002112	25.9
241	-0.922726	0.000000	81.201853	0.002005	24.7
242	-0.929408	0.000000	81.201853	0.001987	25.9
243	-0.929520	0.000000	81.201853	0.001950	24.6
244	-0.924884	0.000000	81.201853	0.002000	25.9
245	-0.916871	0.000000	81.201853	0.002028	24.7
246	-0.912299	0.000000	81.201853	0.001885	25.6
247	-0.920888	0.000000	81.201853	0.001978	24.6
248	-0.922951	0.000000	81.201853	0.002084	25.9
249	-0.928761	0.000000	81.201853	0.001921	24.6
250	-0.903743	0.000000	81.201853	0.001889	26.1
251	-0.922629	0.000000	81.201853	0.001873	24.5
252	-0.912680	0.000000	81.201853	0.001921	25.9
253	-0.922065	0.000000	81.201853	0.002119	24.6
254	-0.926010	0.000000	81.201853	0.001886	26.3
255	-0.924894	0.000000	81.201853	0.001815	26.6
256	-0.920331	0.000000	81.201853	0.001942	25.4
257	-0.915073	0.000000	81.201853	0.001814	24.5
258	-0.925981	0.000000	81.201853	0.001881	25.3
259	-0.918641	0.000000	81.201853	0.001892	24.8
260	-0.924290	0.000000	81.201853	0.001912	25.4
261	-0.918524	0.000000	81.201853	0.001864	25.1
262	-0.928007	0.000000	81.201853	0.001879	25.3
263	-0.917380	0.000000	81.201853	0.001954	25.3
264	-0.936950	0.000000	81.201853	0.001821	25.2
265	-0.932128	0.000000	81.201853	0.001989	24.6
266	-0.931902	0.000000	81.201853	0.001949	25.7
267	-0.918102	0.000000	81.201853	0.001894	24.6
268	-0.921623	0.000000	81.201853	0.001899	26.6
269	-0.926533	0.000000	81.201853	0.001763	25.8
270	-0.918981	0.000000	81.201853	0.001944	27.2
271	-0.921896	0.000000	81.201853	0.001770	25.9
272	-0.930467	0.000000	81.201853	0.001805	24.9
273	-0.923280	0.000000	81.201853	0.001851	24.7
274	-0.923787	0.000000	81.201853	0.001816	25.3
275	-0.931179	0.000000	81.201853	0.001828	25.2
276	-0.943843	0.000000	81.201853	0.001748	25.2
277	-0.927245	0.000000	81.201853	0.001859	28.9
278	-0.918150	0.000000	81.201853	0.001803	24.5
279	-0.937220	0.000000	81.201853	0.001871	24.5
280	-0.932926	0.000000	81.201853	0.001710	25.1
281	-0.930661	0.000000	81.201853	0.001748	24.8
282	-0.926984	0.000000	81.201853	0.001941	25.7
283	-0.942675	0.000000	81.201853	0.001710	24.7
284	-0.929116	0.000000	81.201853	0.001820	25.5
285	-0.936438	0.000000	81.201853	0.001774	24.6
286	-0.949525	0.000000	81.201853	0.001722	27.3
287	-0.932972	0.000000	81.201853	0.001958	24.7
288	-0.920274	0.000000	81.201853	0.001723	25.6
289	-0.917461	0.000000	81.201853	0.001812	24.5
290	-0.942090	0.000000	81.201853	0.001807	26.4
291	-0.939825	0.000000	81.201853	0.001705	24.5
292	-0.942553	0.000000	81.201853	0.001841	25.1
293	-0.957298	0.000000	81.201853	0.001715	24.5
294	-0.931990	0.000000	81.201853	0.001688	25.4
295	-0.945778	0.000000	81.201853	0.001627	24.6
296	-0.914851	0.000000	81.201853	0.001757	28.0
297	-0.941937	0.000000	81.201853	0.001630	24.5
298	-0.919692	0.000000	81.201853	0.001772	26.2
299	-0.925794	0.000000	81.201853	0.001739	24.7
300	-0.937099	0.000000	81.201853	0.001676	25.0
301	-0.924425	0.000000	81.201853	0.001748	24.4
302	-0.930415	0.000000	81.201853	0.001775	25.6
303	-0.925924	0.000000	81.201853	0.001647	24.5
304	-0.923998	0.000000	81.201853	0.001690	25.7
305	-0.928967	0.000000	81.201853	0.001677	24.3
306	-0.935147	0.000000	81.201853	0.001693	26.9
307	-0.921974	0.000000	81.201853	0.001870	24.4
308	-0.940583	0.000000	81.201853	0.001663	25.7
309	-0.948644	0.000000	81.201853	0.001607	24.6
310	-0.932139	0.000000	81.201853	0.001987	26.6
311	-0.934537	0.000000	81.201853	0.001761	24.5
312	-0.943073	0.000000	81.201853	0.001639	25.5
313	-0.944338	0.000000	81.201853	0.001654	24.6
314	-0.937805	0.000000	81.201853	0.001736	25.6
315	-0.948921	0.000000	81.201853	0.001802	26.8
316	-0.938639	0.000000	81.201853	0.001960	24.9
317	-0.937417	0.000000	81.201853	0.001780	24.4
318	-0.952638	0.000000	81.201853	0.001727	26.7
319	-0.938311	0.000000	81.201853	0.001623	25.6
320	-0.931342	0.000000	81.201853	0.001845	25.3
321	-0.939502	0.000000	81.201853	0.001740	24.4
322	-0.929675	0.000000	81.201853	0.001658	28.7
323	-0.943073	0.000000	81.201853	0.001637	27.8
324	-0.938365	0.000000	81.201853	0.001615	24.3
325	-0.949465	0.000000	81.201853	0.001610	26.5
326	-0.939356	0.000000	81.201853	0.001736	24.5
327	-0.929311	0.000000	81.201853	0.001676	26.1
328	-0.939112	0.000000	81.201853	0.001610	24.5
329	-0.947143	0.000000	81.201853	0.001682	25.1
330	-0.930280	0.000000	81.201853	0.001609	25.3
331	-0.936402	0.000000	81.201853	0.001692	24.3
332	-0.936577	0.000000	81.201853	0.001666	25.5
333	-0.937377	0.000000	81.201853	0.001659	24.6
334	-0.943660	0.000000	81.201853	0.001511	25.7
335	-0.937374	0.000000	81.201853	0.001597	25.5
336	-0.938521	0.000000	81.201853	0.001787	25.2
337	-0.946344	0.000000	81.201853	0.001626	24.6
338	-0.940904	0.000000	81.201853	0.001525	26.4
339	-0.939398	0.000000	81.201853	0.001557	24.4
340	-0.947475	0.000000	81.201853	0.001500	25.5
341	-0.946273	0.000000	81.201853	0.001523	25.2
342	-0.938684	0.000000	81.201853	0.001560	27.7
343	-0.961306	0.000000	81.201853	0.001615	24.3
344	-0.935989	0.000000	81.201853	0.001547	25.8
345	-0.955199	0.000000	81.201853	0.001571	24.4
346	-0.931403	0.000000	81.201853	0.001583	25.2
347	-0.960978	0.000000	81.201853	0.001481	26.3
348	-0.950552	0.000000	81.201853	0.001539	25.4
349	-0.941434	0.000000	81.201853	0.001556	24.4
350	-0.953024	0.000000	81.201853	0.001566	25.5
351	-0.952021	0.000000	81.201853	0.001531	24.4
352	-0.933770	0.000000	81.201853	0.001578	26.0
353	-0.944739	0.000000	81.201853	0.001536	24.3
354	-0.941808	0.000000	81.201853	0.001600	25.9
355	-0.944088	0.000000	81.201853	0.001627	24.4
356	-0.941876	0.000000	81.201853	0.001625	25.9
357	-0.938428	0.000000	81.201853	0.001586	24.5
358	-0.952012	0.000000	81.201853	0.001484	24.4
359	-0.937978	0.000000	81.201853	0.001586	25.2
360	-0.933051	0.000000	81.201853	0.001670	24.4
361	-0.947599	0.000000	81.201853	0.001519	25.6
362	-0.940829	0.000000	81.201853	0.001562	24.5
363	-0.943816	0.000000	81.201853	0.001553	26.0
364	-0.950149	0.000000	81.201853	0.001538	24.5
365	-0.956248	0.000000	81.201853	0.001532	27.5
366	-0.943818	0.000000	81.201853	0.001550	24.5
367	-0.935471	0.000000	81.201853	0.001894	25.0
368	-0.946028	0.000000	81.201853	0.001556	24.3
369	-0.934242	0.000000	81.201853	0.001516	26.8
370	-0.929243	0.000000	81.201853	0.001522	24.4
371	-0.951338	0.000000	81.201853	0.001498	26.4
372	-0.954412	0.000000	81.201853	0.001508	25.3
373	-0.945072	0.000000	81.201853	0.001571	26.2
374	-0.947779	0.000000	81.201853	0.001599	24.3
375	-0.960729	0.000000	81.201853	0.001451	28.4
376	-0.950019	0.000000	81.201853	0.001493	24.6
377	-0.939735	0.000000	81.201853	0.001428	25.9
378	-0.957247	0.000000	81.201853	0.001410	24.4
379	-0.942887	0.000000	81.201853	0.001519	25.3
380	-0.951048	0.000000	81.201853	0.001457	24.4
381	-0.955400	0.000000	81.201853	0.001435	27.2
382	-0.944505	0.000000	81.201853	0.001540	24.2
383	-0.944924	0.000000	81.201853	0.001389	25.2
384	-0.935169	0.000000	81.201853	0.001481	24.3
385	-0.942920	0.000000	81.201853	0.001534	26.6
386	-0.947611	0.000000	81.201853	0.001580	24.4
387	-0.958164	0.000000	81.201853	0.001406	26.1
388	-0.953281	0.000000	81.201853	0.001393	26.3
389	-0.945559	0.000000	81.201853	0.001620	26.5
390	-0.957034	0.000000	81.201853	0.001411	24.4
391	-0.969935	0.000000	81.201853	0.001666	26.2
392	-0.952279	0.000000	81.201853	0.001621	27.1
393	-0.941947	0.000000	81.201853	0.001547	27.1
394	-0.957364	0.000000	81.201853	0.001506	25.8
395	-0.949947	0.000000	81.201853	0.001367	24.4
396	-0.942549	0.000000	81.201853	0.001386	24.3
397	-0.965593	0.000000	81.201853	0.001496	25.1
398	-0.964876	0.000000	81.201853	0.001638	24.6
399	-0.952630	0.000000	81.201853	0.001674	25.5
400	-0.956064	0.000000	81.201853	0.001525	24.3
401	-0.951178	0.000000	81.201853	0.001554	27.5
402	-0.969916	0.000000	81.201853	0.001510	24.4
403	-0.949802	0.000000	81.201853	0.001430	25.5
404	-0.958895	0.000000	81.201853	0.001489	24.4
405	-0.964527	0.000000	81.201853	0.001469	25.9
406	-0.961339	0.000000	81.201853	0.001425	24.4
407	-0.956746	0.000000	81.201853	0.001534	26.7
408	-0.941687	0.000000	81.201853	0.001576	24.3
409	-0.942191	0.000000	81.201853	0.001538	26.3
410	-0.952491	0.000000	81.201853	0.001500	24.4
411	-0.950183	0.000000	81.201853	0.001405	25.8
412	-0.969944	0.000000	81.201853	0.001477	26.5
413	-0.966148	0.000000	81.201853	0.001813	25.1
414	-0.959646	0.000000	81.201853	0.001562	24.4
415	-0.951911	0.000000	81.201853	0.001422	25.3
416	-0.953856	0.000000	81.201853	0.001538	24.3
417	-0.956680	0.000000	81.201853	0.001537	27.5
418	-0.967454	0.000000	81.201853	0.001365	24.2
419	-0.966448	0.000000	81.201853	0.001677	25.1
420	-0.951501	0.000000	81.201853	0.001311	24.7
421	-0.967514	0.000000	81.201853	0.001469	25.5
422	-0.950286	0.000000	81.201853	0.001498	24.4
423	-0.935756	0.000000	81.201853	0.001486	26.5
424	-0.956667	0.000000	81.201853	0.001455	25.4
425	-0.958083	0.000000	81.201853	0.001465	27.4
426	-0.969336	0.000000	81.201853	0.001408	29.5
427	-0.938595	0.000000	81.201853	0.001413	25.8
428	-0.956604	0.000000	81.201853	0.001442	28.6
429	-0.958144	0.000000	81.201853	0.001570	24.5
430	-0.962802	0.000000	81.201853	0.001324	24.5
431	-0.973368	0.000000	81.201853	0.001432	24.9
432	-0.939182	0.000000	81.201853	0.001623	24.3
433	-0.959350	0.000000	81.201853	0.001297	25.4
434	-0.956695	0.000000	81.201853	0.001304	24.3
435	-0.943886	0.000000	81.201853	0.001620	26.3
436	-0.962605	0.000000	81.201853	0.001421	24.3
437	-0.962318	0.000000	81.201853	0.001397	27.0
438	-0.970679	0.000000	81.201853	0.001535	25.0
439	-0.953663	0.000000	81.201853	0.001449	25.7
440	-0.952096	0.000000	81.201853	0.001333	31.1
441	-0.967270	0.000000	81.201853	0.001563	25.4
442	-0.956759	0.000000	81.201853	0.001486	24.5
443	-0.967604	0.000000	81.201853	0.001581	25.1
444	-0.959771	0.000000	81.201853	0.001422	24.4
445	-0.963885	0.000000	81.201853	0.001314	26.1
446	-0.969573	0.000000	81.201853	0.001789	24.3
447	-0.956447	0.000000	81.201853	0.001460	27.1
448	-0.957510	0.000000	81.201853	0.001326	24.9
449	-0.954791	0.000000	81.201853	0.001280	25.3
450	-0.973771	0.000000	81.201853	0.001444	24.4
451	-0.954139	0.000000	81.201853	0.001236	26.3
452	-0.951861	0.000000	81.201853	0.001388	26.0
453	-0.959648	0.000000	81.201853	0.001371	24.9
454	-0.964248	0.000000	81.201853	0.001362	24.3
455	-0.955824	0.000000	81.201853	0.001410	25.6
456	-0.968018	0.000000	81.201853	0.001357	25.2
457	-0.965941	0.000000	81.201853	0.001307	25.6
458	-0.964242	0.000000	81.201853	0.001278	24.6
459	-0.954098	0.000000	81.201853	0.001209	26.5
460	-0.960227	0.000000	81.201853	0.001453	24.3
461	-0.963367	0.000000	81.201853	0.001517	26.4
462	-0.969551	0.000000	81.201853	0.001387	24.3
463	-0.963542	0.000000	81.201853	0.001294	26.2
464	-0.966038	0.000000	81.201853	0.001289	24.9
465	-0.967705	0.000000	81.201853	0.001330	27.7
466	-0.964837	0.000000	81.201853	0.001354	24.2
467	-0.962949	0.000000	81.201853	0.001431	26.0
468	-0.968929	0.000000	81.201853	0.001460	24.4
469	-0.968246	0.000000	81.201853	0.001343	25.1
470	-0.957904	0.000000	81.201853	0.001281	24.3
471	-0.969400	0.000000	81.201853	0.001417	25.7
472	-0.962894	0.000000	81.201853	0.001306	24.5
473	-0.964121	0.000000	81.201853	0.001231	26.1
474	-0.949231	0.000000	81.201853	0.001506	24.4
475	-0.971692	0.000000	81.201853	0.001336	25.9
476	-0.962185	0.000000	81.201853	0.001320	24.3
477	-0.959161	0.000000	81.201853	0.001290	26.2
478	-0.958583	0.000000	81.201853	0.001267	24.2
479	-0.971963	0.000000	81.201853	0.001375	24.9
480	-0.964205	0.000000	81.201853	0.001316	24.4
481	-0.975362	0.000000	81.201853	0.001318	24.1
482	-0.958550	0.000000	81.201853	0.001266	24.9
483	-0.957926	0.000000	81.201853	0.001195	24.3
484	-0.974447	0.000000	81.201853	0.001271	26.9
485	-0.953707	0.000000	81.201853	0.001305	24.1
486	-0.972881	0.000000	81.201853	0.001191	25.7
487	-0.969149	0.000000	81.201853	0.001227	24.4
488	-0.953505	0.000000	81.201853	0.001388	26.8
489	-0.963577	0.000000	81.201853	0.001554	24.2
490	-0.962300	0.000000	81.201853	0.001285	26.7
491	-0.956933	0.000000	81.201853	0.001338	24.5
492	-0.970968	0.000000	81.201853	0.001340	25.6
493	-0.962009	0.000000	81.201853	0.001450	25.1
494	-0.962278	0.000000	81.201853	0.001244	25.4
495	-0.957056	0.000000	81.201853	0.001267	25.3
496	-0.958038	0.000000	81.201853	0.001215	25.2
497	-0.961372	0.000000	81.201853	0.001465	24.2
498	-0.979652	0.000000	81.201853	0.001294	26.7
499	-0.952900	0.000000	81.201853	0.001202	24.3
500	-0.960451	0.000000	81.201853	0.001225	26.3
501	-0.965818	0.000000	81.201853	0.001259	24.3
502	-0.972211	0.000000	81.201853	0.001523	25.6
503	-0.967712	0.000000	81.201853	0.001280	26.5
504	-0.958074	0.000000	81.201853	0.001332	25.3
505	-0.965213	0.000000	81.201853	0.001493	24.5
506	-0.961128	0.000000	81.201853	0.001254	26.3
507	-0.968160	0.000000	81.201853	0.001183	24.2
508	-0.961652	0.000000	81.201853	0.001358	26.8
509	-0.967457	0.000000	81.201853	0.001367	24.2
510	-0.971869	0.000000	81.201853	0.001272	25.2
511	-0.970384	0.000000	81.201853	0.001211	24.3
512	-0.965092	0.000000	81.201853	0.001383	26.1
513	-0.959584	0.000000	81.201853	0.001208	24.3
514	-0.972611	0.000000	81.201853	0.001371	26.5
515	-0.961442	0.000000	81.201853	0.001372	24.3
516	-0.973717	0.000000	81.201853	0.001277	26.6
517	-0.964445	0.000000	81.201853	0.001150	26.7
518	-0.982451	0.000000	81.201853	0.001227	25.0
519	-0.967716	0.000000	81.201853	0.001336	24.3
520	-0.975689	0.000000	81.201853	0.001220	25.5
521	-0.960952	0.000000	81.201853	0.001340	24.1
522	-0.978246	0.000000	81.201853	0.001241	27.6
523	-0.970265	0.000000	81.201853	0.001631	24.1
524	-0.961788	0.000000	81.201853	0.001148	25.4
525	-0.952751	0.000000	81.201853	0.001138	24.3
526	-0.962156	0.000000	81.201853	0.001245	27.2
527	-0.973075	0.000000	81.201853	0.001205	24.2
528	-0.974264	0.000000	81.201853	0.001210	25.7
529	-0.954187	0.000000	81.201853	0.001383	24.4
530	-0.971623	0.000000	81.201853	0.001212	26.4
531	-0.977529	0.000000	81.201853	0.001298	24.0
532	-0.968338	0.000000	81.201853	0.001296	26.1
533	-0.968168	0.000000	81.201853	0.001261	24.3
534	-0.966001	0.000000	81.201853	0.001291	25.9
535	-0.970177	0.000000	81.201853	0.001305	24.6
536	-0.968220	0.000000	81.201853	0.001242	26.0
537	-0.958814	0.000000	81.201853	0.001217	24.3
538	-0.968282	0.000000	81.201853	0.001269	26.1
539	-0.973917	0.000000	81.201853	0.001295	24.2
540	-0.969376	0.000000	81.201853	0.001142	24.5
541	-0.983461	0.000000	81.201853	0.001305	24.8
542	-0.967919	0.000000	81.201853	0.001183	24.3
543	-0.959566	0.000000	81.201853	0.001331	25.5
544	-0.971941	0.000000	81.201853	0.001185	24.2
545	-0.969058	0.000000	81.201853	0.001411	27.2
546	-0.955969	0.000000	81.201853	0.001373	25.3
547	-0.978395	0.000000	81.201853	0.001327	28.0
548	-0.976468	0.000000	81.201853	0.001169	24.3
549	-0.969470	0.000000	81.201853	0.001285	26.5
550	-0.965174	0.000000	81.201853	0.001482	24.2
551	-0.975133	0.000000	81.201853	0.001266	24.9
552	-0.966110	0.000000	81.201853	0.001313	24.2
553	-0.965507	0.000000	81.201853	0.001203	26.1
554	-0.962909	0.000000	81.201853	0.001156	24.2
555	-0.962452	0.000000	81.201853	0.001155	26.7
556	-0.971847	0.000000	81.201853	0.001234	24.2
557	-0.975335	0.000000	81.201853	0.001044	26.3
558	-0.972759	0.000000	81.201853	0.001317	24.1
559	-0.965468	0.000000	81.201853	0.001142	27.0
560	-0.976189	0.000000	81.201853	0.001172	24.3
561	-0.969664	0.000000	81.201853	0.001079	25.4
562	-0.975157	0.000000	81.201853	0.001190	25.7
563	-0.973102	0.000000	81.201853	0.001183	27.0
564	-0.977894	0.000000	81.201853	0.001144	24.2
565	-0.955208	0.000000	81.201853	0.001191	24.7
566	-0.982029	0.000000	81.201853	0.001151	24.2
567	-0.968372	0.000000	81.201853	0.001236	25.8
568	-0.970889	0.000000	81.201853	0.001215	24.3
569	-0.977925	0.000000	81.201853	0.001303	26.1
570	-0.971488	0.000000	81.201853	0.001151	24.1
571	-0.982780	0.000000	81.201853	0.001180	26.5
572	-0.980623	0.000000	81.201853	0.001241	24.4
573	-0.975619	0.000000	81.201853	0.001247	25.0
574	-0.970269	0.000000	81.201853	0.001252	24.6
575	-0.977780	0.000000	81.201853	0.001118	24.7
576	-0.993200	0.000000	81.201853	0.001156	24.9
577	-0.963111	0.000000	81.201853	0.001213	25.1
578	-0.990137	0.000000	81.201853	0.001138	24.7
579	-0.977212	0.000000	81.201853	0.001063	24.4
580	-0.973499	0.000000	81.201853	0.001171	26.2
581	-0.982508	0.000000	81.201853	0.001119	24.1
582	-0.976196	0.000000	81.201853	0.001207	26.6
583	-0.978547	0.000000	81.201853	0.001116	24.3
584	-0.974158	0.000000	81.201853	0.001223	26.7
585	-0.968156	0.000000	81.201853	0.001166	25.0
586	-0.964051	0.000000	81.201853	0.001202	27.2
587	-0.979084	0.000000	81.201853	0.001066	24.3
588	-0.980701	0.000000	81.201853	0.001010	24.9
589	-0.974405	0.000000	81.201853	0.001177	24.2
590	-0.971535	0.000000	81.201853	0.001133	25.9
591	-0.971646	0.000000	81.201853	0.001275	26.1
592	-0.976100	0.000000	81.201853	0.001050	25.1
593	-0.975982	0.000000	81.201853	0.001135	24.7
594	-0.959431	0.000000	81.201853	0.001104	25.0
595	-0.960475	0.000000	81.201853	0.001132	27.7
596	-0.976659	0.000000	81.201853	0.000976	24.4
597	-0.982222	0.000000	81.201853	0.001119	24.1
598	-0.977396	0.000000	81.201853	0.001085	25.0
599	-0.981410	0.000000	81.201853	0.001275	24.3
600	-0.979302	0.000000	81.201853	0.001098	27.5
601	-0.967567	0.000000	81.201853	0.001111	24.3
602	-0.988568	0.000000	81.201853	0.001049	25.4
603	-0.976096	0.000000	81.201853	0.001009	26.7
604	-0.976890	0.000000	81.201853	0.001190	24.9
605	-0.983439	0.000000	81.201853	0.001163	24.2
606	-0.971365	0.000000	81.201853	0.000998	25.5
607	-0.977726	0.000000	81.201853	0.001188	24.1
608	-0.972958	0.000000	81.201853	0.000939	26.2
609	-0.981576	0.000000	81.201853	0.001411	24.4
610	-0.969223	0.000000	81.201853	0.001129	26.1
611	-0.969829	0.000000	81.201853	0.001086	24.2
612	-0.987508	0.000000	81.201853	0.001077	27.7
613	-0.980672	0.000000	81.201853	0.001236	24.8
614	-0.999194	0.000000	81.201853	0.001104	28.4
615	-0.980679	0.000000	81.201853	0.001213	25.3
616	-0.988088	0.000000	81.201853	0.001308	26.2
617	-0.986490	0.000000	81.201853	0.001169	25.0
618	-0.974821	0.000000	81.201853	0.001361	27.5
619	-0.974652	0.000000	81.201853	0.001046	24.3
620	-0.978894	0.000000	81.201853	0.001133	27.6
621	-0.979981	0.000000	81.201853	0.001245	24.0
622	-0.980271	0.000000	81.201853	0.001116	28.0
623	-0.979504	0.000000	81.201853	0.001085	25.6
624	-0.966824	0.000000	81.201853	0.001145	30.5
625	-0.982481	0.000000	81.201853	0.001276	24.9
626	-0.982403	0.000000	81.201853	0.001006	26.8
627	-0.984875	0.000000	81.201853	0.001469	24.3
628	-0.960637	0.000000	81.201853	0.000984	26.2
629	-0.985663	0.000000	81.201853	0.001162	24.1
630	-0.968733	0.000000	81.201853	0.001313	27.2
631	-0.979890	0.000000	81.201853	0.001070	23.9
632	-0.972592	0.000000	81.201853	0.001376	27.5
633	-0.978964	0.000000	81.201853	0.000987	24.5
634	-0.978678	0.000000	81.201853	0.001143	27.0
635	-0.975690	0.000000	81.201853	0.001327	24.2
636	-0.980619	0.000000	81.201853	0.001094	27.9
637	-0.974947	0.000000	81.201853	0.001110	24.4
638	-0.967340	0.000000	81.201853	0.001086	27.4
639	-0.996991	0.000000	81.201853	0.001007	24.2
640	-0.965109	0.000000	81.201853	0.001174	27.6
641	-0.981000	0.000000	81.201853	0.001057	24.1
642	-0.975112	0.000000	81.201853	0.001038	27.6
643	-0.986021	0.000000	81.201853	0.001352	24.1
644	-0.973761	0.000000	81.201853	0.001032	27.6
645	-0.976775	0.000000	81.201853	0.001096	26.8
646	-0.971726	0.000000	81.201853	0.001085	26.0
647	-0.993829	0.000000	81.201853	0.001136	27.2
648	-0.968175	0.000000	81.201853	0.001078	26.3
649	-0.969489	0.000000	81.201853	0.001169	24.1
650	-0.987557	0.000000	81.201853	0.001066	27.4
651	-0.973393	0.000000	81.201853	0.001260	25.9
652	-0.970832	0.000000	81.201853	0.001081	27.0
653	-0.980276	0.000000	81.201853	0.001167	24.9
654	-0.976853	0.000000	81.201853	0.001071	26.3
655	-0.995677	0.000000	81.201853	0.001133	25.0
656	-0.975138	0.000000	81.201853	0.001073	27.7
657	-0.976113	0.000000	81.201853	0.001238	24.2
658	-0.989180	0.000000	81.201853	0.001116	27.5
659	-0.969510	0.000000	81.201853	0.001101	24.3
660	-0.957426	0.000000	81.201853	0.001250	27.7
661	-0.991947	0.000000	81.201853	0.001070	27.0
662	-0.975249	0.000000	81.201853	0.001039	27.0
663	-0.986512	0.000000	81.201853	0.001160	24.9
664	-0.992089	0.000000	81.201853	0.001025	26.4
665	-0.970825	0.000000	81.201853	0.001112	24.2
666	-0.986490	0.000000	81.201853	0.000940	27.5
667	-0.986206	0.000000	81.201853	0.001008	24.3
668	-0.983358	0.000000	81.201853	0.001104	28.2
669	-0.981977	0.000000	81.201853	0.001063	24.2
670	-0.974614	0.000000	81.201853	0.001018	27.4
671	-0.974456	0.000000	81.201853	0.001200	24.2
672	-0.980562	0.000000	81.201853	0.001225	27.5
673	-0.980889	0.000000	81.201853	0.000965	24.3
674	-0.978430	0.000000	81.201853	0.001280	27.4
675	-0.968301	0.000000	81.201853	0.001211	24.2
676	-0.983210	0.000000	81.201853	0.001057	27.7
677	-0.975565	0.000000	81.201853	0.001136	24.3
678	-0.982707	0.000000	81.201853	0.001294	27.3
679	-0.998477	0.000000	81.201853	0.000997	24.1
680	-0.983508	0.000000	81.201853	0.001036	31.3
681	-0.985905	0.000000	81.201853	0.001244	25.7
682	-0.976549	0.000000	81.201853	0.001060	27.7
683	-0.978617	0.000000	81.201853	0.001116	24.2
684	-0.975408	0.000000	81.201853	0.000977	27.3
685	-0.988359	0.000000	81.201853	0.000989	39.6
686	-0.992844	0.000000	81.201853	0.001056	43.6
687	-0.986982	0.000000	81.201853	0.001034	33.5
688	-0.977379	0.000000	81.201853	0.001124	31.7
689	-0.979454	0.000000	81.201853	0.001078	32.8
690	-0.986790	0.000000	81.201853	0.000940	45.2
691	-0.976527	0.000000	81.201853	0.000934	37.4
692	-0.986813	0.000000	81.201853	0.001052	31.1
693	-0.980001	0.000000	81.201853	0.000878	32.0
694	-0.961733	0.000000	81.201853	0.001191	33.8
695	-0.985027	0.000000	81.201853	0.001040	32.3
696	-0.981673	0.000000	81.201853	0.000977	28.9
697	-0.977521	0.000000	81.201853	0.000981	30.5
698	-0.980283	0.000000	81.201853	0.000978	59.5
699	-0.970249	0.000000	81.201853	0.000998	43.5
700	-0.977744	0.000000	81.201853	0.001244	43.8
701	-0.988447	0.000000	81.201853	0.001079	37.0
702	-0.967902	0.000000	81.201853	0.001003	37.4
703	-0.980734	0.000000	81.201853	0.001061	36.9
704	-0.981629	0.000000	81.201853	0.001225	33.6
705	-0.991716	0.000000	81.201853	0.001052	31.1
706	-0.987307	0.000000	81.201853	0.000959	31.8
707	-0.976183	0.000000	81.201853	0.001066	33.2
708	-0.967357	0.000000	81.201853	0.001124	37.4
709	-0.974022	0.000000	81.201853	0.001000	36.9
710	-0.993702	0.000000	81.201853	0.001059	36.4
711	-0.986107	0.000000	81.201853	0.000934	36.7
712	-0.980269	0.000000	81.201853	0.000971	30.1
713	-0.977099	0.000000	81.201853	0.001016	29.4
714	-0.969627	0.000000	81.201853	0.001101	39.4
715	-0.967431	0.000000	81.201853	0.001012	31.5
716	-0.981695	0.000000	81.201853	0.000903	30.6
717	-0.984304	0.000000	81.201853	0.001152	36.2
718	-0.979836	0.000000	81.201853	0.000875	24.6
719	-0.974683	0.000000	81.201853	0.001121	25.3
720	-0.975576	0.000000	81.201853	0.001023	24.7
721	-0.987578	0.000000	81.201853	0.001031	24.1
722	-0.992341	0.000000	81.201853	0.001093	25.5
723	-0.982034	0.000000	81.201853	0.000947	29.7
724	-0.992547	0.000000	81.201853	0.000950	31.9
725	-0.983066	0.000000	81.201853	0.001039	34.3
726	-0.974408	0.000000	81.201853	0.000999	28.2
727	-0.982740	0.000000	81.201853	0.001033	33.1
728	-0.979987	0.000000	81.201853	0.001229	29.6
729	-0.994969	0.000000	81.201853	0.001125	31.5
730	-0.972062	0.000000	81.201853	0.000914	32.6
731	-0.978458	0.000000	81.201853	0.000939	29.0
732	-0.979533	0.000000	81.201853	0.001061	32.7
733	-0.983081	0.000000	81.201853	0.001256	28.1
734	-0.991650	0.000000	81.201853	0.000877	33.1
735	-0.988467	0.000000	81.201853	0.001050	30.6
736	-0.993471	0.000000	81.201853	0.001050	24.2
737	-0.979972	0.000000	81.201853	0.001037	32.3
738	-0.981181	0.000000	81.201853	0.000891	36.1
739	-0.995904	0.000000	81.201853	0.001022	25.6
740	-0.985103	0.000000	81.201853	0.000964	33.2
741	-0.987607	0.000000	81.201853	0.001017	32.6
742	-1.000931	0.000000	81.201853	0.000850	26.6
743	-0.975608	0.000000	81.201853	0.001193	30.6
744	-0.985706	0.000000	81.201853	0.001021	30.9
745	-0.987303	0.000000	81.201853	0.000871	37.4
746	-0.974516	0.000000	81.201853	0.001000	25.2
747	-0.995545	0.000000	81.201853	0.001002	31.3
748	-0.975856	0.000000	81.201853	0.000864	24.2
749	-0.981464	0.000000	81.201853	0.001020	25.5
750	-0.976193	0.000000	81.201853	0.001277	28.1
751	-0.990085	0.000000	81.201853	0.000931	33.0
752	-0.991590	0.000000	81.201853	0.001035	35.0
753	-0.994266	0.000000	81.201853	0.000859	30.2
754	-0.981405	0.000000	81.201853	0.001313	32.1
755	-0.996179	0.000000	81.201853	0.000983	30.8
756	-0.999802	0.000000	81.201853	0.001066	31.3
757	-0.985940	0.000000	81.201853	0.000982	35.8
758	-0.979303	0.000000	81.201853	0.001115	25.4
759	-0.990345	0.000000	81.201853	0.001015	34.1
760	-0.971140	0.000000	81.201853	0.001106	24.5
761	-0.993891	0.000000	81.201853	0.001033	24.2
762	-0.987349	0.000000	81.201853	0.000924	24.5
763	-0.980422	0.000000	81.201853	0.000909	25.2
764	-0.982295	0.000000	81.201853	0.001202	25.6
765	-0.996746	0.000000	81.201853	0.001085	33.1
766	-1.001326	0.000000	81.201853	0.000928	29.4
767	-0.981642	0.000000	81.201853	0.001106	30.9
768	-0.991342	0.000000	81.201853	0.000906	29.1
769	-0.990301	0.000000	81.201853	0.001169	30.4
770	-0.982101	0.000000	81.201853	0.001013	32.3
771	-0.985364	0.000000	81.201853	0.001186	32.9
772	-0.991623	0.000000	81.201853	0.000960	32.1
773	-0.987433	0.000000	81.201853	0.000972	25.0
774	-0.976476	0.000000	81.201853	0.001466	24.6
775	-0.992078	0.000000	81.201853	0.000992	25.1
776	-0.992884	0.000000	81.201853	0.001014	24.4
777	-0.986500	0.000000	81.201853	0.000956	24.5
778	-0.973115	0.000000	81.201853	0.000798	27.1
779	-0.977131	0.000000	81.201853	0.001153	26.3
780	-0.991891	0.000000	81.201853	0.001033	25.5
781	-0.986843	0.000000	81.201853	0.000961	25.3
782	-0.977261	0.000000	81.201853	0.000829	34.5
783	-0.979744	0.000000	81.201853	0.000809	24.2
784	-0.979401	0.000000	81.201853	0.000883	25.5
785	-0.983121	0.000000	81.201853	0.001416	24.2
786	-0.979064	0.000000	81.201853	0.000831	24.6
787	-0.991119	0.000000	81.201853	0.001217	30.8
788	-0.985857	0.000000	81.201853	0.000900	37.1
789	-0.996138	0.000000	81.201853	0.000882	24.9
790	-0.985620	0.000000	81.201853	0.001045	37.6
791	-0.987001	0.000000	81.201853	0.001029	24.3
792	-0.987800	0.000000	81.201853	0.001071	25.4
793	-0.985697	0.000000	81.201853	0.000903	24.0
794	-1.000449	0.000000	81.201853	0.000976	25.1
795	-0.989164	0.000000	81.201853	0.000921	25.5
796	-0.991969	0.000000	81.201853	0.001153	25.3
797	-0.983724	0.000000	81.201853	0.001037	32.2
798	-0.981019	0.000000	81.201853	0.001015	26.5
799	-0.982017	0.000000	81.201853	0.001062	27.9
800	-0.988993	0.000000	81.201853	0.000990	25.6
801	-0.985212	0.000000	81.201853	0.001072	34.1
802	-0.978083	0.000000	81.201853	0.001028	27.5
803	-1.000978	0.000000	81.201853	0.001045	42.2
804	-0.995113	0.000000	81.201853	0.001064	33.1
805	-0.974809	0.000000	81.201853	0.001026	37.2
806	-0.991509	0.000000	81.201853	0.000847	28.0
807	-0.998873	0.000000	81.201853	0.000931	35.3
808	-0.983753	0.000000	81.201853	0.001135	34.6
809	-0.976531	0.000000	81.201853	0.000885	25.9
810	-0.985183	0.000000	81.201853	0.001045	34.7
811	-0.971216	0.000000	81.201853	0.000887	34.5
812	-1.000262	0.000000	81.201853	0.001073	30.5
813	-0.991780	0.000000	81.201853	0.001143	33.8
814	-0.993934	0.000000	81.201853	0.000979	33.3
815	-0.994929	0.000000	81.201853	0.001019	30.1
816	-0.992938	0.000000	81.201853	0.000934	34.8
817	-0.980790	0.000000	81.201853	0.001196	35.6
818	-0.984856	0.000000	81.201853	0.001095	35.1
819	-0.991432	0.000000	81.201853	0.001048	38.1
820	-0.999456	0.000000	81.201853	0.001032	39.7
821	-0.988553	0.000000	81.201853	0.001089	26.8
822	-0.998174	0.000000	81.201853	0.000993	44.5
823	-0.980786	0.000000	81.201853	0.000867	35.9
824	-0.990849	0.000000	81.201853	0.001016	41.3
825	-0.983927	0.000000	81.201853	0.000961	34.5
826	-0.992130	0.000000	81.201853	0.000856	27.3
827	-0.979649	0.000000	81.201853	0.000938	24.3
828	-1.003939	0.000000	81.201853	0.001090	25.8
829	-0.973016	0.000000	81.201853	0.000965	24.5
830	-1.009789	0.000000	81.201853	0.001082	24.9
831	-0.992368	0.000000	81.201853	0.001116	27.7
832	-0.997586	0.000000	81.201853	0.000900	30.1
833	-0.978828	0.000000	81.201853	0.001304	24.8
834	-0.984454	0.000000	81.201853	0.000881	29.1
835	-0.981211	0.000000	81.201853	0.001134	30.4
836	-0.986339	0.000000	81.201853	0.001079	27.7
837	-0.994517	0.000000	81.201853	0.000984	26.1
838	-0.982831	0.000000	81.201853	0.001577	28.2
839	-0.992843	0.000000	81.201853	0.000860	24.4
840	-0.998358	0.000000	81.201853	0.000933	33.0
841	-0.975869	0.000000	81.201853	0.001017	24.6
842	-0.994934	0.000000	81.201853	0.001087	26.8
843	-0.994710	0.000000	81.201853	0.000802	31.2
844	-0.984067	0.000000	81.201853	0.000800	28.8
845	-0.996508	0.000000	81.201853	0.000894	25.1
846	-0.990886	0.000000	81.201853	0.001117	27.3
847	-0.979326	0.000000	81.201853	0.000925	25.1
848	-0.996028	0.000000	81.201853	0.000839	26.3
849	-0.994864	0.000000	81.201853	0.000765	32.5
850	-0.993163	0.000000	81.201853	0.001033	24.5
851	-0.992514	0.000000	81.201853	0.000942	25.4
852	-0.984069	0.000000	81.201853	0.000954	30.3
853	-0.990859	0.000000	81.201853	0.000844	34.1
854	-0.988607	0.000000	81.201853	0.000992	24.5
855	-0.996770	0.000000	81.201853	0.000852	27.9
856	-0.990184	0.000000	81.201853	0.001275	25.2
857	-1.003174	0.000000	81.201853	0.000846	27.9
858	-0.988486	0.000000	81.201853	0.001225	30.2
859	-0.977855	0.000000	81.201853	0.000776	28.3
860	-0.995158	0.000000	81.201853	0.000792	24.6
861	-0.984413	0.000000	81.201853	0.000852	26.8
862	-0.989779	0.000000	81.201853	0.000864	24.3
863	-0.975993	0.000000	81.201853	0.001046	27.6
864	-0.992148	0.000000	81.201853	0.000895	24.2
865	-1.000028	0.000000	81.201853	0.000783	27.8
866	-0.985474	0.000000	81.201853	0.001183	24.5
867	-0.993917	0.000000	81.201853	0.001016	31.5
868	-0.988528	0.000000	81.201853	0.000951	24.2
869	-0.986767	0.000000	81.201853	0.000784	26.8
870	-0.988534	0.000000	81.201853	0.001149	24.1
871	-0.995962	0.000000	81.201853	0.001278	26.6
872	-0.981377	0.000000	81.201853	0.000910	24.0
873	-0.981702	0.000000	81.201853	0.000890	26.9
874	-0.995426	0.000000	81.201853	0.001108	24.1
875	-0.991452	0.000000	81.201853	0.000836	27.6
876	-1.002226	0.000000	81.201853	0.000985	24.2
877	-0.987501	0.000000	81.201853	0.000874	27.8
878	-0.985107	0.000000	81.201853	0.000978	24.5
879	-1.004378	0.000000	81.201853	0.001103	27.5
880	-0.986450	0.000000	81.201853	0.000778	24.2
881	-0.987047	0.000000	81.201853	0.001072	27.5
882	-1.000582	0.000000	81.201853	0.000785	24.8
883	-1.006558	0.000000	81.201853	0.000935	27.3
884	-0.983356	0.000000	81.201853	0.000851	24.2
885	-0.997604	0.000000	81.201853	0.000858	27.6
886	-0.997105	0.000000	81.201853	0.000785	24.3
887	-1.000206	0.000000	81.201853	0.001053	27.3
888	-0.983034	0.000000	81.201853	0.000915	24.1
889	-1.002848	0.000000	81.201853	0.000764	31.3
890	-0.966861	0.000000	81.201853	0.000811	24.9
891	-1.002950	0.000000	81.201853	0.000833	26.8
892	-1.004324	0.000000	81.201853	0.000986	24.2
893	-0.991920	0.000000	81.201853	0.000895	28.2
894	-0.994698	0.000000	81.201853	0.000992	24.0
895	-0.993873	0.000000	81.201853	0.001031	26.3
896	-0.993272	0.000000	81.201853	0.000912	24.0
897	-0.998771	0.000000	81.201853	0.000964	27.2
898	-1.000367	0.000000	81.201853	0.000820	24.1
899	-0.989362	0.000000	81.201853	0.000765	27.9
900	-0.994452	0.000000	81.201853	0.000924	24.3
901	-0.984358	0.000000	81.201853	0.000831	27.4
902	-0.989715	0.000000	81.201853	0.001097	24.1
903	-0.998664	0.000000	81.201853	0.000872	27.8
904	-0.993173	0.000000	81.201853	0.000915	24.1
905	-0.987868	0.000000	81.201853	0.000833	26.2
906	-0.990412	0.000000	81.201853	0.000838	24.1
907	-1.001398	0.000000	81.201853	0.001268	27.3
908	-0.979529	0.000000	81.201853	0.000874	24.6
909	-1.001659	0.000000	81.201853	0.000857	24.2
910	-0.984804	0.000000	81.201853	0.000854	24.9
911	-0.987958	0.000000	81.201853	0.001211	24.0
912	-0.997319	0.000000	81.201853	0.000835	25.6
913	-1.004405	0.000000	81.201853	0.001053	24.0
914	-0.989076	0.000000	81.201853	0.000725	24.7
915	-0.993161	0.000000	81.201853	0.001049	24.1
916	-0.999808	0.000000	81.201853	0.000796	23.9
917	-0.982782	0.000000	81.201853	0.000810	24.9
918	-1.008406	0.000000	81.201853	0.001017	24.1
919	-1.001249	0.000000	81.201853	0.001053	25.6
920	-0.991833	0.007838	81.171556	0.000789	23.9
921	-0.997292	0.000000	81.201853	0.000808	26.2
922	-0.983820	0.000000	81.201853	0.000880	26.1
923	-0.981244	0.000000	81.201853	0.000980	26.7
924	-0.994230	0.000000	81.201853	0.000875	23.8
925	-0.984492	0.000000	81.201853	0.000758	27.7
926	-0.987478	0.000000	81.201853	0.000991	23.9
927	-0.993638	0.000000	81.201853	0.000851	27.2
928	-0.987746	0.000000	81.201853	0.001305	23.9
929	-0.999752	0.000000	81.201853	0.000758	28.0
930	-0.992836	0.000000	81.201853	0.000863	23.8
931	-0.980633	0.000000	81.201853	0.000935	27.6
932	-0.991591	0.000000	81.201853	0.000811	25.9
933	-0.984291	0.000000	81.201853	0.000818	26.7
934	-0.994276	0.000000	81.201853	0.000818	24.2
935	-0.982354	0.000000	81.201853	0.000773	26.7
936	-0.979447	0.000000	81.201853	0.000919	24.1
937	-0.991623	0.000000	81.201853	0.000972	26.8
938	-0.997155	0.000000	81.201853	0.000867	25.0
939	-0.980098	0.000000	81.201853	0.001058	27.3
940	-0.990602	0.000000	81.201853	0.000699	23.9
941	-0.997309	0.000000	81.201853	0.001047	27.5
942	-0.996809	0.000000	81.201853	0.000798	24.1
943	-0.983132	0.000000	81.201853	0.000797	26.7
944	-0.996867	0.000000	81.201853	0.001003	24.0
945	-0.997476	0.000000	81.201853	0.000968	27.3
946	-0.994663	0.000000	81.201853	0.000883	23.9
947	-0.987407	0.000000	81.201853	0.001017	27.3
948	-0.986585	0.000000	81.201853	0.000950	24.0
949	-1.007400	0.000000	81.201853	0.000862	27.2
950	-0.992472	0.000000	81.201853	0.000878	24.2
951	-1.003772	0.000000	81.201853	0.000776	27.4
952	-1.001732	0.000000	81.201853	0.000973	24.2
953	-1.000359	0.000000	81.201853	0.000938	27.1
954	-0.999988	0.000000	81.201853	0.000898	23.9
955	-1.009599	0.000000	81.201853	0.000739	26.7
956	-0.984925	0.000000	81.201853	0.000998	24.1
957	-0.996277	0.000000	81.201853	0.000738	27.4
958	-1.011184	0.000000	81.201853	0.000834	24.2
959	-0.995701	0.000000	81.201853	0.000879	27.4
960	-0.984432	0.000000	81.201853	0.000795	24.3
961	-0.995604	0.000000	81.201853	0.000974	28.1
962	-0.992000	0.000000	81.201853	0.000943	25.3
963	-1.003217	0.000000	81.201853	0.001035	26.3
964	-0.999702	0.000000	81.201853	0.000769	24.1
965	-0.992200	0.000000	81.201853	0.000860	27.7
966	-0.998903	0.000000	81.201853	0.000749	24.0
967	-1.007955	0.000000	81.201853	0.001001	27.2
968	-0.992689	0.000000	81.201853	0.000962	24.4
969	-0.988449	0.000000	81.201853	0.000698	27.4
970	-1.000905	0.000000	81.201853	0.000729	24.0
971	-0.995234	0.000000	81.201853	0.000870	27.4
972	-0.997143	0.000000	81.201853	0.000752	24.0
973	-0.993533	0.000000	81.201853	0.000679	26.9
974	-0.983432	0.000000	81.201853	0.000982	24.9
975	-0.995421	0.000000	81.201853	0.000966	25.9
976	-0.998599	0.000000	81.201853	0.000720	24.0
977	-0.976710	0.000000	81.201853	0.001040	25.2
978	-0.995136	0.000000	81.201853	0.000691	24.7
979	-0.997547	0.000000	81.201853	0.001008	24.1
980	-0.999963	0.000000	81.201853	0.000766	25.7
981	-1.006945	0.000000	81.201853	0.000829	24.3
982	-0.988245	0.000000	81.201853	0.000910	30.7
983	-0.995885	0.000000	81.201853	0.001025	24.3
984	-1.001151	0.000000	81.201853	0.000841	24.5
985	-0.995100	0.000000	81.201853	0.000670	24.1
986	-0.994046	0.000000	81.201853	0.000827	35.3
987	-0.989569	0.000000	81.201853	0.000716	40.2
988	-0.994420	0.000000	81.201853	0.000719	28.9
989	-0.990458	0.000000	81.201853	0.001215	30.0
990	-0.998810	0.000000	81.201853	0.000753	26.5
991	-1.002388	0.000000	81.201853	0.000776	24.2
992	-1.000749	0.000000	81.201853	0.000751	24.1
993	-0.998934	0.000000	81.201853	0.000769	24.8
994	-1.000651	0.000000	81.201853	0.000779	23.8
995	-0.988453	0.000000	81.201853	0.001118	27.2
996	-1.002650	0.000000	81.201853	0.000957	24.0
997	-0.991549	0.000974	81.198088	0.000974	27.9
998	-1.010891	0.000000	81.201853	0.000733	25.2
999	-1.003303	0.000000	81.201853	0.000689	25.7
1000	-0.986827	0.000000	81.201853	0.000773	24.0
1001	-0.996814	0.000000	81.201853	0.000722	25.6
1002	-0.994417	0.000000	81.201853	0.000965	23.9
1003	-0.977261	0.000000	81.201853	0.000676	26.9
1004	-1.013406	0.000000	81.201853	0.000880	23.9
1005	-0.997504	0.000000	81.201853	0.000840	27.3
1006	-0.995189	0.000000	81.201853	0.000740	24.5
1007	-1.001410	0.000000	81.201853	0.000882	24.8
1008	-0.999882	0.000000	81.201853	0.000746	24.3
1009	-0.993599	0.000000	81.201853	0.000674	27.1
1010	-0.987118	0.000000	81.201853	0.000822	23.8
1011	-0.993734	0.000000	81.201853	0.000989	27.0
1012	-1.004774	0.000000	81.201853	0.000806	24.0
1013	-0.990461	0.000000	81.201853	0.001099	42.7
1014	-0.992753	0.000000	81.201853	0.000873	41.0
1015	-0.991652	0.000000	81.201853	0.000799	38.0
1016	-0.991850	0.000000	81.201853	0.000703	24.1
1017	-0.992341	0.000000	81.201853	0.000764	24.2
1018	-0.989542	0.000000	81.201853	0.000983	24.9
1019	-0.988905	0.000000	81.201853	0.000832	23.9
1020	-0.985153	0.000000	81.201853	0.000781	25.3
1021	-0.989012	0.000000	81.201853	0.000734	23.8
1022	-0.996193	0.000000	81.201853	0.000725	25.9
1023	-0.990919	0.000000	81.201853	0.000831	23.9
1024	-0.988739	0.000000	81.201853	0.001094	27.5
1025	-1.007919	0.000000	81.201853	0.000977	24.2
1026	-0.998982	0.033651	81.071940	0.000738	26.4
1027	-0.989448	0.000000	81.201853	0.000731	23.9
1028	-0.994935	0.000000	81.201853	0.000615	27.3
1029	-0.995859	0.000000	81.201853	0.000939	24.1
1030	-1.001003	0.000000	81.201853	0.000767	27.4
1031	-0.990619	0.000000	81.201853	0.000755	24.0
1032	-1.001577	0.000000	81.201853	0.000967	26.8
1033	-0.999892	0.000000	81.201853	0.000919	24.0
1034	-1.010046	0.000000	81.201853	0.000784	32.3
1035	-0.984657	0.000000	81.201853	0.000860	28.8
1036	-1.002077	0.000000	81.201853	0.000707	23.9
1037	-0.993919	0.000000	81.201853	0.000702	26.1
1038	-1.006149	0.000000	81.201853	0.000747	24.1
1039	-0.997181	0.000000	81.201853	0.000837	27.4
1040	-1.007065	0.000000	81.201853	0.000757	23.9
1041	-0.995773	0.000000	81.201853	0.000890	27.4
1042	-0.995863	0.000000	81.201853	0.000767	24.0
1043	-1.003936	0.000000	81.201853	0.001006	27.3
1044	-0.993440	0.000000	81.201853	0.001083	25.0
1045	-0.987392	0.000000	81.201853	0.000927	26.5
1046	-1.000931	0.000000	81.201853	0.000708	24.0
1047	-0.998971	0.000000	81.201853	0.000596	27.4
1048	-1.009815	0.000000	81.201853	0.000760	24.1
1049	-0.992780	0.000000	81.201853	0.000794	27.2
1050	-1.005921	0.000000	81.201853	0.000768	23.9
1051	-1.002337	0.000000	81.201853	0.000911	28.3
1052	-0.987121	0.000000	81.201853	0.000746	24.1
1053	-0.996529	0.000000	81.201853	0.000858	27.4
1054	-1.005330	0.000000	81.201853	0.000817	23.8
1055	-1.001367	0.000000	81.201853	0.000767	27.2
1056	-0.994544	0.000000	81.201853	0.001099	24.1
1057	-1.004692	0.000000	81.201853	0.000810	28.3
1058	-0.993820	0.000000	81.201853	0.000733	24.0
1059	-0.998673	0.000000	81.201853	0.000747	27.3
1060	-1.001146	0.000000	81.201853	0.000698	24.2
1061	-0.996199	0.000000	81.201853	0.000713	27.2
1062	-0.987127	0.000000	81.201853	0.000831	24.0
1063	-1.008158	0.000000	81.201853	0.000813	27.1
1064	-0.997702	0.000000	81.201853	0.000810	23.9
1065	-1.010097	0.000000	81.201853	0.000696	31.3
1066	-0.989501	0.000000	81.201853	0.000925	23.9
1067	-1.003210	0.000000	81.201853	0.000864	26.5
1068	-1.016362	0.025248	81.104344	0.000735	23.8
1069	-1.005609	0.000000	81.201853	0.000684	26.3
1070	-1.014416	0.000000	81.201853	0.000739	24.1
1071	-0.991881	0.000000	81.201853	0.000834	29.2
1072	-0.994569	0.000000	81.201853	0.000637	27.1
1073	-1.001586	0.000000	81.201853	0.000763	30.3
1074	-0.992540	0.000000	81.201853	0.000836	29.5
1075	-1.001833	0.000000	81.201853	0.000724	26.7
1076	-0.982454	0.000000	81.201853	0.000632	28.7
1077	-0.998562	0.000000	81.201853	0.000921	27.3
1078	-1.003564	0.000000	81.201853	0.000674	26.4
1079	-0.983868	0.000000	81.201853	0.000854	27.2
1080	-0.995964	0.000000	81.201853	0.000674	39.1
1081	-0.983147	0.000000	81.201853	0.000624	29.1
1082	-0.997252	0.000000	81.201853	0.001020	29.9
1083	-1.001269	0.000000	81.201853	0.000784	28.0
1084	-0.997076	0.000000	81.201853	0.001032	28.5
1085	-0.996745	0.000000	81.201853	0.000779	30.9
1086	-1.008644	0.000000	81.201853	0.000659	24.2
1087	-0.994605	0.000000	81.201853	0.000703	29.4
1088	-1.004852	0.000000	81.201853	0.000722	36.0
1089	-0.993121	0.000000	81.201853	0.000884	36.7
1090	-0.990152	0.000000	81.201853	0.000822	33.5
1091	-0.994995	0.000000	81.201853	0.000731	28.5
1092	-1.010882	0.000000	81.201853	0.000710	31.9
1093	-0.998914	0.000000	81.201853	0.000847	25.7
1094	-0.996369	0.000000	81.201853	0.000707	28.6
1095	-1.003165	0.000000	81.201853	0.000985	27.0
1096	-1.001230	0.000000	81.201853	0.000855	27.2
1097	-0.996347	0.000000	81.201853	0.000781	28.6
1098	-1.005569	0.000000	81.201853	0.000899	35.0
1099	-1.004338	0.000000	81.201853	0.000755	29.4
1100	-0.998582	0.000000	81.201853	0.000860	31.0
1101	-0.999646	0.000000	81.201853	0.000881	33.6
1102	-1.008084	0.000000	81.201853	0.000786	29.7
1103	-0.998874	0.000000	81.201853	0.000940	32.1
1104	-1.006965	0.000000	81.201853	0.000828	28.2
1105	-0.998971	0.000000	81.201853	0.000650	28.6
1106	-0.990342	0.000000	81.201853	0.001002	27.9
1107	-0.991202	0.000000	81.201853	0.000590	26.0
1108	-1.005872	0.000000	81.201853	0.000763	29.3
1109	-0.995370	0.000000	81.201853	0.000748	24.0
1110	-0.996711	0.000000	81.201853	0.000928	31.4
1111	-1.003157	0.000000	81.201853	0.000979	24.1
1112	-1.007514	0.000000	81.201853	0.000593	30.5
1113	-0.994752	0.000000	81.201853	0.000639	25.8
1114	-0.992260	0.000000	81.201853	0.000683	26.9
1115	-0.997897	0.000000	81.201853	0.000647	24.0
1116	-0.985282	0.000000	81.201853	0.001023	24.4
1117	-0.996376	0.000000	81.201853	0.000637	28.0
1118	-0.992588	0.000000	81.201853	0.000664	25.2
1119	-0.987440	0.000000	81.201853	0.000819	29.0
1120	-1.005933	0.000000	81.201853	0.000715	26.4
1121	-0.991535	0.000000	81.201853	0.000714	27.5
1122	-0.996417	0.000000	81.201853	0.000892	42.6
1123	-1.006740	0.000000	81.201853	0.000918	28.4
1124	-0.985437	0.000000	81.201853	0.000711	27.7
1125	-0.990113	0.000000	81.201853	0.000696	24.1
1126	-1.001604	0.000000	81.201853	0.000565	27.2
1127	-1.004712	0.000000	81.201853	0.000766	30.1
1128	-1.008999	0.000000	81.201853	0.000907	27.2
1129	-1.007970	0.000000	81.201853	0.000638	29.6
1130	-0.996419	0.000000	81.201853	0.000672	24.6
1131	-1.008074	0.000000	81.201853	0.000738	23.7
1132	-0.985304	0.000000	81.201853	0.000738	27.2
1133	-0.997592	0.000000	81.201853	0.000837	25.2
1134	-1.011025	0.000000	81.201853	0.000804	28.4
1135	-1.007012	0.000000	81.201853	0.000581	24.2
1136	-1.000964	0.000000	81.201853	0.000763	29.9
1137	-0.996208	0.000000	81.201853	0.000757	23.9
1138	-1.008763	0.000000	81.201853	0.000840	24.9
1139	-0.991186	0.000000	81.201853	0.000770	24.1
1140	-0.988552	0.000000	81.201853	0.001132	32.5
1141	-0.995131	0.006591	81.176377	0.000632	25.0
1142	-1.000746	0.000000	81.201853	0.000702	31.0
1143	-1.013222	0.000000	81.201853	0.001173	26.7
1144	-1.001841	0.000000	81.201853	0.000810	23.8
1145	-0.997345	0.000000	81.201853	0.000643	25.3
1146	-1.008323	0.000000	81.201853	0.000844	24.0
1147	-0.995178	0.000000	81.201853	0.000898	29.9
1148	-0.997814	0.000000	81.201853	0.000771	25.6
1149	-1.001816	0.000523	81.199831	0.000835	31.9
1150	-0.985515	0.000000	81.201853	0.000887	23.9
1151	-1.004039	0.000000	81.201853	0.000750	26.6
1152	-0.997413	0.000000	81.201853	0.000798	24.5
1153	-0.997230	0.000000	81.201853	0.000727	28.1
1154	-0.997998	0.000000	81.201853	0.000588	23.8
1155	-0.991890	0.000000	81.201853	0.000540	26.4
1156	-0.996139	0.000000	81.201853	0.000679	26.9
1157	-1.017203	0.000000	81.201853	0.000658	24.0
1158	-1.002927	0.000000	81.201853	0.000697	24.6
1159	-0.996898	0.000000	81.201853	0.000728	23.9
1160	-1.008884	0.000000	81.201853	0.000586	30.7
1161	-0.989874	0.000000	81.201853	0.000702	25.3
1162	-1.000567	0.000000	81.201853	0.000857	28.1
1163	-1.011031	0.000000	81.201853	0.000673	23.9
1164	-1.003193	0.000000	81.201853	0.001034	24.6
1165	-1.006153	0.000000	81.201853	0.000784	24.3
1166	-1.005304	0.008240	81.170002	0.000666	31.3
1167	-0.996082	0.000000	81.201853	0.000676	29.1
1168	-1.009107	0.000000	81.201853	0.000605	30.3
1169	-1.000083	0.000000	81.201853	0.000668	27.4
1170	-0.994468	0.000000	81.201853	0.000672	23.9
1171	-0.997640	0.000000	81.201853	0.000592	27.5
1172	-0.992213	0.000000	81.201853	0.000617	24.0
1173	-1.002597	0.000000	81.201853	0.000597	31.6
1174	-1.006849	0.000000	81.201853	0.000876	24.5
1175	-1.003405	0.000000	81.201853	0.000716	30.0
1176	-0.992896	0.000000	81.201853	0.000940	23.9
1177	-0.998854	0.000000	81.201853	0.000668	25.6
1178	-0.994263	0.000000	81.201853	0.000664	23.8
1179	-1.000852	0.000000	81.201853	0.000602	31.6
1180	-1.012825	0.000000	81.201853	0.000784	26.8
1181	-1.003658	0.000000	81.201853	0.000709	32.0
1182	-0.993897	0.000000	81.201853	0.000764	25.5
1183	-0.985200	0.000000	81.201853	0.000684	24.6
1184	-0.995965	0.000000	81.201853	0.000664	23.8
1185	-0.990498	0.000000	81.201853	0.000776	26.9
1186	-1.009187	0.000000	81.201853	0.000681	29.1
1187	-1.003688	0.000000	81.201853	0.000604	24.4
1188	-0.998208	0.000000	81.201853	0.000803	30.9
1189	-0.990708	0.000000	81.201853	0.000837	24.1
1190	-1.000789	0.003389	81.188752	0.000839	24.4
1191	-0.998571	0.000000	81.201853	0.000646	24.6
1192	-1.006811	0.000000	81.201853	0.000904	29.5
1193	-1.003126	0.000000	81.201853	0.000944	24.8
1194	-1.009745	0.000000	81.201853	0.000605	28.2
1195	-1.000152	0.000000	81.201853	0.000745	23.8
1196	-1.012113	0.000000	81.201853	0.000638	23.9
1197	-1.010367	0.000000	81.201853	0.001019	25.4
1198	-1.004057	0.000000	81.201853	0.000673	23.9
1199	-1.000100	0.000000	81.201853	0.000549	33.1
1200	-1.002850	0.000000	81.201853	0.000703	25.6
1201	-0.989812	0.000000	81.201853	0.000626	24.1
1202	-1.013781	0.000000	81.201853	0.000655	25.2
1203	-0.991215	0.000000	81.201853	0.000701	25.3
1204	-1.009273	0.000000	81.201853	0.000687	23.8
1205	-1.001405	0.000000	81.201853	0.000794	26.4
1206	-1.005979	0.000000	81.201853	0.000637	24.0
1207	-1.006426	0.000000	81.201853	0.001027	27.7
1208	-1.007272	0.000000	81.201853	0.000806	23.9
1209	-0.996236	0.000000	81.201853	0.000650	26.1
1210	-1.001375	0.000000	81.201853	0.000605	23.9
1211	-1.009768	0.000000	81.201853	0.000657	28.5
1212	-1.001222	0.000000	81.201853	0.000994	23.8
1213	-0.993779	0.000000	81.201853	0.000768	25.1
1214	-1.013817	0.000000	81.201853	0.000741	23.7
1215	-0.988099	0.000000	81.201853	0.000812	29.8
1216	-1.004109	0.000000	81.201853	0.000603	24.0
1217	-0.999228	0.000000	81.201853	0.000906	24.5
1218	-1.013084	0.000000	81.201853	0.000734	23.8
1219	-1.002916	0.006319	81.177428	0.000827	26.5
1220	-1.000271	0.000000	81.201853	0.000675	23.8
1221	-1.005930	0.000000	81.201853	0.000629	27.4
1222	-1.003890	0.000000	81.201853	0.000787	23.7
1223	-1.000693	0.000000	81.201853	0.000655	27.2
1224	-1.003427	0.000000	81.201853	0.000652	23.6
1225	-1.003732	0.000000	81.201853	0.000792	27.2
1226	-1.003843	0.000000	81.201853	0.000623	23.8
1227	-1.007787	0.000000	81.201853	0.000744	27.2
1228	-0.996244	0.000000	81.201853	0.000625	23.9
1229	-1.001906	0.000000	81.201853	0.000859	27.6
1230	-0.992837	0.000000	81.201853	0.000808	23.7
1231	-1.006085	0.000000	81.201853	0.000630	27.3
1232	-0.996541	0.000000	81.201853	0.000536	25.2
1233	-1.002711	0.000000	81.201853	0.000671	27.4
1234	-1.007629	0.000000	81.201853	0.000945	23.6
1235	-0.996436	0.000000	81.201853	0.000558	27.2
1236	-1.003899	0.000000	81.201853	0.000713	24.8
1237	-1.003735	0.000000	81.201853	0.000588	28.2
1238	-1.009641	0.000000	81.201853	0.000644	24.4
1239	-0.999695	0.000000	81.201853	0.000611	28.0
1240	-1.006065	0.000000	81.201853	0.000560	24.0
1241	-1.010990	0.000000	81.201853	0.000751	27.2
1242	-1.003546	0.000000	81.201853	0.000995	23.8
1243	-1.006812	0.000000	81.201853	0.000741	27.4
1244	-0.995861	0.000000	81.201853	0.000711	23.8
1245	-1.003029	0.000000	81.201853	0.000711	26.9
1246	-1.000589	0.000000	81.201853	0.000555	23.9
1247	-1.000565	0.000000	81.201853	0.000540	27.2
1248	-1.017627	0.000000	81.201853	0.000639	24.0
1249	-0.995449	0.000000	81.201853	0.000664	26.9
1250	-1.003780	0.000000	81.201853	0.000969	26.7
1251	-1.000933	0.000000	81.201853	0.000968	27.1
1252	-1.015524	0.000000	81.201853	0.000829	24.7
1253	-0.998936	0.000000	81.201853	0.000876	27.1
1254	-1.020611	0.000000	81.201853	0.000662	26.9
1255	-0.997214	0.000000	81.201853	0.000937	25.8
1256	-0.992652	0.000000	81.201853	0.000804	26.0
1257	-1.006959	0.014316	81.146533	0.000997	27.0
1258	-0.999501	0.049654	81.010306	0.000566	23.8
1259	-1.004485	0.000000	81.201853	0.000880	27.5
1260	-0.999556	0.000000	81.201853	0.000824	24.0
1261	-0.997687	0.000000	81.201853	0.000568	27.1
1262	-0.994964	0.000000	81.201853	0.000763	25.9
1263	-1.005142	0.000000	81.201853	0.000718	26.9
1264	-1.000929	0.000000	81.201853	0.000736	23.8
1265	-1.006611	0.000000	81.201853	0.000635	26.9
1266	-1.008548	0.000000	81.201853	0.000752	24.7
1267	-1.004806	0.000000	81.201853	0.000751	27.2
1268	-1.007842	0.000000	81.201853	0.001098	23.9
1269	-1.008806	0.000000	81.201853	0.000943	27.6
1270	-1.003276	0.116504	80.753845	0.001023	23.7
1271	-1.008606	0.194440	80.456898	0.000700	27.4
1272	-1.001701	0.167395	80.559698	0.000619	23.7
1273	-1.008560	0.123001	80.729007	0.000513	27.4
1274	-1.015366	0.067476	80.941777	0.000872	23.8
1275	-1.001497	0.000000	81.201853	0.000794	27.5
1276	-1.009622	0.000000	81.201853	0.000806	23.8
1277	-1.001208	0.000000	81.201853	0.000643	25.1
1278	-1.002054	0.000000	81.201853	0.000921	23.9
1279	-1.003141	0.000000	81.201853	0.000789	23.7
1280	-1.005833	0.000000	81.201853	0.000706	24.4
1281	-1.005641	0.000000	81.201853	0.000640	23.7
1282	-1.001207	0.000000	81.201853	0.001049	27.6
1283	-1.001792	0.000000	81.201853	0.000585	23.6
1284	-1.004260	0.000000	81.201853	0.000883	27.6
1285	-1.005429	0.000000	81.201853	0.000573	23.8
1286	-1.008550	0.000000	81.201853	0.000641	27.1
1287	-0.994579	0.000000	81.201853	0.001066	23.7
1288	-0.997288	0.000000	81.201853	0.000601	27.1
1289	-1.020589	0.000000	81.201853	0.000815	25.1
1290	-0.998589	0.000000	81.201853	0.000547	26.1
1291	-1.001671	0.000000	81.201853	0.000879	23.8
1292	-1.008874	0.000000	81.201853	0.000607	27.2
1293	-1.011725	0.000000	81.201853	0.000787	23.8
1294	-1.005997	0.000000	81.201853	0.000801	27.3
1295	-1.009327	0.000000	81.201853	0.000542	23.8
1296	-1.016349	0.000000	81.201853	0.000587	26.0
1297	-0.997009	0.000000	81.201853	0.000864	24.2
1298	-0.994423	0.000000	81.201853	0.001062	25.0
1299	-1.016887	0.000000	81.201853	0.000783	24.1
1300	-1.003710	0.014692	81.145082	0.000928	23.9
1301	-0.984500	0.000000	81.201853	0.000777	27.1
1302	-1.001366	0.002489	81.192231	0.001330	23.6
1303	-1.003181	0.061700	80.963974	0.000875	24.6
1304	-1.003461	0.167015	80.561144	0.000890	23.7
1305	-0.993185	0.211139	80.393557	0.000825	25.6
1306	-1.005733	0.131992	80.694662	0.000846	24.4
1307	-0.994480	0.035511	81.064771	0.000931	29.6
1308	-1.000190	0.071598	80.925941	0.000705	24.2
1309	-1.002234	0.071903	80.924771	0.000672	31.5
1310	-1.006334	0.020676	81.121984	0.000653	24.0
1311	-1.004590	0.000000	81.201853	0.000518	27.4
1312	-1.004082	0.000000	81.201853	0.001100	23.7
1313	-0.989791	0.000000	81.201853	0.000733	27.7
1314	-1.002803	0.000000	81.201853	0.000681	24.6
1315	-0.999767	0.000000	81.201853	0.000570	27.3
1316	-0.994968	0.000000	81.201853	0.000958	23.8
1317	-1.017557	0.000000	81.201853	0.000723	27.0
1318	-1.014534	0.034835	81.067378	0.000648	24.0
1319	-0.997404	0.014726	81.144952	0.000774	25.7
1320	-1.014982	0.000000	81.201853	0.000657	23.6
1321	-1.009825	0.000000	81.201853	0.000655	27.9
1322	-0.999928	0.000000	81.201853	0.000905	23.8
1323	-1.001971	0.003775	81.187259	0.000807	27.2
1324	-1.012167	0.000000	81.201853	0.000698	23.7
1325	-0.993208	0.000000	81.201853	0.000648	27.4
1326	-0.993815	0.000000	81.201853	0.000660	23.8
1327	-1.007611	0.000000	81.201853	0.000581	27.1
1328	-0.999890	0.000000	81.201853	0.000973	24.5
1329	-1.007777	0.000000	81.201853	0.001056	25.4
1330	-1.006667	0.000000	81.201853	0.000993	23.8
1331	-1.002550	0.133229	80.689938	0.000628	27.9
1332	-1.017794	0.099245	80.819901	0.000802	23.7
1333	-1.011360	0.056760	80.982968	0.000669	27.6
1334	-1.010847	0.000000	81.201853	0.000662	23.7
1335	-0.992724	0.000000	81.201853	0.000914	27.2
1336	-1.001897	0.000000	81.201853	0.000832	25.0
1337	-1.002868	0.028236	81.092820	0.000509	23.8
1338	-1.013401	0.000000	81.201853	0.000628	24.4
1339	-1.006331	0.000000	81.201853	0.000659	23.8
1340	-1.009284	0.000000	81.201853	0.000541	27.0
1341	-1.000847	0.000000	81.201853	0.000799	23.7
1342	-1.004772	0.000000	81.201853	0.000599	27.3
1343	-1.009943	0.000000	81.201853	0.000628	24.1
1344	-1.014919	0.000000	81.201853	0.000686	26.9
1345	-0.990848	0.000000	81.201853	0.000689	24.2
1346	-1.009723	0.000000	81.201853	0.000566	26.8
1347	-0.999097	0.000000	81.201853	0.000981	23.8
1348	-0.995947	0.000000	81.201853	0.000872	27.6
1349	-0.997741	0.000000	81.201853	0.000540	23.9
1350	-0.995153	0.000000	81.201853	0.000927	26.1
1351	-1.000211	0.000000	81.201853	0.000547	23.5
1352	-1.007502	0.000000	81.201853	0.000932	27.5
1353	-1.012302	0.000000	81.201853	0.000614	25.3
1354	-1.012347	0.000000	81.201853	0.000765	24.9
1355	-1.002359	0.000000	81.201853	0.000532	23.7
1356	-1.015348	0.000000	81.201853	0.000884	27.7
1357	-1.007524	0.000000	81.201853	0.000641	23.7
1358	-0.992933	0.000000	81.201853	0.000753	27.2
1359	-1.000308	0.000000	81.201853	0.000764	23.7
1360	-1.004842	0.000000	81.201853	0.000787	35.5
1361	-1.008565	0.029244	81.088930	0.000829	23.8
1362	-1.013038	0.066517	80.945462	0.000781	26.9
1363	-0.994201	0.000000	81.201853	0.000609	25.0
1364	-0.997406	0.000000	81.201853	0.000694	24.5
1365	-0.998612	0.000000	81.201853	0.000779	23.9
1366	-1.002846	0.000000	81.201853	0.000553	27.3
1367	-1.001360	0.000000	81.201853	0.000626	24.0
1368	-1.000416	0.000000	81.201853	0.000893	25.0
1369	-0.991096	0.006851	81.175371	0.000801	23.7
1370	-1.010064	0.000000	81.201853	0.000670	27.4
1371	-0.988593	0.000000	81.201853	0.000656	24.0
1372	-1.002724	0.000000	81.201853	0.001131	27.3
1373	-0.989961	0.000000	81.201853	0.000643	23.7
1374	-1.010702	0.000000	81.201853	0.000615	27.9
1375	-0.991183	0.000000	81.201853	0.000637	23.8
1376	-1.014934	0.000000	81.201853	0.000674	26.2
1377	-1.009618	0.000000	81.201853	0.000769	23.8
1378	-1.007330	0.000000	81.201853	0.000632	27.1
1379	-1.015319	0.000000	81.201853	0.000606	23.6
1380	-0.999177	0.000000	81.201853	0.000682	27.3
1381	-1.003035	0.000000	81.201853	0.000779	23.7
1382	-1.016212	0.000000	81.201853	0.000682	27.1
1383	-0.995790	0.000000	81.201853	0.000544	23.6
1384	-0.998306	0.000000	81.201853	0.001063	28.1
1385	-1.010637	0.000000	81.201853	0.000709	23.7
1386	-1.002713	0.055066	80.989484	0.000606	24.6
1387	-1.011408	0.000000	81.201853	0.000527	24.1
1388	-0.999495	0.000000	81.201853	0.000900	24.0
1389	-1.017472	0.000000	81.201853	0.000615	24.3
1390	-1.019550	0.025631	81.102867	0.000651	23.7
1391	-1.023197	0.000000	81.201853	0.000627	25.4
1392	-1.013596	0.000000	81.201853	0.000754	24.8
1393	-1.002528	0.000000	81.201853	0.000513	24.6
1394	-1.003818	0.000000	81.201853	0.000662	24.1
1395	-1.017094	0.000000	81.201853	0.000542	23.8
1396	-1.001866	0.000000	81.201853	0.001014	24.5
1397	-1.002087	0.000000	81.201853	0.000770	23.9
1398	-1.019346	0.000000	81.201853	0.000829	25.5
1399	-0.995482	0.000000	81.201853	0.000791	23.8
1400	-0.999054	0.000325	81.200595	0.000599	26.0
1401	-1.002366	0.000000	81.201853	0.000710	23.6
1402	-1.007987	0.000000	81.201853	0.000821	25.3
1403	-0.999059	0.006205	81.177867	0.000730	23.6
1404	-1.004017	0.000000	81.201853	0.000782	23.8
1405	-1.010445	0.008583	81.168680	0.000576	24.4
1406	-0.999353	0.000000	81.201853	0.000771	23.7
1407	-1.005567	0.000000	81.201853	0.000581	26.1
1408	-0.998437	0.000000	81.201853	0.000732	23.6
1409	-1.014922	0.000000	81.201853	0.000848	23.7
1410	-1.002886	0.000000	81.201853	0.000752	24.6
1411	-1.013051	0.000000	81.201853	0.000574	23.8
1412	-0.993675	0.000000	81.201853	0.000519	26.6
1413	-0.999762	0.000000	81.201853	0.000557	23.7
1414	-1.011850	0.000000	81.201853	0.000660	27.2
1415	-0.996663	0.000000	81.201853	0.000777	24.4
1416	-1.008725	0.000000	81.201853	0.000549	26.7
1417	-1.011924	0.000000	81.201853	0.000922	23.7
1418	-0.991830	0.000000	81.201853	0.000603	27.3
1419	-0.991358	0.000000	81.201853	0.000615	23.8
1420	-0.999642	0.000000	81.201853	0.000686	27.3
1421	-1.006228	0.000000	81.201853	0.000949	23.9
1422	-1.006734	0.000000	81.201853	0.000523	26.7
1423	-1.012372	0.000000	81.201853	0.000569	23.8
1424	-1.013672	0.000000	81.201853	0.000812	27.8
1425	-1.012224	0.000000	81.201853	0.000676	23.5
1426	-1.001657	0.000000	81.201853	0.000551	27.2
1427	-1.001001	0.000000	81.201853	0.000511	24.7
1428	-1.000691	0.000000	81.201853	0.000657	26.2
1429	-1.000338	0.000000	81.201853	0.000660	23.8
1430	-1.006569	0.000000	81.201853	0.000682	27.0
1431	-1.016646	0.000000	81.201853	0.000696	23.7
1432	-1.014272	0.000000	81.201853	0.000810	28.4
1433	-1.013918	0.000000	81.201853	0.000514	23.9
1434	-1.012709	0.000000	81.201853	0.000808	26.1
1435	-1.001002	0.000000	81.201853	0.000822	23.8
1436	-1.007420	0.000000	81.201853	0.000792	27.1
1437	-0.998788	0.000000	81.201853	0.000797	23.8
1438	-1.001786	0.000000	81.201853	0.000651	28.1
1439	-1.005674	0.000000	81.201853	0.000849	23.5
1440	-0.994213	0.000000	81.201853	0.000728	27.5
1441	-1.015587	0.005827	81.179327	0.000841	23.8
1442	-1.003167	0.000000	81.201853	0.000667	26.6
1443	-1.001003	0.024476	81.107319	0.000675	23.7
1444	-1.015377	0.000000	81.201853	0.000687	27.1
1445	-0.999555	0.000000	81.201853	0.000753	26.5
1446	-1.012240	0.000000	81.201853	0.000620	24.3
1447	-0.993250	0.000000	81.201853	0.000573	23.7
1448	-0.999414	0.000000	81.201853	0.000811	26.8
1449	-1.002227	0.000000	81.201853	0.000504	23.7
1450	-1.016949	0.000000	81.201853	0.000819	27.0
1451	-0.989840	0.000000	81.201853	0.000515	26.7
1452	-1.007575	0.000000	81.201853	0.000652	27.0
1453	-1.000555	0.000000	81.201853	0.000620	24.8
1454	-1.000760	0.000000	81.201853	0.000806	27.3
1455	-1.005355	0.000000	81.201853	0.000642	23.7
1456	-1.000177	0.000000	81.201853	0.000797	25.8
1457	-1.002697	0.000000	81.201853	0.000578	23.7
1458	-1.004045	0.000000	81.201853	0.000736	23.7
1459	-1.028975	0.000000	81.201853	0.000762	27.1
1460	-1.004223	0.000000	81.201853	0.000747	24.2
1461	-1.002680	0.000000	81.201853	0.000888	24.9
1462	-1.003114	0.000000	81.201853	0.001117	23.5
1463	-1.006673	0.000000	81.201853	0.000543	25.4
1464	-1.006077	0.000000	81.201853	0.000750	24.4
1465	-0.998949	0.000000	81.201853	0.000548	23.9
1466	-1.006488	0.000000	81.201853	0.001081	24.2
1467	-1.015859	0.000000	81.201853	0.000602	24.3
1468	-1.002942	0.000000	81.201853	0.000581	25.5
1469	-1.016779	0.000000	81.201853	0.000570	23.7
1470	-1.007339	0.000000	81.201853	0.000713	27.3
1471	-1.004154	0.000000	81.201853	0.000744	23.5
1472	-1.004543	0.029388	81.088377	0.001253	26.8
1473	-1.016876	0.154184	80.610007	0.000528	26.7
1474	-1.001146	0.073392	80.919051	0.000507	25.8
1475	-1.002858	0.042504	81.037831	0.000636	26.8
1476	-1.003209	0.000000	81.201853	0.000556	27.3
1477	-1.005255	0.000000	81.201853	0.000603	23.7
1478	-1.004469	0.000000	81.201853	0.000606	26.9
1479	-1.011879	0.000000	81.201853	0.000641	23.9
1480	-1.014057	0.000000	81.201853	0.000688	27.2
1481	-1.010352	0.000000	81.201853	0.000918	23.7
1482	-1.001786	0.000000	81.201853	0.000965	27.3
1483	-1.017328	0.000000	81.201853	0.000653	23.6
1484	-0.993661	0.000000	81.201853	0.000615	27.0
1485	-1.008350	0.000000	81.201853	0.000585	23.6
1486	-1.008264	0.000000	81.201853	0.000538	26.8
1487	-1.011969	0.000000	81.201853	0.001056	23.6
1488	-1.004452	0.000000	81.201853	0.000643	26.1
1489	-0.995938	0.057215	80.981217	0.000778	23.8
1490	-1.001503	0.000000	81.201853	0.000798	25.1
1491	-1.019190	0.007151	81.174210	0.000579	23.9
1492	-0.997514	0.000000	81.201853	0.000477	24.6
1493	-1.002332	0.000000	81.201853	0.000650	24.3
1494	-1.006585	0.000000	81.201853	0.000460	23.7
1495	-0.996458	0.000000	81.201853	0.000853	26.7
1496	-1.010132	0.000000	81.201853	0.001411	23.7
1497	-1.028649	0.176933	80.523412	0.000899	27.1
1498	-1.014126	0.000000	81.201853	0.001060	23.8
1499	-1.017023	0.000000	81.201853	0.000727	27.3
1500	-1.004260	0.065663	80.948742	0.000618	23.8
1501	-1.010523	0.025758	81.102376	0.000917	25.9
1502	-1.012688	0.000000	81.201853	0.000743	23.5
1503	-0.998987	0.053113	80.996995	0.000598	24.4
1504	-1.007145	0.031591	81.079880	0.000909	24.2
1505	-1.000112	0.000000	81.201853	0.000552	23.5
1506	-1.008514	0.013213	81.150794	0.001087	24.9
1507	-1.000390	0.037896	81.055582	0.000572	24.1
1508	-1.015900	0.011917	81.155798	0.000614	25.5
1509	-1.011339	0.000000	81.201853	0.000973	25.5
1510	-1.003138	0.000000	81.201853	0.000877	25.6
1511	-1.008288	0.000000	81.201853	0.000499	24.5
1512	-1.012568	0.000000	81.201853	0.000697	27.5
1513	-1.017541	0.000000	81.201853	0.000499	23.7
1514	-0.998009	0.000000	81.201853	0.000565	25.0
1515	-1.008189	0.000000	81.201853	0.000587	23.9
1516	-1.003649	0.000000	81.201853	0.000874	23.8
1517	-1.004030	0.000000	81.201853	0.000739	24.5
1518	-1.008425	0.046428	81.022722	0.000607	23.6
1519	-1.011460	0.015119	81.143434	0.000546	27.6
1520	-1.001669	0.000000	81.201853	0.000639	23.7
1521	-1.000505	0.000000	81.201853	0.001093	27.1
1522	-1.005066	0.000000	81.201853	0.001057	23.9
1523	-1.003669	0.143215	80.651825	0.000626	27.4
1524	-1.007341	0.163612	80.574095	0.000744	23.8
1525	-1.011012	0.166934	80.561449	0.000525	27.3
1526	-1.011530	0.153018	80.614451	0.000801	23.7
1527	-1.002797	0.168996	80.553602	0.000609	27.1
1528	-0.998763	0.133013	80.690762	0.000821	23.7
1529	-1.004977	0.070061	80.931844	0.000576	27.1
1530	-1.003429	0.017490	81.134280	0.000821	23.8
1531	-1.001077	0.000000	81.201853	0.000586	27.0
1532	-1.019161	0.000000	81.201853	0.000926	23.6
1533	-1.020834	0.013640	81.149147	0.000823	26.4
1534	-1.009862	0.000000	81.201853	0.000455	23.8
1535	-1.020765	0.000000	81.201853	0.000542	27.3
1536	-0.991600	0.000000	81.201853	0.000522	23.7
1537	-1.010861	0.000000	81.201853	0.001072	26.8
1538	-1.009297	0.000000	81.201853	0.000571	23.7
1539	-0.997229	0.000000	81.201853	0.000554	26.9
1540	-1.010443	0.000000	81.201853	0.000539	23.7
1541	-1.002513	0.000000	81.201853	0.000871	24.4
1542	-1.012037	0.000000	81.201853	0.000452	26.6
1543	-1.017495	0.000000	81.201853	0.001542	23.9
1544	-1.010893	0.000000	81.201853	0.000712	25.2
1545	-1.021282	0.012402	81.153927	0.000498	23.6
1546	-1.003154	0.000000	81.201853	0.000825	25.1
1547	-1.005488	0.000000	81.201853	0.000533	24.3
1548	-1.011146	0.000000	81.201853	0.000836	24.4
1549	-1.006680	0.000000	81.201853	0.000778	24.0
1550	-0.997252	0.000000	81.201853	0.000816	23.6
1551	-1.014657	0.000000	81.201853	0.000754	25.4
1552	-1.012688	0.000000	81.201853	0.000664	23.8
1553	-1.012916	0.002157	81.193512	0.000840	25.1
1554	-1.014268	0.026596	81.099142	0.001290	23.7
1555	-0.994716	0.139167	80.667272	0.000639	24.2
1556	-1.026068	0.000000	81.201853	0.000804	24.0
1557	-1.008062	0.000000	81.201853	0.000654	23.7
1558	-1.023058	0.000000	81.201853	0.000540	24.2
1559	-1.003057	0.000000	81.201853	0.000720	26.9
1560	-1.005558	0.000000	81.201853	0.000605	24.3
1561	-0.996691	0.000000	81.201853	0.000624	23.6
1562	-1.010231	0.000000	81.201853	0.000666	27.2
1563	-1.017606	0.001248	81.197027	0.000655	26.2
1564	-1.014103	0.020828	81.121398	0.000552	28.7
1565	-1.009536	0.000000	81.201853	0.000815	24.1
1566	-0.993807	0.000000	81.201853	0.000505	24.2
1567	-1.000663	0.000000	81.201853	0.000873	23.6
1568	-1.008370	0.000000	81.201853	0.001010	27.1
1569	-1.024879	0.000000	81.201853	0.000941	24.4
1570	-1.022071	0.128939	80.706319	0.000765	27.1
1571	-1.006166	0.211050	80.393894	0.001242	23.6
1572	-1.010629	0.352838	79.860059	0.000563	32.5
1573	-1.005868	0.222907	80.348979	0.000863	25.9
1574	-0.998878	0.193425	80.460751	0.000621	27.1
1575	-1.003007	0.177398	80.521644	0.000448	28.2
1576	-0.996858	0.138238	80.670815	0.000711	23.7
1577	-1.005099	0.096237	80.831426	0.000732	23.6
1578	-1.010522	0.054771	80.990617	0.000564	24.4
1579	-1.021203	0.000000	81.201853	0.000602	24.1
1580	-1.015317	0.000000	81.201853	0.000603	27.0
1581	-1.016133	0.000000	81.201853	0.000688	23.7
1582	-1.004147	0.000000	81.201853	0.000528	26.9
1583	-1.016658	0.000000	81.201853	0.000561	23.6
1584	-1.009868	0.000000	81.201853	0.000552	27.4
1585	-1.015072	0.000000	81.201853	0.000746	23.8
1586	-0.998240	0.000000	81.201853	0.000591	27.1
1587	-1.008292	0.006655	81.176129	0.000876	24.3
1588	-1.004683	0.000000	81.201853	0.000917	27.4
1589	-1.010321	0.000000	81.201853	0.000636	24.1
1590	-1.010802	0.028688	81.091073	0.000509	28.0
1591	-1.012672	0.007252	81.173822	0.000512	23.8
1592	-1.001377	0.000000	81.201853	0.000450	25.3
1593	-1.013483	0.000000	81.201853	0.000640	23.6
1594	-1.000356	0.000000	81.201853	0.000526	24.0
1595	-1.015437	0.000000	81.201853	0.000540	24.4
1596	-1.005611	0.000000	81.201853	0.000755	23.9
1597	-1.006277	0.013669	81.149032	0.000510	25.3
1598	-1.003315	0.014352	81.146394	0.000569	23.9
1599	-1.015472	0.000000	81.201853	0.000583	25.6
1600	-1.006080	0.000000	81.201853	0.000671	23.7
1601	-0.999747	0.000000	81.201853	0.000945	23.6
1602	-0.995656	0.000000	81.201853	0.000552	24.4
1603	-0.998541	0.014164	81.147121	0.000769	23.8
1604	-1.017283	0.024717	81.106390	0.000971	25.5
1605	-0.997514	0.000000	81.201853	0.000591	23.5
1606	-1.012945	0.009318	81.165837	0.000485	24.5
1607	-1.008455	0.000000	81.201853	0.000869	23.7
1608	-1.004553	0.000000	81.201853	0.001073	23.4
1609	-1.017483	0.000000	81.201853	0.000841	25.6
1610	-1.016685	0.000000	81.201853	0.000612	23.4
1611	-1.017330	0.025023	81.105210	0.000718	25.2
1612	-1.011373	0.047650	81.018018	0.000680	23.9
1613	-1.011286	0.000000	81.201853	0.000598	24.0
1614	-1.005117	0.012800	81.152389	0.000723	24.3
1615	-1.006645	0.000000	81.201853	0.000562	23.4
1616	-1.004325	0.000000	81.201853	0.000698	25.1
1617	-1.012109	0.000000	81.201853	0.000684	23.6
1618	-1.007394	0.000000	81.201853	0.000786	27.0
1619	-0.998613	0.005586	81.180258	0.000746	23.7
1620	-0.997434	0.025172	81.104636	0.000806	27.8
1621	-1.003604	0.000000	81.201853	0.000579	23.8
1622	-1.012943	0.000000	81.201853	0.000469	27.1
1623	-1.011489	0.000000	81.201853	0.000709	24.0
1624	-1.014576	0.000000	81.201853	0.000478	27.0
1625	-1.003510	0.000000	81.201853	0.000785	23.8
1626	-1.007820	0.000000	81.201853	0.000641	27.1
1627	-1.006539	0.006933	81.175056	0.000694	24.5
1628	-1.005517	0.019922	81.124891	0.000442	26.8
1629	-1.005450	0.000000	81.201853	0.000550	23.7
1630	-1.020073	0.000000	81.201853	0.000693	27.2
1631	-1.025623	0.000000	81.201853	0.000662	23.9
1632	-0.994587	0.013433	81.149945	0.000890	27.0
1633	-1.015373	0.000000	81.201853	0.000802	26.7
1634	-1.001124	0.000000	81.201853	0.000864	26.5
1635	-0.992420	0.000000	81.201853	0.000658	23.6
1636	-1.002279	0.000000	81.201853	0.000595	27.1
1637	-0.991782	0.000000	81.201853	0.000710	23.6
1638	-1.013652	0.000000	81.201853	0.000850	27.2
1639	-1.004350	0.033641	81.071981	0.000692	23.7
1640	-1.012639	0.000000	81.201853	0.000664	26.5
1641	-1.002498	0.000000	81.201853	0.000556	23.8
1642	-0.997773	0.000000	81.201853	0.000535	25.2
1643	-1.011802	0.000000	81.201853	0.000384	26.5
1644	-1.013404	0.000000	81.201853	0.000734	24.8
1645	-1.000943	0.000000	81.201853	0.000616	26.5
1646	-1.006963	0.000000	81.201853	0.000760	23.7
1647	-0.987005	0.000000	81.201853	0.000742	24.1
1648	-1.001364	0.000000	81.201853	0.000689	24.8
1649	-1.011640	0.000000	81.201853	0.000606	25.1
1650	-1.001189	0.000000	81.201853	0.000738	23.7
1651	-1.008524	0.000000	81.201853	0.000820	25.7
1652	-1.009261	0.000000	81.201853	0.000607	23.7
1653	-1.020417	0.000000	81.201853	0.000954	28.4
1654	-1.010815	0.000000	81.201853	0.000942	23.7
1655	-1.016047	0.103563	80.803364	0.000580	29.3
1656	-0.995933	0.089615	80.856808	0.000482	24.6
1657	-1.015913	0.041508	81.041670	0.000691	28.3
1658	-1.012533	0.012546	81.153369	0.000444	24.2
1659	-1.015415	0.000000	81.201853	0.000598	29.6
1660	-1.002981	0.000000	81.201853	0.000561	24.3
1661	-0.996330	0.000000	81.201853	0.000553	27.5
1662	-1.003163	0.000000	81.201853	0.000552	23.7
1663	-0.998942	0.000000	81.201853	0.000450	27.0
1664	-0.987716	0.000000	81.201853	0.001042	23.6
1665	-1.012213	0.000000	81.201853	0.000527	27.0
1666	-1.020271	0.032080	81.077996	0.000659	23.5
1667	-0.998347	0.000000	81.201853	0.000738	27.3
1668	-1.005314	0.000000	81.201853	0.000964	24.0
1669	-1.014219	0.000000	81.201853	0.000660	27.1
1670	-1.005223	0.043310	81.034730	0.000478	23.7
1671	-1.020089	0.004575	81.184168	0.000688	27.0
1672	-1.007848	0.000000	81.201853	0.000675	26.5
1673	-1.000063	0.000000	81.201853	0.000477	26.6
1674	-1.011734	0.000000	81.201853	0.000666	26.6
1675	-0.985138	0.000000	81.201853	0.000496	26.6
1676	-1.009022	0.000000	81.201853	0.000557	24.1
1677	-1.012211	0.000000	81.201853	0.001071	27.0
1678	-1.017288	0.000000	81.201853	0.000558	23.5
1679	-1.005554	0.000000	81.201853	0.001002	27.2
1680	-1.004242	0.037014	81.058982	0.000929	23.7
1681	-1.024518	0.000000	81.201853	0.000937	26.4
1682	-1.000448	0.068576	80.937551	0.000859	23.8
1683	-1.028056	0.000000	81.201853	0.000760	24.9
1684	-0.998764	0.000000	81.201853	0.000511	23.8
1685	-1.004382	0.000000	81.201853	0.000567	23.6
1686	-1.008937	0.000000	81.201853	0.000585	25.0
1687	-1.008796	0.000000	81.201853	0.000834	23.7
1688	-1.001345	0.000000	81.201853	0.000551	27.1
1689	-0.998835	0.000000	81.201853	0.000918	23.6
1690	-1.018247	0.000000	81.201853	0.000762	27.1
1691	-1.007529	0.101322	80.811946	0.000645	24.4
1692	-1.013070	0.079501	80.895601	0.000427	27.3
1693	-1.004488	0.031134	81.081645	0.000674	23.7
1694	-0.998553	0.000000	81.201853	0.000593	27.1
1695	-1.005120	0.000000	81.201853	0.000499	23.7
1696	-1.003978	0.000000	81.201853	0.000547	27.2
1697	-1.013361	0.000000	81.201853	0.000665	23.8
1698	-1.013991	0.007486	81.172917	0.000812	29.0
1699	-1.013986	0.000000	81.201853	0.000715	23.7
1700	-1.012811	0.044482	81.030216	0.000722	25.8
1701	-1.005768	0.000000	81.201853	0.000681	23.8
1702	-1.003225	0.000000	81.201853	0.000612	27.3
1703	-1.002423	0.000000	81.201853	0.000486	24.5
1704	-1.010842	0.000000	81.201853	0.000961	27.0
1705	-1.015706	0.000000	81.201853	0.000634	26.4
1706	-1.012181	0.041854	81.040337	0.000566	25.9
1707	-1.017046	0.009142	81.166520	0.000729	23.6
1708	-1.007148	0.004389	81.184885	0.000464	23.9
1709	-1.026680	0.000000	81.201853	0.000666	27.9
1710	-1.005278	0.000000	81.201853	0.000505	23.5
1711	-1.018424	0.000000	81.201853	0.000713	24.3
1712	-1.009561	0.000000	81.201853	0.000773	23.7
1713	-1.019582	0.000000	81.201853	0.000627	25.5
1714	-1.005658	0.000000	81.201853	0.000556	23.6
1715	-1.016137	0.000000	81.201853	0.000465	24.6
1716	-1.021347	0.000000	81.201853	0.000585	24.3
1717	-1.005066	0.000000	81.201853	0.000815	23.6
1718	-1.003088	0.000000	81.201853	0.000672	24.4
1719	-1.000036	0.040795	81.044416	0.000880	23.9
1720	-1.017328	0.000000	81.201853	0.000633	27.4
1721	-1.000151	0.000000	81.201853	0.000644	23.8
1722	-1.008309	0.003648	81.187751	0.001095	27.1
1723	-1.002042	0.000000	81.201853	0.000845	23.8
1724	-1.008034	0.157646	80.596815	0.000546	27.2
1725	-1.007461	0.124832	80.722011	0.000461	23.6
1726	-1.005402	0.084574	80.876139	0.000564	26.8
1727	-1.020297	0.049720	81.010054	0.000898	23.5
1728	-1.003992	0.000000	81.201853	0.000600	25.5
1729	-0.999630	0.000000	81.201853	0.000575	23.8
1730	-1.003336	0.000000	81.201853	0.000696	27.5
1731	-1.019651	0.000000	81.201853	0.000685	23.7
1732	-1.011211	0.033863	81.071124	0.000550	26.4
1733	-1.016919	0.000000	81.201853	0.000596	23.6
1734	-1.000788	0.000000	81.201853	0.000646	34.6
1735	-1.006843	0.000000	81.201853	0.000524	25.0
1736	-0.998608	0.000000	81.201853	0.000734	27.7
1737	-1.005684	0.000000	81.201853	0.000537	25.9
1738	-1.018144	0.000000	81.201853	0.000446	26.8
1739	-1.020433	0.000000	81.201853	0.000508	24.4
1740	-1.018161	0.000000	81.201853	0.000726	27.1
1741	-1.016606	0.000000	81.201853	0.000666	23.7
1742	-1.007036	0.000000	81.201853	0.000497	27.8
1743	-1.006695	0.000000	81.201853	0.000611	26.6
1744	-1.016000	0.000000	81.201853	0.000608	27.0
1745	-1.015555	0.000000	81.201853	0.000679	24.3
1746	-0.995508	0.000000	81.201853	0.000502	26.7
1747	-1.008201	0.000000	81.201853	0.000740	23.9
1748	-1.017876	0.000000	81.201853	0.000513	26.5
1749	-1.001254	0.000000	81.201853	0.000818	23.6
1750	-0.988337	0.000000	81.201853	0.000762	23.7
1751	-1.015059	0.000000	81.201853	0.000830	24.3
1752	-1.015623	0.049036	81.012685	0.000578	23.7
1753	-1.019052	0.018683	81.129674	0.000725	27.3
1754	-1.014128	0.034152	81.070009	0.000697	23.6
1755	-1.016485	0.075964	80.909176	0.000399	27.3
1756	-1.004038	0.050379	81.007516	0.000510	23.7
1757	-0.993631	0.017401	81.134624	0.000480	27.0
1758	-1.009447	0.000000	81.201853	0.000633	26.6
1759	-1.013088	0.000000	81.201853	0.000487	27.5
1760	-1.024329	0.000000	81.201853	0.000702	23.7
1761	-1.013165	0.000000	81.201853	0.000516	25.3
1762	-0.991288	0.000000	81.201853	0.000635	25.5
1763	-1.025888	0.000000	81.201853	0.000553	30.8
1764	-0.999007	0.000000	81.201853	0.000511	37.8
1765	-1.019996	0.000000	81.201853	0.000595	41.1
1766	-1.000944	0.000000	81.201853	0.000553	33.8
1767	-1.010713	0.000000	81.201853	0.000448	39.6
1768	-1.007987	0.000000	81.201853	0.000611	32.1
1769	-1.002478	0.001485	81.196112	0.000531	29.4
1770	-1.017253	0.000000	81.201853	0.000543	30.8
1771	-1.012826	0.000000	81.201853	0.000637	31.1
1772	-1.003280	0.000000	81.201853	0.000669	25.0
1773	-0.992550	0.000000	81.201853	0.000671	26.4
1774	-1.011918	0.028681	81.091104	0.000829	23.8
1775	-0.999471	0.000000	81.201853	0.000406	24.0
1776	-1.021937	0.000000	81.201853	0.000534	24.3
1777	-1.023080	0.000000	81.201853	0.001113	24.2
1778	-1.003800	0.000000	81.201853	0.000548	30.8
1779	-1.019559	0.000000	81.201853	0.000869	30.5
1780	-1.017703	0.006896	81.175198	0.000614	37.7
1781	-1.014105	0.000000	81.201853	0.000979	40.7
1782	-1.013303	0.056798	80.982822	0.000532	33.2
1783	-1.017001	0.105498	80.795956	0.000693	24.6
1784	-1.007826	0.127565	80.711570	0.000518	25.6
1785	-1.004148	0.064864	80.951813	0.000962	23.6
1786	-0.996423	0.024830	81.105954	0.000538	23.6
1787	-1.020269	0.000000	81.201853	0.000498	24.3
1788	-0.996749	0.000000	81.201853	0.000539	25.7
1789	-1.001891	0.000000	81.201853	0.000531	30.4
1790	-1.009903	0.000000	81.201853	0.000899	57.7
1791	-1.003934	0.000000	81.201853	0.000578	74.1
1792	-1.013958	0.000000	81.201853	0.000688	42.4
1793	-1.005840	0.000918	81.198305	0.000809	61.9
1794	-1.007897	0.000000	81.201853	0.000902	49.7
1795	-1.017107	0.077334	80.903918	0.000584	74.2
1796	-0.992833	0.004658	81.183847	0.000661	60.2
1797	-1.005223	0.024795	81.106090	0.000629	55.5
1798	-1.017022	0.000000	81.201853	0.000568	49.9
1799	-0.993324	0.000000	81.201853	0.000638	53.8
1800	-0.998038	0.011586	81.157078	0.000510	52.3
1801	-1.017676	0.000000	81.201853	0.000356	50.5
1802	-1.002972	0.000000	81.201853	0.000602	44.0
1803	-1.005604	0.000000	81.201853	0.000521	43.7
1804	-1.007366	0.000000	81.201853	0.001036	49.2
1805	-1.016390	0.000000	81.201853	0.000553	60.5
1806	-1.013371	0.040125	81.046994	0.000387	47.7
1807	-1.005775	0.015838	81.140659	0.000566	45.9
1808	-1.015388	0.000000	81.201853	0.000645	47.0
1809	-1.012528	0.000000	81.201853	0.000593	43.8
1810	-1.020061	0.000000	81.201853	0.000520	45.6
1811	-1.012923	0.000000	81.201853	0.000830	31.5
1812	-1.013395	0.000000	81.201853	0.000736	27.9
1813	-1.011328	0.000000	81.201853	0.000488	23.8
1814	-1.010708	0.000000	81.201853	0.000540	27.5
1815	-1.001493	0.000000	81.201853	0.000703	24.3
1816	-1.004527	0.000000	81.201853	0.000613	25.9
1817	-1.011073	0.000000	81.201853	0.000743	23.7
1818	-1.006726	0.000000	81.201853	0.000749	27.0
1819	-1.004422	0.046138	81.023842	0.000896	24.0
1820	-1.003236	0.041640	81.041159	0.000707	27.9
1821	-1.013176	0.000000	81.201853	0.000548	23.5
1822	-1.021917	0.000847	81.198578	0.000409	27.9
1823	-1.011695	0.000000	81.201853	0.000572	25.4
1824	-1.013623	0.000000	81.201853	0.000597	28.1
1825	-1.002102	0.000000	81.201853	0.000534	23.6
1826	-1.010885	0.000000	81.201853	0.000901	30.4
1827	-1.004880	0.041144	81.043069	0.000716	25.3
1828	-1.004650	0.078752	80.898475	0.000486	27.4
1829	-0.998519	0.073916	80.917042	0.000653	28.8
1830	-1.017854	0.039866	81.047993	0.000749	34.5
1831	-1.017719	0.000000	81.201853	0.000544	32.1
1832	-1.017352	0.000000	81.201853	0.000503	29.1
1833	-0.994793	0.000000	81.201853	0.000710	31.9
1834	-0.995939	0.000000	81.201853	0.000535	31.6
1835	-1.023491	0.000000	81.201853	0.000644	30.3
1836	-1.016972	0.000000	81.201853	0.000551	31.8
1837	-1.015219	0.003622	81.187852	0.000536	27.9
1838	-1.016469	0.000000	81.201853	0.000632	33.9
1839	-1.017512	0.000000	81.201853	0.000971	30.7
1840	-1.002435	0.000000	81.201853	0.001079	62.2
1841	-1.010768	0.151534	80.620104	0.000644	103.0
1842	-1.016464	0.173964	80.534703	0.000512	79.9
1843	-1.007279	0.172630	80.539779	0.000447	92.4
1844	-0.999594	0.131410	80.696882	0.000483	38.3
1845	-1.011367	0.099635	80.818408	0.000462	71.6
1846	-1.005524	0.070685	80.929450	0.000581	78.3
1847	-1.008064	0.053987	80.993634	0.000708	61.1
1848	-1.015868	0.015697	81.141201	0.000741	43.9
1849	-1.010598	0.053223	80.996574	0.000537	35.2
1850	-1.012616	0.004123	81.185915	0.000628	29.0
1851	-1.017897	0.000000	81.201853	0.000516	29.9
1852	-1.000787	0.000000	81.201853	0.000853	34.8
1853	-1.005884	0.000000	81.201853	0.000535	27.1
1854	-1.022213	0.000000	81.201853	0.000588	30.4
1855	-1.006786	0.000000	81.201853	0.000523	30.1
1856	-0.999063	0.000000	81.201853	0.000608	34.5
1857	-1.016824	0.000000	81.201853	0.000552	30.8
1858	-1.022269	0.000000	81.201853	0.000969	28.2
1859	-1.021611	0.000000	81.201853	0.000434	31.5
1860	-1.015706	0.000000	81.201853	0.000537	31.6
1861	-1.014663	0.000000	81.201853	0.000895	31.3
1862	-1.011981	0.030247	81.085064	0.001074	31.8
1863	-0.995333	0.000000	81.201853	0.000451	29.1
1864	-0.994527	0.000000	81.201853	0.000578	31.5
1865	-1.018073	0.000000	81.201853	0.000544	31.1
1866	-1.017340	0.000000	81.201853	0.000693	31.0
1867	-0.997537	0.000000	81.201853	0.000686	31.0
1868	-1.002889	0.035080	81.066434	0.000622	23.9
1869	-1.004767	0.000000	81.201853	0.000561	26.3
1870	-1.009879	0.000000	81.201853	0.000502	24.8
1871	-1.008984	0.000000	81.201853	0.000784	27.7
1872	-1.016591	0.000000	81.201853	0.000546	26.9
1873	-1.006547	0.000000	81.201853	0.000502	72.8
1874	-1.016924	0.000000	81.201853	0.000422	96.1
1875	-1.008462	0.000000	81.201853	0.000613	68.5
1876	-1.002064	0.000000	81.201853	0.000526	50.1
1877	-1.003151	0.000000	81.201853	0.000681	27.4
1878	-1.001450	0.005314	81.181310	0.000945	26.8
1879	-1.022304	0.000000	81.201853	0.001065	29.3
1880	-1.004752	0.159139	80.591130	0.000649	51.8
1881	-0.998628	0.089133	80.858654	0.000479	55.9
1882	-1.014367	0.048676	81.014069	0.000919	52.1
1883	-1.002003	0.000000	81.201853	0.000551	42.4
1884	-1.012838	0.000000	81.201853	0.000720	46.3
1885	-1.008796	0.021008	81.120701	0.000571	50.3
1886	-1.015706	0.006293	81.177526	0.000869	45.2
1887	-1.011952	0.001329	81.196715	0.000948	69.8
1888	-1.024199	0.000000	81.201853	0.000943	44.1
1889	-1.006775	0.148667	80.631035	0.000535	25.9
1890	-1.001001	0.105392	80.796363	0.001163	29.9
1891	-1.012567	0.136257	80.678378	0.000595	25.1
1892	-1.010195	0.014473	81.145927	0.000863	28.9
1893	-1.024995	0.070482	80.930228	0.000544	25.5
1894	-1.013672	0.063714	80.956233	0.000533	28.5
1895	-1.016729	0.023665	81.110449	0.000498	38.9
1896	-1.021992	0.018272	81.131260	0.000790	38.7
1897	-0.996884	0.000000	81.201853	0.000546	35.9
1898	-1.005304	0.000000	81.201853	0.000706	38.9
1899	-1.018258	0.008738	81.168078	0.000614	38.4
1900	-1.007327	0.000000	81.201853	0.000454	34.8
1901	-1.015917	0.000000	81.201853	0.000763	24.6
1902	-1.018264	0.000000	81.201853	0.000928	27.9
1903	-0.994954	0.066307	80.946267	0.000867	26.0
1904	-1.021139	0.157915	80.595793	0.000770	28.1
1905	-1.009470	0.159757	80.588775	0.000557	25.4
1906	-1.017724	0.121721	80.733902	0.000685	45.3
1907	-1.012354	0.124831	80.722016	0.000738	49.1
1908	-1.020796	0.133696	80.688153	0.000670	52.6
1909	-1.001640	0.174861	80.531294	0.000492	52.8
1910	-1.012000	0.150975	80.622235	0.000489	47.8
1911	-1.005135	0.133347	80.689486	0.000494	39.1
1912	-1.013123	0.094022	80.839912	0.000646	25.9
1913	-0.999744	0.052462	80.999503	0.000489	25.0
1914	-1.016489	0.025490	81.103408	0.000509	26.3
1915	-1.011701	0.000000	81.201853	0.000589	24.5
1916	-1.021225	0.000000	81.201853	0.000601	25.3
1917	-1.015021	0.000000	81.201853	0.000573	24.7
1918	-1.002893	0.000000	81.201853	0.000699	26.4
1919	-1.009484	0.000000	81.201853	0.000774	25.7
1920	-1.014480	0.000000	81.201853	0.001303	24.8
1921	-1.012960	0.135687	80.680555	0.000439	24.3
1922	-1.017398	0.157141	80.598739	0.000807	25.1
1923	-1.014003	0.158038	80.595322	0.000728	24.2
1924	-1.013849	0.053878	80.994053	0.000410	26.2
1925	-1.014120	0.025882	81.101895	0.000573	24.7
1926	-1.020862	0.017081	81.135857	0.000517	25.9
1927	-1.015002	0.003440	81.188554	0.000507	25.2
1928	-0.998508	0.000000	81.201853	0.000631	27.4
1929	-1.008576	0.000000	81.201853	0.000508	32.6
1930	-1.000640	0.002480	81.192266	0.000607	31.7
1931	-1.014742	0.000000	81.201853	0.000520	25.6
1932	-1.013653	0.000000	81.201853	0.000577	25.1
1933	-1.012482	0.000000	81.201853	0.000418	25.3
1934	-1.013427	0.000000	81.201853	0.001327	25.4
1935	-1.012915	0.000000	81.201853	0.000603	24.6
1936	-1.013883	0.000000	81.201853	0.000814	24.8
1937	-1.008136	0.000000	81.201853	0.000675	24.4
1938	-1.020734	0.000000	81.201853	0.000743	25.2
1939	-1.007893	0.000000	81.201853	0.000446	24.4
1940	-1.011974	0.000000	81.201853	0.000531	25.7
1941	-1.012987	0.000000	81.201853	0.000617	24.9
1942	-1.022826	0.000000	81.201853	0.000454	25.6
1943	-1.011451	0.000000	81.201853	0.000459	24.7
1944	-1.004481	0.000000	81.201853	0.000564	25.3
1945	-1.000058	0.000000	81.201853	0.000505	24.7
1946	-0.996305	0.000000	81.201853	0.000582	34.2
1947	-1.006705	0.000000	81.201853	0.000627	28.1
1948	-1.016150	0.000000	81.201853	0.000438	26.6
1949	-1.019949	0.000000	81.201853	0.000496	24.7
1950	-1.004321	0.000000	81.201853	0.000523	25.3
1951	-1.010761	0.000000	81.201853	0.000471	25.7
1952	-1.025382	0.000000	81.201853	0.000849	24.5
1953	-1.013689	0.000000	81.201853	0.000416	25.4
1954	-1.014476	0.000000	81.201853	0.000632	24.3
1955	-1.027077	0.000000	81.201853	0.000668	25.8
1956	-0.993263	0.000000	81.201853	0.000607	25.5
1957	-1.016879	0.000000	81.201853	0.000513	26.2
1958	-0.997966	0.000000	81.201853	0.000504	24.7
1959	-1.008256	0.000000	81.201853	0.000500	25.8
1960	-1.003674	0.000000	81.201853	0.000536	24.2
1961	-1.014478	0.000000	81.201853	0.000502	25.9
1962	-1.018056	0.000000	81.201853	0.000620	24.2
1963	-1.016233	0.000000	81.201853	0.000460	26.1
1964	-1.014278	0.000000	81.201853	0.000491	24.5
1965	-1.008544	0.000000	81.201853	0.000615	25.2
1966	-1.000034	0.000000	81.201853	0.000697	25.5
1967	-0.999599	0.000000	81.201853	0.000783	25.6
1968	-1.020384	0.000000	81.201853	0.000933	24.7
1969	-1.016347	0.000000	81.201853	0.000947	26.1
1970	-1.005333	0.000000	81.201853	0.000446	32.8
1971	-1.011191	0.000000	81.201853	0.000874	28.8
1972	-1.013718	0.004939	81.182761	0.000665	25.9
1973	-1.008310	0.000000	81.201853	0.000861	25.6
1974	-1.016601	0.000000	81.201853	0.000534	29.4
1975	-1.009280	0.000000	81.201853	0.000543	52.0
1976	-0.988316	0.000000	81.201853	0.000711	52.2
1977	-1.009295	0.000000	81.201853	0.000531	51.0
1978	-0.995344	0.000000	81.201853	0.000578	38.8
1979	-1.020119	0.002419	81.192499	0.000462	26.0
1980	-1.000053	0.000000	81.201853	0.000614	27.4
1981	-1.008961	0.000000	81.201853	0.000714	25.1
1982	-1.006078	0.000000	81.201853	0.000447	27.3
1983	-1.022618	0.000000	81.201853	0.000466	24.7
1984	-1.008367	0.000000	81.201853	0.000682	27.2
1985	-1.008491	0.000000	81.201853	0.000660	24.4
1986	-1.014812	0.000000	81.201853	0.000619	27.2
1987	-1.026364	0.013969	81.147873	0.000573	24.3
1988	-1.008759	0.015137	81.143365	0.001184	26.3
1989	-1.019622	0.000000	81.201853	0.000592	24.5
1990	-1.022781	0.076816	80.905906	0.000560	31.5
1991	-1.020890	0.048387	81.015181	0.000426	24.7
1992	-1.012581	0.026255	81.100456	0.000517	28.1
1993	-1.012682	0.008936	81.167315	0.000641	24.4
1994	-1.011078	0.000000	81.201853	0.000768	27.8
1995	-1.006810	0.061395	80.965144	0.000550	25.0
1996	-1.003461	0.000000	81.201853	0.000635	27.7
1997	-1.008853	0.000000	81.201853	0.000585	24.7
1998	-1.008166	0.007525	81.172768	0.000436	27.7
1999	-1.005262	0.000000	81.201853	0.000610	24.3
