1:ItNr	2:Metric	3a:Time	3b:StepSize	4:||Gradient||	Time[ms]
0	-0.908883	0.000000	2.691629	0.035327	1255.2
1	-0.903614	0.000000	2.691629	0.082684	13.7
2	-0.898808	1.000000	2.569283	0.085830	9.9
3	-0.906845	2.000000	2.457575	0.082869	22.7
4	-0.937794	3.000000	2.355176	0.077916	13.6
5	-0.938036	4.000000	2.260969	0.049118	9.7
6	-0.907219	5.000000	2.174008	0.051031	10.5
7	-0.923112	6.000000	2.093490	0.060524	19.9
8	-0.943248	7.000000	2.018722	0.065161	11.0
9	-0.925581	7.493450	1.983762	0.057214	12.1
10	-0.909209	8.493450	1.916501	0.051795	14.9
11	-0.926781	9.305506	1.865147	0.037164	20.5
12	-0.905053	8.959067	1.886715	0.093808	7.7
13	-0.929593	9.959067	1.825773	0.061814	8.1
14	-0.944863	10.959067	1.768644	0.071341	8.7
15	-0.917881	11.959067	1.714982	0.061986	6.8
16	-0.914874	12.959067	1.664481	0.032548	9.4
17	-0.939635	12.612640	1.681636	0.059138	8.2
18	-0.938724	13.596075	1.633833	0.080859	9.6
19	-0.944239	14.596051	1.587935	0.077707	5.3
20	-0.902395	15.596051	1.544544	0.060969	10.3
21	-0.947598	16.596038	1.503462	0.046166	5.2
22	-0.911146	16.713542	1.498778	0.026336	14.9
23	-0.904179	17.713533	1.460064	0.031251	8.3
24	-0.927529	18.045614	1.447646	0.065085	9.5
25	-0.943796	17.699253	1.460602	0.050384	12.5
26	-0.937799	18.699253	1.423811	0.087899	14.8
27	-0.973904	19.696173	1.388932	0.048798	8.4
28	-0.938521	20.696173	1.355621	0.090777	9.8
29	-0.947667	20.349734	1.366979	0.050534	9.8
30	-0.924678	21.349734	1.334701	0.053180	11.0
31	-0.964411	22.285527	1.305846	0.043331	11.5
32	-0.923479	21.951571	1.315999	0.049191	9.8
33	-0.945856	22.907718	1.287341	0.073337	8.2
34	-0.924610	23.907718	1.258675	0.048447	6.1
35	-0.958693	24.907718	1.231257	0.048098	6.7
36	-0.932457	24.566309	1.240483	0.050941	7.7
37	-0.938414	25.565493	1.213865	0.027257	6.5
38	-0.910762	25.219055	1.222964	0.044839	8.0
39	-0.879249	26.219055	1.197064	0.028936	10.6
40	-0.887026	27.208758	1.172489	0.047314	6.2
41	-0.910226	27.996672	1.153634	0.035243	7.4
42	-0.881793	27.686999	1.160972	0.029931	11.5
43	-0.933156	27.340953	1.169282	0.064595	9.8
44	-0.881895	28.340339	1.145599	0.050953	8.1
45	-0.911736	28.181151	1.149307	0.057069	10.1
46	-0.940022	28.436863	1.143362	0.047442	4.4
47	-0.951900	29.436849	1.120693	0.063242	4.9
48	-0.902162	30.436849	1.098905	0.062045	11.8
49	-0.930648	30.220320	1.103551	0.040263	8.0
50	-0.913663	31.174944	1.083359	0.044753	6.1
51	-0.911694	32.174942	1.062986	0.044362	4.5
52	-0.921712	33.174935	1.043365	0.057854	5.4
53	-0.909898	34.174935	1.024455	0.053289	6.7
54	-0.924032	33.828496	1.030928	0.051622	7.5
55	-0.935308	34.828496	1.012462	0.038362	3.8
56	-0.913843	35.828495	0.994646	0.049049	5.7
57	-0.918113	36.828495	0.977446	0.039850	6.9
58	-0.930418	37.802180	0.961261	0.061555	6.0
59	-0.938680	37.563618	0.965176	0.064494	6.1
60	-0.933422	38.563618	0.948972	0.075921	6.2
61	-0.945154	39.563618	0.933303	0.077000	7.1
62	-0.896166	40.563618	0.918143	0.044716	4.2
63	-0.912500	41.563618	0.903468	0.080073	3.9
64	-0.929045	42.138477	0.895242	0.078422	4.0
65	-0.888541	43.138477	0.881284	0.056947	6.4
66	-0.933734	44.138477	0.867755	0.055787	7.1
67	-0.910083	45.115119	0.854936	0.083257	5.8
68	-0.916503	46.115119	0.842198	0.050817	6.3
69	-0.918859	47.115119	0.829834	0.068290	7.0
70	-0.913219	47.867924	0.820763	0.043494	8.1
71	-0.920933	48.867924	0.809015	0.040820	5.3
72	-0.933482	48.521485	0.813047	0.052351	4.5
73	-0.913412	49.518948	0.801547	0.040997	5.8
74	-0.934984	50.518948	0.790339	0.036244	3.9
75	-0.910755	50.172532	0.794186	0.049239	4.3
76	-0.909706	50.976265	0.785317	0.054694	4.2
77	-0.926239	51.976262	0.774556	0.069332	5.7
78	-0.968427	52.976255	0.764086	0.081805	6.5
79	-0.925778	52.629819	0.767681	0.044999	5.2
80	-0.908192	53.629819	0.757395	0.048105	7.9
81	-0.905776	53.283579	0.760925	0.062704	15.8
82	-0.937712	52.937187	0.764490	0.056741	5.0
83	-0.921548	53.937166	0.754288	0.080083	11.0
84	-0.935423	54.937166	0.744355	0.052377	6.9
85	-0.928776	55.937166	0.734680	0.032393	11.9
86	-0.881035	56.937163	0.725254	0.044537	11.3
87	-0.928010	57.513639	0.719929	0.066770	11.8
88	-0.954226	58.513623	0.710875	0.071983	10.5
89	-0.928910	59.513623	0.702045	0.073537	15.7
90	-0.893828	60.513623	0.693433	0.036553	16.3
91	-0.915960	60.167184	0.696393	0.082654	10.6
92	-0.903816	61.167184	0.687917	0.034825	6.1
93	-0.907707	62.166819	0.679649	0.057896	9.7
94	-0.938545	63.166819	0.671574	0.033150	4.8
95	-0.955068	62.820380	0.674349	0.039068	10.0
96	-0.973664	63.799493	0.666563	0.045939	4.2
97	-0.919035	64.799491	0.658794	0.055693	7.9
98	-0.909634	65.799491	0.651204	0.072025	5.5
99	-0.953267	66.799491	0.643788	0.077805	4.0
100	-0.917683	67.799491	0.636538	0.056114	8.7
101	-0.923683	68.799491	0.629449	0.051043	8.8
102	-0.912624	69.799491	0.622517	0.065651	13.8
103	-0.982837	70.799204	0.615738	0.056794	14.8
104	-0.921682	71.799159	0.609103	0.047826	11.8
105	-0.900023	72.483647	0.604643	0.065658	9.4
106	-0.918268	73.483647	0.598243	0.028338	13.8
107	-0.982618	73.148178	0.600375	0.041364	8.4
108	-0.926660	73.320332	0.599279	0.037979	6.2
109	-0.915932	72.973893	0.601489	0.053464	5.6
110	-0.924916	73.973893	0.595155	0.057643	4.8
111	-0.949357	74.650077	0.590948	0.078503	4.3
112	-0.972277	75.650077	0.584834	0.031165	4.5
113	-0.903718	76.650077	0.578845	0.062123	5.3
114	-0.911557	76.303638	0.580905	0.055009	4.8
115	-0.972114	77.303638	0.574996	0.049384	5.0
116	-0.918274	78.303638	0.569206	0.041790	7.8
117	-0.898497	79.303638	0.563531	0.034358	7.5
118	-0.877685	80.301665	0.557979	0.043348	5.6
119	-0.919430	79.955239	0.559894	0.041904	4.9
120	-0.922926	80.624554	0.556206	0.064315	7.1
121	-0.906862	81.624554	0.550786	0.046770	5.2
122	-0.928571	82.624554	0.545471	0.046602	6.4
123	-0.902818	82.394456	0.546685	0.046635	5.2
124	-0.885464	82.048106	0.548523	0.037549	6.4
125	-0.953140	81.770945	0.550002	0.095442	5.6
126	-0.906479	82.770945	0.544702	0.093944	3.9
127	-0.919899	83.770945	0.539503	0.026538	7.0
128	-0.885886	83.424506	0.541293	0.046267	6.7
129	-0.930041	84.080241	0.537915	0.057859	7.4
130	-0.936603	83.833099	0.539183	0.049302	5.1
131	-0.911015	84.833099	0.534088	0.045719	7.0
132	-0.913944	84.492886	0.535811	0.038770	4.1
133	-0.910753	85.491552	0.530786	0.046198	5.2
134	-0.909340	86.165638	0.527447	0.041818	5.5
135	-0.919730	87.165638	0.522571	0.030930	8.5
136	-0.942614	88.162751	0.517798	0.039534	12.5
137	-0.893028	87.821638	0.519421	0.065075	14.0
138	-0.882120	88.821406	0.514692	0.061533	9.5
139	-0.920881	88.476681	0.516313	0.052233	12.7
140	-0.895913	88.130242	0.517952	0.045908	11.7
141	-0.904523	89.130242	0.513249	0.086571	13.1
142	-0.942938	88.783803	0.514868	0.068798	12.1
143	-0.914555	89.783803	0.510221	0.037154	9.8
144	-0.937325	90.782376	0.505663	0.036772	13.5
145	-0.907698	90.436130	0.507234	0.074110	11.1
146	-0.925989	91.436130	0.502723	0.024317	9.6
147	-0.900939	92.427903	0.498327	0.056510	14.1
148	-0.933860	93.426471	0.493979	0.054625	8.7
149	-0.915661	94.426471	0.489699	0.024894	9.3
150	-0.951401	95.426470	0.485493	0.024928	6.9
151	-0.910796	96.425740	0.481361	0.059506	5.8
152	-0.934894	96.123171	0.482605	0.034709	8.2
153	-0.916312	97.123171	0.478519	0.060552	8.5
154	-0.940574	98.123171	0.474502	0.054888	5.8
155	-0.952648	99.077534	0.470731	0.049278	8.2
156	-0.950514	100.077496	0.466843	0.054732	3.9
157	-0.944037	101.076089	0.463024	0.081223	8.0
158	-0.959595	100.729650	0.464342	0.057918	5.9
159	-0.923674	100.383211	0.465668	0.028257	9.0
160	-0.872093	101.170968	0.462665	0.041096	6.1
161	-0.935811	102.128570	0.459067	0.052799	7.9
162	-0.935014	101.782170	0.460362	0.044488	8.4
163	-0.887652	101.435731	0.461664	0.079769	8.1
164	-0.945424	102.435731	0.457924	0.064833	9.1
165	-0.924027	102.151626	0.458981	0.065795	11.5
166	-0.927831	101.805187	0.460275	0.044230	9.6
167	-0.916303	102.805187	0.456558	0.063331	9.8
168	-0.935613	103.805187	0.452900	0.018964	6.4
169	-0.905450	104.669684	0.449784	0.072862	9.9
170	-0.913957	105.531724	0.446720	0.041392	4.0
171	-0.891912	106.531724	0.443217	0.044786	13.9
172	-0.933754	106.185612	0.444423	0.021882	9.6
173	-0.939878	107.185528	0.440956	0.060163	9.7
174	-0.892714	106.839092	0.442151	0.056576	9.1
175	-0.941040	107.839092	0.438719	0.060838	4.6
176	-0.949098	108.839092	0.435341	0.037683	8.3
177	-0.908232	109.839092	0.432013	0.066983	8.0
178	-0.946433	110.839092	0.428736	0.080211	5.7
179	-0.926457	111.839092	0.425509	0.034553	5.2
180	-0.904123	111.492658	0.426622	0.036608	6.4
181	-0.906767	111.146237	0.427740	0.033486	7.9
182	-0.895985	112.146216	0.424527	0.033610	4.2
183	-0.934678	113.143601	0.421371	0.036322	6.5
184	-0.921306	112.820545	0.422388	0.062873	8.5
185	-0.914193	113.820370	0.419256	0.060505	5.9
186	-0.903597	114.820366	0.416169	0.022788	4.1
187	-0.954750	114.478253	0.417220	0.067260	5.2
188	-0.927372	115.189238	0.415042	0.067603	5.5
189	-0.912778	114.842799	0.416100	0.075652	5.0
190	-0.904252	115.842798	0.413060	0.045632	6.1
191	-0.923856	116.842132	0.410065	0.040729	7.8
192	-0.916296	116.497057	0.411094	0.048738	13.8
193	-0.934604	117.497029	0.408126	0.038002	15.4
194	-0.913712	117.150596	0.409149	0.049887	13.2
195	-0.927338	116.804214	0.410178	0.071428	11.6
196	-0.868038	117.804214	0.407223	0.045971	14.2
197	-0.914060	118.804214	0.404310	0.040547	6.6
198	-0.891623	119.758220	0.401570	0.053402	8.2
199	-0.887522	119.424492	0.402524	0.040854	9.8
200	-0.923895	120.424491	0.399678	0.053884	9.2
201	-0.918218	121.385982	0.396979	0.069795	8.5
202	-0.921550	122.385934	0.394210	0.049201	8.9
203	-0.908239	123.385931	0.391480	0.045198	6.1
204	-0.919490	123.040814	0.392418	0.062599	8.4
205	-0.900355	124.040813	0.389713	0.043670	6.9
206	-0.956540	125.040813	0.387044	0.050004	8.9
207	-0.936538	126.014507	0.384481	0.043707	7.6
208	-0.907788	126.986643	0.381955	0.038522	10.2
209	-0.923120	127.986484	0.379392	0.043972	5.8
210	-0.918565	128.986483	0.376862	0.054089	8.3
211	-0.894860	129.986481	0.374366	0.040526	7.0
212	-0.878420	129.653559	0.375193	0.044837	6.4
213	-0.949476	129.307126	0.376058	0.045853	9.3
214	-0.907148	128.961125	0.376926	0.058796	10.3
215	-0.938571	129.961125	0.374429	0.060043	6.5
216	-0.915662	130.958701	0.371971	0.048468	9.4
217	-0.933878	130.957093	0.371975	0.081447	9.8
218	-0.940963	131.957093	0.369543	0.024824	8.5
219	-0.875538	131.610659	0.370382	0.041066	10.8
220	-0.920332	132.610602	0.367971	0.042668	8.8
221	-0.926885	132.303876	0.368707	0.086700	9.1
222	-0.918276	133.303875	0.366318	0.037720	7.4
223	-0.935201	133.800530	0.365142	0.059550	11.5
224	-0.953138	133.454091	0.365961	0.057929	4.7
225	-0.928008	134.454091	0.363607	0.032674	9.8
226	-0.920414	135.453874	0.361284	0.057840	7.3
227	-0.901116	136.295332	0.359351	0.058893	7.9
228	-0.929991	137.295332	0.357081	0.038542	6.5
229	-0.949641	137.459157	0.356712	0.043174	8.3
230	-0.945466	138.459156	0.354475	0.046924	7.0
231	-0.935322	139.459151	0.352265	0.046129	7.8
232	-0.900244	139.112976	0.353027	0.054276	9.2
233	-0.928632	140.111689	0.350839	0.027203	8.3
234	-0.903004	139.765250	0.351595	0.047523	8.5
235	-0.916739	139.433841	0.352321	0.045256	9.6
236	-0.885951	140.433827	0.350139	0.067668	6.5
237	-0.909675	140.199493	0.350648	0.054157	8.6
238	-0.930009	139.853312	0.351402	0.050892	9.0
239	-0.939629	140.853312	0.349231	0.058718	8.2
240	-0.951003	141.853312	0.347087	0.030888	6.1
241	-0.908931	142.842263	0.344992	0.054510	8.0
242	-0.959873	142.495849	0.345723	0.039075	5.9
243	-0.896077	142.149416	0.346457	0.040338	6.1
244	-0.918259	143.149415	0.344346	0.039823	8.2
245	-0.908250	143.367514	0.343889	0.081931	11.9
246	-0.882612	144.367513	0.341810	0.025061	7.6
247	-0.920398	145.367315	0.339756	0.037933	7.7
248	-0.911918	145.721708	0.339033	0.050810	12.8
249	-0.897903	145.375269	0.339739	0.028879	10.8
250	-0.873743	146.351129	0.337758	0.059765	8.3
251	-0.938416	146.004690	0.338459	0.069374	9.3
252	-0.938298	145.658251	0.339162	0.071637	8.3
253	-0.966937	145.311813	0.339869	0.057874	5.6
254	-0.891274	146.311813	0.337838	0.035489	4.3
255	-0.930811	146.894059	0.336666	0.043896	7.2
256	-0.971477	147.760409	0.334938	0.030434	9.3
257	-0.926460	147.416709	0.335621	0.040904	12.7
258	-0.968386	148.367047	0.333738	0.050950	7.3
259	-0.918505	148.020617	0.334422	0.056681	7.2
260	-0.916178	147.674183	0.335109	0.044730	4.0
261	-0.919935	147.961408	0.334539	0.047048	10.0
262	-0.931993	148.866016	0.332758	0.032583	8.0
263	-0.883722	148.519577	0.333438	0.059976	7.3
264	-0.897846	148.199945	0.334068	0.037057	11.5
265	-0.925032	147.853506	0.334753	0.031090	8.3
266	-0.889391	148.853423	0.332782	0.050654	4.5
267	-0.895876	149.797021	0.330944	0.029876	6.9
268	-0.929463	150.796994	0.329018	0.040252	7.7
269	-0.908630	150.454085	0.329676	0.050917	9.8
270	-0.907941	151.454017	0.327764	0.042246	12.8
271	-0.902180	151.107578	0.328424	0.036809	8.7
272	-0.926288	152.107577	0.326527	0.063673	7.9
273	-0.938205	153.107577	0.324651	0.021682	5.6
274	-0.964615	152.761432	0.325298	0.053941	4.2
275	-0.887559	152.432241	0.325915	0.023014	5.8
276	-0.898347	152.087806	0.326564	0.072269	5.2
277	-0.933564	153.087806	0.324688	0.078631	4.3
278	-0.887224	152.741367	0.325335	0.051154	7.6
279	-0.907802	152.394929	0.325985	0.035767	5.0
280	-0.908284	152.048490	0.326638	0.053697	8.2
281	-0.960386	151.702051	0.327293	0.060155	8.9
282	-0.939357	152.702051	0.325409	0.025457	6.7
283	-0.897577	152.622852	0.325557	0.057183	7.9
284	-0.937485	153.325283	0.324246	0.056554	6.7
285	-0.928480	152.978997	0.324891	0.041899	6.7
286	-0.861582	153.236525	0.324411	0.051951	4.6
287	-0.958632	152.890108	0.325057	0.053705	6.2
288	-0.912498	153.890092	0.323199	0.054830	4.7
289	-0.915818	154.876271	0.321386	0.037717	4.0
290	-0.941173	155.876240	0.319569	0.068514	4.0
291	-0.913359	156.876240	0.317773	0.064242	3.9
292	-0.887848	157.876240	0.315996	0.080725	3.8
293	-0.961752	158.744654	0.314470	0.038009	3.9
294	-0.916688	158.398215	0.315077	0.064533	4.0
295	-0.898009	159.398140	0.313330	0.036112	4.0
296	-0.905228	159.051701	0.313933	0.058015	5.7
297	-0.942152	160.051700	0.312199	0.039914	4.0
298	-0.893462	161.051563	0.310485	0.062905	4.2
299	-0.933918	162.051563	0.308789	0.041486	3.9
300	-0.955266	161.706565	0.309372	0.076764	3.8
301	-0.946711	162.699164	0.307700	0.031399	3.9
302	-0.907577	163.699147	0.306034	0.053703	4.0
303	-0.932489	164.699147	0.304386	0.084133	3.9
304	-0.903609	165.699143	0.302756	0.019757	5.9
305	-0.895441	166.694360	0.301150	0.039203	7.4
306	-0.924757	167.257607	0.300249	0.029973	10.7
307	-0.993932	166.911173	0.300803	0.032319	5.8
308	-0.903335	166.625386	0.301261	0.039199	7.2
309	-0.941729	166.289981	0.301801	0.040529	8.2
310	-0.914453	167.289749	0.300198	0.033373	7.8
311	-0.939221	167.062929	0.300560	0.056430	4.1
312	-0.940654	168.061876	0.298972	0.045798	5.4
313	-0.910180	167.715437	0.299521	0.035940	6.3
314	-0.921773	167.948168	0.299152	0.034067	5.4
315	-0.939508	168.176383	0.298791	0.096623	4.5
316	-0.940788	167.829945	0.299339	0.034938	3.9
317	-0.902783	168.829945	0.297762	0.052097	6.3
318	-0.948832	169.826934	0.296207	0.035725	7.5
319	-0.897662	169.480495	0.296745	0.034686	3.9
320	-0.933339	169.564362	0.296615	0.039755	4.0
321	-0.913482	169.217930	0.297155	0.047449	4.0
322	-0.952608	168.999812	0.297496	0.056426	6.3
323	-0.926620	169.999812	0.295939	0.031681	5.5
324	-0.902906	170.999180	0.294398	0.030938	6.9
325	-0.901439	170.661627	0.294917	0.028657	5.7
326	-0.914864	171.655167	0.293396	0.045991	6.7
327	-0.919193	172.653945	0.291883	0.033810	7.2
328	-0.900082	173.653562	0.290384	0.044996	6.6
329	-0.961677	174.653562	0.288900	0.039307	7.5
330	-0.936113	174.307124	0.289412	0.078654	7.1
331	-0.925583	173.960704	0.289926	0.079663	9.2
332	-0.945872	173.614265	0.290442	0.047986	7.4
333	-0.910427	174.614265	0.288958	0.039068	6.6
334	-0.921083	174.267987	0.289470	0.060773	5.9
335	-0.937906	173.921558	0.289984	0.052487	6.2
336	-0.933678	173.575119	0.290501	0.041978	7.7
337	-0.941080	173.228680	0.291019	0.036237	5.5
338	-0.938434	174.228672	0.289528	0.052392	4.3
339	-0.938305	173.882234	0.290043	0.055729	6.5
340	-0.915779	173.535795	0.290559	0.070178	4.0
341	-0.973063	174.535795	0.289074	0.063426	3.9
342	-0.954215	175.535795	0.287603	0.047114	4.0
343	-0.920560	175.189356	0.288111	0.034388	5.7
344	-0.954798	174.858770	0.288597	0.031019	6.0
345	-0.915192	174.512358	0.289108	0.034815	6.3
346	-0.934752	174.648702	0.288907	0.052140	6.6
347	-0.922927	174.666502	0.288880	0.043981	7.9
348	-0.912739	175.666496	0.287412	0.041008	6.4
349	-0.925881	175.321485	0.287917	0.032065	7.5
350	-0.914300	176.316395	0.286465	0.052319	6.5
351	-0.922471	175.970529	0.286968	0.052633	6.3
352	-0.927186	176.970527	0.285518	0.056231	6.7
353	-0.933519	177.970527	0.284083	0.055955	8.5
354	-0.912085	178.969056	0.282665	0.055479	4.0
355	-0.908669	179.969056	0.281258	0.041852	4.3
356	-0.924184	180.960974	0.279877	0.044113	8.4
357	-0.946039	181.942069	0.278524	0.024808	7.0
358	-0.926232	182.784654	0.277372	0.027765	6.3
359	-0.966037	182.773662	0.277387	0.049008	6.1
360	-0.921091	182.427224	0.277860	0.041011	6.5
361	-0.892354	183.427193	0.276500	0.039075	8.6
362	-0.902749	184.370689	0.275230	0.048201	4.8
363	-0.954512	185.370689	0.273897	0.031668	16.6
364	-0.920943	185.024278	0.274357	0.064093	10.9
365	-0.901043	186.023207	0.273033	0.050788	7.7
366	-0.927572	185.676768	0.273491	0.056602	14.1
367	-0.903192	186.676768	0.272174	0.034527	12.7
368	-0.917028	187.676767	0.270870	0.048766	6.6
369	-0.949452	187.330328	0.271320	0.055912	11.2
370	-0.925060	188.330328	0.270024	0.032909	10.4
371	-0.924494	189.329812	0.268741	0.047500	8.2
372	-0.927907	190.329640	0.267469	0.050542	10.7
373	-0.936634	189.983203	0.267909	0.067271	8.3
374	-0.948433	190.983169	0.266645	0.046940	7.8
375	-0.935226	190.636730	0.267081	0.063020	26.7
376	-0.956324	190.311343	0.267493	0.084567	16.3
377	-0.894390	191.311343	0.266233	0.026218	6.4
378	-0.893431	191.817197	0.265600	0.043244	9.3
379	-0.929743	192.817126	0.264358	0.059752	8.3
380	-0.943031	192.471711	0.264786	0.033498	11.7
381	-0.942973	193.470886	0.263552	0.043303	11.9
382	-0.907875	194.470886	0.262329	0.049552	6.6
383	-0.915538	194.128888	0.262746	0.057161	9.9
384	-0.907022	195.086291	0.261582	0.036368	9.7
385	-0.956820	196.086291	0.260377	0.045573	12.5
386	-0.921790	195.741360	0.260791	0.041262	10.4
387	-0.919782	196.740886	0.259594	0.055412	7.3
388	-0.930608	196.394743	0.260007	0.055895	8.8
389	-0.964949	196.086537	0.260376	0.055050	9.4
390	-0.928961	197.086537	0.259183	0.057876	9.8
391	-0.917336	196.740098	0.259595	0.047856	8.0
392	-0.920735	196.393661	0.260009	0.037786	6.2
393	-0.974307	197.393661	0.258818	0.082365	6.6
394	-0.922079	197.047222	0.259229	0.063715	7.6
395	-0.913858	198.047222	0.258046	0.042918	6.4
396	-0.925600	199.034099	0.256888	0.054873	10.7
397	-0.936825	198.687665	0.257294	0.059206	8.9
398	-0.905489	199.687665	0.256128	0.048880	9.4
399	-0.953397	200.687665	0.254972	0.041241	7.0
400	-0.939820	201.659952	0.253859	0.028784	8.8
401	-0.942203	202.659908	0.252724	0.039783	6.5
402	-0.903963	202.313472	0.253116	0.035544	5.2
403	-0.897935	201.983468	0.253491	0.037218	6.4
404	-0.890028	202.973255	0.252370	0.046299	6.1
405	-0.908368	203.948095	0.251277	0.058221	6.0
406	-0.920702	204.948095	0.250165	0.038357	5.9
407	-0.900124	204.601670	0.250549	0.023404	6.1
408	-0.913113	205.601661	0.249443	0.022972	7.5
409	-0.920115	206.288980	0.248689	0.052745	6.7
410	-0.940680	205.962335	0.249047	0.053678	6.4
411	-0.953314	206.962335	0.247954	0.034314	5.8
412	-0.916531	206.615896	0.248332	0.039973	5.2
413	-0.884698	207.615896	0.247245	0.059092	5.9
414	-0.959959	207.269457	0.247621	0.030495	7.2
415	-0.923585	208.268994	0.246541	0.078727	7.1
416	-0.910398	209.264146	0.245476	0.048009	4.0
417	-0.920772	208.919048	0.245844	0.040179	4.9
418	-0.941045	209.919016	0.244779	0.068312	4.0
419	-0.928278	210.919015	0.243724	0.032471	7.3
420	-0.944976	211.919015	0.242678	0.035083	6.0
421	-0.887213	212.918997	0.241640	0.052016	5.8
422	-0.907963	212.572558	0.241999	0.079321	10.2
423	-0.919127	212.226119	0.242358	0.042189	6.8
424	-0.904008	213.226119	0.241323	0.044112	5.2
425	-0.942551	214.226119	0.240297	0.074750	5.0
426	-0.934259	215.226119	0.239280	0.066609	4.0
427	-0.935349	216.226119	0.238271	0.039658	4.2
428	-0.933970	217.226119	0.237271	0.042274	4.4
429	-0.903544	216.879934	0.237617	0.048979	4.0
430	-0.915240	217.879934	0.236622	0.061460	4.9
431	-0.923346	218.879858	0.235636	0.043565	4.9
432	-0.892652	219.879858	0.234657	0.070763	4.8
433	-0.933970	220.879858	0.233687	0.055642	6.2
434	-0.912348	220.533428	0.234022	0.023564	8.8
435	-0.908622	221.528436	0.233062	0.046276	4.0
436	-0.961643	222.527962	0.232106	0.024677	6.6
437	-0.948118	222.197056	0.232421	0.069865	5.1
438	-0.940653	223.197039	0.231470	0.061496	4.3
439	-0.948226	224.138558	0.230581	0.094840	6.6
440	-0.904802	223.792535	0.230907	0.070394	10.1
441	-0.907066	223.446096	0.231234	0.086778	10.2
442	-0.937788	223.099657	0.231562	0.075963	7.8
443	-0.917900	224.099657	0.230617	0.074238	4.1
444	-0.916458	223.753218	0.230944	0.065452	4.5
445	-0.932052	224.753218	0.230004	0.024612	7.7
446	-0.957053	225.699052	0.229122	0.040751	13.1
447	-0.932582	225.352614	0.229444	0.053393	11.8
448	-0.956759	226.346562	0.228522	0.049506	11.8
449	-0.915389	226.022131	0.228822	0.049129	11.5
450	-0.934570	225.675692	0.229144	0.047228	13.0
451	-0.935023	226.675692	0.228219	0.045501	7.2
452	-0.954828	226.329253	0.228538	0.074421	6.8
453	-0.903734	227.329253	0.227618	0.059950	12.8
454	-0.957006	228.329253	0.226705	0.034357	10.5
455	-0.927248	227.982814	0.227021	0.039412	15.9
456	-0.903233	227.639808	0.227334	0.054844	5.8
457	-0.905132	227.293369	0.227651	0.070645	8.2
458	-0.864887	228.293369	0.226738	0.046773	9.3
459	-0.924355	229.293346	0.225832	0.033079	9.4
460	-0.911260	228.964124	0.226129	0.051102	9.3
461	-0.903888	228.617713	0.226443	0.025759	9.4
462	-0.882514	229.617691	0.225540	0.030056	4.7
463	-0.923674	229.271295	0.225852	0.041848	10.5
464	-0.938628	230.243914	0.224977	0.040757	7.3
465	-0.943852	231.243913	0.224086	0.067333	9.6
466	-0.929894	230.897497	0.224394	0.039915	7.5
467	-0.946630	231.897496	0.223506	0.043390	9.2
468	-0.931546	232.092968	0.223334	0.040620	10.6
469	-0.950938	231.746529	0.223640	0.063726	5.2
470	-0.896662	232.746529	0.222759	0.076494	3.9
471	-0.946379	232.401587	0.223062	0.044277	7.7
472	-0.976266	232.097580	0.223330	0.043706	7.5
473	-0.943795	231.751170	0.223636	0.042347	4.4
474	-0.887405	232.745610	0.222759	0.041014	3.9
475	-0.926325	233.744926	0.221886	0.058684	6.5
476	-0.903053	234.744920	0.221018	0.039702	7.2
477	-0.919387	234.398644	0.221318	0.044412	8.1
478	-0.964221	234.052446	0.221618	0.038236	6.1
479	-0.909297	234.963607	0.220829	0.048895	7.1
480	-0.909768	235.959057	0.219974	0.042345	5.6
481	-0.927651	236.959057	0.219121	0.056936	5.7
482	-0.897647	237.926904	0.218302	0.055095	4.7
483	-0.936390	238.926904	0.217462	0.069407	6.6
484	-0.920417	238.580465	0.217752	0.040333	6.5
485	-0.919942	239.580465	0.216917	0.030138	7.4
486	-0.955146	239.333191	0.217123	0.054502	6.0
487	-0.900546	240.333191	0.216292	0.047378	7.3
488	-0.935671	239.986752	0.216579	0.062478	6.6
489	-0.898755	240.986752	0.215752	0.035239	3.9
490	-0.917224	240.640384	0.216038	0.057787	3.9
491	-0.918594	240.415552	0.216224	0.030311	6.9
492	-0.907711	241.415009	0.215400	0.065456	7.9
493	-0.921446	242.212468	0.214747	0.041064	5.0
494	-0.918664	241.866056	0.215030	0.048648	6.0
495	-0.928441	242.866056	0.214216	0.037293	6.9
496	-0.888865	243.866035	0.213407	0.044452	6.1
497	-0.952247	244.592733	0.212823	0.029838	7.5
498	-0.889098	244.246354	0.213101	0.045556	5.0
499	-0.926745	245.246353	0.212300	0.037993	5.7
500	-0.909266	246.246295	0.211506	0.035925	3.9
501	-0.931683	245.916832	0.211767	0.069165	6.5
502	-0.921951	245.570393	0.212042	0.043448	4.6
503	-0.922746	245.227170	0.212316	0.055046	4.0
504	-0.895780	245.553914	0.212055	0.029137	5.0
505	-0.914722	246.553912	0.211263	0.040556	5.8
506	-0.916641	246.710681	0.211139	0.071942	6.8
507	-0.900462	247.710681	0.210353	0.053068	6.7
508	-0.932839	248.710681	0.209574	0.024773	6.4
509	-0.975677	248.533981	0.209711	0.038757	7.3
510	-0.901385	249.533878	0.208936	0.029058	5.1
511	-0.898604	249.187440	0.209204	0.069589	5.0
512	-0.925064	248.841308	0.209472	0.044950	4.4
513	-0.915283	249.841304	0.208699	0.041104	4.1
514	-0.989061	250.841304	0.207931	0.035218	4.5
515	-0.920151	251.841299	0.207169	0.048131	4.2
516	-0.928474	252.816276	0.206431	0.046803	4.2
517	-0.929019	253.816276	0.205680	0.054870	4.0
518	-0.922526	253.500053	0.205917	0.051560	6.1
519	-0.929867	253.159428	0.206173	0.025635	4.5
520	-0.895868	252.813185	0.206434	0.028569	4.1
521	-0.885680	253.660069	0.205797	0.041566	4.9
522	-0.908779	254.660069	0.205050	0.046226	8.6
523	-0.932205	255.660068	0.204309	0.053003	4.1
524	-0.901060	256.660068	0.203573	0.039729	4.2
525	-0.904636	257.508844	0.202953	0.051545	4.5
526	-0.937842	258.505824	0.202229	0.027532	6.1
527	-0.980739	258.232167	0.202427	0.014459	7.5
528	-0.953545	259.152333	0.201762	0.108293	6.7
529	-0.880607	258.805894	0.202012	0.034958	9.4
530	-0.966991	259.805894	0.201293	0.035378	6.5
531	-0.941663	259.459948	0.201541	0.024061	6.1
532	-0.946462	259.924917	0.201208	0.041680	6.3
533	-0.960266	259.578479	0.201456	0.031314	6.5
534	-0.939917	259.247397	0.201694	0.059536	4.7
535	-0.912235	258.939808	0.201916	0.021472	6.4
536	-0.922288	258.646226	0.202128	0.032992	8.2
537	-0.934589	259.600516	0.201440	0.036992	6.2
538	-0.945843	260.600071	0.200725	0.078009	7.0
539	-0.888556	261.599824	0.200015	0.049935	6.5
540	-0.901896	262.599824	0.199310	0.026074	5.3
541	-0.919516	263.599667	0.198610	0.060125	8.5
542	-0.935113	264.591120	0.197920	0.047434	4.7
543	-0.909996	264.244681	0.198160	0.041134	7.6
544	-0.873352	263.898298	0.198401	0.080989	6.4
545	-0.936969	263.654673	0.198571	0.053615	5.9
546	-0.930053	263.308234	0.198813	0.034264	4.9
547	-0.955347	263.900901	0.198400	0.041513	6.1
548	-0.934417	264.900901	0.197706	0.048122	4.6
549	-0.932183	265.900901	0.197017	0.050286	5.9
550	-0.914605	266.824236	0.196384	0.027257	7.8
551	-0.900026	266.917931	0.196321	0.059835	6.8
552	-0.921561	266.575899	0.196554	0.096110	7.0
553	-0.911273	267.575899	0.195873	0.057065	5.9
554	-0.924829	267.229557	0.196108	0.042689	4.0
555	-0.915768	266.883118	0.196344	0.038368	4.7
556	-0.896837	266.637104	0.196512	0.038818	3.9
557	-0.925347	267.636718	0.195832	0.036833	3.9
558	-0.904679	268.636624	0.195156	0.071667	4.0
559	-0.950373	268.290185	0.195389	0.038805	4.0
560	-0.913535	267.943746	0.195624	0.046636	3.9
561	-0.924924	267.597307	0.195858	0.030124	3.9
562	-0.883419	268.464851	0.195271	0.044285	4.1
563	-0.939839	268.118417	0.195505	0.043640	7.4
564	-0.949332	267.772341	0.195740	0.061480	8.4
565	-0.923477	267.426999	0.195974	0.048284	5.5
566	-0.893285	268.259691	0.195410	0.027670	6.4
567	-0.913716	267.966600	0.195608	0.062739	7.2
568	-0.946917	267.620212	0.195843	0.044542	7.3
569	-0.918990	267.273773	0.196078	0.053104	4.1
570	-0.945634	266.927334	0.196314	0.064991	3.9
571	-0.955249	266.580896	0.196551	0.036921	6.5
572	-0.937033	267.573677	0.195874	0.020532	6.0
573	-0.903284	267.227730	0.196110	0.031880	4.0
574	-0.886296	267.374884	0.196010	0.047131	5.3
575	-0.935176	267.029380	0.196245	0.038949	6.1
576	-0.920798	266.682941	0.196481	0.034811	5.8
577	-0.907551	267.433586	0.195970	0.038556	5.8
578	-0.888065	268.422979	0.195300	0.075071	7.4
579	-0.942935	268.076541	0.195534	0.043708	4.3
580	-0.935253	269.076541	0.194860	0.059051	5.9
581	-0.907186	268.801617	0.195045	0.046802	7.0
582	-0.917197	268.577443	0.195196	0.045885	6.0
583	-0.908732	269.577350	0.194524	0.050888	6.1
584	-0.929161	269.232541	0.194755	0.059976	6.8
585	-0.904401	270.226312	0.194090	0.053538	7.3
586	-0.925836	269.879874	0.194322	0.060033	3.9
587	-0.922054	270.879873	0.193656	0.058311	4.2
588	-0.906178	270.533472	0.193886	0.032896	4.8
589	-0.906123	270.187098	0.194116	0.034164	7.2
590	-0.918277	271.187097	0.193452	0.029241	4.9
591	-0.959132	270.840676	0.193682	0.052987	5.9
592	-0.959029	270.494292	0.193912	0.022656	5.8
593	-0.902328	270.672243	0.193794	0.042228	6.3
594	-0.929889	271.565882	0.193202	0.025816	7.1
595	-0.916447	271.623568	0.193164	0.060434	5.3
596	-0.952019	271.321555	0.193363	0.039674	4.3
597	-0.910149	272.321555	0.192704	0.045486	6.4
598	-0.903444	273.320082	0.192050	0.040171	7.1
599	-0.866465	273.367639	0.192019	0.046619	5.8
600	-0.948059	274.366043	0.191370	0.033666	5.9
601	-0.894487	275.366043	0.190724	0.056057	6.6
602	-0.940950	275.029845	0.190941	0.029682	7.2
603	-0.937213	274.683411	0.191165	0.040134	4.2
604	-0.914415	275.046478	0.190930	0.055209	4.1
605	-0.946798	276.046382	0.190288	0.035539	4.2
606	-0.953810	277.046382	0.189649	0.031060	6.8
607	-0.884151	278.039230	0.189019	0.041002	4.4
608	-0.929648	277.692793	0.189239	0.085955	4.9
609	-0.937351	278.689078	0.188610	0.045659	5.9
610	-0.903263	279.689078	0.187982	0.055358	6.1
611	-0.897400	279.342641	0.188199	0.046812	6.8
612	-0.915649	278.998430	0.188415	0.040582	7.4
613	-0.920771	279.323729	0.188211	0.029467	4.6
614	-0.946423	278.988193	0.188421	0.062238	6.3
615	-0.946181	279.988193	0.187795	0.065726	8.5
616	-0.960265	280.988193	0.187174	0.051930	7.7
617	-0.964675	281.988193	0.186556	0.077690	6.6
618	-0.909466	281.641754	0.186769	0.035953	10.0
619	-0.955187	281.295315	0.186983	0.046165	10.0
620	-0.915926	280.948877	0.187198	0.055179	5.7
621	-0.924014	281.948877	0.186580	0.072848	6.2
622	-0.874065	281.602439	0.186794	0.041759	8.8
623	-0.923190	282.602439	0.186178	0.026451	14.4
624	-0.882142	282.256009	0.186391	0.029115	12.4
625	-0.935476	282.855729	0.186023	0.069323	9.5
626	-0.923116	283.855727	0.185413	0.029733	9.6
627	-0.945027	284.855727	0.184807	0.078992	8.0
628	-0.905986	284.509289	0.185016	0.041855	8.8
629	-0.952759	285.507806	0.184414	0.076523	6.4
630	-0.908327	286.507806	0.183814	0.040790	9.0
631	-0.959716	286.161399	0.184021	0.062209	9.9
632	-0.911047	285.864994	0.184199	0.045379	14.4
633	-0.919636	285.518638	0.184407	0.065998	9.8
634	-0.892533	286.518638	0.183807	0.036749	11.2
635	-0.914972	286.245731	0.183971	0.053937	9.2
636	-0.951155	287.245567	0.183374	0.027491	13.2
637	-0.937543	288.228304	0.182791	0.060659	4.0
638	-0.950722	287.888423	0.182992	0.057371	4.8
639	-0.933839	288.888409	0.182402	0.045096	9.6
640	-0.912570	289.888409	0.181815	0.047195	6.7
641	-0.931383	290.751481	0.181312	0.065056	7.4
642	-0.937671	291.748663	0.180734	0.049629	5.7
643	-0.968308	291.402224	0.180934	0.034186	9.1
644	-0.984436	292.398822	0.180359	0.052546	7.2
645	-0.924229	292.070408	0.180548	0.039068	5.1
646	-0.924569	291.724657	0.180748	0.040868	5.9
647	-0.916298	292.723510	0.180172	0.045002	5.4
648	-0.898534	293.723494	0.179600	0.056582	4.1
649	-0.936710	293.377055	0.179798	0.079234	5.1
650	-0.921502	293.030616	0.179996	0.055369	5.3
651	-0.915010	292.684177	0.180195	0.058202	8.3
652	-0.904954	293.684177	0.179622	0.046746	7.7
653	-0.903892	293.337738	0.179820	0.075746	6.6
654	-0.889784	293.003617	0.180011	0.045748	6.5
655	-0.896192	292.657178	0.180210	0.060166	5.5
656	-0.941859	293.657178	0.179637	0.041778	5.2
657	-0.926999	294.562641	0.179122	0.040634	5.2
658	-0.918620	295.285401	0.178713	0.056219	4.8
659	-0.941350	296.285151	0.178150	0.042524	5.8
660	-0.903697	296.098017	0.178255	0.037959	9.1
661	-0.939899	295.874406	0.178381	0.025225	7.2
662	-0.919662	295.528997	0.178575	0.049104	6.8
663	-0.924405	296.528996	0.178013	0.028161	5.1
664	-0.927646	297.528918	0.177454	0.042215	5.8
665	-0.952815	298.526643	0.176900	0.054869	4.3
666	-0.911090	298.180204	0.177092	0.044740	4.1
667	-0.925619	297.833766	0.177284	0.026304	4.2
668	-0.919468	297.487327	0.177477	0.053301	5.9
669	-0.936277	297.302610	0.177580	0.051637	8.9
670	-0.928519	296.959496	0.177772	0.033804	4.2
671	-0.943861	297.959397	0.177214	0.037735	6.4
672	-0.954992	297.632674	0.177396	0.046249	5.7
673	-0.939651	298.607167	0.176855	0.025999	6.4
674	-0.934308	298.263167	0.177046	0.039610	4.5
675	-0.918874	297.924102	0.177234	0.033868	4.7
676	-0.903568	298.515089	0.176906	0.014289	3.9
677	-0.946015	299.404738	0.176415	0.026972	3.9
678	-0.945816	299.069883	0.176600	0.031024	7.0
679	-0.921019	300.052512	0.176059	0.061574	5.6
680	-0.933556	300.255256	0.175948	0.035363	6.1
681	-0.949577	299.909696	0.176137	0.057991	6.3
682	-0.885637	300.909696	0.175590	0.030171	6.0
683	-0.915304	300.669671	0.175721	0.065799	7.4
684	-0.912206	301.600381	0.175214	0.038579	7.0
685	-0.914187	301.253943	0.175403	0.061675	6.8
686	-0.901669	302.245346	0.174865	0.039816	7.3
687	-0.931598	303.245346	0.174325	0.042458	4.6
688	-0.890450	302.928096	0.174496	0.033469	5.1
689	-0.915438	302.676545	0.174632	0.025070	7.1
690	-0.917555	303.663233	0.174101	0.055635	7.2
691	-0.940187	303.450259	0.174215	0.060011	4.5
692	-0.923804	304.449696	0.173680	0.050558	5.1
693	-0.890018	304.103257	0.173865	0.040326	5.5
694	-0.887704	303.756818	0.174051	0.029275	5.0
695	-0.942984	303.531747	0.174172	0.041731	5.6
696	-0.938123	303.263371	0.174316	0.070690	4.8
697	-0.941210	304.263371	0.173780	0.048855	4.1
698	-0.921605	303.916932	0.173965	0.056024	4.0
699	-0.929946	304.916932	0.173431	0.064991	4.6
700	-0.947505	304.570756	0.173616	0.064979	10.2
701	-0.867849	304.257784	0.173783	0.028527	6.7
702	-0.889903	303.912377	0.173968	0.037890	6.8
703	-0.910205	304.912267	0.173434	0.046825	8.9
704	-0.935942	304.613294	0.173593	0.027168	4.2
705	-0.893606	305.097072	0.173336	0.054109	6.7
706	-0.953702	304.786327	0.173501	0.041469	9.4
707	-0.959364	305.786309	0.172970	0.047082	8.3
708	-0.913378	305.456523	0.173145	0.039070	8.1
709	-0.904789	306.340720	0.172677	0.043687	9.9
710	-0.932148	307.340614	0.172151	0.046151	7.4
711	-0.947994	306.994175	0.172333	0.054440	6.4
712	-0.926759	306.736321	0.172469	0.038996	9.7
713	-0.907132	307.736321	0.171944	0.042167	7.2
714	-0.923905	308.736050	0.171423	0.066406	7.6
715	-0.946473	308.389611	0.171603	0.032344	10.5
716	-0.887287	309.389611	0.171084	0.035969	9.1
717	-0.936395	309.043248	0.171263	0.066274	6.2
718	-0.930799	308.696948	0.171443	0.058550	8.1
719	-0.919261	308.350509	0.171623	0.035338	7.8
720	-0.911754	308.058124	0.171776	0.058306	4.8
721	-0.955828	307.711685	0.171957	0.051166	4.6
722	-0.900983	308.711685	0.171435	0.031623	9.1
723	-0.908893	308.365246	0.171616	0.053705	10.6
724	-0.926127	308.018809	0.171796	0.038820	5.9
725	-0.928314	309.018766	0.171276	0.037523	6.1
726	-0.940376	309.447472	0.171054	0.049258	6.6
727	-0.920951	309.101440	0.171233	0.032489	7.1
728	-0.940562	308.755760	0.171412	0.053567	5.9
729	-0.931234	308.409407	0.171593	0.035087	6.2
730	-0.909857	309.406741	0.171075	0.022953	5.3
731	-0.909520	309.060323	0.171254	0.062430	8.1
732	-0.929359	310.060186	0.170737	0.088658	5.8
733	-0.944018	309.713747	0.170916	0.019156	7.4
734	-0.902588	309.367841	0.171095	0.060974	6.8
735	-0.920278	310.357249	0.170584	0.028209	8.1
736	-0.953339	310.010870	0.170762	0.055707	6.9
737	-0.888737	311.010398	0.170248	0.038706	5.5
738	-0.955712	312.009565	0.169738	0.033405	9.7
739	-0.934094	312.737173	0.169367	0.041451	7.1
740	-0.864722	312.751820	0.169360	0.084237	7.3
741	-0.921313	313.751820	0.168854	0.037235	5.6
742	-0.928792	313.602586	0.168929	0.060723	5.9
743	-0.920793	314.579096	0.168438	0.069813	7.3
744	-0.923291	315.579096	0.167937	0.036779	5.8
745	-0.920293	315.232667	0.168110	0.036984	9.1
746	-0.956278	315.885739	0.167785	0.044743	4.6
747	-0.955145	316.828400	0.167316	0.026101	4.2
748	-0.954977	317.827807	0.166823	0.058925	6.9
749	-0.916522	317.482917	0.166993	0.040894	5.7
750	-0.931147	317.136478	0.167164	0.054293	5.9
751	-0.928973	318.136478	0.166671	0.074571	8.8
752	-0.939193	319.136478	0.166181	0.041976	3.9
753	-0.925000	320.136478	0.165694	0.059019	4.8
754	-0.915510	321.136478	0.165210	0.038620	6.8
755	-0.898308	320.802016	0.165371	0.055665	4.1
756	-0.897614	320.455580	0.165539	0.033475	5.3
757	-0.936643	320.109146	0.165707	0.035720	6.0
758	-0.910302	319.762710	0.165876	0.065347	5.8
759	-0.900006	320.762710	0.165390	0.033965	6.2
760	-0.915743	320.807152	0.165369	0.040845	6.8
761	-0.940836	321.799903	0.164890	0.060344	4.5
762	-0.913625	322.799903	0.164410	0.036330	4.0
763	-0.897440	322.793225	0.164413	0.035057	6.5
764	-0.943035	323.793037	0.163937	0.057604	6.6
765	-0.919111	323.446605	0.164102	0.060099	6.0
766	-0.921180	324.446541	0.163627	0.047110	5.6
767	-0.919323	324.100102	0.163791	0.042426	6.7
768	-0.957956	325.100023	0.163318	0.034187	6.8
769	-0.924413	324.753590	0.163481	0.044010	3.9
770	-0.911967	324.407152	0.163645	0.068509	4.2
771	-0.947740	324.060713	0.163809	0.047198	5.0
772	-0.937711	323.714274	0.163974	0.053434	6.2
773	-0.943555	324.176001	0.163755	0.023313	6.0
774	-0.917741	325.131630	0.163303	0.035217	6.0
775	-0.890671	326.126597	0.162835	0.042684	5.8
776	-0.936093	326.720637	0.162556	0.053147	7.0
777	-0.932834	326.374498	0.162718	0.052253	4.6
778	-0.921505	327.374498	0.162251	0.044762	4.1
779	-0.909507	327.028128	0.162413	0.057453	4.3
780	-0.871984	328.028128	0.161947	0.039089	5.1
781	-0.933989	328.542517	0.161709	0.047124	5.5
782	-0.905722	328.196078	0.161870	0.039876	6.1
783	-0.913495	328.203775	0.161866	0.056204	5.8
784	-0.938510	329.203752	0.161404	0.048147	6.1
785	-0.931180	329.522835	0.161257	0.026066	6.7
786	-0.914559	329.176399	0.161416	0.027168	5.9
787	-0.933965	328.830024	0.161576	0.021598	4.4
788	-0.946379	329.773504	0.161142	0.040788	4.3
789	-0.949782	330.772738	0.160684	0.026107	4.8
790	-0.914853	330.451776	0.160831	0.040645	5.5
791	-0.922114	331.390681	0.160402	0.040795	6.2
792	-0.939848	331.242195	0.160470	0.031898	5.8
793	-0.920812	332.242180	0.160015	0.057159	6.0
794	-0.922821	331.895742	0.160173	0.037325	6.1
795	-0.935091	331.549304	0.160330	0.049722	6.6
796	-0.885968	332.549282	0.159876	0.070411	4.8
797	-0.941828	333.549276	0.159426	0.036475	4.1
798	-0.960166	334.461790	0.159016	0.016339	4.7
799	-0.949364	334.334190	0.159073	0.065587	5.8
800	-0.925151	334.426771	0.159032	0.027298	4.2
801	-0.944311	335.426771	0.158586	0.038717	4.2
802	-0.910127	335.080338	0.158740	0.028954	3.9
803	-0.930404	335.001527	0.158775	0.061718	4.4
804	-0.961185	336.001527	0.158330	0.063831	5.7
805	-0.920535	337.001520	0.157888	0.036106	5.6
806	-0.876262	336.789093	0.157982	0.045666	4.4
807	-0.919010	336.464805	0.158125	0.052904	4.6
808	-0.932909	336.174109	0.158254	0.059721	6.7
809	-0.910965	335.827672	0.158408	0.041576	8.9
810	-0.903158	335.481258	0.158562	0.025474	6.3
811	-0.921873	335.134828	0.158716	0.036564	6.3
812	-0.934016	336.120114	0.158278	0.043868	6.0
813	-0.927881	337.120110	0.157836	0.044389	6.3
814	-0.953301	336.773672	0.157989	0.045672	6.9
815	-0.924243	336.511194	0.158105	0.062508	5.1
816	-0.907287	337.511193	0.157664	0.037851	4.0
817	-0.931527	338.511193	0.157225	0.060604	5.5
818	-0.925175	339.511190	0.156789	0.052875	4.7
819	-0.935567	340.511190	0.156355	0.053415	4.2
820	-1.002136	340.230956	0.156477	0.059662	3.9
821	-0.904944	339.884517	0.156627	0.039321	5.5
822	-0.977201	339.538078	0.156777	0.047785	5.8
823	-0.910607	340.201680	0.156489	0.023419	5.7
824	-0.915050	341.199647	0.156058	0.041150	6.2
825	-0.903791	342.124357	0.155661	0.044650	7.1
826	-0.925679	343.124353	0.155233	0.026781	5.5
827	-0.869690	342.782039	0.155379	0.040215	7.1
828	-0.918763	342.435745	0.155527	0.052208	5.7
829	-0.947718	343.435745	0.155101	0.033470	6.1
830	-0.919736	343.098178	0.155244	0.047057	5.9
831	-0.898616	342.751746	0.155392	0.040858	7.5
832	-0.927914	342.485929	0.155506	0.028767	4.6
833	-0.924423	342.297450	0.155587	0.028739	4.4
834	-0.909946	343.297386	0.155160	0.044535	3.8
835	-0.901052	342.950962	0.155307	0.037656	6.6
836	-0.914337	342.801415	0.155371	0.031826	4.1
837	-0.936189	343.801205	0.154945	0.049035	3.9
838	-0.939578	344.787748	0.154527	0.020665	5.0
839	-0.921818	344.441622	0.154674	0.029706	6.1
840	-0.894012	344.972851	0.154449	0.046759	5.7
841	-0.952079	345.972850	0.154028	0.062683	4.5
842	-0.901629	345.626411	0.154174	0.037917	5.1
843	-0.936762	345.621909	0.154176	0.034756	4.5
844	-0.904540	346.552111	0.153786	0.062389	4.3
845	-0.943709	347.552110	0.153368	0.031934	8.3
846	-0.934576	347.205672	0.153513	0.037789	4.8
847	-0.938711	346.866298	0.153654	0.034405	5.1
848	-0.945157	347.865958	0.153238	0.047130	4.8
849	-0.933020	348.865958	0.152824	0.064128	4.2
850	-0.916662	349.865958	0.152411	0.046727	4.2
851	-0.909645	349.519522	0.152554	0.030865	4.1
852	-0.969750	350.161546	0.152290	0.024768	4.2
853	-0.919754	351.158929	0.151882	0.021431	4.0
854	-0.914354	350.821801	0.152020	0.061723	4.1
855	-0.950492	350.533173	0.152138	0.040709	4.2
856	-0.887257	351.533173	0.151729	0.040057	5.7
857	-0.929385	351.186735	0.151871	0.055169	4.2
858	-0.954421	352.105671	0.151497	0.093636	4.0
859	-0.923331	353.105671	0.151092	0.051336	5.0
860	-0.922078	352.759242	0.151232	0.045089	3.9
861	-0.908928	352.412808	0.151372	0.030423	4.0
862	-0.908983	352.066369	0.151512	0.087591	4.1
863	-0.946700	353.066369	0.151107	0.059508	6.8
864	-0.923955	354.066369	0.150705	0.046116	6.5
865	-0.927809	355.066238	0.150304	0.038772	7.2
866	-0.935563	356.066230	0.149905	0.060557	7.2
867	-0.925693	355.719791	0.150043	0.079980	6.6
868	-0.930418	356.719791	0.149646	0.025196	7.9
869	-0.887789	357.704357	0.149257	0.042097	6.1
870	-0.906428	358.704353	0.148864	0.035390	7.1
871	-0.906320	358.561459	0.148920	0.044165	4.6
872	-0.916560	358.215031	0.149056	0.039822	5.5
873	-0.927981	359.215030	0.148664	0.059141	9.0
874	-0.931924	359.007489	0.148745	0.051212	5.9
875	-0.911876	358.661050	0.148881	0.049672	5.8
876	-0.925695	359.659810	0.148490	0.035598	5.1
877	-0.939115	360.659668	0.148101	0.047939	6.4
878	-0.929775	361.659628	0.147714	0.042436	4.0
879	-0.927913	361.313189	0.147848	0.040953	3.9
880	-0.905601	361.926752	0.147611	0.051437	4.0
881	-0.894645	361.580582	0.147745	0.030667	4.3
882	-0.909758	362.536069	0.147377	0.046518	4.7
883	-0.926030	362.226354	0.147496	0.052212	5.4
884	-0.942558	361.908841	0.147618	0.044721	7.4
885	-0.966430	361.564453	0.147751	0.054581	6.9
886	-0.922585	362.564402	0.147366	0.036950	6.0
887	-0.952103	362.326681	0.147457	0.067393	6.5
888	-0.914888	363.326681	0.147073	0.049675	5.7
889	-0.934792	362.980242	0.147206	0.044585	7.5
890	-0.940416	363.980242	0.146824	0.054975	4.0
891	-0.901488	363.633803	0.146956	0.052468	6.0
892	-0.943426	364.633803	0.146575	0.058549	5.5
893	-0.898504	364.287364	0.146707	0.040740	6.3
894	-0.912201	363.940925	0.146839	0.038766	5.2
895	-0.935278	363.633670	0.146956	0.038414	6.0
896	-0.944546	364.633457	0.146575	0.034997	3.9
897	-0.910879	365.598496	0.146209	0.036702	4.2
898	-0.930044	366.392220	0.145910	0.035361	6.2
899	-0.867740	367.391307	0.145534	0.027932	6.9
900	-0.892413	367.049637	0.145662	0.039730	5.9
901	-0.930397	367.672510	0.145429	0.028441	3.9
902	-0.905711	368.622736	0.145074	0.020649	5.3
903	-0.913971	369.617087	0.144705	0.055467	4.5
904	-0.928709	369.304942	0.144821	0.029886	5.2
905	-0.901902	370.304931	0.144451	0.050051	6.3
906	-0.904873	370.417136	0.144409	0.030804	6.1
907	-0.917443	371.413904	0.144042	0.072866	6.7
908	-0.949126	371.071588	0.144168	0.049144	7.7
909	-0.934461	372.071588	0.143801	0.035424	6.5
910	-0.961177	371.725150	0.143928	0.062841	6.6
911	-0.911735	371.378970	0.144055	0.047206	7.1
912	-0.942999	371.059257	0.144173	0.046209	6.5
913	-0.920471	370.712819	0.144300	0.037942	7.2
914	-0.909900	370.641751	0.144326	0.046772	9.5
915	-0.903734	371.401503	0.144047	0.029747	6.3
916	-0.920620	372.400784	0.143681	0.035503	12.4
917	-0.929626	372.127120	0.143781	0.054992	7.0
918	-0.923439	373.127114	0.143416	0.044087	10.9
919	-0.938283	374.127114	0.143053	0.055023	9.2
920	-0.904080	375.127114	0.142692	0.045561	8.2
921	-0.962036	374.780675	0.142817	0.030510	12.6
922	-0.939941	375.426299	0.142584	0.085661	8.1
923	-0.941903	376.426296	0.142226	0.024876	9.0
924	-0.920612	376.079857	0.142350	0.059206	9.6
925	-0.922241	375.765311	0.142463	0.061779	7.6
926	-0.949762	375.418872	0.142587	0.053777	10.4
927	-0.931307	375.072433	0.142712	0.030654	9.8
928	-0.924939	376.072432	0.142352	0.045499	8.2
929	-0.926994	375.725993	0.142477	0.030155	4.0
930	-0.937614	376.725992	0.142118	0.047549	5.3
931	-0.907010	377.724690	0.141763	0.029715	7.2
932	-0.940970	378.724687	0.141408	0.044365	7.1
933	-0.922692	378.378249	0.141531	0.061281	9.7
934	-0.888459	378.031810	0.141653	0.027897	6.9
935	-0.919989	378.118257	0.141623	0.051121	5.5
936	-0.891484	379.118238	0.141269	0.040688	7.5
937	-0.931980	378.771799	0.141391	0.040602	4.5
938	-0.925314	379.738305	0.141050	0.049241	10.6
939	-0.966960	380.738305	0.140699	0.030960	15.2
940	-0.931330	381.264140	0.140515	0.056272	7.0
941	-0.947835	380.917861	0.140636	0.030186	8.3
942	-0.875420	380.571422	0.140758	0.033419	7.7
943	-0.957681	381.567176	0.140409	0.049050	8.7
944	-0.966321	381.220932	0.140530	0.056318	8.2
945	-0.926106	382.220929	0.140182	0.036008	10.7
946	-0.946782	383.197754	0.139843	0.045976	4.7
947	-0.951838	384.197754	0.139498	0.066161	4.3
948	-0.922694	385.195213	0.139155	0.060319	5.8
949	-0.843909	385.935878	0.138902	0.027960	7.0
950	-0.915652	385.589441	0.139020	0.038054	7.1
951	-0.931995	385.243014	0.139139	0.061899	6.0
952	-0.906967	384.896576	0.139258	0.053619	6.5
953	-0.945252	385.820093	0.138942	0.032781	9.5
954	-0.934606	385.479920	0.139058	0.055191	6.7
955	-0.940599	386.371753	0.138753	0.038357	8.1
956	-0.958388	386.025320	0.138872	0.061731	6.6
957	-0.921679	387.025320	0.138531	0.028496	7.4
958	-0.952414	388.023945	0.138193	0.042949	6.1
959	-0.906985	387.678472	0.138310	0.075368	8.2
960	-0.924405	388.678472	0.137972	0.063981	5.5
961	-0.970946	388.332034	0.138089	0.064586	6.8
962	-0.941388	389.332034	0.137752	0.065751	6.0
963	-0.934045	388.985602	0.137869	0.051598	6.6
964	-0.949916	388.639163	0.137985	0.033528	7.4
965	-0.947991	389.639163	0.137649	0.073018	4.3
966	-0.917813	389.292724	0.137766	0.054890	4.3
967	-0.945667	390.292724	0.137431	0.050285	4.7
968	-0.927621	391.292723	0.137097	0.038759	5.5
969	-0.922254	390.946287	0.137213	0.045698	6.3
970	-0.895702	391.933690	0.136884	0.029741	5.8
971	-0.960553	391.587251	0.136999	0.053139	6.3
972	-0.934419	391.240954	0.137115	0.060779	5.9
973	-0.960140	392.240954	0.136783	0.039053	7.0
974	-0.936243	391.895169	0.136897	0.031124	4.4
975	-0.929997	392.691251	0.136634	0.052932	4.1
976	-0.907319	392.344813	0.136748	0.019884	5.0
977	-0.942257	393.187672	0.136470	0.046011	6.2
978	-0.935963	394.187394	0.136141	0.025874	3.9
979	-0.936858	393.840965	0.136255	0.044645	4.1
980	-0.917853	394.840927	0.135928	0.032925	3.8
981	-0.895130	394.494552	0.136041	0.052843	5.2
982	-0.943911	394.162665	0.136150	0.018847	5.7
983	-0.941977	394.925021	0.135900	0.054958	6.5
984	-0.892690	395.905656	0.135580	0.028331	6.1
985	-0.962181	395.827619	0.135606	0.030567	7.0
986	-0.878996	395.532649	0.135702	0.029609	5.8
987	-0.938910	396.521851	0.135380	0.030401	6.8
988	-0.884552	397.521829	0.135057	0.037582	6.0
989	-0.944877	397.201038	0.135160	0.065002	6.2
990	-0.885417	398.199352	0.134839	0.057193	6.4
991	-0.935577	397.852913	0.134950	0.032236	7.2
992	-0.917384	398.846345	0.134631	0.045626	4.3
993	-0.917811	398.533716	0.134731	0.042594	5.0
994	-0.903462	398.706387	0.134676	0.028943	4.5
995	-0.928422	398.360997	0.134787	0.044008	6.1
996	-0.990874	398.014558	0.134898	0.041048	4.7
997	-0.939724	398.998766	0.134582	0.039869	4.6
998	-0.914861	399.998751	0.134262	0.039605	4.0
999	-0.927246	399.861199	0.134306	0.038689	5.6
