1:ItNr	2:Metric	3a:Time	3b:StepSize	4:||Gradient||	Time[ms]
0	-1.066909	0.000000	4.453979	0.035028	29.6
1	-1.106009	0.000000	4.453979	0.034092	4.7
2	-1.067322	0.000000	4.453979	0.031078	4.8
3	-1.071967	0.000000	4.453979	0.024673	7.9
4	-1.125566	0.000000	4.453979	0.025741	8.2
5	-1.080009	0.000000	4.453979	0.021820	4.8
6	-1.120425	0.000000	4.453979	0.030582	6.6
7	-1.117596	0.000000	4.453979	0.022158	6.1
8	-1.101626	0.000000	4.453979	0.018476	4.7
9	-1.112066	0.000000	4.453979	0.017858	4.8
10	-1.063627	0.000000	4.453979	0.013590	4.8
11	-1.119140	0.000000	4.453979	0.019691	4.9
12	-1.189244	0.000000	4.453979	0.016731	4.9
13	-1.140471	0.000000	4.453979	0.016193	6.2
14	-1.117380	0.000000	4.453979	0.015987	9.5
15	-1.094563	0.000000	4.453979	0.015936	4.2
16	-1.147082	0.000000	4.453979	0.015307	4.9
17	-1.102735	0.000000	4.453979	0.016302	9.0
18	-1.078842	0.000000	4.453979	0.012092	6.9
19	-1.111066	0.000000	4.453979	0.015282	5.5
20	-1.129640	0.000000	4.453979	0.014383	7.7
21	-1.128095	0.000000	4.453979	0.014222	6.3
22	-1.120317	0.000000	4.453979	0.016920	4.6
23	-1.101919	0.000000	4.453979	0.014100	3.5
24	-1.146286	0.000000	4.453979	0.012033	3.6
25	-1.136117	0.000000	4.453979	0.012489	3.6
26	-1.115150	0.000000	4.453979	0.011562	4.3
27	-1.105414	0.000000	4.453979	0.008988	4.7
28	-1.108288	0.000000	4.453979	0.006549	3.6
29	-1.152007	0.000000	4.453979	0.014672	3.4
30	-1.092929	0.000000	4.453979	0.010348	4.0
31	-1.090856	0.000000	4.453979	0.011379	3.7
32	-1.151782	0.000000	4.453979	0.010250	5.2
33	-1.104438	0.000000	4.453979	0.013436	3.5
34	-1.103585	0.000000	4.453979	0.009267	3.7
35	-1.162218	0.000000	4.453979	0.011025	4.5
36	-1.121636	0.000000	4.453979	0.011031	4.9
37	-1.134581	0.000000	4.453979	0.007496	4.2
38	-1.122347	0.000000	4.453979	0.010892	4.5
39	-1.078713	0.000000	4.453979	0.010572	4.3
40	-1.140003	0.000000	4.453979	0.007025	4.9
41	-1.130284	0.000000	4.453979	0.012360	3.4
42	-1.111196	0.000000	4.453979	0.005690	3.4
43	-1.149592	0.000000	4.453979	0.008872	3.7
44	-1.112653	0.000000	4.453979	0.007521	5.8
45	-1.084223	0.000000	4.453979	0.007347	4.8
46	-1.157171	0.000000	4.453979	0.006677	6.9
47	-1.096347	0.000000	4.453979	0.008501	10.9
48	-1.064486	0.000000	4.453979	0.009501	7.0
49	-1.134018	0.000000	4.453979	0.008689	5.8
50	-1.109663	0.000000	4.453979	0.009292	10.9
51	-1.130743	0.035860	4.446386	0.006156	5.0
52	-1.109847	0.004229	4.453082	0.011227	3.4
53	-1.122013	0.000000	4.453979	0.007850	3.6
54	-1.103245	0.170584	4.418091	0.008614	3.5
55	-1.130927	0.000000	4.453979	0.007949	5.2
56	-1.111631	0.000000	4.453979	0.007752	6.0
57	-1.126063	0.000000	4.453979	0.014359	4.4
58	-1.134307	0.000000	4.453979	0.009253	3.8
59	-1.105053	0.658965	4.318469	0.010106	3.5
60	-1.103001	0.387595	4.373262	0.008376	5.0
61	-1.134835	0.843301	4.282025	0.006564	5.4
62	-1.119060	0.782513	4.293975	0.007710	9.8
63	-1.105811	0.514949	4.347375	0.009058	5.0
64	-1.166479	0.461468	4.358209	0.008781	6.0
65	-1.125554	0.105308	4.431755	0.008496	5.9
66	-1.128571	0.150238	4.422341	0.008685	4.8
67	-1.128989	0.398208	4.371093	0.011953	4.8
68	-1.106599	0.114212	4.429887	0.007488	4.8
69	-1.090282	0.342038	4.382597	0.009880	4.8
70	-1.160839	0.415182	4.367629	0.013585	4.8
71	-1.103560	0.954449	4.260346	0.008722	5.4
72	-1.143938	0.685509	4.313183	0.013130	4.9
73	-1.144906	0.610328	4.328188	0.006434	4.8
74	-1.115964	0.260780	4.399348	0.007511	7.2
75	-1.098251	0.113721	4.429989	0.005682	8.0
76	-1.161872	0.000000	4.453979	0.007566	6.4
77	-1.073820	0.000000	4.453979	0.007612	6.4
78	-1.125442	0.000000	4.453979	0.014352	7.7
79	-1.104948	0.000000	4.453979	0.011544	6.1
80	-1.136758	0.914907	4.268034	0.006732	5.0
81	-1.141938	0.643655	4.321523	0.007214	5.3
82	-1.153455	0.436116	4.363363	0.008829	4.9
83	-1.147444	0.571661	4.335946	0.011789	7.2
84	-1.101516	0.255052	4.400533	0.008431	5.8
85	-1.103846	0.000000	4.453979	0.012107	4.5
86	-1.139864	0.000000	4.453979	0.016099	5.9
87	-1.177735	0.000000	4.453979	0.008448	6.5
88	-1.143654	0.000000	4.453979	0.008170	6.4
89	-1.169797	0.000000	4.453979	0.018250	6.0
90	-1.172076	0.000000	4.453979	0.007074	5.1
91	-1.158312	0.550777	4.340148	0.006314	6.4
92	-1.139460	0.447048	4.361139	0.010207	5.4
93	-1.135757	0.509440	4.348489	0.006924	6.4
94	-1.118331	0.189984	4.414046	0.009932	3.5
95	-1.121929	0.235194	4.404648	0.006910	3.4
96	-1.106921	0.046091	4.444225	0.004882	5.5
97	-1.128772	0.000000	4.453979	0.009001	3.8
98	-1.151157	0.000000	4.453979	0.007077	4.3
99	-1.115027	0.000000	4.453979	0.007696	3.7
100	-1.099721	0.114071	4.429916	0.009762	3.9
101	-1.141902	0.000000	4.453979	0.007168	4.7
102	-1.127613	0.000000	4.453979	0.005168	4.6
103	-1.140236	0.000000	4.453979	0.015627	3.7
104	-1.080488	0.000000	4.453979	0.008847	4.1
105	-1.129283	0.000000	4.453979	0.012236	5.2
106	-1.141000	0.000000	4.453979	0.009448	7.6
107	-1.130451	0.000000	4.453979	0.007729	4.6
108	-1.118743	0.378005	4.375224	0.006674	5.3
109	-1.180464	0.274163	4.396580	0.008291	4.3
110	-1.161807	0.000000	4.453979	0.010669	5.0
111	-1.128460	0.000000	4.453979	0.006943	3.5
112	-1.125478	0.000000	4.453979	0.005586	3.4
113	-1.139649	0.000000	4.453979	0.006674	3.5
114	-1.109706	0.000000	4.453979	0.006676	4.5
115	-1.122600	0.048363	4.443745	0.015818	4.7
116	-1.128054	0.672076	4.315856	0.007064	6.8
117	-1.091583	1.267796	4.200396	0.007939	6.0
118	-1.099405	1.328457	4.188984	0.006243	6.0
119	-1.125215	1.167105	4.219476	0.008585	5.2
120	-1.188998	1.316359	4.191255	0.006579	4.1
121	-1.108839	1.373422	4.180566	0.005927	3.9
122	-1.128371	1.255654	4.202688	0.009563	3.9
123	-1.085663	1.111744	4.230040	0.007152	4.7
124	-1.120723	0.825218	4.285573	0.010878	5.4
125	-1.099455	1.248589	4.204022	0.006111	6.4
126	-1.133435	1.000500	4.251429	0.006642	3.5
127	-1.130090	0.975812	4.256205	0.006028	4.2
128	-1.122066	1.003324	4.250883	0.008085	7.2
129	-1.162989	0.761404	4.298140	0.010730	3.8
130	-1.093901	1.104153	4.231493	0.006062	3.6
131	-1.137470	1.117976	4.228848	0.009520	4.9
132	-1.102131	0.871978	4.276411	0.010324	4.6
133	-1.121882	1.317341	4.191071	0.005604	4.6
134	-1.125282	1.425307	4.170893	0.009328	4.9
135	-1.136766	1.222703	4.208919	0.013032	5.6
136	-1.152674	1.763071	4.109005	0.007338	5.8
137	-1.154670	1.631133	4.132960	0.013106	3.5
138	-1.095079	1.261225	4.201636	0.007637	6.3
139	-1.074209	1.565999	4.144889	0.007322	4.9
140	-1.106681	1.546119	4.148544	0.006509	5.1
141	-1.176809	1.619805	4.135029	0.004971	4.8
142	-1.113891	1.515889	4.154114	0.010466	4.8
143	-1.094459	1.293440	4.195564	0.006564	5.2
144	-1.142444	1.197602	4.213679	0.006179	6.7
145	-1.114607	1.066062	4.238797	0.005934	3.4
146	-1.148078	1.106694	4.231006	0.008032	3.5
147	-1.108145	0.864678	4.277838	0.011333	3.4
148	-1.119428	1.341969	4.186451	0.007801	6.5
149	-1.151810	1.592087	4.140103	0.006470	4.9
150	-1.157375	1.426478	4.170676	0.006488	4.9
151	-1.159090	1.234032	4.206775	0.007865	4.8
152	-1.169870	1.297021	4.194890	0.006021	4.8
153	-1.084473	1.209334	4.211453	0.009625	4.8
154	-1.119000	1.199946	4.213234	0.008989	4.9
155	-1.101471	0.820223	4.286554	0.006246	4.8
156	-1.091451	0.951408	4.260937	0.011849	6.1
157	-1.115138	0.674627	4.315348	0.011041	6.9
158	-1.156652	1.017511	4.248144	0.006758	9.0
159	-1.164146	1.288671	4.196462	0.008304	5.3
160	-1.111652	1.374166	4.180427	0.006080	5.4
161	-1.116266	1.178463	4.217315	0.005661	4.9
162	-1.139454	1.113265	4.229749	0.008529	9.2
163	-1.100253	0.865175	4.277741	0.010036	4.7
164	-1.153684	0.719997	4.306334	0.007592	4.7
165	-1.129592	0.416655	4.367328	0.009587	7.6
166	-1.099837	0.303509	4.390524	0.006299	5.2
167	-1.115056	0.074956	4.438138	0.007377	8.8
168	-1.135416	0.087914	4.435411	0.011762	4.9
169	-1.162740	0.442392	4.362086	0.009656	4.9
170	-1.122489	0.822845	4.286039	0.008377	5.9
171	-1.109957	0.522292	4.345892	0.008815	5.5
172	-1.084428	0.137521	4.425002	0.008891	6.2
173	-1.133124	0.310141	4.389157	0.011384	5.3
174	-1.151439	0.637295	4.322794	0.008710	4.3
175	-1.148338	0.585815	4.333103	0.006139	4.5
176	-1.146982	0.649787	4.320299	0.012886	6.2
177	-1.131891	0.844018	4.281884	0.006707	5.1
178	-1.096127	0.573695	4.335537	0.006946	4.9
179	-1.150462	0.580646	4.334141	0.007881	4.7
180	-1.125674	0.396743	4.371392	0.007718	6.6
181	-1.144336	0.105932	4.431624	0.010131	5.7
182	-1.121166	0.167921	4.418647	0.009150	4.4
183	-1.139992	0.017970	4.450171	0.008549	4.5
184	-1.146829	0.182495	4.415606	0.013094	5.1
185	-1.095061	0.803592	4.289824	0.005284	4.7
186	-1.168762	0.844725	4.281746	0.008239	4.6
187	-1.146047	0.903808	4.270196	0.011887	4.9
188	-1.172957	1.439870	4.168186	0.007920	4.7
189	-1.149228	1.722686	4.116308	0.007865	6.1
190	-1.115197	1.481344	4.160497	0.006088	5.7
191	-1.140104	1.297657	4.194771	0.012536	3.4
192	-1.150268	1.251642	4.203445	0.005979	4.6
193	-1.114924	1.148641	4.222993	0.007327	3.8
194	-1.175564	0.945504	4.262083	0.007292	5.3
195	-1.177004	1.144912	4.223704	0.014876	3.5
196	-1.166640	1.159880	4.220852	0.008148	3.4
197	-1.136436	1.825840	4.097705	0.008233	3.5
198	-1.141857	1.570774	4.144012	0.007732	3.5
199	-1.109772	1.478899	4.160949	0.006174	4.8
200	-1.167880	1.282490	4.197626	0.011534	4.8
201	-1.149364	1.117820	4.228878	0.005747	4.8
202	-1.126772	1.018801	4.247895	0.005425	5.0
203	-1.145687	0.912417	4.268519	0.007646	5.2
204	-1.096314	0.734293	4.303502	0.006200	8.0
205	-1.120120	0.801877	4.290161	0.008758	4.8
206	-1.088146	0.740184	4.302335	0.006503	6.0
207	-1.143402	0.753356	4.299730	0.006674	5.0
208	-1.051021	0.548812	4.340544	0.006859	4.9
209	-1.168070	0.307880	4.389623	0.005802	4.8
210	-1.153487	0.093768	4.434180	0.008910	5.5
211	-1.097565	0.000000	4.453979	0.005986	5.9
212	-1.108543	0.000000	4.453979	0.007864	3.5
213	-1.161538	0.000000	4.453979	0.008980	3.4
214	-1.135824	0.108969	4.430987	0.010479	3.6
215	-1.127968	0.000000	4.453979	0.005507	5.2
216	-1.130278	0.113604	4.430014	0.007324	4.9
217	-1.111729	0.000000	4.453979	0.007288	4.0
218	-1.122102	0.000000	4.453979	0.010635	4.3
219	-1.090420	0.000000	4.453979	0.006648	4.7
220	-1.164697	0.000000	4.453979	0.009173	4.8
221	-1.114197	0.000000	4.453979	0.007115	4.9
222	-1.140528	0.040108	4.445489	0.011322	4.7
223	-1.119090	0.327756	4.385532	0.005832	3.6
224	-1.140940	0.303508	4.390524	0.006484	5.2
225	-1.135247	0.302901	4.390649	0.008005	10.2
226	-1.139563	0.015016	4.450797	0.011374	3.8
227	-1.149584	0.232187	4.405272	0.006800	3.5
228	-1.114085	0.000000	4.453979	0.011895	4.3
229	-1.115236	0.000000	4.453979	0.006345	4.9
230	-1.091180	0.126196	4.427374	0.010365	3.8
231	-1.165137	0.051250	4.443136	0.006889	4.6
232	-1.131613	0.425855	4.365453	0.007590	4.4
233	-1.156018	0.129042	4.426777	0.010391	4.9
234	-1.119223	0.000000	4.453979	0.007910	3.9
235	-1.132585	0.000000	4.453979	0.009024	4.0
236	-1.131834	0.000000	4.453979	0.009555	8.2
237	-1.097156	0.000000	4.453979	0.006847	4.8
238	-1.140988	0.252780	4.401004	0.009110	3.6
239	-1.135811	0.008590	4.452158	0.007728	5.4
240	-1.100093	0.000000	4.453979	0.005144	4.4
241	-1.105366	0.000000	4.453979	0.004983	5.0
242	-1.177684	0.000000	4.453979	0.006197	3.4
243	-1.174564	0.000000	4.453979	0.005467	4.8
244	-1.170724	0.000000	4.453979	0.008752	3.9
245	-1.131748	0.000000	4.453979	0.014781	3.7
246	-1.132371	0.794984	4.291518	0.008790	4.3
247	-1.148648	1.121384	4.228197	0.008642	4.6
248	-1.157729	1.559847	4.146019	0.005341	6.9
249	-1.139308	1.403914	4.174876	0.009728	6.3
250	-1.129922	1.146495	4.223403	0.010532	3.4
251	-1.103470	0.949818	4.261246	0.010565	4.1
252	-1.109789	0.935390	4.264048	0.007513	3.9
253	-1.151096	0.623004	4.325651	0.012069	5.5
254	-1.178355	1.209190	4.211480	0.011500	5.0
255	-1.164726	1.527439	4.151984	0.009813	3.7
256	-1.176413	1.671953	4.125519	0.009924	4.3
257	-1.132530	1.569782	4.144194	0.007557	4.2
258	-1.149339	1.260174	4.201834	0.008965	4.7
259	-1.149318	1.259093	4.202038	0.007352	3.6
260	-1.170813	0.917910	4.267449	0.008296	4.0
261	-1.130674	0.769484	4.296545	0.011774	3.4
262	-1.131481	0.560553	4.338180	0.005807	4.3
263	-1.160915	0.557205	4.338854	0.005949	3.7
264	-1.106737	0.349505	4.381065	0.007170	4.1
265	-1.133625	0.236197	4.404440	0.007409	3.5
266	-1.170640	0.190446	4.413950	0.005955	4.1
267	-1.140629	0.108202	4.431148	0.007812	3.6
268	-1.134206	0.069641	4.439257	0.007113	5.8
269	-1.132039	0.234761	4.404738	0.006582	5.9
270	-1.150754	0.093825	4.434168	0.006595	7.0
271	-1.128840	0.011399	4.451563	0.008123	6.3
272	-1.161290	0.000000	4.453979	0.012736	3.6
273	-1.100502	0.000000	4.453979	0.006492	4.7
274	-1.169745	0.225755	4.406607	0.006142	5.5
275	-1.155265	0.107431	4.431310	0.005863	4.7
276	-1.122242	0.000000	4.453979	0.007414	5.3
277	-1.162087	0.000000	4.453979	0.006854	5.5
278	-1.143459	0.000000	4.453979	0.006185	5.5
279	-1.155968	0.000000	4.453979	0.006624	6.3
280	-1.136550	0.000000	4.453979	0.007946	5.4
281	-1.107267	0.000000	4.453979	0.009741	4.6
282	-1.116437	0.179668	4.416196	0.009917	4.1
283	-1.099563	0.205111	4.410897	0.011416	4.6
284	-1.113082	0.462796	4.357939	0.010382	3.5
285	-1.139598	0.518286	4.346701	0.008155	4.5
286	-1.109593	0.317806	4.387579	0.006972	3.5
287	-1.129757	0.220362	4.407727	0.008580	4.4
288	-1.150692	0.000000	4.453979	0.008786	3.5
289	-1.164019	0.034872	4.446595	0.012929	8.7
290	-1.140523	0.221955	4.407396	0.009578	7.1
291	-1.117129	0.001902	4.453576	0.010681	6.4
292	-1.163986	0.000000	4.453979	0.010447	7.2
293	-1.145632	0.179702	4.416189	0.008711	4.1
294	-1.145990	0.567170	4.336849	0.006653	3.6
295	-1.165410	0.564344	4.337417	0.005096	4.2
296	-1.112329	0.404647	4.369778	0.007940	6.0
297	-1.172192	0.279769	4.395422	0.005404	9.8
298	-1.146792	0.049348	4.443537	0.007796	5.4
299	-1.124626	0.000000	4.453979	0.006684	5.3
300	-1.153146	0.000000	4.453979	0.007788	8.4
301	-1.130287	0.076878	4.437733	0.009950	7.8
302	-1.154343	0.035987	4.446360	0.010158	5.0
303	-1.131900	0.000000	4.453979	0.009348	6.8
304	-1.166786	0.000000	4.453979	0.010646	5.2
305	-1.081311	0.541295	4.342058	0.006285	6.2
306	-1.112066	0.462753	4.357948	0.007764	4.5
307	-1.110232	0.486077	4.353217	0.006683	3.4
308	-1.101215	0.421201	4.366401	0.011970	4.5
309	-1.139185	0.075190	4.438089	0.009364	6.6
310	-1.175276	0.839033	4.282862	0.009423	6.8
311	-1.184808	1.170396	4.218849	0.016737	3.7
312	-1.137720	1.816307	4.099417	0.010840	6.7
313	-1.097108	2.691120	3.948043	0.005353	4.0
314	-1.117977	2.656927	3.953749	0.010582	4.5
315	-1.156613	2.685908	3.948912	0.004763	6.1
316	-1.162117	2.497014	3.980657	0.011857	3.5
317	-1.088674	2.477243	3.984010	0.012538	4.5
318	-1.146406	2.040548	4.059520	0.009421	3.5
319	-1.169551	2.419824	3.993777	0.010057	5.6
320	-1.160914	2.028064	4.061721	0.007611	8.3
321	-1.142167	1.849238	4.093509	0.010120	7.6
322	-1.121346	2.126121	4.044499	0.005235	5.5
323	-1.156367	1.863026	4.091040	0.006947	4.2
324	-1.129337	1.706092	4.119316	0.014119	8.3
325	-1.150324	1.454618	4.165449	0.008901	4.6
326	-1.123526	1.646705	4.130118	0.006373	8.2
327	-1.124091	1.913651	4.082002	0.008874	7.4
328	-1.182069	1.743984	4.112453	0.009046	5.1
329	-1.167367	1.419615	4.171952	0.009532	6.6
330	-1.107499	1.194390	4.214288	0.005345	4.2
331	-1.122342	0.995833	4.252331	0.010092	4.0
332	-1.142769	0.936497	4.263833	0.008922	3.8
333	-1.178178	1.209198	4.211479	0.009478	5.2
334	-1.127775	1.385725	4.178268	0.011361	3.8
335	-1.111154	1.599869	4.138677	0.010896	3.9
336	-1.184650	2.441077	3.990156	0.007396	3.4
337	-1.137775	2.066449	4.054961	0.008985	3.4
338	-1.105224	2.328421	4.009425	0.010209	5.9
339	-1.095487	2.896231	3.914155	0.010319	6.8
340	-1.162816	3.474016	3.821750	0.007701	3.7
341	-1.142906	3.828242	3.767225	0.008994	4.6
342	-1.142169	4.152602	3.718644	0.008003	5.4
343	-1.159782	4.394956	3.683155	0.010195	6.2
344	-1.163045	4.658286	3.645355	0.007927	6.8
345	-1.152639	4.830653	3.621030	0.010820	8.5
346	-1.101847	4.785172	3.627417	0.007413	4.8
347	-1.179175	4.713389	3.637543	0.009370	4.8
348	-1.122548	4.405985	3.681556	0.010817	5.8
349	-1.129613	4.869112	3.615646	0.009460	7.6
350	-1.166054	4.502239	3.667661	0.007488	6.4
351	-1.101047	4.143484	3.719992	0.006157	4.8
352	-1.154104	4.109403	3.725041	0.005838	6.6
353	-1.134192	3.980679	3.744236	0.009315	5.9
354	-1.089064	3.935621	3.751002	0.005375	5.9
355	-1.109646	3.953616	3.748297	0.013357	5.4
356	-1.152227	3.778607	3.774771	0.006517	6.2
357	-1.105657	3.589430	3.803812	0.013076	6.5
358	-1.127537	3.566051	3.807432	0.011498	8.0
359	-1.160298	3.966805	3.746317	0.009126	5.5
360	-1.137248	3.566053	3.807431	0.007629	6.6
361	-1.160846	3.692603	3.787918	0.006505	7.0
362	-1.159070	3.451860	3.825213	0.011189	7.2
363	-1.149452	3.354587	3.840490	0.009339	7.4
364	-1.127680	3.974678	3.745136	0.008178	4.7
365	-1.150144	3.820688	3.768371	0.013018	5.3
366	-1.128013	3.484824	3.820063	0.005210	6.3
367	-1.134500	3.511014	3.815981	0.007076	6.4
368	-1.180737	3.357732	3.839995	0.010918	8.0
369	-1.108117	3.421433	3.829978	0.007171	4.8
370	-1.119918	3.632927	3.797095	0.009927	5.3
371	-1.175340	3.533434	3.812494	0.005874	6.5
372	-1.130175	3.701244	3.786593	0.008570	5.6
373	-1.154962	3.942074	3.750031	0.011182	5.0
374	-1.155229	4.574426	3.657308	0.011665	6.4
375	-1.148730	5.244997	3.563863	0.006097	9.5
376	-1.119426	5.148687	3.576989	0.007837	7.7
377	-1.150313	4.887192	3.613121	0.008167	5.9
378	-1.135853	4.875466	3.614759	0.005776	7.7
379	-1.128323	4.964083	3.602421	0.008613	9.3
380	-1.121016	4.777117	3.628550	0.007035	9.4
381	-1.200400	4.562746	3.658979	0.005339	9.3
382	-1.144922	4.444789	3.675942	0.008191	9.3
383	-1.151846	4.342989	3.690708	0.008013	7.2
384	-1.184482	3.967187	3.746259	0.007126	5.7
385	-1.134272	3.812841	3.769563	0.007919	4.3
386	-1.144816	3.605513	3.801325	0.007680	10.8
387	-1.042629	3.759010	3.777759	0.006370	6.7
388	-1.151862	3.456941	3.824418	0.011625	8.4
389	-1.135344	3.279263	3.852405	0.005935	16.5
390	-1.136487	3.566578	3.807350	0.007016	8.4
391	-1.145432	3.447539	3.825889	0.005700	9.9
392	-1.171751	3.193124	3.866122	0.006899	9.5
393	-1.136821	3.062529	3.887104	0.006956	6.2
394	-1.148795	2.888079	3.915491	0.009419	11.9
395	-1.125448	2.853800	3.921118	0.008311	5.2
396	-1.170147	3.283253	3.851772	0.011704	7.0
397	-1.115286	2.947074	3.905845	0.006284	4.6
398	-1.139274	3.367170	3.838507	0.010872	6.4
399	-1.139407	3.705830	3.785890	0.006448	6.9
400	-1.134916	3.330353	3.844316	0.009291	5.2
401	-1.145902	3.039463	3.890834	0.007886	9.1
402	-1.117885	3.001537	3.896982	0.006339	5.4
403	-1.088892	2.768652	3.935165	0.007949	6.1
404	-1.109969	2.777317	3.933731	0.013767	5.4
405	-1.129192	2.734806	3.940776	0.010290	5.7
406	-1.141668	2.451306	3.988416	0.007445	8.8
407	-1.126119	2.080748	4.052449	0.006233	5.9
408	-1.149982	1.915478	4.081676	0.008345	6.5
409	-1.106922	1.605454	4.137655	0.013395	8.0
410	-1.194497	2.097874	4.049445	0.008571	5.3
411	-1.129279	1.793002	4.103609	0.009743	7.1
412	-1.138217	1.660241	4.127651	0.008032	5.3
413	-1.168813	1.555100	4.146892	0.008271	4.0
414	-1.159361	1.337241	4.187337	0.006438	4.6
415	-1.076879	1.425584	4.170842	0.005381	5.5
416	-1.143520	1.345805	4.185732	0.009129	3.9
417	-1.140264	1.285495	4.197060	0.007064	3.9
418	-1.166649	1.414368	4.172929	0.013092	5.4
419	-1.170899	1.033706	4.245022	0.007630	4.5
420	-1.108711	1.561752	4.145669	0.008924	3.5
421	-1.137172	1.328198	4.189033	0.010444	3.4
422	-1.165014	1.406162	4.174457	0.007100	3.4
423	-1.165848	1.190454	4.215036	0.009993	3.4
424	-1.147117	0.930159	4.265065	0.010938	3.6
425	-1.107092	1.529375	4.151627	0.008905	3.4
426	-1.157864	2.244382	4.023921	0.006776	3.4
427	-1.161078	2.200004	4.031618	0.011561	3.3
428	-1.158990	2.533738	3.974446	0.007478	3.4
429	-1.130723	2.575619	3.967385	0.004700	3.4
430	-1.099604	2.503124	3.979623	0.006268	3.5
431	-1.116083	2.319335	4.010988	0.014388	3.3
432	-1.099951	2.443783	3.989696	0.006586	3.4
433	-1.184924	2.065899	4.055058	0.007584	7.4
434	-1.156064	1.987197	4.068942	0.008700	6.8
435	-1.134182	1.827296	4.097444	0.008002	5.8
436	-1.193798	1.877255	4.088496	0.008093	3.5
437	-1.133950	1.802012	4.101987	0.006497	4.5
438	-1.157055	1.832281	4.096549	0.006303	6.2
439	-1.122807	1.672227	4.125469	0.005989	5.0
440	-1.105989	1.633356	4.132554	0.011909	5.5
441	-1.103690	1.485070	4.159807	0.008334	5.0
442	-1.151951	1.111315	4.230122	0.008870	6.1
443	-1.144191	0.950082	4.261194	0.013669	4.7
444	-1.168900	0.863224	4.278123	0.007743	4.1
445	-1.191477	1.305167	4.193358	0.007422	4.2
446	-1.133748	1.351911	4.184589	0.006219	4.1
447	-1.101346	1.403273	4.174995	0.007303	3.9
448	-1.152940	1.275396	4.198963	0.008356	3.6
449	-1.119075	1.119161	4.228622	0.008831	3.9
450	-1.168837	1.076662	4.236762	0.013752	3.6
451	-1.154870	1.603384	4.138034	0.010121	4.1
452	-1.154254	2.460719	3.986816	0.010385	3.5
453	-1.155225	2.253714	4.022306	0.006297	4.3
454	-1.097782	2.465242	3.986047	0.007555	5.5
455	-1.177114	2.305229	4.013415	0.008682	3.5
456	-1.160633	2.100965	4.048903	0.006182	4.3
457	-1.137584	1.757055	4.110091	0.011398	3.4
458	-1.167566	1.979640	4.070280	0.008540	4.5
459	-1.151770	2.588572	3.965207	0.007436	3.5
460	-1.147013	2.802974	3.929491	0.007123	4.4
461	-1.193993	2.520819	3.976629	0.007406	6.1
462	-1.106920	2.547430	3.972135	0.008981	6.3
463	-1.122811	2.650505	3.954823	0.007323	8.9
464	-1.054936	2.774582	3.934183	0.007393	9.9
465	-1.089248	2.748060	3.938577	0.006496	6.6
466	-1.119988	2.793369	3.931077	0.009684	4.7
467	-1.142278	2.917171	3.910728	0.006906	6.6
468	-1.116128	2.629346	3.958364	0.008523	8.5
469	-1.190791	2.954536	3.904628	0.007411	6.7
470	-1.164045	3.085348	3.883422	0.010966	3.6
471	-1.161923	2.813483	3.927756	0.010290	4.4
472	-1.174057	3.403927	3.832726	0.009498	4.3
473	-1.146180	3.624328	3.798421	0.009830	5.0
474	-1.147562	3.616497	3.799629	0.008388	4.2
475	-1.123736	4.083114	3.728945	0.007361	3.4
476	-1.140989	4.218168	3.708975	0.006345	4.3
477	-1.115310	4.010658	3.739748	0.006867	3.4
478	-1.138252	3.741186	3.780480	0.010863	4.1
479	-1.138915	3.745516	3.779819	0.007916	3.4
480	-1.113264	4.069373	3.730989	0.006123	4.1
481	-1.140025	3.915471	3.754035	0.010564	3.4
482	-1.196226	3.940879	3.750211	0.010515	4.2
483	-1.111488	3.944994	3.749593	0.008558	3.7
484	-1.191283	3.662716	3.792509	0.012280	6.8
485	-1.117585	4.109076	3.725090	0.008380	7.6
486	-1.154002	4.229733	3.707275	0.004841	3.7
487	-1.170861	4.130707	3.721883	0.015105	6.3
488	-1.146958	4.088796	3.728101	0.008969	5.6
489	-1.173370	4.698922	3.639591	0.007301	5.5
490	-1.106285	4.658460	3.645330	0.007044	4.9
491	-1.115183	4.619538	3.650868	0.005702	7.7
492	-1.170477	4.396299	3.682960	0.011963	6.1
493	-1.160081	4.442055	3.676337	0.006538	7.0
494	-1.204368	4.228263	3.707491	0.005084	5.7
495	-1.178043	4.043125	3.734900	0.006006	6.5
496	-1.181503	3.904323	3.755716	0.007698	8.4
497	-1.137343	3.855897	3.763033	0.004623	4.5
498	-1.153424	3.726936	3.782659	0.008687	3.7
499	-1.198766	3.696417	3.787333	0.007921	3.9
500	-1.173375	3.491118	3.819081	0.009232	5.0
501	-1.176175	3.625994	3.798164	0.006739	5.2
502	-1.174902	3.784046	3.773942	0.010954	3.4
503	-1.195354	3.890289	3.757833	0.006009	5.0
504	-1.161285	3.962089	3.747025	0.005879	4.0
505	-1.094511	3.780263	3.774519	0.011595	3.9
506	-1.166829	4.014445	3.739182	0.007625	3.4
507	-1.152076	4.512793	3.666144	0.006856	3.9
508	-1.161822	4.284475	3.699249	0.007060	3.4
509	-1.201226	4.305927	3.696113	0.008417	4.7
510	-1.203132	4.676003	3.642840	0.011818	7.2
511	-1.161497	5.034581	3.592666	0.007303	8.1
512	-1.168118	5.397317	3.543298	0.008996	6.2
513	-1.115127	5.181188	3.572548	0.008662	6.6
514	-1.189690	5.560965	3.521467	0.009754	7.1
515	-1.128379	5.584110	3.518401	0.008412	6.2
516	-1.132439	5.395841	3.543496	0.007396	6.4
517	-1.142472	5.079512	3.586477	0.010101	3.9
518	-1.149666	4.953105	3.603945	0.008262	3.5
519	-1.141098	4.677405	3.642641	0.011194	4.4
520	-1.157733	5.001478	3.597240	0.006897	5.2
521	-1.116919	4.746671	3.632841	0.007199	3.6
522	-1.190229	4.468386	3.672536	0.006791	4.1
523	-1.178629	4.366700	3.687258	0.008751	5.3
524	-1.135701	4.221983	3.708414	0.011027	4.7
525	-1.144319	3.871704	3.760641	0.008662	5.1
526	-1.162934	4.479654	3.670912	0.007671	4.7
527	-1.138344	4.390717	3.683770	0.005611	5.1
528	-1.132118	4.272606	3.700986	0.007926	5.2
529	-1.175603	4.076366	3.729949	0.009780	4.7
530	-1.131094	3.714476	3.784566	0.005089	4.6
531	-1.086896	3.707965	3.785563	0.006200	4.2
532	-1.162840	3.610613	3.800538	0.011786	3.9
533	-1.185947	3.773327	3.775575	0.007875	5.6
534	-1.175592	4.407657	3.681314	0.009905	4.8
535	-1.155568	4.562485	3.659017	0.006580	4.8
536	-1.154658	4.513306	3.666070	0.009651	3.4
537	-1.192854	4.252492	3.703934	0.007417	3.9
538	-1.177102	3.967683	3.746185	0.011108	3.4
539	-1.140594	3.740249	3.780623	0.009541	4.1
540	-1.162475	3.830324	3.766909	0.006411	3.4
541	-1.153697	3.764826	3.776871	0.008895	3.8
542	-1.104590	3.935261	3.751056	0.010950	3.4
543	-1.120287	4.525145	3.664369	0.011337	3.9
544	-1.192067	5.400773	3.542834	0.006862	3.5
545	-1.188523	5.789578	3.491416	0.008102	3.4
546	-1.136338	6.052610	3.457469	0.006464	4.5
547	-1.169466	5.769626	3.494018	0.009831	4.2
548	-1.131901	5.536055	3.524773	0.010960	3.7
549	-1.142550	5.613808	3.514475	0.008783	3.7
550	-1.153429	5.199978	3.569986	0.007532	3.5
551	-1.164796	5.083888	3.585875	0.007705	3.4
552	-1.132338	5.010673	3.595969	0.008575	3.9
553	-1.121149	4.862326	3.616595	0.007019	3.4
554	-1.158416	4.892238	3.612417	0.008501	3.7
555	-1.160804	4.807695	3.624251	0.011358	3.9
556	-1.133762	5.254025	3.562637	0.011011	4.0
557	-1.162242	5.905963	3.476313	0.006822	3.4
558	-1.151428	5.631348	3.512160	0.007193	3.9
559	-1.158527	5.632685	3.511984	0.015338	4.7
560	-1.142668	6.354546	3.419306	0.006321	3.8
561	-1.161842	6.799761	3.364546	0.008741	3.5
562	-1.159359	6.984161	3.342375	0.011135	3.3
563	-1.112746	6.882452	3.354567	0.006581	3.4
564	-1.138844	6.754236	3.370064	0.005174	3.6
565	-1.118844	6.536441	3.396719	0.010116	4.8
566	-1.142968	6.227481	3.435263	0.009243	4.7
567	-1.156800	5.958225	3.469574	0.005982	4.7
568	-1.155052	5.828003	3.486415	0.011716	5.0
569	-1.073678	5.790641	3.491277	0.006209	5.7
570	-1.094507	5.649753	3.509735	0.006905	4.8
571	-1.193930	5.622687	3.513303	0.007260	6.0
572	-1.167677	5.460690	3.534812	0.007649	4.7
573	-1.146471	5.341827	3.550762	0.006193	4.6
574	-1.143786	5.053522	3.590054	0.012437	4.7
575	-1.147861	4.794413	3.626117	0.007113	4.6
576	-1.101288	5.274982	3.559796	0.008436	4.6
577	-1.182749	5.221899	3.567002	0.008818	4.6
578	-1.183938	4.928661	3.607343	0.006740	4.6
579	-1.183454	4.938847	3.605926	0.006310	4.9
580	-1.138500	4.858298	3.617158	0.008090	3.9
581	-1.171607	5.008048	3.596331	0.013216	3.4
582	-1.190193	4.757648	3.631293	0.008152	4.9
583	-1.162527	4.595934	3.654235	0.006601	3.4
584	-1.154641	4.434982	3.677359	0.005173	3.4
585	-1.116590	4.324185	3.693448	0.008234	3.3
586	-1.208271	4.085798	3.728546	0.004806	3.5
587	-1.162585	3.969387	3.745929	0.006789	4.4
588	-1.106961	3.802534	3.771129	0.010276	3.4
589	-1.171349	4.130577	3.721903	0.008296	3.4
590	-1.200034	4.308110	3.695794	0.009617	3.4
591	-1.157577	4.347799	3.690007	0.007361	3.5
592	-1.132558	4.321366	3.693859	0.012107	3.4
593	-1.200884	4.541716	3.661992	0.008251	4.5
594	-1.154451	4.899274	3.611436	0.006730	5.0
595	-1.150206	4.679375	3.642361	0.007059	5.6
596	-1.119035	4.861680	3.616685	0.011176	4.7
597	-1.181550	4.544257	3.661628	0.006926	4.7
598	-1.152521	4.282096	3.699597	0.009160	4.9
599	-1.140438	4.376201	3.685877	0.005729	4.7
600	-1.139673	4.311298	3.695328	0.012073	4.7
601	-1.154000	4.063069	3.731928	0.007228	5.0
602	-1.171116	4.521247	3.664929	0.008103	4.4
603	-1.190529	4.595959	3.654232	0.004791	4.4
604	-1.170122	4.527932	3.663969	0.007611	4.2
605	-1.154923	4.463754	3.673204	0.007022	9.6
606	-1.169152	4.401619	3.682189	0.006297	7.9
607	-1.181482	4.219496	3.708780	0.008651	7.2
608	-1.118192	4.082446	3.729045	0.008151	6.4
609	-1.114390	3.974716	3.745130	0.009608	5.0
610	-1.202406	4.503375	3.667497	0.014549	3.4
611	-1.136604	5.444715	3.536947	0.010942	4.3
612	-1.175454	6.405659	3.412929	0.008270	6.3
613	-1.183206	6.950292	3.346425	0.007755	4.2
614	-1.160733	6.664657	3.380977	0.007173	3.4
615	-1.140893	6.358193	3.418850	0.007121	5.5
616	-1.162099	6.537530	3.396585	0.007221	3.6
617	-1.118040	6.682041	3.378853	0.010119	4.8
618	-1.144691	6.302125	3.425871	0.006729	5.7
619	-1.125929	6.237342	3.434019	0.007816	6.9
620	-1.182368	5.989260	3.465584	0.005572	4.9
621	-1.154538	5.904653	3.476483	0.007334	6.3
622	-1.165971	5.775527	3.493248	0.005266	4.4
623	-1.150392	5.620373	3.513608	0.008187	3.4
624	-1.160528	5.413991	3.541061	0.014168	3.5
625	-1.132987	5.666641	3.507512	0.008766	4.4
626	-1.156861	5.886106	3.478881	0.008954	3.8
627	-1.148067	5.507617	3.528554	0.010289	3.4
628	-1.154406	5.107190	3.582674	0.007603	3.4
629	-1.141091	4.749078	3.632501	0.011449	3.3
630	-1.141892	4.852433	3.617979	0.009432	3.4
631	-1.129421	5.241808	3.564296	0.007706	3.4
632	-1.153293	5.099011	3.583797	0.014339	3.3
633	-1.154620	5.799966	3.490063	0.006061	6.2
634	-1.146912	5.452672	3.535883	0.007965	6.3
635	-1.114756	5.421791	3.540016	0.009306	3.4
636	-1.178275	5.276234	3.559626	0.004818	4.2
637	-1.096971	5.240181	3.564517	0.009642	4.0
638	-1.209265	5.208211	3.568865	0.006313	4.9
639	-1.147344	5.314840	3.554404	0.013589	3.4
640	-1.180519	4.956905	3.603417	0.008991	3.5
641	-1.180704	5.138822	3.578339	0.007879	3.4
642	-1.146972	4.821402	3.622327	0.011684	3.4
643	-1.140100	4.582269	3.656187	0.007740	3.4
644	-1.159135	5.046892	3.590968	0.007559	3.5
645	-1.185930	5.006465	3.596550	0.013283	4.8
646	-1.127008	4.912575	3.609582	0.006271	4.7
647	-1.124697	4.586674	3.655558	0.005192	6.0
648	-1.230552	4.382349	3.684984	0.010922	7.1
649	-1.152954	4.429607	3.678136	0.007783	5.6
650	-1.201620	4.212241	3.709847	0.010206	5.0
651	-1.155382	4.214541	3.709509	0.006418	5.2
652	-1.193079	3.854384	3.763262	0.007364	6.2
653	-1.141829	3.727034	3.782644	0.006139	6.5
654	-1.155106	3.655683	3.793590	0.005200	4.8
655	-1.133806	3.543823	3.810880	0.005550	4.4
656	-1.122162	3.508221	3.816416	0.005556	5.4
657	-1.196098	3.458013	3.824250	0.006485	5.1
658	-1.178692	3.424191	3.829546	0.013896	6.1
659	-1.186330	3.435388	3.827791	0.008771	6.7
660	-1.183673	4.018800	3.738531	0.007355	4.0
661	-1.152789	3.820766	3.768359	0.007212	4.8
662	-1.119978	3.900671	3.756267	0.012768	3.7
663	-1.166786	3.995506	3.742015	0.011331	5.1
664	-1.143222	3.578488	3.805505	0.006679	3.7
665	-1.090748	3.385437	3.835632	0.011488	3.4
666	-1.156374	3.807574	3.770363	0.008367	3.3
667	-1.182710	3.605318	3.801356	0.008255	4.5
668	-1.148251	3.545078	3.810685	0.006358	3.5
669	-1.145051	3.372895	3.837606	0.007924	5.3
670	-1.180516	3.139668	3.874683	0.012458	8.2
671	-1.160320	3.402203	3.832997	0.008962	4.9
672	-1.240465	3.211794	3.863140	0.007170	4.7
673	-1.179817	3.429339	3.828739	0.007324	6.0
674	-1.169182	3.226015	3.860873	0.010217	4.8
675	-1.121885	2.959884	3.903757	0.005217	4.3
676	-1.138084	2.705219	3.945695	0.007655	5.8
677	-1.156072	2.488425	3.982113	0.006425	6.4
678	-1.152685	2.399004	3.997331	0.007503	5.6
679	-1.164863	2.203503	4.031010	0.010206	6.4
680	-1.181060	2.059723	4.056144	0.011552	3.7
681	-1.187094	2.848570	3.921978	0.008198	3.4
682	-1.174164	3.510277	3.816096	0.012704	3.3
683	-1.156473	4.135847	3.721122	0.008461	3.9
684	-1.132854	4.389757	3.683909	0.010701	3.5
685	-1.139451	4.628701	3.649563	0.006513	3.4
686	-1.164735	4.801293	3.625150	0.008505	3.4
687	-1.202796	4.827527	3.621468	0.010312	3.4
688	-1.202041	5.297057	3.556807	0.005740	3.5
689	-1.141182	5.065794	3.588364	0.006352	3.4
690	-1.194027	4.906281	3.610459	0.010816	3.4
691	-1.208960	4.600361	3.653603	0.005756	3.4
692	-1.134372	4.486582	3.669914	0.006437	3.7
693	-1.156225	4.558379	3.659605	0.005146	4.9
694	-1.192026	4.401620	3.682189	0.009669	3.4
695	-1.153955	4.258950	3.702987	0.005458	3.4
696	-1.188426	4.408957	3.681126	0.006623	3.5
697	-1.123154	4.224724	3.708011	0.010351	4.6
698	-1.141655	3.906731	3.755353	0.007570	4.7
699	-1.137916	4.429492	3.678153	0.010427	5.3
700	-1.196268	4.290956	3.698301	0.008839	6.3
701	-1.140508	4.706813	3.638474	0.004965	5.0
702	-1.166685	4.640499	3.647884	0.007613	4.7
703	-1.202809	4.436285	3.677171	0.007948	6.2
704	-1.169266	4.153776	3.718470	0.007472	5.3
705	-1.175088	4.379743	3.685363	0.006769	3.4
706	-1.136501	4.613842	3.651680	0.009623	3.5
707	-1.169732	4.317495	3.694424	0.007550	3.5
708	-1.129783	4.727858	3.635497	0.006769	3.4
709	-1.122437	4.635218	3.648635	0.007314	3.3
710	-1.151355	4.713462	3.637533	0.007958	3.4
711	-1.195268	4.568584	3.658144	0.008007	3.5
712	-1.147858	4.537141	3.662648	0.004865	3.3
713	-1.182295	4.372116	3.686471	0.006511	3.4
714	-1.154229	4.184685	3.713906	0.006636	3.4
715	-1.158737	3.981481	3.744116	0.008239	3.5
716	-1.129226	3.769851	3.776105	0.007219	3.4
717	-1.135685	4.040803	3.735246	0.005584	3.4
718	-1.147395	3.840476	3.765369	0.009952	4.4
719	-1.190143	3.633050	3.797076	0.009319	3.6
720	-1.127471	3.225062	3.861025	0.006642	3.7
721	-1.124065	3.143786	3.874022	0.012940	3.6
722	-1.203565	3.395097	3.834113	0.007999	3.4
723	-1.146647	2.985484	3.899590	0.008962	4.3
724	-1.175714	2.654955	3.954079	0.011177	3.6
725	-1.149082	2.970954	3.901954	0.008001	3.5
726	-1.165034	3.401449	3.833115	0.016165	3.4
727	-1.155714	4.025431	3.737541	0.010845	5.1
728	-1.149188	3.609486	3.800712	0.011932	6.1
729	-1.143799	4.299277	3.697084	0.005827	8.2
730	-1.175969	4.576479	3.657015	0.009433	7.1
731	-1.196658	4.529726	3.663712	0.009976	4.7
732	-1.177343	5.059730	3.589199	0.008267	5.5
733	-1.138761	5.475680	3.532810	0.006804	11.0
734	-1.159064	5.460577	3.534827	0.008791	6.4
735	-1.090702	5.215162	3.567918	0.005955	6.5
736	-1.122070	5.271434	3.560276	0.005798	4.8
737	-1.211026	5.078116	3.586669	0.005919	5.8
738	-1.175825	4.990566	3.598751	0.007563	8.3
739	-1.142274	4.896113	3.611876	0.007637	4.4
740	-1.112892	4.921597	3.608326	0.008912	5.0
741	-1.187501	4.802505	3.624980	0.007749	5.3
742	-1.161939	4.869522	3.615589	0.007355	4.7
743	-1.211220	4.675002	3.642982	0.009735	4.8
744	-1.151605	4.417002	3.679960	0.013479	4.9
745	-1.143316	5.057070	3.589566	0.007963	6.2
746	-1.185047	5.622158	3.513373	0.005218	5.4
747	-1.176639	5.524540	3.526303	0.006232	5.4
748	-1.164297	5.343132	3.550586	0.006933	4.9
749	-1.199152	5.225148	3.566560	0.008901	4.9
750	-1.147205	4.917682	3.608871	0.008459	4.8
751	-1.140920	4.816341	3.623037	0.007557	4.8
752	-1.146868	4.734316	3.634585	0.006646	5.7
753	-1.178772	4.531045	3.663523	0.005140	5.3
754	-1.192844	4.373416	3.686282	0.006086	3.4
755	-1.184718	4.261203	3.702657	0.006793	3.4
756	-1.136016	4.345946	3.690277	0.011731	4.2
757	-1.168759	3.990396	3.742780	0.023321	5.3
758	-1.148911	4.975072	3.600897	0.007850	3.8
759	-1.152721	5.937856	3.472198	0.011710	3.4
760	-1.141325	5.536191	3.524755	0.007713	4.4
761	-1.157180	5.333429	3.551895	0.007684	4.7
762	-1.161583	5.132053	3.579266	0.008102	4.7
763	-1.146335	4.917940	3.608835	0.006229	4.9
764	-1.168129	4.776090	3.628695	0.016930	4.7
765	-1.166463	4.812699	3.623548	0.009869	5.3
766	-1.143296	5.620222	3.513628	0.014562	5.7
767	-1.130310	6.010606	3.462846	0.007316	4.5
768	-1.143166	5.993034	3.465100	0.006260	5.4
769	-1.167108	6.106222	3.450631	0.008678	4.7
770	-1.171181	5.987930	3.465755	0.007737	4.8
771	-1.147288	5.690419	3.504387	0.013005	4.8
772	-1.136028	6.344125	3.420609	0.007487	4.8
773	-1.167091	6.673196	3.379933	0.005436	5.2
774	-1.143624	6.474716	3.404350	0.006838	6.4
775	-1.155144	6.364673	3.418041	0.011954	3.4
776	-1.160098	6.078803	3.454125	0.006604	3.4
777	-1.173617	5.992188	3.465209	0.006285	4.5
778	-1.148242	5.757639	3.495583	0.005471	4.3
779	-1.190442	5.626207	3.512838	0.007470	4.9
780	-1.129437	5.375747	3.546196	0.008052	5.7
781	-1.133405	5.158920	3.575590	0.012144	5.0
782	-1.162384	5.530091	3.525565	0.006172	4.9
783	-1.183385	5.674210	3.506517	0.007749	5.0
784	-1.179424	5.652881	3.509323	0.009074	6.2
785	-1.178983	5.951425	3.470450	0.010815	6.0
786	-1.190802	5.680639	3.505672	0.007015	5.3
787	-1.201931	5.775867	3.493204	0.011084	7.0
788	-1.119636	5.431394	3.538730	0.008151	4.7
789	-1.121566	5.401879	3.542686	0.007685	5.6
790	-1.143156	5.087862	3.585329	0.008730	4.6
791	-1.143496	4.833917	3.620572	0.004842	5.1
792	-1.149923	4.566268	3.658475	0.010197	5.1
793	-1.188164	4.401733	3.682172	0.005851	4.8
794	-1.158374	4.493420	3.668930	0.006394	6.7
795	-1.121589	4.380274	3.685286	0.009712	3.6
796	-1.149093	4.445942	3.675775	0.004316	3.5
797	-1.117880	4.501646	3.667746	0.009253	5.6
798	-1.192231	4.297459	3.697350	0.012608	5.7
799	-1.206327	4.527586	3.664019	0.010100	4.3
800	-1.190003	4.480168	3.670838	0.006596	4.8
801	-1.175484	4.538263	3.662487	0.008975	4.8
802	-1.178341	4.705350	3.638681	0.007648	4.7
803	-1.126353	5.059489	3.589232	0.007342	4.7
804	-1.124560	5.279707	3.559155	0.011310	4.8
805	-1.130684	5.058282	3.589399	0.007884	8.0
806	-1.096631	5.384318	3.545044	0.005347	7.1
807	-1.131470	5.462548	3.534564	0.006589	7.1
808	-1.172001	5.487996	3.531168	0.010381	3.9
809	-1.180687	5.287027	3.558164	0.013177	5.2
810	-1.169949	6.154960	3.444437	0.007870	5.8
811	-1.183416	5.783990	3.492144	0.008166	4.6
812	-1.172091	5.640968	3.510892	0.006745	3.5
813	-1.150500	5.803583	3.489592	0.011725	6.0
814	-1.138942	5.457374	3.535255	0.008494	5.7
815	-1.123894	5.267397	3.560823	0.004211	3.6
816	-1.178047	5.106212	3.582809	0.008636	6.3
817	-1.189506	4.989127	3.598950	0.007458	4.7
818	-1.196853	5.005927	3.596625	0.009427	3.5
819	-1.141109	4.863354	3.616451	0.006012	4.8
820	-1.165575	4.887022	3.613145	0.008997	5.0
821	-1.205713	4.757144	3.631364	0.010874	4.8
822	-1.176133	5.225324	3.566536	0.010945	3.9
823	-1.166419	4.813949	3.623373	0.007853	3.8
824	-1.131706	4.452316	3.674855	0.009019	3.4
825	-1.179671	4.784014	3.627579	0.008155	4.8
826	-1.170775	4.556339	3.659897	0.008380	3.5
827	-1.152521	4.474730	3.671621	0.009028	4.5
828	-1.153538	4.495919	3.668570	0.008471	4.5
829	-1.175814	4.314469	3.694866	0.008008	3.4
830	-1.221326	4.241407	3.705560	0.010518	3.4
831	-1.151341	4.399912	3.682437	0.012634	3.5
832	-1.169008	4.592548	3.654719	0.010030	4.8
833	-1.155780	5.082357	3.586085	0.006089	4.9
834	-1.148002	4.748131	3.632635	0.008677	3.9
835	-1.195026	4.753772	3.631839	0.008750	4.6
836	-1.196912	4.709944	3.638031	0.008707	4.9
837	-1.173669	4.979033	3.600348	0.007531	4.9
838	-1.186119	5.080716	3.586311	0.009696	4.6
839	-1.157023	5.074706	3.587138	0.008152	5.4
840	-1.177138	4.919491	3.608619	0.006752	4.6
841	-1.138405	4.910539	3.609865	0.008012	4.7
842	-1.135725	5.043006	3.591504	0.014323	4.2
843	-1.170512	4.999785	3.597474	0.011399	5.4
844	-1.221530	5.908395	3.475999	0.009006	4.1
845	-1.116118	6.043742	3.458603	0.007545	4.4
846	-1.185053	5.704357	3.502558	0.010677	4.5
847	-1.157221	5.726830	3.499613	0.006618	3.4
848	-1.160509	5.900840	3.476976	0.010015	3.4
849	-1.152000	5.560720	3.521500	0.009178	3.4
850	-1.130115	5.457503	3.535238	0.005118	5.3
851	-1.181135	5.192083	3.571062	0.012073	3.4
852	-1.137257	4.945213	3.605041	0.009240	3.4
853	-1.150341	5.564794	3.520959	0.007233	3.3
854	-1.175394	5.614995	3.514318	0.008326	3.5
855	-1.177969	5.386621	3.544734	0.004912	3.5
856	-1.204543	5.244634	3.563912	0.010353	3.4
857	-1.174465	5.137151	3.578568	0.008650	3.4
858	-1.172168	4.819537	3.622589	0.011426	3.4
859	-1.168317	5.015850	3.595253	0.012025	3.6
860	-1.186323	5.897148	3.477453	0.008591	3.4
861	-1.159006	5.486924	3.531311	0.009300	3.4
862	-1.190775	6.071501	3.455056	0.010382	3.3
863	-1.142655	6.347047	3.420244	0.008196	3.7
864	-1.155467	6.326856	3.422771	0.006254	3.4
865	-1.147603	6.175027	3.441894	0.007317	5.6
866	-1.123193	6.068182	3.455480	0.006816	3.4
867	-1.160223	6.166943	3.442918	0.007285	3.5
868	-1.153854	6.238734	3.433844	0.006212	3.4
869	-1.129605	6.206799	3.437875	0.008406	3.4
870	-1.126018	6.157670	3.444094	0.009214	3.5
871	-1.196987	6.492464	3.402153	0.007949	3.5
872	-1.141220	6.883824	3.354402	0.010805	3.7
873	-1.184892	6.686051	3.378364	0.008244	3.5
874	-1.198081	7.293960	3.305778	0.009683	3.4
875	-1.230483	6.922504	3.349756	0.014687	3.4
876	-1.179938	7.165639	3.320839	0.006117	3.4
877	-1.213610	6.945004	3.347058	0.009832	3.8
878	-1.167962	7.026505	3.337325	0.009334	3.4
879	-1.196857	6.831678	3.360687	0.010950	4.9
880	-1.158638	7.375102	3.296325	0.006713	4.3
881	-1.177463	7.256154	3.310201	0.007030	3.9
882	-1.194182	7.249741	3.310953	0.005884	4.3
883	-1.200013	7.095005	3.329188	0.006284	3.4
884	-1.169635	7.055176	3.333915	0.012257	3.9
885	-1.126501	6.949735	3.346492	0.011415	3.8
886	-1.145900	6.610297	3.387633	0.008970	3.9
887	-1.149419	6.686451	3.378315	0.010356	3.9
888	-1.179033	6.865000	3.356668	0.011686	3.4
889	-1.212954	7.520913	3.279473	0.009610	3.8
890	-1.174572	7.254244	3.310425	0.008412	3.5
891	-1.192019	7.036762	3.336104	0.006730	3.4
892	-1.161007	6.858375	3.357467	0.005861	5.1
893	-1.155497	6.594844	3.389530	0.007840	3.6
894	-1.238154	6.375091	3.416740	0.010444	4.0
895	-1.146876	6.256464	3.431610	0.007168	4.6
896	-1.166268	6.229582	3.434998	0.011230	4.7
897	-1.204506	5.952501	3.470311	0.008895	5.0
898	-1.179705	6.422733	3.410804	0.009404	4.7
899	-1.174202	6.772867	3.367804	0.009244	4.7
900	-1.171116	7.144925	3.323283	0.011002	5.1
901	-1.171087	6.762554	3.369055	0.008428	5.2
902	-1.205234	6.501495	3.401036	0.008808	12.1
903	-1.176809	6.856626	3.357677	0.008583	7.4
904	-1.144039	7.340653	3.300332	0.009612	7.5
905	-1.162497	7.030935	3.336798	0.011184	7.3
906	-1.190418	7.353559	3.298830	0.008778	6.4
907	-1.142854	7.218671	3.314598	0.008783	9.1
908	-1.218269	6.933343	3.348456	0.012738	4.7
909	-1.164278	6.638425	3.384186	0.008812	6.0
910	-1.155594	7.383215	3.295383	0.008931	6.7
911	-1.190023	7.096183	3.329049	0.007905	3.9
912	-1.200283	7.606623	3.269647	0.008083	3.8
913	-1.178962	7.391869	3.294378	0.009343	5.8
914	-1.148412	7.884672	3.238173	0.005104	4.2
915	-1.186990	7.743560	3.254070	0.008017	4.6
916	-1.165249	7.682063	3.261047	0.008512	4.4
917	-1.166406	7.454226	3.287159	0.009611	3.5
918	-1.188387	7.362759	3.297760	0.008830	3.8
919	-1.130771	6.967714	3.344341	0.006755	5.6
920	-1.142620	6.942274	3.347385	0.006275	4.3
921	-1.126285	6.771133	3.368014	0.007876	3.4
922	-1.188151	6.819238	3.362190	0.006928	3.7
923	-1.186171	6.841072	3.359553	0.012255	3.5
924	-1.161041	6.898022	3.352695	0.012648	3.7
925	-1.204337	6.598606	3.389068	0.008035	3.5
926	-1.181398	7.003365	3.340083	0.007713	3.6
927	-1.256461	6.714620	3.374882	0.007419	3.4
928	-1.189400	6.727626	3.373299	0.011382	3.6
929	-1.194626	6.766468	3.368580	0.006593	3.4
930	-1.174601	6.657944	3.381797	0.007068	3.5
931	-1.240579	6.502273	3.400939	0.012007	4.9
932	-1.160528	6.118140	3.449114	0.010968	10.4
933	-1.148351	5.898523	3.477275	0.006450	5.1
934	-1.219088	5.687719	3.504742	0.006086	5.7
935	-1.166558	5.514770	3.527602	0.007895	4.9
936	-1.181703	5.250730	3.563084	0.007983	5.1
937	-1.177870	4.910207	3.609912	0.010102	7.0
938	-1.187071	4.561240	3.659195	0.009451	4.5
939	-1.186381	5.189539	3.571409	0.006590	4.9
940	-1.173589	5.391809	3.544038	0.007988	6.6
941	-1.150548	5.546959	3.523325	0.007519	5.4
942	-1.180243	5.236040	3.565079	0.007841	3.5
943	-1.163903	4.961796	3.602739	0.010729	4.4
944	-1.175027	5.362823	3.547934	0.006638	4.8
945	-1.177444	5.105094	3.582962	0.007100	5.5
946	-1.148482	5.000504	3.597375	0.006200	3.5
947	-1.172965	4.848067	3.618590	0.011249	4.3
948	-1.137684	4.893100	3.612297	0.007621	3.5
949	-1.183863	4.793310	3.626272	0.006676	4.1
950	-1.205199	4.502411	3.667636	0.006786	3.4
951	-1.189183	4.401141	3.682258	0.009849	4.6
952	-1.163926	4.470717	3.672200	0.005337	5.7
953	-1.127406	4.653471	3.646039	0.011744	3.5
954	-1.157911	4.434209	3.677471	0.006668	4.2
955	-1.145307	4.412276	3.680645	0.008512	3.6
956	-1.193202	4.337199	3.691551	0.007055	6.9
957	-1.174612	4.318250	3.694314	0.009045	7.3
958	-1.185109	4.401651	3.682184	0.007049	5.3
959	-1.160564	4.351844	3.689419	0.010293	4.9
960	-1.177202	4.368945	3.686932	0.017281	4.2
961	-1.166467	5.340760	3.550906	0.012393	7.4
962	-1.155408	6.311533	3.424691	0.007538	4.8
963	-1.138379	6.123848	3.448388	0.009954	6.4
964	-1.172054	6.149161	3.445173	0.011301	6.7
965	-1.159388	6.683885	3.378628	0.009421	4.3
966	-1.121793	6.824787	3.361519	0.007580	3.5
967	-1.191392	6.490720	3.402369	0.009329	5.5
968	-1.109990	6.969289	3.344152	0.006264	3.4
969	-1.147927	6.962896	3.344917	0.012842	4.2
970	-1.160766	7.363661	3.297655	0.011327	4.5
971	-1.181178	7.381495	3.295583	0.006756	4.4
972	-1.241179	7.334518	3.301046	0.011310	5.3
973	-1.184353	7.303099	3.304711	0.007784	3.4
974	-1.151101	7.839513	3.243243	0.011701	4.5
975	-1.159946	7.428933	3.290083	0.008890	3.4
976	-1.170058	7.420795	3.291025	0.005695	4.1
977	-1.152815	7.398724	3.293583	0.007603	3.4
978	-1.191121	7.397144	3.293767	0.010821	4.5
979	-1.181221	7.570790	3.273748	0.006247	3.4
980	-1.137133	7.732356	3.255339	0.007474	4.1
981	-1.232495	7.651219	3.264558	0.007647	5.7
982	-1.173762	7.704246	3.258527	0.009955	7.6
983	-1.177953	7.504748	3.281333	0.007579	6.1
984	-1.199529	7.215691	3.314948	0.005950	6.7
985	-1.133501	7.108391	3.327603	0.007321	5.5
986	-1.113543	6.963389	3.344858	0.007451	4.9
987	-1.173513	6.688188	3.378103	0.010089	7.7
988	-1.114853	6.777242	3.367273	0.007805	6.0
989	-1.162426	6.692804	3.377540	0.010340	5.2
990	-1.152106	6.876039	3.355339	0.007535	4.4
991	-1.166522	6.626911	3.385596	0.009466	5.5
992	-1.153796	6.997422	3.340792	0.005243	6.9
993	-1.215872	6.837080	3.360035	0.008673	3.5
994	-1.138442	6.588725	3.390282	0.006245	6.1
995	-1.197850	6.572945	3.392222	0.013788	7.0
996	-1.177183	6.565137	3.393183	0.008521	5.1
997	-1.152760	7.284219	3.306917	0.007084	4.4
998	-1.153580	7.225407	3.313807	0.007005	5.8
999	-1.163046	7.209785	3.315642	0.008449	4.5
