1:ItNr	2:Metric	3a:Time	3b:StepSize	4:||Gradient||	Time[ms]
0	-0.943401	0.000000	64.103570	0.003977	175.4
1	-0.947329	0.000000	64.103570	0.001893	2.3
2	-0.948643	0.000000	64.103570	0.001424	2.3
3	-0.950064	0.000000	64.103570	0.001466	2.2
4	-0.945794	0.000000	64.103570	0.000680	2.3
5	-0.944964	0.000000	64.103570	0.001125	2.4
6	-0.945058	0.312436	63.163824	0.001145	2.3
7	-0.947291	0.513974	62.572120	0.001415	2.3
8	-0.944081	0.133401	63.698928	0.001138	2.4
9	-0.949010	1.051683	61.046359	0.000707	2.2
10	-0.950156	1.976101	58.590227	0.002586	2.3
11	-0.946630	2.975682	56.147514	0.000772	2.2
12	-0.945597	3.975598	53.899609	0.001153	2.2
13	-0.951519	3.853349	54.164732	0.001535	2.3
14	-0.950407	3.700825	54.499190	0.000936	2.9
15	-0.945438	4.700775	52.378770	0.001114	3.8
16	-0.954149	4.628394	52.526700	0.001871	2.2
17	-0.949525	5.628394	50.554118	0.001278	2.2
18	-0.948021	6.628117	48.724817	0.001672	2.8
19	-0.948246	6.487176	48.974655	0.001487	2.5
20	-0.945926	7.487175	47.255473	0.000914	2.2
21	-0.944843	8.478368	45.666536	0.000747	2.2
22	-0.951365	8.205103	46.093827	0.001711	2.2
23	-0.948174	8.504118	45.626680	0.001587	2.3
24	-0.952031	9.491702	44.148895	0.001094	2.4
25	-0.947979	10.491442	42.747327	0.001131	2.3
26	-0.945133	11.382971	41.570458	0.001304	2.4
27	-0.951175	11.029373	42.029389	0.001166	2.2
28	-0.946166	10.649108	42.534373	0.001736	2.5
29	-0.944997	11.546717	41.361313	0.001070	4.0
30	-0.944138	11.191246	41.818045	0.001616	2.5
31	-0.952204	11.024197	42.036181	0.001064	3.5
32	-0.948056	10.859848	42.253025	0.001953	2.3
33	-0.942109	10.806443	42.323970	0.001400	2.3
34	-0.947275	11.804574	41.036197	0.001194	2.4
35	-0.953908	12.803609	39.823409	0.001045	2.3
36	-0.945827	12.440983	40.255245	0.001145	2.3
37	-0.947844	12.293617	40.433424	0.001137	2.2
38	-0.946436	13.044890	39.541175	0.001748	2.3
39	-0.948635	13.981279	38.482725	0.001533	2.3
40	-0.947893	13.600752	38.905945	0.001580	2.3
41	-0.948714	14.597839	37.816199	0.001181	2.2
42	-0.952710	15.597827	36.782920	0.000969	2.4
43	-0.949203	16.594023	35.808218	0.000882	2.2
44	-0.951027	16.221872	36.166235	0.001089	4.5
45	-0.948185	16.927986	35.492920	0.001329	2.5
46	-0.949446	17.874066	34.629127	0.000803	2.3
47	-0.945276	18.142383	34.391747	0.000670	2.3
48	-0.946242	17.807640	34.688401	0.001287	2.3
49	-0.944300	18.233437	34.311931	0.001120	2.3
50	-0.947972	17.891437	34.613660	0.000758	3.1
51	-0.951234	18.341472	34.217707	0.000700	2.2
52	-0.951626	18.534199	34.050898	0.001393	2.3
53	-0.940817	18.593888	33.999565	0.001365	2.2
54	-0.945095	19.593084	33.162668	0.000986	2.3
55	-0.951215	20.478670	32.454632	0.001226	2.3
56	-0.952547	21.200017	31.899868	0.001062	2.5
57	-0.947166	22.198686	31.162405	0.001121	2.3
58	-0.949266	21.922945	31.362596	0.000957	2.3
59	-0.943746	21.627647	31.579856	0.000740	4.1
60	-0.949041	22.224456	31.143827	0.000623	2.7
61	-0.942372	22.176443	31.178459	0.001457	2.9
62	-0.949249	23.136447	30.500302	0.000751	3.1
63	-0.949582	23.789073	30.055879	0.001005	2.2
64	-0.942176	23.409737	30.312608	0.000911	2.2
65	-0.948131	24.325538	29.700143	0.001830	2.2
66	-0.949005	24.778229	29.406445	0.001197	2.2
67	-0.944681	25.760881	28.788486	0.001494	2.4
68	-0.952404	26.709342	28.216171	0.001237	2.6
69	-0.953436	27.707847	27.637743	0.001465	2.3
70	-0.944404	28.641147	27.118128	0.000977	2.2
71	-0.948172	29.316796	26.753988	0.000710	2.3
72	-0.951558	28.973435	26.937811	0.000919	2.2
73	-0.955698	28.648565	27.114076	0.001222	2.5
74	-0.952268	28.279664	27.317048	0.001282	4.0
75	-0.949861	29.275409	26.776012	0.001069	2.5
76	-0.948433	29.259280	26.784605	0.000734	2.2
77	-0.943365	29.316974	26.753894	0.001556	2.2
78	-0.943869	28.982674	26.932832	0.001062	2.2
79	-0.949207	29.972747	26.409700	0.001191	2.2
80	-0.945818	30.472589	26.153240	0.000786	2.1
81	-0.942897	31.402973	25.688904	0.001898	3.2
82	-0.947740	31.022295	25.876885	0.001659	2.3
83	-0.947675	30.668116	26.054269	0.001262	2.2
84	-0.949880	31.667365	25.559945	0.001578	2.8
85	-0.945110	31.299598	25.739681	0.001495	2.2
86	-0.952306	32.299363	25.256868	0.001016	2.2
87	-0.944513	32.036927	25.381843	0.001129	2.3
88	-0.951378	31.703919	25.542218	0.001595	2.2
89	-0.945291	32.703781	25.066670	0.000909	3.9
90	-0.949145	33.697779	24.611145	0.001739	3.1
91	-0.944029	33.333283	24.776249	0.001041	2.4
92	-0.953007	32.953610	24.950600	0.001407	2.2
93	-0.950726	33.944159	24.500784	0.001487	2.4
94	-0.948362	33.887178	24.526219	0.001068	3.0
95	-0.942345	33.955657	24.495658	0.001320	2.5
96	-0.948654	33.668159	24.624480	0.001927	2.3
97	-0.946969	34.668159	24.182136	0.001198	2.2
98	-0.952485	34.287442	24.348657	0.000720	2.2
99	-0.945876	34.518155	24.247473	0.001110	2.5
100	-0.947357	34.504612	24.253389	0.001610	2.4
101	-0.947495	34.209269	24.383133	0.001463	2.2
102	-0.941287	35.209215	23.949364	0.001461	2.2
103	-0.945865	34.835005	24.109874	0.000606	2.4
104	-0.951877	34.496020	24.257144	0.001654	4.0
105	-0.947219	35.348408	23.890204	0.000986	2.9
106	-0.950231	34.971341	24.051147	0.000735	3.3
107	-0.945298	34.599972	24.211792	0.001216	2.3
108	-0.947532	35.233522	23.939012	0.001300	2.2
109	-0.947581	36.233283	23.520841	0.001025	2.2
110	-0.948395	36.494093	23.414144	0.000727	2.4
111	-0.944956	36.670771	23.342413	0.001039	2.2
112	-0.948140	36.713200	23.325252	0.001134	2.2
113	-0.947678	36.350602	23.472726	0.001354	2.4
114	-0.945194	37.339752	23.074746	0.001276	2.2
115	-0.955312	37.732344	22.920505	0.001270	2.2
116	-0.947372	37.454993	23.029255	0.000941	2.2
117	-0.953250	38.424582	22.653503	0.001588	2.1
118	-0.949007	39.424294	22.278704	0.001467	2.2
119	-0.948230	40.026373	22.058905	0.000914	3.5
120	-0.948053	39.666844	22.189632	0.001368	3.2
121	-0.946448	40.586530	21.858269	0.001298	2.3
122	-0.946522	41.307850	21.605222	0.001143	2.5
123	-0.943459	42.137211	21.321419	0.000669	2.2
124	-0.946598	42.961121	21.046769	0.000945	2.3
125	-0.946641	42.916391	21.061498	0.001656	2.2
126	-0.948554	42.685326	21.137914	0.001101	3.0
127	-0.950568	43.621560	20.831669	0.001276	2.2
128	-0.945342	44.294503	20.616972	0.001006	2.2
129	-0.951525	43.916220	20.737113	0.001138	2.6
130	-0.946993	43.539917	20.858021	0.001085	2.2
131	-0.945829	44.250384	20.630912	0.001404	2.2
132	-0.952969	45.249640	20.319732	0.001323	2.6
133	-0.955336	46.249073	20.017747	0.000961	2.3
134	-0.953020	47.246221	19.725268	0.001248	4.4
135	-0.950824	46.885295	19.830141	0.000996	2.7
136	-0.947934	47.594553	19.625100	0.001131	2.2
137	-0.950760	48.562381	19.352054	0.001047	2.4
138	-0.944660	49.561922	19.077924	0.001629	3.3
139	-0.946645	50.410967	18.851095	0.000756	2.3
140	-0.955499	51.401030	18.593312	0.001201	2.2
141	-0.953185	52.379816	18.345303	0.000923	2.5
142	-0.947977	53.331948	18.110315	0.001288	2.2
143	-0.947532	52.951605	18.203458	0.001541	2.2
144	-0.950338	52.570917	18.297651	0.001273	2.5
145	-0.953027	53.570896	18.052284	0.000757	2.4
146	-0.946339	53.194517	18.143861	0.001070	2.1
147	-0.950888	53.524194	18.063596	0.001151	2.2
148	-0.942439	53.911947	17.970097	0.000820	2.2
149	-0.950077	54.704954	17.781861	0.000872	4.0
150	-0.942247	54.709046	17.780900	0.001799	3.2
151	-0.946394	55.704847	17.550064	0.000852	2.3
152	-0.949102	56.691704	17.327139	0.001007	2.2
153	-0.947700	57.042013	17.249362	0.000782	2.3
154	-0.948373	57.887967	17.064389	0.001376	2.2
155	-0.948872	57.920830	17.057283	0.001099	2.2
156	-0.952633	58.230691	16.990575	0.001248	2.2
157	-0.946370	59.122765	16.801404	0.001395	3.3
158	-0.948176	58.841176	16.860661	0.001556	2.3
159	-0.955104	59.830063	16.654385	0.001367	2.2
160	-0.948506	59.449353	16.733198	0.000985	2.3
161	-0.949533	59.462172	16.730532	0.000707	2.2
162	-0.945695	59.986697	16.622174	0.001477	2.2
163	-0.947991	59.609586	16.699936	0.000661	2.2
164	-0.940995	60.095135	16.599947	0.001260	4.7
165	-0.946982	59.987966	16.621914	0.000396	3.9
166	-0.945839	59.914144	16.637078	0.000895	2.2
167	-0.946597	60.153382	16.588033	0.000995	2.2
168	-0.946917	60.688777	16.479313	0.000901	2.3
169	-0.946915	61.006491	16.415468	0.001499	3.5
170	-0.950070	60.970985	16.422579	0.001088	3.1
171	-0.952231	61.961387	16.226524	0.000939	2.8
172	-0.947585	61.643708	16.288898	0.000911	2.6
173	-0.948264	61.343128	16.348358	0.001354	2.6
174	-0.951503	60.980526	16.420668	0.000429	2.5
175	-0.952628	60.751138	16.466743	0.001029	2.2
176	-0.945139	60.761258	16.464705	0.000854	2.2
177	-0.948951	60.932022	16.430389	0.001725	2.4
178	-0.949045	61.861787	16.246029	0.001008	4.0
179	-0.952270	61.483189	16.320598	0.000929	2.8
180	-0.948503	61.308212	16.355293	0.001132	2.5
181	-0.951266	62.294557	16.161620	0.000756	3.7
182	-0.952302	61.951561	16.228446	0.000761	2.6
183	-0.950723	61.976978	16.223475	0.001030	2.8
184	-0.947697	62.746050	16.074489	0.001727	2.6
185	-0.950656	63.208143	15.986280	0.001197	2.9
186	-0.947144	63.917203	15.852794	0.001093	2.5
187	-0.947431	63.567998	15.918255	0.001273	2.3
188	-0.948196	63.517628	15.927742	0.000896	2.2
189	-0.951297	64.380306	15.766809	0.001158	2.6
190	-0.945102	64.653144	15.716585	0.000853	2.2
191	-0.946480	64.688623	15.710078	0.000832	2.2
192	-0.944016	64.316434	15.778613	0.001321	5.6
193	-0.949313	63.962799	15.844287	0.000630	2.7
194	-0.949243	64.276762	15.785953	0.001065	2.7
195	-0.949797	64.354398	15.771595	0.001018	2.5
196	-0.946008	64.162770	15.807083	0.001155	2.5
197	-0.945824	64.360125	15.770536	0.001295	2.9
198	-0.950966	63.981594	15.840783	0.000902	2.9
199	-0.944095	64.979251	15.656975	0.001404	2.6
200	-0.947860	64.602011	15.725973	0.001100	3.7
201	-0.947681	64.221707	15.796151	0.001053	2.7
202	-0.946893	63.951943	15.846312	0.001310	3.3
203	-0.947282	63.579190	15.916149	0.001731	2.7
204	-0.950129	64.579167	15.730171	0.001010	3.3
205	-0.948954	64.214025	15.797575	0.000745	4.1
206	-0.950276	65.093457	15.636205	0.000646	2.6
207	-0.951113	65.661383	15.533735	0.000508	2.8
208	-0.945230	65.613501	15.542322	0.000502	3.8
209	-0.947285	65.532158	15.556933	0.000919	2.5
210	-0.943141	65.523262	15.558532	0.001411	2.7
211	-0.949192	65.313731	15.596301	0.001209	2.5
212	-0.946496	66.294590	15.421058	0.001834	3.1
213	-0.947413	65.913871	15.488609	0.001011	2.7
214	-0.951247	66.911878	15.312777	0.000869	2.6
215	-0.946616	67.434436	15.222294	0.000774	2.5
216	-0.951499	67.742470	15.169456	0.000844	3.2
217	-0.951353	67.728232	15.171890	0.001443	4.8
218	-0.946288	68.686140	15.009844	0.001150	3.2
219	-0.947242	69.673166	14.846454	0.000830	2.6
220	-0.945084	70.632930	14.690952	0.001386	2.5
221	-0.944192	71.489740	14.554857	0.000699	2.5
222	-0.948227	71.183000	14.603289	0.001228	2.6
223	-0.948745	70.804174	14.663549	0.001079	2.5
224	-0.946832	71.795123	14.506958	0.001187	3.4
225	-0.945767	72.602106	14.381888	0.001245	2.2
226	-0.949246	73.601573	14.229943	0.000603	2.2
227	-0.953558	73.540190	14.239182	0.001584	2.2
228	-0.952589	73.191770	14.291853	0.000932	2.2
229	-0.947304	74.190236	14.141944	0.001152	2.2
230	-0.947552	75.069138	14.012564	0.001629	3.4
231	-0.947315	76.067212	13.868483	0.000998	4.2
232	-0.950193	77.066887	13.727110	0.000813	2.5
233	-0.950483	77.323397	13.691298	0.001726	2.6
234	-0.948190	77.501157	13.666590	0.001385	2.5
235	-0.949605	78.370907	13.546973	0.000849	2.6
236	-0.950853	77.991186	13.598938	0.000963	3.7
237	-0.946318	78.808850	13.487531	0.000764	2.6
238	-0.943951	79.287707	13.423130	0.001488	2.8
239	-0.954355	79.670480	13.372092	0.000654	3.6
240	-0.952481	79.321053	13.418669	0.001413	2.7
241	-0.946161	78.948554	13.468679	0.000845	2.3
242	-0.944998	79.203529	13.434407	0.001042	2.3
243	-0.947431	80.010616	13.327064	0.001032	4.2
244	-0.951545	79.632311	13.377164	0.001587	2.8
245	-0.947529	79.281984	13.423896	0.000948	2.3
246	-0.950769	79.897405	13.342018	0.001193	2.2
247	-0.952063	79.538097	13.389700	0.000947	3.6
248	-0.950472	79.517815	13.392402	0.000928	3.1
249	-0.949188	80.281072	13.291476	0.001098	2.6
250	-0.941619	81.130740	13.180899	0.000970	2.8
251	-0.950198	80.753067	13.229822	0.001320	2.6
252	-0.945503	81.748540	13.101646	0.001618	3.3
253	-0.947689	81.999037	13.069782	0.001505	3.0
254	-0.953645	81.624539	13.117476	0.001219	2.4
255	-0.946536	82.541992	13.001246	0.000577	2.6
256	-0.943952	82.234732	13.039942	0.001396	3.8
257	-0.944919	82.916169	12.954432	0.000718	3.2
258	-0.952617	82.535809	13.002023	0.000948	3.5
259	-0.949751	83.372090	12.897844	0.000688	2.9
260	-0.948496	83.385312	12.896211	0.001096	2.8
261	-0.952325	83.424269	12.891399	0.000576	2.7
262	-0.946711	83.120961	12.928953	0.001261	2.6
263	-0.949541	82.802941	12.968563	0.000912	2.2
264	-0.945330	83.688966	12.858805	0.000886	2.3
265	-0.949816	83.520729	12.879502	0.001127	2.3
266	-0.951892	84.146634	12.802835	0.000906	2.2
267	-0.946210	83.788717	12.846564	0.001262	2.3
268	-0.951215	84.007950	12.819743	0.001415	2.3
269	-0.951894	84.778287	12.726383	0.000797	3.1
270	-0.946839	85.005952	12.699051	0.001469	6.7
271	-0.949678	85.175988	12.678714	0.001503	2.5
272	-0.953014	86.173621	12.560693	0.001026	2.8
273	-0.951929	86.586951	12.512437	0.001250	2.6
274	-0.944508	86.207978	12.556668	0.001344	3.2
275	-0.953069	87.164020	12.445682	0.001295	3.5
276	-0.945236	86.909796	12.475002	0.001340	3.0
277	-0.953041	87.891519	12.362533	0.001326	2.8
278	-0.945988	88.891220	12.250068	0.000890	2.6
279	-0.951371	88.589044	12.283846	0.001021	2.6
280	-0.945309	88.286700	12.317830	0.001165	2.6
281	-0.951386	87.908469	12.360609	0.001666	2.6
282	-0.949632	87.527832	12.403961	0.001432	5.6
283	-0.950940	88.197538	12.327887	0.001543	2.7
284	-0.946900	89.193673	12.216445	0.001781	2.6
285	-0.954229	88.814759	12.258598	0.000727	3.5
286	-0.940649	89.814574	12.147996	0.000717	3.0
287	-0.939315	89.809023	12.148604	0.001391	2.6
288	-0.948233	89.435193	12.189728	0.001096	2.7
289	-0.946824	89.056154	12.231710	0.001577	2.6
290	-0.951178	88.785477	12.261867	0.001114	3.0
291	-0.947096	88.404928	12.304518	0.000550	3.1
292	-0.948505	88.437859	12.300816	0.001220	2.6
293	-0.949714	89.212230	12.214388	0.000822	3.2
294	-0.948464	90.197730	12.106137	0.001194	4.4
295	-0.952334	91.191639	11.998888	0.000822	3.1
296	-0.946936	90.811932	12.039636	0.000964	2.5
297	-0.946820	91.185815	11.999511	0.001136	2.8
298	-0.943769	90.809115	12.039939	0.001001	2.5
299	-0.948262	91.745105	11.939986	0.001895	2.7
300	-0.951249	91.539168	11.961835	0.000789	3.3
301	-0.947320	92.385767	11.872522	0.001293	2.2
302	-0.947345	92.010134	11.911984	0.001281	2.3
303	-0.948626	91.670136	11.947931	0.001224	2.2
304	-0.950334	92.652104	11.844699	0.001145	2.2
305	-0.947736	92.275141	11.884116	0.001229	2.3
306	-0.949882	91.897291	11.923891	0.001164	2.3
307	-0.945438	91.745537	11.939940	0.000786	4.2
308	-0.947244	92.670550	11.842777	0.001183	2.8
309	-0.948527	93.302203	11.777332	0.001005	2.5
310	-0.945705	93.158526	11.792154	0.001002	2.8
311	-0.953682	93.150302	11.793004	0.001478	2.3
312	-0.947096	94.135383	11.692105	0.001601	4.0
313	-0.950223	94.259785	11.679485	0.001016	3.0
314	-0.946970	93.925514	11.713456	0.001491	2.8
315	-0.944846	93.556965	11.751140	0.001211	2.7
316	-0.956155	94.555255	11.649621	0.000831	2.6
317	-0.951801	95.426756	11.562419	0.001365	2.9
318	-0.946050	95.922331	11.513412	0.000843	2.9
319	-0.944389	96.802435	11.427395	0.001220	2.5
320	-0.952812	97.792957	11.332111	0.000877	3.4
321	-0.946202	98.786869	11.238085	0.001155	3.3
322	-0.941880	98.515705	11.263582	0.001072	2.2
323	-0.950155	99.510211	11.170630	0.000981	2.7
324	-0.953355	99.144691	11.204615	0.001315	4.2
325	-0.945278	100.134396	11.113069	0.001121	3.0
326	-0.951438	99.753778	11.148098	0.000993	2.6
327	-0.943060	99.395358	11.181286	0.000450	2.6
328	-0.939338	99.992332	11.126118	0.001395	2.7
329	-0.946766	99.955308	11.129524	0.001508	2.2
330	-0.943474	99.574591	11.164665	0.001589	2.4
331	-0.945881	100.557632	11.074376	0.001448	2.2
332	-0.942271	100.177235	11.109141	0.000946	2.2
333	-0.954739	100.314526	11.096569	0.000989	2.7
334	-0.947490	100.005308	11.124925	0.001503	4.3
335	-0.948101	99.640136	11.158599	0.000824	2.8
336	-0.947013	99.261777	11.193706	0.001570	2.7
337	-0.946072	98.881170	11.229244	0.001214	3.2
338	-0.946819	98.500476	11.265018	0.001409	2.9
339	-0.945545	99.385799	11.182174	0.001873	2.7
340	-0.953073	100.385799	11.090053	0.001417	3.1
341	-0.946845	101.372492	11.000634	0.001352	2.6
342	-0.948845	100.992013	11.034943	0.001521	3.3
343	-0.951166	100.611440	11.069476	0.001031	2.8
344	-0.946830	100.858896	11.046998	0.001051	2.8
345	-0.950579	100.912962	11.042099	0.001600	2.7
346	-0.945512	100.544347	11.075587	0.001069	6.7
347	-0.946645	100.167039	11.110076	0.000842	3.1
348	-0.948064	99.847664	11.139437	0.001218	2.7
349	-0.947667	99.478123	11.173605	0.000940	2.9
350	-0.946939	100.152318	11.111426	0.001668	3.6
351	-0.944857	101.124254	11.022994	0.001238	3.1
352	-0.950868	102.124252	10.933467	0.001108	3.4
353	-0.945685	102.683751	10.884008	0.001516	3.1
354	-0.941912	102.514294	10.898941	0.000890	2.8
355	-0.950735	102.135625	10.932457	0.001048	2.8
356	-0.944800	102.360621	10.912518	0.000672	2.6
357	-0.949446	103.027194	10.853869	0.000605	4.2
358	-0.950572	102.985482	10.857521	0.001715	3.3
359	-0.946181	103.792485	10.787308	0.001618	2.7
360	-0.946970	103.416541	10.819903	0.001539	3.4
361	-0.950480	104.416393	10.733644	0.000986	2.8
362	-0.949097	105.366614	10.652932	0.001068	3.4
363	-0.947224	106.352653	10.570451	0.000722	2.8
364	-0.951242	106.281081	10.576395	0.001202	2.7
365	-0.942789	106.092093	10.592122	0.001382	2.5
366	-0.952878	105.821751	10.614701	0.001262	2.8
367	-0.947900	105.443751	10.646433	0.001408	2.6
368	-0.947760	106.127683	10.589157	0.001606	3.0
369	-0.942171	105.902941	10.607910	0.000848	4.4
370	-0.945222	106.901305	10.525107	0.000996	2.8
371	-0.947240	107.507201	10.475483	0.001212	2.3
372	-0.947121	107.169082	10.503118	0.000859	2.3
373	-0.946416	107.228069	10.498286	0.001287	2.4
374	-0.950290	108.153247	10.423083	0.002430	2.2
375	-0.944988	109.153246	10.342999	0.000941	2.3
376	-0.943242	109.098816	10.347327	0.001661	2.3
377	-0.947132	108.721810	10.377399	0.001135	3.5
378	-0.948888	109.721585	10.298031	0.001148	2.7
379	-0.948935	110.625911	10.227279	0.000837	2.9
380	-0.946729	110.513914	10.235989	0.000604	3.3
381	-0.952615	110.189450	10.261305	0.001045	3.5
382	-0.946807	110.750544	10.217605	0.000714	3.1
383	-0.947600	110.398415	10.244986	0.001065	3.7
384	-0.950248	110.063073	10.271199	0.001444	2.4
385	-0.947410	111.052499	10.194241	0.000898	2.2
386	-0.949460	112.034075	10.119024	0.001252	2.3
387	-0.950541	111.679290	10.146082	0.001235	2.4
388	-0.951626	112.266656	10.101364	0.000770	3.6
389	-0.951098	112.176154	10.108228	0.000715	2.9
390	-0.945983	111.966302	10.124181	0.001909	2.8
391	-0.944574	112.806833	10.060585	0.001154	2.7
392	-0.947239	113.734950	9.991283	0.001490	3.3
393	-0.947038	113.504673	10.008388	0.001244	2.4
394	-0.946948	113.124016	10.036793	0.002120	2.2
395	-0.949320	114.123726	9.962536	0.001151	2.2
396	-0.953105	115.123661	9.889353	0.000990	5.5
397	-0.950681	114.783563	9.914123	0.001233	2.5
398	-0.950278	115.758325	9.843459	0.001413	2.4
399	-0.948865	115.387661	9.870211	0.001239	3.5
400	-0.946664	115.014276	9.897306	0.001050	2.7
401	-0.948810	115.882151	9.834554	0.001233	2.8
402	-0.942881	115.502680	9.861894	0.000973	2.6
403	-0.950607	116.490206	9.791061	0.000426	3.4
404	-0.944043	116.424228	9.795761	0.001425	2.7
405	-0.944123	116.106011	9.818497	0.000770	2.7
406	-0.948811	115.731883	9.845363	0.000958	2.8
407	-0.945514	115.527677	9.860088	0.001332	2.8
408	-0.944037	116.398212	9.797616	0.001784	4.4
409	-0.951205	117.365896	9.729095	0.000954	4.1
410	-0.945605	118.362777	9.659502	0.001284	2.6
411	-0.949791	118.038982	9.681997	0.000696	2.9
412	-0.945560	118.170111	9.672874	0.000762	2.7
413	-0.949000	117.819500	9.697304	0.001330	2.8
414	-0.944196	118.241283	9.667930	0.001523	3.8
415	-0.947219	118.160909	9.673514	0.000813	2.4
416	-0.946799	117.784658	9.699739	0.001023	3.1
417	-0.941939	117.428711	9.724680	0.001460	2.2
418	-0.948127	117.061406	9.750552	0.000794	2.3
419	-0.949866	118.007459	9.684192	0.001365	2.4
420	-0.949683	118.713179	9.635275	0.000852	2.5
421	-0.950076	118.499340	9.650045	0.000960	3.5
422	-0.948672	118.127614	9.675829	0.001361	4.9
423	-0.951400	117.746939	9.702376	0.001009	2.8
424	-0.950373	118.583767	9.644209	0.001382	2.8
425	-0.949681	119.583213	9.575645	0.000825	3.6
426	-0.955414	119.205619	9.601434	0.000970	2.6
427	-0.954320	118.833692	9.626971	0.001168	2.9
428	-0.946607	119.829562	9.558895	0.000702	2.7
429	-0.949373	120.272490	9.528925	0.000978	2.7
430	-0.951735	120.292484	9.527577	0.000962	3.0
431	-0.947309	120.042418	9.544469	0.000809	3.0
432	-0.949703	119.820817	9.559488	0.001055	2.8
433	-0.944886	120.485072	9.514608	0.001369	3.3
434	-0.945797	120.104609	9.540262	0.000844	3.4
435	-0.949835	121.051185	9.476689	0.000902	3.8
436	-0.953141	121.985413	9.414771	0.001276	3.0
437	-0.944142	122.972416	9.350228	0.001826	2.9
438	-0.952063	123.972416	9.285732	0.001767	2.9
439	-0.953713	124.282728	9.265898	0.000706	2.6
440	-0.947247	123.905981	9.289989	0.001520	2.7
441	-0.944705	124.897248	9.226870	0.000871	2.8
442	-0.954687	125.346996	9.198514	0.000962	3.4
443	-0.947412	125.916043	9.162886	0.001287	3.1
444	-0.953937	126.113076	9.150614	0.000977	2.6
445	-0.947989	126.986726	9.096593	0.000984	2.6
446	-0.945781	127.955860	9.037409	0.001107	3.3
447	-0.953695	128.856574	8.983089	0.001468	3.6
448	-0.949278	128.501760	9.004409	0.001130	2.3
449	-0.949290	129.339710	8.954221	0.001318	2.2
450	-0.942598	129.836166	8.924749	0.001567	2.3
451	-0.948568	130.835976	8.865982	0.000802	3.4
452	-0.943319	131.817626	8.809029	0.001494	3.4
453	-0.951546	132.767952	8.754587	0.001651	3.2
454	-0.953469	133.767950	8.698022	0.000510	3.0
455	-0.951216	133.394999	8.719032	0.001080	2.6
456	-0.943563	134.208624	8.673326	0.001008	2.7
457	-0.948896	134.030748	8.683277	0.001143	2.4
458	-0.945861	133.924178	8.689250	0.001454	2.2
459	-0.953665	134.417874	8.661648	0.001331	3.0
460	-0.951771	134.070992	8.681024	0.000747	3.2
461	-0.949304	134.897063	8.635024	0.001258	2.5
462	-0.948686	135.892104	8.580259	0.001440	2.2
463	-0.948064	136.796849	8.531064	0.001415	2.5
464	-0.950735	137.783880	8.478033	0.000484	3.5
465	-0.946016	138.557586	8.436922	0.000750	2.6
466	-0.952610	138.643683	8.432372	0.000934	3.1
467	-0.950830	138.273794	8.451955	0.001057	2.7
468	-0.947947	137.999945	8.466512	0.000760	2.6
469	-0.954202	138.250875	8.453172	0.001143	2.2
470	-0.952333	139.224099	8.401826	0.001382	2.3
471	-0.950776	140.085604	8.356892	0.001224	2.3
472	-0.948771	139.705694	8.376648	0.000870	2.3
473	-0.950227	139.406166	8.392289	0.001144	2.7
474	-0.952139	140.229843	8.349416	0.001110	3.3
475	-0.949448	141.226168	8.298137	0.001041	3.5
476	-0.951233	140.846512	8.317603	0.000914	3.0
477	-0.950029	140.554875	8.332617	0.000806	2.8
478	-0.944377	141.242910	8.297281	0.001406	2.8
479	-0.946215	141.225214	8.298186	0.000934	2.9
480	-0.948921	140.851015	8.317371	0.001034	2.7
481	-0.952822	141.232546	8.297811	0.001585	2.2
482	-0.941510	140.854731	8.317180	0.001938	2.4
483	-0.942246	140.474012	8.336790	0.001070	2.7
484	-0.949184	140.098756	8.356210	0.001243	2.3
485	-0.947926	139.754513	8.374104	0.000730	2.2
486	-0.948777	140.482736	8.336340	0.000765	2.2
487	-0.948507	140.306621	8.345441	0.001340	4.1
488	-0.942364	141.055771	8.306862	0.000914	4.1
489	-0.943582	142.053585	8.256028	0.000603	2.8
490	-0.946225	142.190543	8.249099	0.000480	2.6
491	-0.948107	142.219914	8.247615	0.001025	2.6
492	-0.952115	142.218088	8.247707	0.000617	3.6
493	-0.949318	142.635406	8.226673	0.001125	2.3
494	-0.947532	143.154334	8.200667	0.001428	2.2
495	-0.945146	144.153895	8.151034	0.001061	2.5
496	-0.947905	143.773408	8.169856	0.001831	2.2
497	-0.947297	143.396576	8.188583	0.001007	2.3
498	-0.949050	144.332133	8.142246	0.001640	3.4
499	-0.948032	144.588773	8.129627	0.001293	2.7
500	-0.946880	145.587451	8.080891	0.000767	5.5
501	-0.946751	145.210528	8.099216	0.001222	2.6
502	-0.949068	144.832533	8.117677	0.001466	2.5
503	-0.946304	145.831045	8.069091	0.001322	3.5
504	-0.952451	145.456499	8.087248	0.000781	3.1
505	-0.953604	146.417574	8.040822	0.001383	2.8
506	-0.947198	146.621687	8.031031	0.001211	2.6
507	-0.947409	147.620083	7.983479	0.001862	2.5
508	-0.949968	148.618174	7.936502	0.001095	2.8
509	-0.948720	148.237456	7.954356	0.000529	2.7
510	-0.949764	148.774538	7.929192	0.001434	2.6
511	-0.949023	148.450459	7.944357	0.000961	3.0
512	-0.946546	148.452931	7.944241	0.000914	3.9
513	-0.947030	148.601767	7.937270	0.001215	3.2
514	-0.948238	149.146612	7.911853	0.000568	3.5
515	-0.948964	149.374238	7.901282	0.001245	2.6
516	-0.946294	149.010049	7.918208	0.001038	3.0
517	-0.949135	150.009663	7.871923	0.001820	2.7
518	-0.943120	149.907494	7.876629	0.001249	2.6
519	-0.953490	150.907490	7.830810	0.000862	2.8
520	-0.944866	151.396783	7.808585	0.001206	2.6
521	-0.950621	151.695299	7.795087	0.000667	2.5
522	-0.950136	152.217416	7.771591	0.001179	2.9
523	-0.952347	151.887712	7.786412	0.001035	2.6
524	-0.946777	151.510169	7.803453	0.001123	4.2
525	-0.949763	152.454878	7.760952	0.001073	4.1
526	-0.946705	152.084366	7.777565	0.000948	2.3
527	-0.949298	152.876980	7.742111	0.001654	2.2
528	-0.942605	152.682361	7.750787	0.001129	2.2
529	-0.953890	153.424544	7.717807	0.000900	2.3
530	-0.950081	153.052181	7.734318	0.000643	2.3
531	-0.950374	152.775932	7.746613	0.000925	3.6
532	-0.949384	152.574512	7.755603	0.001397	2.6
533	-0.944808	152.954351	7.738668	0.001142	2.8
534	-0.943591	153.534631	7.712939	0.000792	3.0
535	-0.944425	154.528033	7.669288	0.001057	2.6
536	-0.949306	154.150142	7.685834	0.001272	2.2
537	-0.948646	154.002139	7.692334	0.000994	2.3
538	-0.953609	154.965974	7.650200	0.000644	3.2
539	-0.953615	155.782380	7.614871	0.001026	3.4
540	-0.947898	155.556390	7.624618	0.001220	2.2
541	-0.951763	155.215477	7.639368	0.001445	2.4
542	-0.948508	154.836042	7.655853	0.001817	3.5
543	-0.948124	155.836042	7.612560	0.000970	2.6
544	-0.948934	156.767244	7.572683	0.001552	2.6
545	-0.943911	156.398030	7.588444	0.001333	2.6
546	-0.944806	157.392147	7.546156	0.000844	2.8
547	-0.943366	157.308760	7.549685	0.001375	2.7
548	-0.948662	157.115664	7.557870	0.001438	2.3
549	-0.948056	157.068888	7.559855	0.001346	2.2
550	-0.944316	156.688307	7.576047	0.001358	2.2
551	-0.950388	156.895293	7.567232	0.001307	2.4
552	-0.947566	156.552017	7.581862	0.001204	4.1
553	-0.947645	157.549502	7.539506	0.001159	3.0
554	-0.949323	157.189103	7.554755	0.001217	3.4
555	-0.950336	156.843030	7.569456	0.000919	2.6
556	-0.946798	157.014923	7.562147	0.000986	2.8
557	-0.947343	156.645866	7.577857	0.000691	2.5
558	-0.943357	157.273760	7.551167	0.001200	3.0
559	-0.949162	157.015228	7.562134	0.001313	3.2
560	-0.948435	157.959272	7.522242	0.000904	2.5
561	-0.947815	158.700935	7.491196	0.001106	2.7
562	-0.941563	159.519253	7.457238	0.002152	2.6
563	-0.953609	159.138534	7.472998	0.001446	2.4
564	-0.949300	160.138534	7.431743	0.000618	2.2
565	-0.950258	159.902297	7.441448	0.000906	3.7
566	-0.946875	159.591363	7.454260	0.001168	3.8
567	-0.946751	160.243671	7.427432	0.001101	2.7
568	-0.948385	161.182265	7.389166	0.000790	2.6
569	-0.946371	161.110794	7.392066	0.001203	2.5
570	-0.948188	160.736996	7.407270	0.001094	3.2
571	-0.946849	160.356616	7.422806	0.000941	2.7
572	-0.948010	160.648029	7.410898	0.000786	2.6
573	-0.951933	160.936855	7.399133	0.000978	2.8
574	-0.950034	161.697049	7.368345	0.000774	2.5
575	-0.946189	161.354878	7.382171	0.001013	2.6
576	-0.953154	161.776924	7.365125	0.001167	2.7
577	-0.950993	162.356246	7.341855	0.001015	2.7
578	-0.952741	163.353250	7.302149	0.001036	3.4
579	-0.946519	163.203306	7.308093	0.000909	4.7
580	-0.949756	162.923565	7.319209	0.001203	2.6
581	-0.949188	163.921284	7.279719	0.001144	3.4
582	-0.951702	164.921115	7.240571	0.001092	2.6
583	-0.948738	164.557062	7.254776	0.000847	2.7
584	-0.945439	164.232048	7.267506	0.001108	2.5
585	-0.949871	163.857581	7.282227	0.001411	2.5
586	-0.950035	164.830227	7.244112	0.001620	2.7
587	-0.951681	165.182271	7.230414	0.000614	2.7
588	-0.946728	165.152178	7.231583	0.000583	2.6
589	-0.951126	165.240606	7.228150	0.001268	2.6
590	-0.947897	165.698821	7.210410	0.000602	2.5
591	-0.946486	165.405098	7.221771	0.001062	4.1
592	-0.950404	165.204479	7.229552	0.001583	2.6
593	-0.951153	164.823915	7.244358	0.001172	2.3
594	-0.943693	165.815265	7.205915	0.000621	2.2
595	-0.943021	166.697398	7.172049	0.001476	2.4
596	-0.953755	166.347259	7.185453	0.001247	2.3
597	-0.949407	165.996959	7.198914	0.000752	2.2
598	-0.949783	166.509950	7.179219	0.001031	2.1
599	-0.947084	166.218982	7.190376	0.000800	3.7
600	-0.943005	166.498561	7.179655	0.001189	3.7
601	-0.947063	166.119053	7.194216	0.002198	3.1
602	-0.945112	165.753252	7.208308	0.002001	2.5
603	-0.946783	166.753252	7.169916	0.000727	2.6
604	-0.947552	167.748108	7.132124	0.000826	2.7
605	-0.949867	167.744485	7.132261	0.001159	3.9
606	-0.945057	168.119771	7.118108	0.000848	3.5
607	-0.950432	167.739393	7.132454	0.001102	2.9
608	-0.944436	168.628399	7.099016	0.001141	2.6
609	-0.948708	168.258986	7.112872	0.001245	3.3
610	-0.949392	169.073796	7.082381	0.000956	2.6
611	-0.948960	170.069469	7.045474	0.001061	2.5
612	-0.947125	170.819144	7.017939	0.001335	2.9
613	-0.947039	170.565749	7.027222	0.001080	2.5
614	-0.946222	170.348132	7.035213	0.000781	2.6
615	-0.946363	169.971715	7.049080	0.001086	2.3
616	-0.950096	169.604633	7.062656	0.000872	2.3
617	-0.949698	169.317943	7.073295	0.001032	2.2
618	-0.952398	169.392961	7.070508	0.001123	2.8
619	-0.943762	169.013187	7.084640	0.000818	4.1
620	-0.944435	169.768720	7.056581	0.000778	2.2
621	-0.948609	170.661169	7.023723	0.001076	3.2
622	-0.944778	171.640009	6.988034	0.001089	2.7
623	-0.945732	171.266867	7.001596	0.001240	2.5
624	-0.944717	170.886433	7.015478	0.001516	2.6
625	-0.945146	171.404101	6.996602	0.001087	2.8
626	-0.948039	171.815024	6.981691	0.001167	2.8
627	-0.947103	171.453960	6.994790	0.000840	2.3
628	-0.950965	171.486191	6.993618	0.001182	2.2
629	-0.948685	172.430668	6.959470	0.001078	2.2
630	-0.948715	172.086296	6.971882	0.001147	2.4
631	-0.949590	171.761690	6.983623	0.000709	2.2
632	-0.952603	171.520561	6.992370	0.001029	3.2
633	-0.948441	172.443206	6.959019	0.000964	4.6
634	-0.948877	172.754195	6.947849	0.001258	2.6
635	-0.956205	173.557837	6.919151	0.001048	3.0
636	-0.947700	173.179095	6.932646	0.000822	3.2
637	-0.943511	173.484985	6.921742	0.000985	2.6
638	-0.947752	173.774284	6.911461	0.000817	3.8
639	-0.944479	173.823074	6.909731	0.000800	2.8
640	-0.950119	173.539297	6.919810	0.000967	2.7
641	-0.946215	173.384655	6.925315	0.001096	2.6
642	-0.954001	173.194657	6.932091	0.000937	2.4
643	-0.950824	172.839967	6.944775	0.001136	2.7
644	-0.950139	172.490117	6.957332	0.000891	2.5
645	-0.946733	173.423408	6.923935	0.000947	5.2
646	-0.949491	174.152425	6.898069	0.001351	2.3
647	-0.952203	175.151968	6.862918	0.000789	2.2
648	-0.940121	176.142548	6.828434	0.001578	2.2
649	-0.944834	176.455057	6.817627	0.001172	3.3
650	-0.940659	177.067507	6.796546	0.001264	2.7
651	-0.947961	176.686900	6.809632	0.000942	2.6
652	-0.952923	177.634797	6.777136	0.000739	2.6
653	-0.945573	178.616343	6.743811	0.001260	2.6
654	-0.948471	178.985404	6.731366	0.000825	2.7
655	-0.953015	179.744449	6.705914	0.000655	3.1
656	-0.952825	179.420589	6.716750	0.000830	2.6
657	-0.948889	180.048465	6.695773	0.001179	2.8
658	-0.950320	179.670459	6.708386	0.001206	3.9
659	-0.947695	180.607641	6.677202	0.001721	3.1
660	-0.945346	181.607488	6.644251	0.001012	3.2
661	-0.945566	182.607006	6.611634	0.000918	2.7
662	-0.951219	182.364813	6.619508	0.001110	3.0
663	-0.943081	182.029431	6.630442	0.000803	2.6
664	-0.951631	183.002431	6.598818	0.000762	2.6
665	-0.947741	182.848558	6.603799	0.001026	2.6
666	-0.945292	183.719672	6.575699	0.001305	2.7
667	-0.947134	183.347888	6.587663	0.001287	2.6
668	-0.947514	184.344379	6.555694	0.001140	2.8
669	-0.942237	185.053922	6.533120	0.001059	2.7
670	-0.946211	184.673449	6.545205	0.001002	2.8
671	-0.945252	184.299473	6.557128	0.001588	5.0
672	-0.947870	184.267702	6.558143	0.000955	2.7
673	-0.943032	185.267449	6.526357	0.002111	2.3
674	-0.949871	184.886754	6.538424	0.000730	2.3
675	-0.947034	185.827248	6.508693	0.001799	2.1
676	-0.950461	186.582453	6.485013	0.001277	2.3
677	-0.940384	187.582453	6.453922	0.001909	2.8
678	-0.950897	187.228124	6.464905	0.001357	3.1
679	-0.948236	186.847407	6.476746	0.001444	2.5
680	-0.952453	187.845142	6.445805	0.001248	2.6
681	-0.948568	187.533969	6.455423	0.000478	2.4
682	-0.951427	187.827945	6.446335	0.001561	2.5
683	-0.945575	187.696923	6.450382	0.001367	2.6
684	-0.953764	188.696833	6.419625	0.001226	2.8
685	-0.948880	188.339553	6.430581	0.001374	3.9
686	-0.949064	189.212582	6.403874	0.001387	2.3
687	-0.943009	190.211071	6.373600	0.001508	2.2
688	-0.940456	190.043530	6.378660	0.001646	2.2
689	-0.945253	190.339652	6.369723	0.000411	3.2
690	-0.947192	190.068508	6.377905	0.001219	2.6
691	-0.948747	189.766859	6.387033	0.000933	2.7
692	-0.948614	189.411729	6.397813	0.000848	2.5
693	-0.946256	190.282202	6.371455	0.000985	2.8
694	-0.947541	190.090820	6.377231	0.001039	2.7
695	-0.949770	191.079205	6.347510	0.001155	2.4
696	-0.951962	192.049104	6.318614	0.001169	2.2
697	-0.946641	192.089673	6.317411	0.000799	2.2
698	-0.947943	191.712528	6.328612	0.001303	2.7
699	-0.947264	192.524350	6.304550	0.000619	4.0
700	-0.944599	192.199464	6.314157	0.001089	2.6
701	-0.942443	192.091040	6.317370	0.001488	3.5
702	-0.945037	192.147437	6.315699	0.000954	2.6
703	-0.952148	192.344040	6.309878	0.001315	2.8
704	-0.949684	193.315863	6.281266	0.001435	2.5
705	-0.942026	192.938067	6.292358	0.001569	2.7
706	-0.946097	192.559244	6.303520	0.001901	2.3
707	-0.944372	193.549039	6.274439	0.001168	2.2
708	-0.945118	194.549038	6.245330	0.000891	2.2
709	-0.944423	195.289423	6.223952	0.001064	2.2
710	-0.945371	196.136886	6.199660	0.000534	2.2
711	-0.948302	197.050147	6.173694	0.001687	2.4
712	-0.949144	196.698158	6.183676	0.001080	3.2
713	-0.952097	197.614179	6.157766	0.001102	5.5
714	-0.953687	198.610486	6.129830	0.001048	2.6
715	-0.952486	199.596015	6.102445	0.001211	2.6
716	-0.950938	199.475245	6.105787	0.001203	2.5
717	-0.948965	199.799448	6.096822	0.001166	2.6
718	-0.953469	199.491116	6.105348	0.001041	3.2
719	-0.941854	200.459913	6.078639	0.001371	2.6
720	-0.942036	200.520384	6.076980	0.001640	2.8
721	-0.938441	201.519901	6.049683	0.001490	2.5
722	-0.947851	202.519864	6.022619	0.001801	2.6
723	-0.945191	203.519553	5.995803	0.001264	2.6
724	-0.946714	203.138850	6.005987	0.000816	2.8
725	-0.948562	203.334255	6.000755	0.000941	3.1
726	-0.947425	203.657960	5.992109	0.000862	4.7
727	-0.946706	203.550166	5.994985	0.000644	2.5
728	-0.950043	204.234208	5.976778	0.001781	2.7
729	-0.947258	203.855909	5.986834	0.001001	3.6
730	-0.947060	203.544875	5.995127	0.001523	2.5
731	-0.943783	204.325418	5.974359	0.000783	2.8
732	-0.945546	203.979942	5.983533	0.001221	2.5
733	-0.942479	204.190323	5.977943	0.000600	2.4
734	-0.950517	205.008851	5.956293	0.000374	2.6
735	-0.948358	204.731144	5.963621	0.001240	2.7
736	-0.953276	204.853186	5.960398	0.001160	2.5
737	-0.952634	205.357666	5.947115	0.001045	2.9
738	-0.945767	204.982030	5.957000	0.001290	2.8
739	-0.945124	205.960973	5.931306	0.000637	5.6
740	-0.954893	205.591624	5.940974	0.001306	2.2
741	-0.953840	205.409552	5.945752	0.000897	2.2
742	-0.947947	205.396840	5.946085	0.000870	2.2
743	-0.948050	205.060327	5.954937	0.000965	2.3
744	-0.948586	204.700818	5.964422	0.000499	2.2
745	-0.941990	205.141507	5.952799	0.001346	2.1
746	-0.947391	205.035688	5.955586	0.000962	2.9
747	-0.950332	205.739366	5.937103	0.001453	3.4
748	-0.941593	206.226607	5.924372	0.000931	3.0
749	-0.941077	206.567927	5.915486	0.001321	2.5
750	-0.947552	206.996832	5.904358	0.001191	2.5
751	-0.947933	207.979379	5.879023	0.000909	2.6
752	-0.951560	208.074874	5.876572	0.000704	4.2
753	-0.948779	207.740012	5.885175	0.001130	3.1
754	-0.942812	207.527904	5.890637	0.001056	2.3
755	-0.954631	208.525731	5.865029	0.001013	2.3
756	-0.946175	208.970444	5.853687	0.001677	2.2
757	-0.951006	208.592813	5.863315	0.001568	2.3
758	-0.947895	208.212094	5.873054	0.001216	3.5
759	-0.946880	207.868714	5.881865	0.001204	3.2
760	-0.955051	207.489525	5.891627	0.001190	2.7
761	-0.950542	207.109585	5.901440	0.000651	2.6
762	-0.948039	206.891031	5.907099	0.001260	2.5
763	-0.954839	206.541619	5.916170	0.001050	2.3
764	-0.953620	206.189143	5.925349	0.000803	2.2
765	-0.949463	207.162142	5.900080	0.000897	2.2
766	-0.946882	207.346330	5.895321	0.001677	4.4
767	-0.955212	208.248340	5.872125	0.001017	2.9
768	-0.945633	208.197407	5.873430	0.000795	2.3
769	-0.950163	207.831094	5.882832	0.000842	3.2
770	-0.951730	207.460060	5.892386	0.000947	2.7
771	-0.948202	207.980092	5.879004	0.000485	2.6
772	-0.949253	207.795348	5.883751	0.000680	2.5
773	-0.951553	207.601805	5.888733	0.001867	2.5
774	-0.950558	207.423945	5.893318	0.000811	2.8
775	-0.952555	207.046551	5.903071	0.000890	2.9
776	-0.948531	207.978548	5.879044	0.001173	2.7
777	-0.948490	208.773122	5.858714	0.000849	3.2
778	-0.950304	208.693835	5.860736	0.001207	2.7
779	-0.951106	209.296486	5.845399	0.001685	3.6
780	-0.942521	208.915768	5.855079	0.000666	3.5
781	-0.950969	209.889458	5.830387	0.000588	2.2
782	-0.945641	210.201050	5.822530	0.001201	2.3
783	-0.947404	209.945498	5.828973	0.001187	2.8
784	-0.943657	210.160240	5.823558	0.001259	2.4
785	-0.948009	209.951320	5.828826	0.001136	2.8
786	-0.947383	209.570901	5.838443	0.000603	3.5
787	-0.946623	209.788781	5.832931	0.001118	2.6
788	-0.948011	210.427565	5.816831	0.001557	2.7
789	-0.948564	210.804480	5.807372	0.001062	3.2
790	-0.947487	211.795294	5.782655	0.000912	2.7
791	-0.952301	212.644294	5.761643	0.001567	2.9
792	-0.944276	212.264569	5.771022	0.000615	3.0
793	-0.955188	212.025356	5.776946	0.000790	4.9
794	-0.947664	211.706609	5.784859	0.000696	2.9
795	-0.945372	211.412611	5.792177	0.001059	3.3
796	-0.947294	212.277259	5.770708	0.001085	3.3
797	-0.949193	212.377610	5.768227	0.001307	2.9
798	-0.942238	212.078621	5.775626	0.000515	2.8
799	-0.951526	212.986894	5.753207	0.000664	2.7
800	-0.949905	212.929563	5.754617	0.001305	3.2
801	-0.947837	213.226919	5.747311	0.001367	2.7
802	-0.954480	212.878856	5.755864	0.000947	2.8
803	-0.948145	213.854646	5.731949	0.000994	2.5
804	-0.944390	214.261258	5.722043	0.000804	3.2
805	-0.946274	213.900656	5.730827	0.000801	4.7
806	-0.953616	213.563252	5.739070	0.001359	2.6
807	-0.944384	213.808602	5.733073	0.000664	3.3
808	-0.950666	214.795096	5.709088	0.001015	2.9
809	-0.949259	214.507942	5.716049	0.001229	3.0
810	-0.941288	214.134202	5.725135	0.000809	2.8
811	-0.952438	213.758080	5.734307	0.000636	2.7
812	-0.949582	214.366131	5.719493	0.000888	2.6
813	-0.947840	214.171412	5.724229	0.001779	2.3
814	-0.951765	213.790694	5.733511	0.000750	2.3
815	-0.943458	213.854573	5.731951	0.001294	2.4
816	-0.951523	213.481094	5.741081	0.000953	2.3
817	-0.945650	213.146320	5.749289	0.000929	2.3
818	-0.939233	214.140759	5.724975	0.001305	4.3
819	-0.952658	213.797157	5.733353	0.000998	2.7
820	-0.947081	214.512307	5.715943	0.000689	2.2
821	-0.950151	215.263223	5.697776	0.000743	2.6
822	-0.950093	215.189022	5.699566	0.000853	3.1
823	-0.943108	214.817199	5.708553	0.001211	2.4
824	-0.946590	215.796966	5.684933	0.001190	3.5
825	-0.948477	215.427916	5.693807	0.001673	2.6
826	-0.948499	216.427542	5.669835	0.001307	2.7
827	-0.952356	217.356411	5.647740	0.001108	2.8
828	-0.952117	216.992112	5.656385	0.000957	2.8
829	-0.948007	217.192745	5.651620	0.001057	2.8
830	-0.946402	217.092277	5.654005	0.000953	2.2
831	-0.947475	216.997800	5.656250	0.000976	2.9
832	-0.950203	216.763131	5.661832	0.000726	4.0
833	-0.951487	216.694117	5.663476	0.000955	2.3
834	-0.951685	216.616533	5.665325	0.000978	2.3
835	-0.946559	216.520587	5.667614	0.000770	2.3
836	-0.946423	216.259852	5.673842	0.001244	3.5
837	-0.956017	215.974142	5.680683	0.001529	3.0
838	-0.956006	215.629688	5.688952	0.000816	2.9
839	-0.948928	216.523927	5.667534	0.000836	2.7
840	-0.951339	217.480633	5.644798	0.000897	2.9
841	-0.947970	217.118328	5.653387	0.001150	2.2
842	-0.944727	217.398777	5.646736	0.000873	2.2
843	-0.943768	218.065514	5.630988	0.001549	2.6
844	-0.944606	217.687779	5.639899	0.001030	2.3
845	-0.944422	217.945203	5.633823	0.001070	2.3
846	-0.950686	217.570343	5.642675	0.000777	3.9
847	-0.950556	217.749508	5.638441	0.001262	4.0
848	-0.951061	217.618259	5.641542	0.000659	2.8
849	-0.943757	217.271461	5.649753	0.001839	2.8
850	-0.952649	217.259080	5.650047	0.001202	2.6
851	-0.952327	216.878586	5.659084	0.001295	2.8
852	-0.953221	216.609303	5.665498	0.000673	2.9
853	-0.946696	216.230540	5.674543	0.001261	2.6
854	-0.949775	217.188488	5.651721	0.000987	3.0
855	-0.947623	216.809795	5.660721	0.001094	2.9
856	-0.948527	216.430057	5.669775	0.001282	2.8
857	-0.946897	217.200152	5.651445	0.001314	3.0
858	-0.944836	218.192223	5.628005	0.001219	3.5
859	-0.949668	219.192006	5.604579	0.000571	3.9
860	-0.948353	219.274763	5.602648	0.001242	2.9
861	-0.949023	219.493970	5.597541	0.001037	2.6
862	-0.948022	220.492515	5.574396	0.001822	2.5
863	-0.950617	221.443988	5.552519	0.001091	3.2
864	-0.940350	221.091067	5.560614	0.000821	2.6
865	-0.947017	221.915619	5.541739	0.000627	2.6
866	-0.949245	222.316038	5.532619	0.001616	2.5
867	-0.946919	222.557413	5.527136	0.000953	2.7
868	-0.956434	223.151219	5.513693	0.000841	2.7
869	-0.944065	224.006221	5.494452	0.001231	2.7
870	-0.946095	224.109786	5.492131	0.001136	2.7
871	-0.952586	223.773828	5.499669	0.001117	3.9
872	-0.951076	223.459838	5.506733	0.000872	3.0
873	-0.947785	224.419566	5.485198	0.001411	2.6
874	-0.955040	224.039347	5.493709	0.001208	3.1
875	-0.942745	225.038754	5.471394	0.001617	2.2
876	-0.949483	226.037667	5.449270	0.000676	2.2
877	-0.948480	226.926355	5.429737	0.000727	2.2
878	-0.950650	227.111829	5.425678	0.001271	2.2
879	-0.945163	226.733258	5.433969	0.001551	2.2
880	-0.955115	227.733252	5.412123	0.001060	2.3
881	-0.943443	228.705585	5.391049	0.002020	3.1
882	-0.943901	228.592027	5.393501	0.000911	2.7
883	-0.948400	228.218159	5.401593	0.001177	2.7
884	-0.945245	227.883936	5.408846	0.001217	2.6
885	-0.943906	228.522595	5.395002	0.001183	5.0
886	-0.942806	228.913985	5.386553	0.000853	3.1
887	-0.954879	229.888916	5.365621	0.001775	2.9
888	-0.945587	230.064191	5.361876	0.001598	2.6
889	-0.949165	231.064191	5.340604	0.001563	2.6
890	-0.940605	232.064190	5.319500	0.001172	2.6
891	-0.945983	233.063239	5.298582	0.001125	2.7
892	-0.947040	234.060394	5.277867	0.001060	2.7
893	-0.950361	235.045703	5.257557	0.001030	2.6
894	-0.948285	235.979510	5.238453	0.001902	2.7
895	-0.944380	235.598791	5.246225	0.001119	3.1
896	-0.947622	236.598775	5.225859	0.001389	2.8
897	-0.949805	236.228329	5.233385	0.001134	3.2
898	-0.941854	237.199017	5.213711	0.001435	4.2
899	-0.951033	237.639766	5.204826	0.001167	2.2
900	-0.945252	238.571916	5.186135	0.000885	2.2
901	-0.947081	238.206192	5.193452	0.000744	2.2
902	-0.943593	238.196687	5.193643	0.001459	2.3
903	-0.947691	237.992003	5.197747	0.000833	2.4
904	-0.950855	238.782375	5.181933	0.000859	3.6
905	-0.949171	238.617137	5.185232	0.001471	2.9
906	-0.951452	238.247821	5.192618	0.000970	2.7
907	-0.942823	238.754304	5.182493	0.001014	2.8
908	-0.948976	239.368800	5.170262	0.001618	2.9
909	-0.949101	238.989437	5.177806	0.001559	2.3
910	-0.946410	238.644128	5.184692	0.000881	2.3
911	-0.948302	239.642446	5.164834	0.000939	4.5
912	-0.947486	240.188890	5.154028	0.001587	2.7
913	-0.945422	239.824117	5.161237	0.001188	2.3
914	-0.948670	239.443507	5.168779	0.000591	2.3
915	-0.943573	240.367511	5.150506	0.001229	3.7
916	-0.945897	241.209795	5.133961	0.001022	3.2
917	-0.950065	241.957764	5.119358	0.001102	2.6
918	-0.948170	242.951021	5.100094	0.000844	2.8
919	-0.946091	242.691652	5.105110	0.001354	2.9
920	-0.950759	243.373652	5.091941	0.001091	2.3
921	-0.947563	243.643249	5.086753	0.000888	2.3
922	-0.944626	243.380826	5.091803	0.001063	2.3
923	-0.950579	243.955961	5.080750	0.000984	3.0
924	-0.947864	244.470561	5.070901	0.000690	2.7
925	-0.944877	245.429763	5.052645	0.000777	4.0
926	-0.951637	245.771769	5.046167	0.000822	2.8
927	-0.947315	245.540046	5.050554	0.001058	2.8
928	-0.948689	245.162093	5.057726	0.000845	3.2
929	-0.949941	245.018558	5.060455	0.001207	2.9
930	-0.942137	244.869203	5.063298	0.000823	3.2
931	-0.950868	244.558706	5.069218	0.001677	3.9
932	-0.944415	244.183228	5.076396	0.000936	2.9
933	-0.943719	243.807982	5.083589	0.001174	2.8
934	-0.948449	244.759571	5.065387	0.000879	2.6
935	-0.949674	244.450917	5.071276	0.001448	2.8
936	-0.946077	244.071433	5.078537	0.001603	2.8
937	-0.955064	245.018124	5.060463	0.001301	4.7
938	-0.944001	244.645046	5.067570	0.001839	3.5
939	-0.949527	245.498954	5.051333	0.000640	2.7
940	-0.943047	245.336516	5.054414	0.000971	3.0
941	-0.952090	245.530593	5.050733	0.000745	3.3
942	-0.946342	245.294025	5.055220	0.000702	2.9
943	-0.949660	245.302541	5.055059	0.000718	3.1
944	-0.949300	245.784444	5.045927	0.001441	2.8
945	-0.943426	245.409466	5.053030	0.001304	2.7
946	-0.949075	245.031372	5.060211	0.001441	2.5
947	-0.944473	246.029406	5.041299	0.000989	3.0
948	-0.944617	245.853098	5.044629	0.001737	2.8
949	-0.949636	246.852285	5.025811	0.000781	4.3
950	-0.944077	247.849674	5.007166	0.000799	4.2
951	-0.951419	247.535576	5.013023	0.000705	3.1
952	-0.939879	248.037341	5.003673	0.000623	2.7
953	-0.948748	248.545671	4.994237	0.001395	4.7
954	-0.945520	248.238352	4.999938	0.000895	2.8
955	-0.947673	247.858319	5.007005	0.001173	2.9
956	-0.949584	248.317511	4.998468	0.001081	2.8
957	-0.949236	249.312343	4.980072	0.001789	3.0
958	-0.951640	250.312326	4.961717	0.001192	2.9
959	-0.949181	250.498314	4.958318	0.001434	2.8
960	-0.947148	251.495318	4.940176	0.000970	2.9
961	-0.948938	251.173596	4.946016	0.001159	5.4
962	-0.948388	250.793018	4.952942	0.001271	2.3
963	-0.943290	250.868829	4.951561	0.001200	2.7
964	-0.942553	250.506687	4.958165	0.001616	3.3
965	-0.949381	251.440522	4.941170	0.000822	2.2
966	-0.947566	251.059930	4.948082	0.000833	2.4
967	-0.956779	251.457577	4.940861	0.001103	3.7
968	-0.937790	252.222934	4.927020	0.002065	2.6
969	-0.951599	253.222798	4.909056	0.000543	3.1
970	-0.946619	252.869081	4.915396	0.000765	2.8
971	-0.949908	252.900844	4.914826	0.001287	2.8
972	-0.946159	252.649363	4.919343	0.001245	2.3
973	-0.945473	253.597800	4.902352	0.001285	2.7
974	-0.948263	254.593694	4.884636	0.001451	3.9
975	-0.952047	254.213072	4.891392	0.001013	2.5
976	-0.947604	254.815828	4.880702	0.001317	2.3
977	-0.950769	254.498174	4.886330	0.000940	2.5
978	-0.950304	254.449645	4.887191	0.001041	3.5
979	-0.947909	254.357603	4.888824	0.001494	2.8
980	-0.945578	253.977662	4.895579	0.001079	2.6
981	-0.946587	254.416419	4.887780	0.001143	2.5
982	-0.942600	255.385040	4.870651	0.001082	2.8
983	-0.955152	256.255474	4.855359	0.000974	2.2
984	-0.952321	255.891368	4.861744	0.000776	2.4
985	-0.946888	255.723035	4.864701	0.001017	2.3
986	-0.949982	255.456660	4.869389	0.000879	2.3
987	-0.950574	255.227632	4.873426	0.001156	2.7
988	-0.947822	254.860275	4.879916	0.000989	3.8
989	-0.949803	255.579246	4.867231	0.001158	4.0
990	-0.950568	255.267550	4.872722	0.001079	2.8
991	-0.948691	256.255725	4.855355	0.000783	3.0
992	-0.948037	255.923991	4.861171	0.001541	2.5
993	-0.948959	256.160149	4.857029	0.000578	3.2
994	-0.947174	256.173341	4.856798	0.000921	2.3
995	-0.946837	256.045816	4.859034	0.001348	2.5
996	-0.941047	256.104094	4.858012	0.001250	2.3
997	-0.946138	255.946634	4.860774	0.001393	2.9
998	-0.950924	255.576016	4.867287	0.001130	2.5
999	-0.949953	255.195534	4.873992	0.001294	2.2
