1:ItNr	2:Metric	3a:Time	3b:StepSize	4:||Gradient||	Time[ms]
0	-0.133328	0.000000	756.261408	0.004323	4851.0
1	-0.147806	0.000000	756.261408	0.004723	26.0
2	-0.142903	0.999900	721.889158	0.004493	28.3
3	-0.148884	1.955473	691.838921	0.004891	22.8
4	-0.156241	1.065285	719.750036	0.004570	22.3
5	-0.158133	1.878249	694.174168	0.004721	26.5
6	-0.148880	2.115405	687.052202	0.004539	21.7
7	-0.148484	3.115404	658.562025	0.004599	26.3
8	-0.163061	2.225182	683.804740	0.004689	22.5
9	-0.154253	1.334960	711.059692	0.004647	28.2
10	-0.149123	2.333773	680.622438	0.004913	25.1
11	-0.157300	3.333756	652.652629	0.004596	27.7
12	-0.166020	4.333756	626.890455	0.004822	25.4
13	-0.151136	3.798487	640.421718	0.004084	25.6
14	-0.161349	4.578114	620.901510	0.004372	24.8
15	-0.150106	3.690329	643.227139	0.004730	26.3
16	-0.156858	2.800107	667.286490	0.005067	23.2
17	-0.161469	3.800107	640.379892	0.004579	31.3
18	-0.165294	4.800107	615.559069	0.004893	30.3
19	-0.150501	3.909884	637.557744	0.004679	32.0
20	-0.150122	3.367563	651.747150	0.004289	33.7
21	-0.158614	2.483005	676.297151	0.004599	30.1
22	-0.167834	3.481791	648.706207	0.004357	28.9
23	-0.160523	4.481791	623.248569	0.004468	28.6
24	-0.153162	5.481732	599.714914	0.004928	32.6
25	-0.152207	4.591510	620.576506	0.004850	27.7
26	-0.170503	3.701295	642.941566	0.004531	34.9
27	-0.145560	4.454578	623.914859	0.004110	36.3
28	-0.159756	3.564356	646.525783	0.004375	26.9
29	-0.172152	2.675010	670.812372	0.005338	33.3
30	-0.150828	3.675010	643.626473	0.004901	33.2
31	-0.169561	2.784797	667.716007	0.004734	30.3
32	-0.169719	3.784796	640.775486	0.004501	33.8
33	-0.144650	2.894574	664.648368	0.004424	30.8
34	-0.157098	2.004352	690.368929	0.004166	34.6
35	-0.171089	1.114129	718.160295	0.004935	29.4
36	-0.163425	1.966611	691.503392	0.004864	33.4
37	-0.159972	2.911264	664.184450	0.005046	31.7
38	-0.164017	3.571344	646.341907	0.004605	28.2
39	-0.163046	3.013593	661.354162	0.005485	33.3
40	-0.164926	2.123370	686.815514	0.004171	30.5
41	-0.168077	3.123370	658.344556	0.004347	32.9
42	-0.159049	2.237358	683.446436	0.004827	26.3
43	-0.172438	1.347530	710.659739	0.004696	33.0
44	-0.158612	2.347395	680.225339	0.004592	31.1
45	-0.162354	3.347393	652.287080	0.004982	30.2
46	-0.151640	4.347393	626.553187	0.004551	29.3
47	-0.153427	4.403683	625.164850	0.004391	34.5
48	-0.167220	5.403682	601.487680	0.004458	28.4
49	-0.154837	4.513460	622.474946	0.004404	32.0
50	-0.165237	4.843827	614.517725	0.004450	27.9
51	-0.161985	4.822602	615.022821	0.004576	33.6
52	-0.169084	5.822059	592.105525	0.004699	31.5
53	-0.155283	6.821172	570.841862	0.004600	31.8
54	-0.161528	7.821163	551.035689	0.004133	30.2
55	-0.165237	8.820901	532.562368	0.004525	30.0
56	-0.165313	7.930679	548.949765	0.005080	34.3
57	-0.161821	7.040457	566.377703	0.005048	32.7
58	-0.182750	6.150235	584.948522	0.004934	33.4
59	-0.158874	5.276485	604.399315	0.004024	38.3
60	-0.173791	6.276217	582.246791	0.004958	29.7
61	-0.168322	7.276215	561.655424	0.004473	27.8
62	-0.174744	6.461162	578.325473	0.004670	34.7
63	-0.166944	5.571283	597.693737	0.004904	30.7
64	-0.158338	6.568435	576.075126	0.004545	28.7
65	-0.158279	6.103727	585.952236	0.004472	23.9
66	-0.167384	5.213508	605.851363	0.004786	28.3
67	-0.162792	4.323424	627.146217	0.004549	23.1
68	-0.160185	3.433202	649.996255	0.005117	28.0
69	-0.167856	2.542996	674.573842	0.004682	23.4
70	-0.172939	3.542996	647.088452	0.004507	26.4
71	-0.166553	2.652774	671.442999	0.004609	31.2
72	-0.166815	3.652747	644.207699	0.004616	39.5
73	-0.175681	4.512292	622.503435	0.004715	41.4
74	-0.171422	3.622070	645.010335	0.005130	32.8
75	-0.166856	2.731848	669.205780	0.005094	33.3
76	-0.160617	3.694724	643.112646	0.004499	40.9
77	-0.164190	4.339803	626.740852	0.004497	29.7
78	-0.181755	3.552526	646.837287	0.004436	24.1
79	-0.181267	4.552424	621.525747	0.004855	23.9
80	-0.161249	5.552424	598.118252	0.004411	27.1
81	-0.161034	6.483992	577.845083	0.004408	24.7
82	-0.173228	5.611487	596.790762	0.004495	34.3
83	-0.171921	6.390388	579.819802	0.004814	30.8
84	-0.151676	7.390042	559.403520	0.004376	32.4
85	-0.164736	8.390042	540.369743	0.004619	30.3
86	-0.145631	9.272874	524.611235	0.004844	29.6
87	-0.182133	8.383859	540.483462	0.004365	30.0
88	-0.163667	9.383856	522.694999	0.004722	29.7
89	-0.163068	8.493634	538.471786	0.004825	31.1
90	-0.178276	7.603430	555.230241	0.004939	33.1
91	-0.177077	8.603429	536.474664	0.004888	26.8
92	-0.164970	7.954733	548.493729	0.004941	36.9
93	-0.168230	8.954469	530.187660	0.004483	30.3
94	-0.160792	9.939609	513.306091	0.004660	32.0
95	-0.156441	10.691560	501.126783	0.004650	32.5
96	-0.172905	10.054983	511.399083	0.004460	28.2
97	-0.178909	9.164762	526.491455	0.004976	32.6
98	-0.169661	9.254518	524.929518	0.005121	31.2
99	-0.171329	10.251775	508.178809	0.004505	29.9
100	-0.190173	9.361622	523.077768	0.005049	25.7
101	-0.173982	9.981959	512.604426	0.004430	31.1
102	-0.173401	9.091742	527.769041	0.004543	29.0
103	-0.167109	10.091734	510.794589	0.004686	32.4
104	-0.174567	11.051040	495.506223	0.004284	32.7
105	-0.171572	12.048402	480.552414	0.004645	31.0
106	-0.168159	13.022378	466.795395	0.004663	33.6
107	-0.167637	12.132156	479.337643	0.004534	31.8
108	-0.181021	12.766968	470.326192	0.004905	32.8
109	-0.160141	13.760809	456.879174	0.005090	34.5
110	-0.174957	14.760809	444.103199	0.005747	26.7
111	-0.170625	15.755565	432.083950	0.004791	30.6
112	-0.165359	16.740699	420.805390	0.004851	29.9
113	-0.160160	15.850477	430.971076	0.004619	34.2
114	-0.164269	16.850476	419.584933	0.004360	28.8
115	-0.169202	15.960254	429.691029	0.004875	34.0
116	-0.193056	15.073524	440.253338	0.005139	33.4
117	-0.178146	16.073524	428.378197	0.004804	32.5
118	-0.170393	17.058788	417.288369	0.004898	32.7
119	-0.173547	16.386353	424.793765	0.004653	33.1
120	-0.180310	17.386235	413.728769	0.004766	31.4
121	-0.177057	16.496286	423.548338	0.004518	33.0
122	-0.179700	17.496109	412.547917	0.004780	36.4
123	-0.180114	16.606068	422.311887	0.004925	31.8
124	-0.169395	15.844233	431.044109	0.004481	33.5
125	-0.176642	14.954011	441.716774	0.004858	34.6
126	-0.178888	14.242085	450.639901	0.005142	31.0
127	-0.159891	13.351862	462.318153	0.004352	32.6
128	-0.181175	14.350667	449.255727	0.004921	28.5
129	-0.170429	15.350513	436.898637	0.004151	33.3
130	-0.165277	14.551317	446.720147	0.004772	35.6
131	-0.180694	13.661095	458.193537	0.004778	30.4
132	-0.173995	14.661095	445.344982	0.004375	27.4
133	-0.180848	13.770872	456.746941	0.004606	30.8
134	-0.177274	13.386515	461.852260	0.004964	30.0
135	-0.181989	13.776075	456.678614	0.004403	33.2
136	-0.184618	14.772729	443.955211	0.004667	32.6
137	-0.172002	15.772234	431.888081	0.004626	34.6
138	-0.180780	15.144764	439.385616	0.004698	41.5
139	-0.173087	16.140948	427.600548	0.004696	28.2
140	-0.150336	17.140948	416.389485	0.004100	31.8
141	-0.170264	16.299497	425.782946	0.004219	29.7
142	-0.177515	15.409295	436.193278	0.005209	31.9
143	-0.170696	14.574669	446.426912	0.004606	29.8
144	-0.183540	13.969217	454.156282	0.004960	28.9
145	-0.170492	14.969154	441.530801	0.004515	31.0
146	-0.169477	14.126747	452.119568	0.004358	32.4
147	-0.184132	15.126647	439.605968	0.005086	32.4
148	-0.181216	14.742689	444.328333	0.004476	32.1
149	-0.168948	15.742689	432.235364	0.003983	32.0
150	-0.183667	16.742689	420.783208	0.004816	31.0
151	-0.178403	15.853908	430.930944	0.004397	28.8
152	-0.177740	16.853908	419.546891	0.004612	27.4
153	-0.196162	17.853895	408.748974	0.004539	28.3
154	-0.175012	18.853894	398.492791	0.004591	32.8
155	-0.162395	19.853630	388.741207	0.004845	45.4
156	-0.182062	20.829238	379.674372	0.004536	54.6
157	-0.171605	21.829237	370.809540	0.004748	28.1
158	-0.182998	21.761206	371.399479	0.005199	28.0
159	-0.173266	20.870984	379.295833	0.004600	33.0
160	-0.172887	21.870982	370.448471	0.005056	28.7
161	-0.162514	20.980760	378.304007	0.004283	32.1
162	-0.173569	21.978439	369.522255	0.004610	24.8
163	-0.169131	22.974657	361.150958	0.004547	23.9
164	-0.182729	23.974657	353.120860	0.004612	25.3
165	-0.180892	23.084435	360.251632	0.004622	26.2
166	-0.181927	23.774002	354.703371	0.004882	24.3
167	-0.177953	24.774002	346.954357	0.004555	28.1
168	-0.180787	25.709301	340.007005	0.005480	25.1
169	-0.174902	26.683200	333.062580	0.004825	27.4
170	-0.167315	25.792978	339.398995	0.004606	23.3
171	-0.184243	24.902765	345.981108	0.004996	32.0
172	-0.172131	25.680122	340.219540	0.004320	26.0
173	-0.172196	24.790229	346.831408	0.004615	24.5
174	-0.180791	25.535379	341.277751	0.004746	28.2
175	-0.177822	24.645732	347.929341	0.005104	25.0
176	-0.177320	25.128201	344.290241	0.004772	25.5
177	-0.180565	24.238000	351.065246	0.004822	27.5
178	-0.161022	23.424360	357.495065	0.004390	22.0
179	-0.175212	22.534241	364.804557	0.005444	23.8
180	-0.174913	23.534241	356.613007	0.005087	27.5
181	-0.180893	22.664802	363.713769	0.005068	32.0
182	-0.170426	21.774579	371.283361	0.004223	30.8
183	-0.174684	22.624837	364.046970	0.004728	31.1
184	-0.168642	21.898140	370.213944	0.005251	28.4
185	-0.189573	21.007918	378.059435	0.004853	30.2
186	-0.179609	22.007866	369.269418	0.004905	34.4
187	-0.175931	23.007866	360.878431	0.004637	29.6
188	-0.177348	22.117710	368.328690	0.004539	36.0
189	-0.179593	23.070641	360.364385	0.004978	32.3
190	-0.170010	22.180419	367.793781	0.004073	30.9
191	-0.187623	23.180417	359.468985	0.004793	59.8
192	-0.173712	22.310875	366.685956	0.005124	61.7
193	-0.183839	22.704392	363.384291	0.004757	58.4
194	-0.187630	23.704392	355.255687	0.005124	51.5
195	-0.163039	22.820601	362.420628	0.004504	61.6
196	-0.170597	21.930383	369.935892	0.004649	32.5
197	-0.179616	22.930381	361.514950	0.004491	29.8
198	-0.181025	23.532171	356.629585	0.004949	31.6
199	-0.194937	22.641948	363.904229	0.005197	31.6
200	-0.183695	23.641948	355.752608	0.004269	37.1
201	-0.175581	22.751796	362.990573	0.004818	29.7
202	-0.178077	23.751796	354.879378	0.004764	32.6
203	-0.169534	24.673243	347.719767	0.004438	32.7
204	-0.178588	25.673243	340.269679	0.004870	30.4
205	-0.178675	24.954425	345.592176	0.004597	35.0
206	-0.194573	25.954382	338.232323	0.004612	31.4
207	-0.197845	25.064159	344.768901	0.004562	32.8
208	-0.180642	26.064138	337.443544	0.004651	34.9
209	-0.180914	27.064138	330.422851	0.004658	24.2
210	-0.172771	28.060474	323.712518	0.004687	33.1
211	-0.182181	27.221096	329.347335	0.004306	27.2
212	-0.182486	28.221096	322.656153	0.005049	34.0
213	-0.167280	28.350499	321.810110	0.004610	33.6
214	-0.178449	29.350499	315.418711	0.005177	27.1
215	-0.189212	29.313659	315.649667	0.004854	35.4
216	-0.177903	30.313659	309.498290	0.005028	33.2
217	-0.179898	31.313658	303.582086	0.004787	39.4
218	-0.184741	32.313658	297.887822	0.004354	35.0
219	-0.198239	31.423795	302.944297	0.004753	24.3
220	-0.177051	30.541452	308.130429	0.004336	37.6
221	-0.172524	31.445831	302.817005	0.004640	29.3
222	-0.179264	30.563888	307.996352	0.004835	35.0
223	-0.181444	29.682604	313.351885	0.005123	25.3
224	-0.182111	30.682598	307.288914	0.004693	23.8
225	-0.184972	30.457694	308.631970	0.005106	24.3
226	-0.187201	29.584632	313.958786	0.005189	25.9
227	-0.179591	28.694420	319.582954	0.004476	24.3
228	-0.171608	27.804198	325.412368	0.004917	25.8
229	-0.187538	26.914023	331.458068	0.004871	24.5
230	-0.183698	27.913916	324.682439	0.004995	24.1
231	-0.167066	28.913916	318.177593	0.004537	23.1
232	-0.188075	29.906709	311.972427	0.004651	26.2
233	-0.173971	29.016501	317.525000	0.004508	32.3
234	-0.177019	29.981448	311.515077	0.004864	26.2
235	-0.172024	29.121298	316.861096	0.004764	22.9
236	-0.168784	28.231078	322.590736	0.004915	28.3
237	-0.182325	27.340915	328.531008	0.004637	22.6
238	-0.189882	26.451620	334.688037	0.004452	28.8
239	-0.173081	25.603844	340.776384	0.004424	22.7
240	-0.180675	26.603842	333.617810	0.004554	26.3
241	-0.188043	27.603674	326.754916	0.004596	23.4
242	-0.190886	27.099815	330.177769	0.004574	26.8
243	-0.196817	28.091305	323.509215	0.005303	28.9
244	-0.163487	29.091253	317.051152	0.004921	32.6
245	-0.182351	28.201033	322.787729	0.004793	32.8
246	-0.184236	27.310838	328.735541	0.004791	29.1
247	-0.185541	28.306947	322.094364	0.004503	30.8
248	-0.187513	29.306945	315.691790	0.004997	32.1
249	-0.187402	28.416917	321.377586	0.005013	32.7
250	-0.173418	27.526696	327.273254	0.004887	35.4
251	-0.173738	26.636500	333.389092	0.004726	31.0
252	-0.178673	27.510595	327.381879	0.004985	33.1
253	-0.182296	28.510559	320.769748	0.004558	32.3
254	-0.194192	29.510559	314.419200	0.004566	31.3
255	-0.176227	30.502491	308.363523	0.004965	33.3
256	-0.190346	29.618178	313.750713	0.004925	30.4
257	-0.175493	30.603121	307.762191	0.004676	31.8
258	-0.173965	31.603120	301.911549	0.005006	31.7
259	-0.176561	31.686087	301.436116	0.004767	31.1
260	-0.175260	32.686087	295.821326	0.004220	30.2
261	-0.165148	33.653362	290.585777	0.004357	31.6
262	-0.173039	34.592829	285.675148	0.004308	33.2
263	-0.185387	35.592827	280.627253	0.004905	30.9
264	-0.187652	34.729632	284.973882	0.005031	32.3
265	-0.181592	35.729632	279.950513	0.005019	30.2
266	-0.191310	34.839519	284.413079	0.005047	45.2
267	-0.183145	35.839504	279.409363	0.005101	32.2
268	-0.176503	36.839395	274.579112	0.004975	40.3
269	-0.187835	35.958239	278.826904	0.004691	27.9
270	-0.170070	36.958116	274.016662	0.004282	30.5
271	-0.176883	36.081338	278.225601	0.005195	32.6
272	-0.186362	35.191178	282.633150	0.004657	30.8
273	-0.169576	34.307241	287.150276	0.004352	31.9
274	-0.195628	34.576864	285.757210	0.004661	31.4
275	-0.187944	33.687878	290.402374	0.005173	30.9
276	-0.185987	34.687234	285.190847	0.004694	31.3
277	-0.184835	35.687234	280.159894	0.004944	30.5
278	-0.182586	35.234993	282.412938	0.004951	32.8
279	-0.183653	36.234993	277.478668	0.004531	29.6
280	-0.185619	36.883580	274.369509	0.004817	30.7
281	-0.191603	37.838138	269.918288	0.004651	33.7
282	-0.203006	37.165916	273.037728	0.005381	28.9
283	-0.174249	38.165916	268.422947	0.004576	24.8
284	-0.185346	37.819012	270.006056	0.004448	34.0
285	-0.187744	38.018811	269.091996	0.004882	34.1
286	-0.196519	37.178706	272.977703	0.004857	31.8
287	-0.182179	38.178687	268.365019	0.004890	28.6
288	-0.181663	37.288465	272.463678	0.004872	34.2
289	-0.186074	36.398245	276.689465	0.004761	30.3
290	-0.210735	37.223771	272.766421	0.004922	27.2
291	-0.191231	38.223771	268.160729	0.004639	25.3
292	-0.196397	37.333553	272.253084	0.004741	25.1
293	-0.183306	36.500699	276.196463	0.004556	26.4
294	-0.180558	37.500697	271.475218	0.005166	24.4
295	-0.197211	36.733043	275.084919	0.005525	24.8
296	-0.168924	35.879876	279.211043	0.004450	26.4
297	-0.183028	36.879876	274.387069	0.004986	23.2
298	-0.188651	35.995773	278.643289	0.005023	25.7
299	-0.188767	36.995773	273.838744	0.004841	30.8
300	-0.187931	36.105550	278.107635	0.004711	26.5
301	-0.191126	37.105550	273.321386	0.004639	24.0
302	-0.193464	36.234815	277.479532	0.004549	23.3
303	-0.177846	37.214223	272.811157	0.004262	23.9
304	-0.185993	38.214207	268.204042	0.004476	25.1
305	-0.191668	39.188485	263.862588	0.004401	25.1
306	-0.183222	40.188256	259.551270	0.005092	24.0
307	-0.184017	41.174399	255.434548	0.004423	24.6
308	-0.179738	40.284181	259.145008	0.004427	22.8
309	-0.179801	39.608731	262.033031	0.004349	27.6
310	-0.174203	38.719151	265.936292	0.004357	26.8
311	-0.184893	39.719150	261.556521	0.004470	24.4
312	-0.189161	40.669088	257.527557	0.004601	26.6
313	-0.177171	40.287289	259.131866	0.004413	24.7
314	-0.186274	41.271569	255.035962	0.005241	26.9
315	-0.202945	40.381347	258.734784	0.004655	23.9
316	-0.181251	40.420303	258.570683	0.005044	24.1
317	-0.180323	41.420197	254.428699	0.005026	26.3
318	-0.201808	42.419896	250.418096	0.004990	25.5
319	-0.179241	41.663955	253.438992	0.004564	29.6
320	-0.194098	40.899184	256.570259	0.004797	22.5
321	-0.180722	40.009285	260.312667	0.004460	27.1
322	-0.191724	39.120080	264.162814	0.004537	23.7
323	-0.185474	40.119904	259.841535	0.005178	24.0
324	-0.191781	39.230848	263.677006	0.005168	25.6
325	-0.193374	40.230848	259.370729	0.004247	27.0
326	-0.173263	39.351584	263.149506	0.004605	23.3
327	-0.181840	40.304784	259.057916	0.004707	28.9
328	-0.182347	41.303594	254.904870	0.005156	26.1
329	-0.176286	42.303506	250.878514	0.004988	25.4
330	-0.178700	41.413343	254.456642	0.004636	24.0
331	-0.176015	42.413343	250.443975	0.004859	26.3
332	-0.182731	43.408302	246.575195	0.004229	33.6
333	-0.187642	44.399515	242.838031	0.004807	25.6
334	-0.196084	43.509320	246.189069	0.005021	26.3
335	-0.184082	42.619098	249.633994	0.004781	25.2
336	-0.201971	43.619017	245.771142	0.004975	25.9
337	-0.185539	43.068994	247.881052	0.004993	27.1
338	-0.181086	42.192266	251.320145	0.004178	28.3
339	-0.194056	41.316282	254.852970	0.004780	23.2
340	-0.174029	42.315876	250.829503	0.004573	27.0
341	-0.179727	43.315874	246.929546	0.004396	23.2
342	-0.199856	44.250361	243.393130	0.004961	26.9
343	-0.179756	43.360748	246.757381	0.005044	23.0
344	-0.179537	44.360746	242.982075	0.004274	25.1
345	-0.182900	45.329474	239.433370	0.004647	30.9
346	-0.194772	45.098753	240.269125	0.004853	26.0
347	-0.175274	46.098753	236.688297	0.004193	28.9
348	-0.176777	45.223608	239.816134	0.004929	26.9
349	-0.198739	44.333680	243.082736	0.004899	23.5
350	-0.185678	45.333667	239.418235	0.004975	29.6
351	-0.183800	44.443445	242.675023	0.004555	27.1
352	-0.180476	45.437977	239.042341	0.005040	33.5
353	-0.199418	46.437977	235.497716	0.004560	29.3
354	-0.175090	45.547975	238.647225	0.004817	32.1
355	-0.172472	44.657758	241.882912	0.004902	34.1
356	-0.181742	43.773689	245.184268	0.004284	32.8
357	-0.170751	42.883468	248.600929	0.004168	33.4
358	-0.188304	43.771874	245.191140	0.004624	31.5
359	-0.205260	42.883709	248.599994	0.005083	34.8
360	-0.189046	43.883706	244.768532	0.004741	40.1
361	-0.192929	44.883677	241.053479	0.004159	33.6
362	-0.188035	43.993477	244.355129	0.005314	31.1
363	-0.188830	44.916149	240.934732	0.005051	28.9
364	-0.180428	45.916149	237.334185	0.004708	31.0
365	-0.181718	45.025926	240.534143	0.004932	32.1
366	-0.193085	44.136268	243.819458	0.004480	34.2
367	-0.183071	43.246054	247.197899	0.004695	30.6
368	-0.185484	42.750482	249.119523	0.004410	32.7
369	-0.184129	43.746277	245.288072	0.005270	25.2
370	-0.173668	42.856149	248.707287	0.004978	35.0
371	-0.199581	42.296208	250.907440	0.005005	31.3
372	-0.192906	43.296208	247.005075	0.004704	34.1
373	-0.183729	44.216309	243.520214	0.004709	32.8
374	-0.171728	45.216309	239.842567	0.004764	31.6
375	-0.195382	44.355356	243.002111	0.005070	29.5
376	-0.188359	43.465134	246.357815	0.004985	32.9
377	-0.180173	42.574912	249.807497	0.004916	29.2
378	-0.191160	43.574912	245.939006	0.004350	32.1
379	-0.194505	42.684752	249.376643	0.004297	30.2
380	-0.192934	41.804761	252.870792	0.004815	34.1
381	-0.173222	42.804637	248.908079	0.004486	32.7
382	-0.175649	41.983888	252.151622	0.004480	29.9
383	-0.197315	42.982021	248.218003	0.004820	31.4
384	-0.177549	43.981705	244.399399	0.005178	27.2
385	-0.173490	43.520272	246.147283	0.004648	35.6
386	-0.189642	42.630325	249.589950	0.004461	36.6
387	-0.175528	41.740129	253.131286	0.004777	28.0
388	-0.189004	40.911590	256.518844	0.004551	34.0
389	-0.208500	40.021368	260.261119	0.004920	30.5
390	-0.196059	39.131146	264.114201	0.004868	33.1
391	-0.186061	38.241032	268.082595	0.004635	32.3
392	-0.180186	37.351119	272.171124	0.004782	23.2
393	-0.183536	36.787502	274.825683	0.004538	27.6
394	-0.193688	35.897279	279.125641	0.004943	25.1
395	-0.199134	36.897279	274.304592	0.004716	24.7
396	-0.186495	36.007057	278.588133	0.004446	24.5
397	-0.189588	35.417062	281.501535	0.004846	21.9
398	-0.177656	36.416874	276.599690	0.004405	26.0
399	-0.166520	35.528519	280.946498	0.004449	27.4
400	-0.171361	36.528343	276.063740	0.004323	26.7
401	-0.200138	37.211381	272.824477	0.004686	24.9
402	-0.172493	36.337901	276.980657	0.004604	23.7
403	-0.187507	35.488839	281.143848	0.004706	22.6
404	-0.182373	36.488839	276.253441	0.005084	32.8
405	-0.169150	37.483465	271.555211	0.004093	24.0
406	-0.183904	37.080804	273.437841	0.004427	24.1
407	-0.198289	38.080799	268.809663	0.004700	24.2
408	-0.191150	39.080793	264.335551	0.004582	25.3
409	-0.188473	38.437413	267.196849	0.004848	26.7
410	-0.186558	39.437335	262.776140	0.004599	24.6
411	-0.182388	40.323894	258.977186	0.005021	27.6
412	-0.185953	39.433824	262.791404	0.004815	31.6
413	-0.180495	40.433746	258.514098	0.004560	31.2
414	-0.177471	41.433746	254.373484	0.004318	29.1
415	-0.177419	40.545737	258.043697	0.004927	34.9
416	-0.191613	39.655516	261.830919	0.004473	30.1
417	-0.206593	40.653041	257.594585	0.004764	32.4
418	-0.189477	41.608346	253.664097	0.004550	32.8
419	-0.190985	42.566326	249.841239	0.004968	24.6
420	-0.186296	43.550236	246.033023	0.004794	31.0
421	-0.179721	44.550234	242.279676	0.004268	31.5
422	-0.185670	45.550234	238.639123	0.004474	34.9
423	-0.181622	46.550234	235.106358	0.004564	28.9
424	-0.188760	45.660023	238.246085	0.004547	32.9
425	-0.175130	46.471857	235.379464	0.004639	31.7
426	-0.177031	45.581637	238.526571	0.004557	31.6
427	-0.188006	44.705716	241.706361	0.004634	26.3
428	-0.195197	45.520409	238.746122	0.004945	31.9
429	-0.198702	44.642930	241.937547	0.004726	34.6
430	-0.188839	43.752708	245.263713	0.004522	34.1
431	-0.193197	44.752707	241.533623	0.004860	31.7
432	-0.198284	45.752706	237.915292	0.005194	29.8
433	-0.174410	44.862484	241.131045	0.004485	28.9
434	-0.187592	45.862484	237.524672	0.004866	32.6
435	-0.191579	46.862476	234.024612	0.004575	33.0
436	-0.181798	45.972254	237.135362	0.005096	30.5
437	-0.198729	46.972254	233.646653	0.005014	32.0
438	-0.188627	47.972254	230.259108	0.004690	28.4
439	-0.192180	47.082031	233.269914	0.005129	25.4
440	-0.200221	48.069877	229.933660	0.004452	29.0
441	-0.179675	49.069877	226.652169	0.004615	28.7
442	-0.185306	50.069870	223.463044	0.004806	28.5
443	-0.188848	49.195019	226.248100	0.004885	32.8
444	-0.180131	49.905600	223.980752	0.005786	29.7
445	-0.184406	49.015377	226.828593	0.005018	33.8
446	-0.194553	48.125155	229.749786	0.004669	34.4
447	-0.188825	47.234933	232.747200	0.004683	27.3
448	-0.187552	47.547124	231.687175	0.004876	35.6
449	-0.177785	46.656908	234.735669	0.004325	30.8
450	-0.189411	47.629964	231.407516	0.004917	34.1
451	-0.191038	48.629964	228.084127	0.005250	29.1
452	-0.171332	49.629964	224.854844	0.004250	32.0
453	-0.170196	50.611279	221.773578	0.004495	36.4
454	-0.176771	51.572494	218.836212	0.004619	32.3
455	-0.189039	52.572494	215.861782	0.004239	31.7
456	-0.178056	51.697414	218.460171	0.004329	29.9
457	-0.172984	50.807269	221.168272	0.004927	28.1
458	-0.194093	49.917166	223.944221	0.005117	34.2
459	-0.190117	50.916745	220.831596	0.004840	26.2
460	-0.196351	51.916724	217.803113	0.004662	30.1
461	-0.186480	51.287075	219.700264	0.005092	22.6
462	-0.188492	50.396903	222.439473	0.004815	24.9
463	-0.185599	49.506681	225.248010	0.004496	23.6
464	-0.201844	49.480020	225.333215	0.005010	26.6
465	-0.193863	50.459718	222.243945	0.004467	22.5
466	-0.196015	51.459718	219.176807	0.004617	26.3
467	-0.190562	50.570259	221.900688	0.004287	24.1
468	-0.169921	49.798543	224.319440	0.004801	33.3
469	-0.205208	50.798441	221.195465	0.004916	25.3
470	-0.182580	51.798441	218.157000	0.004858	36.6
471	-0.202249	50.908280	220.857593	0.004345	32.2
472	-0.195641	50.041423	223.552527	0.004405	32.0
473	-0.176926	49.154245	226.379593	0.004553	40.7
474	-0.198448	48.264063	229.289028	0.004814	34.0
475	-0.197744	49.263797	226.026636	0.005163	32.6
476	-0.191108	50.263797	222.854946	0.005252	33.9
477	-0.180049	51.263797	219.771038	0.004809	23.5
478	-0.180997	52.263797	216.771315	0.005450	33.2
479	-0.188126	53.220301	213.977702	0.004602	29.6
480	-0.190601	54.184108	211.234662	0.005040	35.6
481	-0.191144	53.293913	213.765691	0.005069	29.7
482	-0.177285	54.031498	211.664302	0.004646	31.1
483	-0.192602	55.031458	208.880508	0.004469	35.3
484	-0.181223	54.141247	211.355151	0.004493	30.4
485	-0.173396	53.251501	213.887791	0.004460	33.6
486	-0.195376	54.250346	211.048724	0.004823	36.1
487	-0.202399	55.187394	208.452982	0.005217	28.5
488	-0.180626	55.830234	206.708853	0.004189	33.8
489	-0.188616	56.830094	204.053327	0.004615	30.3
490	-0.185878	55.940636	206.412248	0.004908	31.9
491	-0.191224	56.935122	203.778338	0.004993	32.1
492	-0.184252	57.349544	202.700473	0.004422	30.4
493	-0.188716	56.459322	205.030061	0.005051	34.7
494	-0.199593	55.569101	207.413817	0.004999	31.7
495	-0.198774	54.704786	209.781844	0.004498	32.3
496	-0.200910	53.816993	212.271156	0.004725	27.3
497	-0.178198	54.815800	209.474668	0.004613	28.5
498	-0.195869	55.815687	206.747998	0.004593	31.1
499	-0.195190	56.815686	204.091107	0.004626	35.9
500	-0.202587	57.807035	201.523756	0.004784	30.5
501	-0.182839	58.807035	198.998618	0.004643	34.3
502	-0.205534	59.807035	196.535978	0.004607	33.2
503	-0.191528	60.807035	194.133544	0.004500	32.8
504	-0.196850	61.807034	191.789136	0.004707	29.2
505	-0.181949	62.806793	189.501221	0.004706	33.8
506	-0.185062	61.933487	191.496706	0.004657	34.0
507	-0.187574	61.043307	193.574469	0.004621	31.1
508	-0.185906	60.153106	195.697864	0.004803	32.4
509	-0.200750	59.262898	197.868379	0.005068	28.1
510	-0.192112	60.262120	195.435335	0.004404	34.2
511	-0.191095	61.154744	193.311900	0.005282	34.1
512	-0.197579	62.154694	190.987288	0.004584	29.7
513	-0.189770	63.154694	188.717809	0.004890	32.9
514	-0.202226	64.154649	186.501732	0.005149	33.4
515	-0.202051	64.950303	184.775260	0.004948	28.6
516	-0.189556	64.060081	186.709082	0.004733	33.3
517	-0.204431	64.988294	184.693623	0.005012	34.5
518	-0.185527	65.988294	182.570422	0.004522	39.8
519	-0.178561	66.987479	180.497154	0.004750	41.8
520	-0.180945	67.987477	178.468814	0.004939	37.1
521	-0.182642	67.097494	180.271752	0.004496	39.8
522	-0.178707	66.215359	182.095101	0.004463	31.9
523	-0.198814	65.325137	183.972944	0.004597	35.7
524	-0.186641	65.942398	182.666799	0.004619	36.7
525	-0.199064	66.759741	180.965547	0.005433	46.1
526	-0.188033	67.759740	178.926725	0.004489	52.4
527	-0.192393	68.759735	176.933338	0.004420	45.3
528	-0.211163	68.031821	178.379926	0.004792	52.4
529	-0.188657	69.031783	176.398701	0.004770	40.3
530	-0.186651	69.598831	175.294640	0.004293	48.4
531	-0.187180	70.529513	173.512226	0.004109	43.4
532	-0.189808	69.639307	175.216361	0.004672	47.6
533	-0.178431	68.835808	176.783511	0.004290	43.9
534	-0.181396	67.945586	178.552870	0.004410	103.2
535	-0.204141	67.055371	180.357989	0.004697	122.8
536	-0.184951	66.165149	182.199994	0.004616	35.9
537	-0.204274	65.274926	184.080013	0.005238	70.4
538	-0.190882	66.017452	182.509246	0.004635	43.2
539	-0.192400	67.017451	180.435690	0.005288	42.7
540	-0.197375	66.302548	181.913242	0.004970	44.9
541	-0.187833	67.296462	179.865525	0.005206	49.6
542	-0.201905	66.420792	181.667189	0.004708	65.0
543	-0.188575	67.411704	179.631077	0.004655	63.6
544	-0.192818	68.411704	177.622044	0.004714	42.6
545	-0.179245	67.521481	179.408312	0.004158	42.3
546	-0.184788	68.398596	177.648087	0.004598	39.4
547	-0.184199	69.394861	175.690181	0.004577	37.1
548	-0.186303	70.394861	173.767861	0.004404	29.6
549	-0.198370	69.522886	175.441705	0.004759	32.7
550	-0.194629	68.632664	177.184174	0.004358	32.8
551	-0.174818	67.742448	178.961590	0.004724	61.6
552	-0.195207	66.852226	180.775039	0.005089	32.8
553	-0.200745	65.962153	182.625303	0.004788	45.3
554	-0.187543	66.961905	180.549632	0.004670	77.5
555	-0.196702	66.071723	182.395490	0.004329	88.5
556	-0.193606	65.181502	184.279563	0.005080	59.2
557	-0.200259	66.181502	182.165816	0.004634	55.1
558	-0.197859	65.291359	184.044957	0.004973	42.6
559	-0.194598	66.291359	181.936559	0.005169	57.1
560	-0.201760	65.401137	183.811118	0.005062	49.9
561	-0.201797	64.510931	185.724671	0.004821	39.4
562	-0.189048	65.313890	183.996915	0.004833	38.6
563	-0.205392	66.313890	181.889611	0.004673	45.6
564	-0.192085	65.423668	183.763197	0.004453	50.8
565	-0.190800	66.423667	181.661214	0.004798	88.8
566	-0.181691	67.423486	179.607141	0.004470	59.7
567	-0.203709	66.533266	181.433760	0.005187	48.1
568	-0.209772	67.533266	179.384432	0.005151	41.5
569	-0.186953	68.532259	177.382875	0.004652	36.2
570	-0.199159	67.708872	179.029325	0.004687	30.7
571	-0.193504	68.708509	177.034372	0.004574	34.6
572	-0.181818	67.818287	178.808780	0.003864	36.5
573	-0.184020	66.928308	180.618620	0.004515	36.2
574	-0.187290	66.069952	182.399200	0.004653	58.1
575	-0.195840	65.179733	184.283346	0.004488	39.5
576	-0.179209	65.166622	184.311387	0.004575	62.5
577	-0.185912	64.279419	186.228867	0.004652	48.4
578	-0.197180	65.221126	184.194876	0.004960	47.6
579	-0.186558	64.330973	186.116354	0.005246	38.2
580	-0.203011	65.159502	184.326619	0.004703	32.7
581	-0.186167	65.920045	182.713775	0.004734	54.8
582	-0.195206	65.029823	184.604466	0.004763	59.4
583	-0.180944	66.029823	182.483304	0.004535	36.2
584	-0.202385	65.193227	184.254495	0.004775	32.1
585	-0.183154	64.303005	186.177376	0.004359	34.0
586	-0.190697	65.302200	184.021839	0.004427	39.4
587	-0.204621	64.411981	185.939833	0.004907	30.0
588	-0.188043	65.398912	183.815851	0.004699	46.5
589	-0.195042	66.398912	181.712668	0.004564	44.1
590	-0.205223	67.398540	179.657826	0.004711	27.2
591	-0.186814	66.508492	181.485125	0.004400	29.2
592	-0.193161	67.508484	179.434658	0.004921	33.5
593	-0.202100	66.618274	181.257731	0.004895	26.6
594	-0.201819	65.728213	183.117916	0.004867	22.4
595	-0.179095	66.709764	181.068662	0.004748	42.9
596	-0.206443	65.891100	182.774639	0.004802	41.5
597	-0.206517	65.000878	184.666598	0.005057	35.0
598	-0.185086	64.110656	186.598134	0.004990	28.3
599	-0.183840	63.220434	188.570504	0.004435	30.7
600	-0.166698	62.508936	190.177127	0.004408	33.5
601	-0.193810	61.619072	192.225465	0.004675	32.5
602	-0.180032	60.728851	194.319257	0.004677	26.3
603	-0.182013	61.728851	191.970388	0.004555	25.3
604	-0.186478	62.694534	189.755398	0.004045	22.9
605	-0.191710	62.837816	189.431098	0.004976	26.2
606	-0.183992	63.837195	187.199607	0.004841	31.9
607	-0.187945	64.837195	185.018738	0.004816	35.7
608	-0.179105	65.830080	182.903085	0.004963	37.6
609	-0.191221	66.830077	180.820627	0.004472	45.0
610	-0.195965	67.830076	178.785049	0.005045	38.7
611	-0.181084	68.829917	176.795104	0.004599	35.6
612	-0.192726	67.957856	178.528241	0.004668	46.4
613	-0.221130	67.067634	180.332875	0.005062	44.5
614	-0.190656	68.067634	178.308201	0.004460	32.9
615	-0.196552	67.177411	180.108367	0.004636	34.9
616	-0.192277	68.177411	178.088704	0.004663	40.2
617	-0.199457	69.177398	176.113859	0.004721	44.1
618	-0.196292	70.177398	174.182308	0.004676	43.7
619	-0.187669	69.287189	175.899701	0.004553	27.4
620	-0.201357	70.285841	173.975387	0.004703	44.8
621	-0.181689	70.983190	172.656433	0.004549	34.1
622	-0.186619	70.093083	174.343528	0.004640	30.5
623	-0.203679	71.093083	172.450405	0.005087	30.8
624	-0.176354	72.093083	170.597954	0.004623	28.4
625	-0.181209	71.452057	171.780813	0.004617	31.7
626	-0.180486	72.452057	169.942643	0.004775	57.2
627	-0.184095	71.561835	171.577083	0.004620	28.9
628	-0.211652	72.561835	169.743246	0.005445	36.5
629	-0.200818	73.561595	167.948622	0.004733	51.9
630	-0.199409	72.671815	169.543950	0.005413	36.8
631	-0.200248	73.671815	167.753091	0.004698	43.3
632	-0.192515	74.671815	165.999669	0.004956	35.9
633	-0.201676	74.966207	165.490438	0.004726	44.4
634	-0.182129	75.965025	163.785753	0.004529	50.6
635	-0.186696	75.076547	165.300378	0.004987	39.5
636	-0.193224	74.186325	166.846336	0.004872	27.3
637	-0.178183	75.183962	165.115777	0.004170	31.1
638	-0.203648	74.486072	166.322577	0.004663	32.3
639	-0.178703	75.486072	164.598778	0.004790	31.4
640	-0.200178	76.485478	162.911337	0.004740	41.1
641	-0.190281	76.011032	163.708078	0.004680	34.1
642	-0.176482	75.122173	165.221916	0.004087	23.6
643	-0.190376	74.291005	166.663051	0.004699	33.8
644	-0.185771	74.943038	165.530401	0.004770	34.9
645	-0.187850	74.052815	167.080685	0.004380	33.8
646	-0.195959	73.162651	168.660179	0.004595	52.3
647	-0.195955	74.162157	166.888709	0.004649	45.4
648	-0.180864	73.421463	168.197877	0.005064	41.6
649	-0.182377	74.421372	166.435352	0.004738	30.2
650	-0.197345	73.962316	167.239915	0.004997	32.2
651	-0.194980	73.072093	168.822538	0.004635	44.2
652	-0.202919	72.223318	170.359625	0.004418	30.2
653	-0.191191	73.223318	168.551584	0.004828	36.2
654	-0.181528	74.220453	166.786537	0.005027	40.1
655	-0.197139	75.220453	165.053158	0.004606	28.0
656	-0.200703	75.591821	164.418575	0.004612	29.3
657	-0.210622	74.745321	165.872227	0.004970	42.9
658	-0.203699	73.883642	167.378583	0.004619	40.6
659	-0.190424	72.997155	168.957131	0.004273	37.4
660	-0.182084	72.106932	170.572579	0.004296	35.0
661	-0.195426	73.099473	168.773416	0.004331	37.1
662	-0.184215	73.669877	167.756525	0.005276	62.3
663	-0.203995	74.577299	166.163825	0.004835	63.1
664	-0.186021	73.687076	167.726053	0.004226	41.5
665	-0.191714	74.687075	165.973195	0.004771	34.7
666	-0.197177	74.839682	165.708914	0.004986	33.2
667	-0.195640	73.949459	167.262559	0.004480	43.2
668	-0.207951	73.059237	168.845613	0.004452	23.8
669	-0.186374	74.059028	167.069766	0.004951	37.8
670	-0.173784	74.945671	165.525859	0.004647	34.7
671	-0.199846	74.067438	167.054987	0.005017	25.9
672	-0.185991	75.059314	165.330032	0.004949	28.0
673	-0.184653	74.169099	166.876536	0.004558	23.2
674	-0.187384	73.278906	168.452205	0.004256	35.9
675	-0.173072	72.397190	170.042478	0.005147	44.6
676	-0.193992	73.397190	168.241127	0.004856	29.0
677	-0.207289	72.508135	169.840726	0.005108	25.5
678	-0.181464	72.269356	170.275537	0.004336	30.0
679	-0.193182	73.269356	168.469271	0.004404	28.9
680	-0.195399	72.379133	170.075359	0.005049	25.8
681	-0.194736	71.489252	171.711731	0.004850	29.7
682	-0.204894	70.599048	173.380508	0.005065	41.6
683	-0.173737	69.711338	175.077228	0.004494	33.3
684	-0.203463	70.711309	173.168280	0.004792	34.9
685	-0.194219	71.566382	171.568654	0.005113	34.4
686	-0.187555	70.676221	173.234557	0.004614	56.5
687	-0.198692	71.676201	171.365350	0.004735	27.2
688	-0.179107	70.785983	173.027395	0.004847	37.1
689	-0.192007	69.895761	174.722005	0.005011	42.7
690	-0.190412	70.895761	172.820699	0.004802	62.2
691	-0.187764	71.895574	170.960670	0.004263	104.1
692	-0.206371	72.895518	169.140018	0.005303	50.4
693	-0.213291	72.046508	170.683348	0.004855	37.6
694	-0.214130	71.157781	172.329340	0.004608	32.3
695	-0.191975	72.152076	170.489915	0.005055	23.0
696	-0.186238	71.261854	172.134949	0.004465	36.0
697	-0.180896	70.371632	173.812038	0.004384	49.5
698	-0.176124	69.853485	174.803307	0.004463	28.3
699	-0.191733	70.747283	173.100380	0.004602	28.9
700	-0.198126	71.735554	171.255671	0.005106	43.1
701	-0.215954	72.411832	170.015824	0.005213	37.1
702	-0.200670	71.533155	171.630262	0.004680	31.6
703	-0.207381	70.642941	173.297468	0.004895	40.8
704	-0.196455	69.777618	174.949398	0.004459	34.0
705	-0.200119	69.024940	176.412110	0.004894	28.3
706	-0.190585	68.326500	177.791468	0.004747	26.1
707	-0.188206	69.326499	175.823149	0.004789	44.1
708	-0.201850	68.533731	177.379960	0.004468	58.5
709	-0.190274	67.643658	179.161035	0.004076	35.4
710	-0.188907	68.643512	177.162732	0.004325	34.7
711	-0.186031	69.643512	175.208233	0.004812	45.3
712	-0.184384	70.642032	173.299187	0.004470	43.3
713	-0.199224	71.642032	171.428554	0.004804	41.8
714	-0.195679	72.640664	169.600352	0.004965	36.3
715	-0.202437	73.640664	167.808307	0.004816	34.5
716	-0.192431	74.632528	166.067863	0.005522	45.4
717	-0.191620	73.742747	167.627498	0.004914	26.9
718	-0.189682	74.742047	165.877899	0.004763	29.9
719	-0.198812	73.851828	167.434724	0.004848	23.1
720	-0.213425	73.020579	168.915037	0.004935	28.1
721	-0.172110	74.020579	167.137369	0.004591	26.1
722	-0.196341	73.140603	168.699680	0.005372	36.9
723	-0.203640	72.250380	170.310185	0.005136	28.3
724	-0.209497	73.250380	168.503188	0.005591	24.8
725	-0.200915	74.250380	166.734133	0.005077	21.9
726	-0.181282	73.360158	168.307153	0.004906	27.4
727	-0.200769	72.469936	169.910136	0.004572	24.7
728	-0.188433	71.589919	171.525040	0.004666	32.2
729	-0.184917	70.711801	173.167350	0.004146	44.6
730	-0.189867	69.822429	174.863079	0.004972	36.3
731	-0.187316	68.932456	176.593527	0.004150	44.3
732	-0.204741	68.042239	178.359055	0.004909	40.1
733	-0.199496	67.165584	180.132529	0.004816	40.7
734	-0.191645	66.275454	181.969716	0.004688	51.7
735	-0.184284	67.275452	179.908334	0.004465	63.8
736	-0.196663	66.385230	181.741120	0.005352	51.5
737	-0.193780	67.385230	179.684882	0.004995	36.8
738	-0.202644	68.385047	177.675016	0.004771	49.0
739	-0.195506	67.494824	179.462355	0.004593	31.1
740	-0.194502	68.477948	177.490543	0.004553	41.2
741	-0.195409	67.587727	179.274151	0.004456	34.5
742	-0.191967	68.587723	177.273057	0.004702	40.6
743	-0.197523	69.441294	175.599982	0.004392	35.8
744	-0.207959	70.441292	173.679628	0.004731	32.2
745	-0.191717	70.766693	173.063766	0.004731	41.2
746	-0.217323	71.735347	171.256054	0.004563	32.0
747	-0.191811	71.535615	171.625698	0.004947	39.1
748	-0.191819	71.894111	170.963363	0.004882	45.4
749	-0.209150	71.003888	172.617591	0.004835	37.1
750	-0.194490	70.254644	174.034864	0.004416	40.5
751	-0.186715	69.366954	175.744437	0.004554	42.5
752	-0.194456	68.485595	177.475376	0.004207	32.3
753	-0.195749	67.595374	179.258678	0.004647	40.5
754	-0.191542	68.538001	177.371500	0.005152	36.8
755	-0.197250	67.647779	179.152708	0.004630	47.5
756	-0.207013	68.647746	177.154366	0.005261	31.2
757	-0.193569	67.758273	178.929682	0.004545	37.3
758	-0.210495	68.758273	176.936221	0.004516	36.3
759	-0.202558	69.755105	174.992795	0.004867	32.7
760	-0.186225	69.485657	175.513890	0.004575	29.2
761	-0.184720	68.595447	177.257775	0.004384	25.2
762	-0.207170	67.994798	178.454133	0.004847	31.7
763	-0.194808	67.104778	180.256848	0.004994	41.5
764	-0.177784	66.220194	182.085005	0.004158	43.0
765	-0.181977	65.329972	183.962640	0.004302	38.1
766	-0.208323	64.440901	185.876897	0.005143	32.7
767	-0.193889	65.433582	183.742120	0.004572	35.9
768	-0.183776	64.543965	185.652950	0.004598	31.1
769	-0.180467	63.657720	187.596471	0.004676	32.5
770	-0.194596	62.767498	189.590115	0.004553	32.8
771	-0.191457	63.759698	187.370767	0.004791	25.8
772	-0.175979	64.364656	186.042916	0.005027	22.3
773	-0.194842	63.474434	188.003504	0.004672	21.9
774	-0.199031	64.474320	185.804223	0.005224	23.7
775	-0.193080	63.584130	187.759684	0.004775	27.2
776	-0.196334	64.584130	185.565823	0.004807	30.0
777	-0.198233	63.817163	187.243819	0.004501	32.0
778	-0.206119	64.817163	185.061927	0.004904	32.1
779	-0.179792	64.124509	186.567767	0.004345	30.1
780	-0.187888	63.902547	187.055513	0.004463	32.9
781	-0.194335	63.012325	189.037614	0.004638	30.1
782	-0.204638	63.966026	186.915763	0.004538	39.1
783	-0.205486	63.075803	188.894889	0.004595	28.8
784	-0.181214	64.069882	186.687571	0.004495	35.0
785	-0.207052	64.055206	186.719783	0.004888	41.2
786	-0.194126	65.055206	184.550015	0.004303	42.3
787	-0.178233	64.164984	186.479101	0.004387	40.1
788	-0.191869	64.215956	186.367557	0.004877	51.4
789	-0.192508	65.215956	184.205920	0.004793	68.3
790	-0.190592	64.325758	186.127730	0.004949	39.4
791	-0.192199	65.325758	183.971621	0.004815	42.6
792	-0.200982	66.325758	181.864893	0.004825	29.9
793	-0.192267	65.435535	183.737967	0.004818	30.6
794	-0.198844	66.435492	181.636647	0.004579	34.3
795	-0.192807	65.545269	183.504999	0.005035	32.6
796	-0.197713	64.655047	185.412187	0.004681	30.1
797	-0.212124	63.780911	187.323884	0.005168	30.9
798	-0.193491	63.158973	188.708216	0.004545	29.5
799	-0.194107	62.268750	190.725687	0.004719	32.3
800	-0.199793	61.545766	192.396175	0.005310	25.7
801	-0.194516	62.545744	190.093340	0.004724	30.9
802	-0.202902	63.521912	187.897898	0.004831	25.1
803	-0.198060	62.655691	189.843505	0.004751	30.0
804	-0.203008	63.655691	187.600968	0.004481	22.9
805	-0.189119	62.765824	189.593904	0.004618	27.2
806	-0.210679	63.534899	187.869032	0.004861	28.0
807	-0.213030	62.644736	189.868368	0.005034	25.8
808	-0.193649	61.754514	191.910856	0.004911	25.8
809	-0.184704	62.754509	189.619516	0.004621	25.6
810	-0.190402	61.864288	191.656623	0.004221	29.1
811	-0.193187	60.974065	193.737977	0.004604	26.3
812	-0.192820	60.084045	195.864545	0.004849	30.0
813	-0.200913	61.084045	193.478399	0.004862	34.3
814	-0.194068	62.084045	191.149692	0.004916	50.7
815	-0.193126	63.083959	188.876567	0.004560	32.4
816	-0.209150	62.202135	190.878389	0.005073	38.0
817	-0.191472	61.311913	192.942783	0.004760	38.7
818	-0.181613	62.222725	190.831165	0.004325	33.1
819	-0.192357	63.195598	188.626127	0.005118	31.3
820	-0.210229	64.137743	186.538767	0.004541	49.9
821	-0.190465	63.721300	187.455688	0.005004	30.8
822	-0.184516	62.836276	189.434577	0.004598	31.8
823	-0.190924	61.946156	191.467458	0.004854	24.3
824	-0.183900	61.057097	193.541939	0.004214	30.0
825	-0.200695	62.057095	191.211715	0.004928	29.6
826	-0.207812	63.057094	188.936933	0.005636	32.1
827	-0.197874	64.057094	186.715638	0.004819	39.1
828	-0.213439	65.056755	184.546692	0.004792	27.2
829	-0.201520	66.056206	182.428000	0.004386	36.7
830	-0.191308	67.052122	180.364643	0.004590	28.9
831	-0.198491	66.365411	181.782347	0.004346	29.9
832	-0.199758	65.482681	183.637803	0.005225	29.2
833	-0.197979	66.482681	181.538670	0.005073	24.8
834	-0.186367	67.482681	179.486984	0.004449	25.6
835	-0.190740	66.608175	181.278625	0.004719	23.0
836	-0.183405	65.723124	183.128661	0.004698	23.3
837	-0.192354	64.832901	185.027994	0.004539	36.5
838	-0.186724	65.832901	182.897143	0.004576	33.3
839	-0.204514	66.589063	181.318181	0.004747	27.2
840	-0.196536	67.584590	179.280500	0.005377	31.9
841	-0.195860	67.394344	179.666355	0.004848	36.1
842	-0.192078	67.095508	180.275817	0.004355	37.7
843	-0.210466	66.205296	182.116114	0.004315	37.0
844	-0.196202	65.326680	183.969655	0.004693	31.1
845	-0.193710	65.837070	182.888363	0.004840	26.5
846	-0.199177	64.946914	184.782546	0.004452	32.2
847	-0.200429	64.056711	186.716479	0.004802	39.4
848	-0.198047	63.169217	188.685247	0.004707	40.7
849	-0.192471	64.147428	186.517549	0.004954	39.4
850	-0.207210	63.257908	188.486634	0.004587	27.9
851	-0.195891	64.257908	186.275852	0.004716	34.5
852	-0.201053	65.201608	184.236582	0.004947	49.3
853	-0.195661	64.311483	186.158873	0.005055	36.3
854	-0.190786	65.311483	184.002047	0.004629	38.9
855	-0.203612	66.311482	181.894628	0.004449	32.4
856	-0.207879	67.308106	179.841809	0.004836	42.5
857	-0.188584	66.417885	181.673231	0.004850	30.7
858	-0.198558	65.527662	183.542340	0.004760	30.7
859	-0.209327	64.637489	185.450200	0.005023	35.3
860	-0.198337	65.046469	184.568754	0.004228	33.5
861	-0.209429	66.046469	182.448406	0.004732	32.0
862	-0.208190	65.156706	184.332600	0.005284	35.4
863	-0.205758	66.148433	182.234942	0.005030	27.1
864	-0.218402	65.274421	184.081092	0.005040	30.1
865	-0.195896	64.386155	185.996073	0.004625	31.1
866	-0.201415	63.620880	187.678143	0.004717	28.8
867	-0.199173	64.618971	185.490311	0.004988	22.3
868	-0.211038	65.618942	183.348921	0.004663	25.0
869	-0.192645	66.618941	181.256352	0.004809	27.1
870	-0.216714	65.728726	183.116831	0.004622	28.2
871	-0.196449	64.866422	184.955762	0.004776	29.3
872	-0.202347	63.986657	186.870387	0.004965	39.4
873	-0.211271	64.985466	184.699697	0.004847	36.0
874	-0.212701	64.095244	186.631930	0.004502	30.0
875	-0.194902	64.011157	186.816533	0.004958	30.5
876	-0.213311	64.982270	184.706564	0.004791	32.0
877	-0.175193	64.583392	185.567424	0.004617	30.0
878	-0.201818	65.583348	183.424296	0.004855	31.3
879	-0.200061	64.693125	185.329798	0.004637	33.2
880	-0.193928	63.802906	187.275298	0.005254	34.1
881	-0.192737	62.912684	189.262085	0.004709	39.5
882	-0.201807	62.044038	191.241779	0.004553	44.2
883	-0.198696	61.157600	193.305180	0.004872	21.3
884	-0.194314	62.157600	190.980616	0.004562	29.8
885	-0.197697	61.267377	193.047233	0.004658	35.0
886	-0.202663	62.267221	190.729188	0.004621	37.8
887	-0.198126	61.378369	192.787133	0.004854	47.8
888	-0.188671	62.378369	190.474938	0.004797	28.6
889	-0.207839	61.489838	192.526619	0.004564	29.8
890	-0.195991	62.489826	190.220657	0.004635	35.0
891	-0.184146	61.803420	191.797508	0.004367	33.7
892	-0.200978	62.803411	189.508868	0.004725	30.2
893	-0.191573	61.916045	191.536988	0.005412	29.4
894	-0.198761	62.916012	189.254579	0.004711	32.1
895	-0.192737	63.916012	187.025852	0.005092	30.0
896	-0.202547	63.025791	189.007321	0.004351	25.8
897	-0.200462	62.135587	191.031184	0.004545	24.8
898	-0.210507	63.135583	188.760677	0.005135	34.1
899	-0.191918	62.245361	190.779275	0.004538	29.4
900	-0.187541	63.073663	188.899697	0.004869	37.4
901	-0.197913	62.183441	190.921286	0.004840	36.1
902	-0.213417	61.293675	192.985543	0.005187	34.7
903	-0.202838	60.403453	195.096020	0.004733	32.0
904	-0.204239	61.403453	192.728449	0.004697	59.4
905	-0.218450	62.403272	190.418065	0.004654	38.9
906	-0.197582	63.403243	188.162079	0.004489	31.7
907	-0.186966	64.403242	185.958859	0.004507	27.7
908	-0.201348	64.909934	184.862085	0.005022	26.9
909	-0.212769	64.019712	186.797735	0.005097	20.4
910	-0.188040	63.129758	188.773746	0.004496	25.9
911	-0.191791	64.129753	186.556274	0.004828	28.6
912	-0.201016	63.280562	188.435972	0.004424	24.8
913	-0.201096	62.402518	190.419786	0.004327	26.1
914	-0.205696	63.377491	188.219505	0.004722	25.3
915	-0.188964	63.971734	186.903207	0.004902	22.8
916	-0.194242	63.081511	188.882066	0.004636	24.0
917	-0.189468	64.081486	186.662107	0.004652	25.6
918	-0.198786	65.081486	184.493673	0.004590	25.8
919	-0.206396	66.005238	182.534867	0.004703	23.7
920	-0.203364	65.115022	184.421826	0.005406	23.1
921	-0.194379	66.114943	182.304998	0.004277	28.3
922	-0.197793	65.224721	184.187196	0.004702	22.9
923	-0.203002	64.335422	186.106652	0.004737	23.4
924	-0.209060	65.335421	183.951028	0.004770	23.4
925	-0.192809	66.335421	181.844769	0.004414	29.7
926	-0.210657	67.335421	179.786198	0.004568	27.0
927	-0.202643	66.445260	181.616356	0.004827	32.2
928	-0.197970	65.555044	183.484277	0.004680	40.3
929	-0.236313	64.664821	185.391031	0.004936	40.2
930	-0.220255	65.664763	183.251982	0.005055	41.3
931	-0.200503	64.774676	185.153594	0.005043	33.3
932	-0.197355	65.774676	183.019866	0.004595	37.6
933	-0.195018	64.907221	184.867924	0.004319	29.0
934	-0.193865	64.370054	186.031152	0.004528	24.5
935	-0.206291	65.233067	184.169370	0.004989	30.2
936	-0.213913	66.233064	182.058142	0.005066	23.2
937	-0.206008	67.232947	179.995004	0.004899	23.4
938	-0.210974	68.232871	177.978019	0.005158	20.4
939	-0.203098	67.342802	179.771177	0.005031	26.6
940	-0.185624	68.342802	177.759027	0.004405	22.2
941	-0.188081	67.452605	179.548013	0.004627	24.5
942	-0.200942	68.451597	177.542830	0.004878	21.0
943	-0.195755	67.613968	179.221062	0.005254	21.7
944	-0.195420	68.590454	177.267653	0.004729	27.3
945	-0.193171	67.702569	179.042048	0.005086	24.7
946	-0.198907	68.702569	177.046096	0.004867	25.8
947	-0.200388	67.820737	178.803848	0.004640	25.8
948	-0.214058	67.068740	180.330609	0.004683	23.1
949	-0.193223	68.068740	178.305986	0.004699	23.4
950	-0.200905	69.068740	176.326320	0.005100	26.2
951	-0.204564	70.068740	174.390131	0.004985	24.1
952	-0.205237	71.068740	172.496002	0.004926	26.6
953	-0.188441	70.178519	174.180166	0.004348	25.1
954	-0.187880	71.178221	172.291127	0.004266	25.9
955	-0.206592	72.074449	170.632109	0.004521	23.3
956	-0.195307	71.184448	172.279489	0.005176	26.7
957	-0.202286	70.294226	173.959409	0.004758	25.0
958	-0.221868	69.406284	175.667982	0.004851	27.2
959	-0.198069	70.406284	173.746145	0.004615	20.7
960	-0.209417	71.406274	171.865923	0.004964	28.4
961	-0.210576	72.406270	170.025948	0.004883	27.2
962	-0.197567	73.374439	168.281684	0.004742	28.8
963	-0.185130	72.484560	169.883558	0.004761	24.2
964	-0.188378	71.639367	171.433486	0.004064	30.6
965	-0.174056	72.639367	169.602701	0.004039	29.0
966	-0.179772	71.749426	171.230058	0.004542	39.2
967	-0.204416	71.568250	171.565191	0.005124	34.8
968	-0.198287	72.568250	169.731608	0.004642	26.8
969	-0.202528	73.567869	167.937480	0.004869	27.5
970	-0.213345	72.678325	169.532169	0.004898	22.1
971	-0.201926	73.677667	167.742721	0.004801	24.3
972	-0.187926	72.787445	169.334920	0.004368	29.1
973	-0.201214	71.974737	170.815106	0.004637	27.0
974	-0.187818	71.088481	172.459024	0.004618	22.7
975	-0.188590	70.393236	173.770951	0.004700	32.2
976	-0.199030	71.393236	171.890175	0.005140	28.5
977	-0.185541	70.503107	173.562299	0.004586	31.2
978	-0.212981	71.503106	171.686013	0.004922	24.8
979	-0.198129	72.503106	169.849860	0.004684	22.8
980	-0.207913	73.503106	168.052566	0.004540	21.3
981	-0.190456	72.612884	169.650681	0.004928	22.9
982	-0.178532	71.723060	171.278747	0.004280	23.5
983	-0.202891	72.618322	169.640827	0.004689	25.3
984	-0.191866	72.375129	170.082652	0.005136	26.8
985	-0.192009	72.831500	169.255416	0.004969	23.1
986	-0.200367	73.831500	167.470614	0.004769	26.4
987	-0.201315	74.751068	165.862271	0.004774	27.0
988	-0.207840	75.751068	164.147952	0.005397	31.8
989	-0.186671	76.751010	162.468802	0.004623	34.6
990	-0.204087	75.860788	163.962010	0.004845	29.7
991	-0.203465	74.970566	165.482921	0.005291	29.2
992	-0.191769	75.149368	165.175184	0.004523	26.4
993	-0.202282	76.149368	163.474965	0.004973	29.2
994	-0.206431	77.027473	162.010599	0.005192	23.0
995	-0.191214	76.495759	162.894158	0.004785	25.1
996	-0.200675	75.605538	164.395230	0.004947	21.6
997	-0.204606	76.591190	162.734869	0.004291	27.5
998	-0.192040	75.700968	164.232995	0.005012	25.8
999	-0.202440	74.812779	165.755442	0.004447	24.8
1000	-0.187353	73.928488	167.299510	0.004179	22.2
1001	-0.193961	73.038328	168.883155	0.004814	26.0
1002	-0.196408	74.038328	167.106155	0.004608	21.5
1003	-0.199681	75.034004	165.373607	0.004699	26.7
1004	-0.204165	75.943809	163.821597	0.004689	21.0
1005	-0.206132	75.053586	165.339892	0.004816	22.5
1006	-0.200088	76.053586	163.636298	0.004957	27.2
1007	-0.208719	76.769073	162.438787	0.004359	26.4
1008	-0.197221	77.769073	160.794155	0.004428	23.4
1009	-0.201530	76.878850	162.256601	0.004366	23.7
1010	-0.190410	77.877689	160.617524	0.004624	23.5
1011	-0.200165	76.995791	162.062977	0.004664	22.2
1012	-0.200557	76.237675	163.326505	0.004205	25.3
1013	-0.216040	75.347529	164.835463	0.004918	21.2
1014	-0.201514	76.347469	163.142296	0.004913	25.6
1015	-0.204331	75.481806	164.606055	0.005077	20.9
1016	-0.199117	76.481806	162.917473	0.005298	23.5
1017	-0.177042	77.481806	161.263183	0.004072	21.1
1018	-0.209043	78.480080	159.644922	0.004991	21.8
1019	-0.201265	79.480075	158.056108	0.004822	24.5
1020	-0.194378	78.866169	159.027724	0.004977	21.4
1021	-0.211134	79.865960	157.451429	0.004332	23.7
1022	-0.186220	80.865958	155.905760	0.004417	21.0
1023	-0.186348	79.989529	157.258774	0.004609	24.9
1024	-0.197990	80.989526	155.716869	0.004903	22.1
1025	-0.192136	81.986853	154.208903	0.004831	23.7
1026	-0.198783	82.981891	152.733226	0.004495	38.0
1027	-0.209870	83.975913	151.286986	0.004841	44.9
1028	-0.204515	84.751635	150.177249	0.004823	42.0
1029	-0.193572	85.751633	148.770461	0.004813	35.4
1030	-0.192827	84.864634	150.016951	0.004876	24.6
1031	-0.213954	85.864627	148.613157	0.004672	22.2
1032	-0.199744	86.864627	147.235383	0.004841	31.7
1033	-0.204714	86.174704	148.183190	0.004976	42.4
1034	-0.207202	85.284482	149.424350	0.004617	45.2
1035	-0.193498	84.394261	150.686474	0.004830	45.7
1036	-0.205278	85.394207	149.270247	0.004977	44.3
1037	-0.188844	85.753402	148.767996	0.004948	42.5
1038	-0.222425	84.931659	149.922032	0.004681	45.8
1039	-0.213221	85.924392	148.530091	0.004891	39.3
1040	-0.196011	85.034169	149.777092	0.004322	22.6
1041	-0.204213	86.034169	148.377753	0.005015	23.5
1042	-0.200336	87.034167	147.004322	0.004707	20.9
1043	-0.191791	88.034167	145.656081	0.004778	29.4
1044	-0.198540	88.709879	144.758974	0.004937	33.1
1045	-0.204089	88.483612	145.058145	0.005162	26.2
1046	-0.193279	88.927968	144.471783	0.004597	20.5
1047	-0.186102	89.899790	143.205768	0.004526	20.1
1048	-0.185392	89.009569	144.364620	0.004708	22.9
1049	-0.192672	88.232007	145.392271	0.004982	21.4
1050	-0.195808	89.232007	144.073305	0.004366	25.8
1051	-0.202705	88.341785	145.246299	0.004462	25.1
1052	-0.201349	89.341436	143.930423	0.005204	43.9
1053	-0.207398	90.341326	142.637870	0.004651	54.1
1054	-0.196779	90.508335	142.424238	0.004561	56.3
1055	-0.186929	89.618112	143.570426	0.004362	60.8
1056	-0.199679	88.774694	144.673503	0.004280	55.3
1057	-0.219618	89.567956	143.635554	0.005138	51.5
1058	-0.191760	88.785898	144.658739	0.004942	40.7
1059	-0.202918	87.896169	145.840664	0.004550	38.0
1060	-0.198678	87.005947	147.042733	0.004929	25.5
1061	-0.194541	86.115762	148.264730	0.004752	26.2
1062	-0.200257	87.077456	146.945442	0.005110	29.5
1063	-0.200399	87.155986	146.838748	0.004515	31.0
1064	-0.213975	87.852401	145.899305	0.004630	23.5
1065	-0.194257	86.962198	147.102318	0.004758	20.8
1066	-0.201930	86.072004	148.325323	0.004234	29.7
1067	-0.187547	86.963862	147.100050	0.004730	25.0
1068	-0.200870	87.963486	145.750565	0.005226	21.7
1069	-0.213281	87.477152	146.404006	0.005050	20.3
1070	-0.199295	86.586931	147.615415	0.004819	26.3
1071	-0.185047	87.586931	146.255994	0.004718	21.1
1072	-0.184238	88.586931	144.921382	0.004887	23.8
1073	-0.205742	87.696709	146.108283	0.004431	21.7
1074	-0.201303	86.940358	147.132082	0.004407	23.2
1075	-0.196280	87.940201	145.781717	0.005063	23.1
1076	-0.193124	88.938635	144.457766	0.005458	21.3
1077	-0.219373	89.938635	143.155625	0.005263	24.8
1078	-0.211707	90.925725	141.893114	0.004690	25.1
1079	-0.198711	91.821087	140.767032	0.005140	26.3
1080	-0.207470	92.810021	139.543860	0.004884	23.3
1081	-0.204913	91.919798	140.643977	0.004587	26.3
1082	-0.210766	92.919795	139.409394	0.004709	21.4
1083	-0.194839	93.889785	138.232391	0.004761	27.5
1084	-0.197134	94.889785	137.039599	0.004900	22.5
1085	-0.198263	93.999562	138.100435	0.004700	25.5
1086	-0.210947	94.999557	136.909916	0.004531	21.7
1087	-0.200145	94.109334	137.968738	0.005025	21.6
1088	-0.185620	94.771257	137.179901	0.004571	22.4
1089	-0.195224	95.771257	136.005127	0.004673	23.4
1090	-0.192278	94.881036	137.049945	0.004739	24.7
1091	-0.219941	93.990813	138.110942	0.004726	21.5
1092	-0.185235	93.104944	139.183185	0.004530	25.2
1093	-0.195594	92.214722	140.277600	0.004684	22.8
1094	-0.186160	91.324500	141.389363	0.004589	24.7
1095	-0.177312	90.434845	142.518164	0.004652	24.4
1096	-0.189028	89.548261	143.661143	0.005068	56.5
1097	-0.184776	88.658039	144.827408	0.004531	80.9
1098	-0.195545	87.767828	146.012750	0.004505	85.5
1099	-0.216354	88.767828	144.682553	0.005118	46.0
1100	-0.217959	89.767725	143.376507	0.004886	43.4
1101	-0.208860	88.877672	144.537915	0.004901	41.1
1102	-0.188763	89.877667	143.234341	0.005024	32.0
1103	-0.199319	90.877303	141.954526	0.004428	41.7
1104	-0.201334	90.000849	143.075389	0.004343	27.6
1105	-0.198841	89.111842	144.230532	0.004365	33.3
1106	-0.197981	88.221637	145.406075	0.005099	39.8
1107	-0.210052	89.218804	144.090563	0.004747	39.2
1108	-0.201417	89.761716	143.384285	0.004890	38.9
1109	-0.194716	90.761716	142.101339	0.004576	30.2
1110	-0.193261	90.821168	142.025788	0.004514	32.2
1111	-0.201876	89.930946	143.165547	0.005142	33.2
1112	-0.201495	89.157469	144.170792	0.004551	31.0
1113	-0.192900	90.157468	142.873797	0.005454	43.5
1114	-0.194770	89.267246	144.027262	0.004315	54.7
1115	-0.208514	89.136913	144.197700	0.004950	49.8
1116	-0.203098	89.851108	143.268658	0.004377	45.0
1117	-0.192968	90.847599	141.992226	0.004912	38.5
1118	-0.215086	90.064943	142.992822	0.004841	42.7
1119	-0.189906	89.182218	144.138409	0.004494	28.2
1120	-0.212318	90.182218	142.841993	0.005048	25.4
1121	-0.212459	89.291996	143.994942	0.005116	34.5
1122	-0.193158	88.453696	145.097792	0.004357	39.6
1123	-0.208569	89.453696	143.784139	0.004297	39.0
1124	-0.198890	90.453695	142.494061	0.005085	44.7
1125	-0.194537	89.566474	143.637479	0.004836	32.4
1126	-0.200146	90.564775	142.352185	0.004887	37.5
1127	-0.186547	89.686046	143.482310	0.004295	40.1
1128	-0.205825	88.795850	144.645627	0.005032	29.1
1129	-0.196778	89.795800	143.340177	0.004789	37.9
1130	-0.199626	88.983348	144.399037	0.004859	28.9
1131	-0.208292	88.205642	145.427373	0.005328	28.4
1132	-0.194660	87.315427	146.622600	0.004471	30.9
1133	-0.206214	86.425217	147.837631	0.004288	29.2
1134	-0.212214	87.385031	146.528441	0.004516	36.0
1135	-0.199165	88.385030	145.188876	0.004631	27.7
1136	-0.201870	87.847866	145.905382	0.004919	23.7
1137	-0.202242	88.847823	144.577190	0.004721	24.9
1138	-0.215429	89.754662	143.393419	0.004841	25.9
1139	-0.210556	90.754661	142.110310	0.004712	27.7
1140	-0.198446	91.754661	140.849960	0.004542	32.6
1141	-0.201111	90.882069	141.948479	0.004428	25.6
1142	-0.204020	91.882034	140.691030	0.004869	28.6
1143	-0.194297	92.817989	139.534091	0.004646	26.9
1144	-0.199738	93.740945	138.411703	0.004600	27.8
1145	-0.212902	94.740945	137.215828	0.004403	26.7
1146	-0.194886	93.855464	138.273696	0.004948	27.1
1147	-0.206458	92.965243	139.353798	0.004848	26.7
1148	-0.197006	93.965243	138.141660	0.004616	36.7
1149	-0.203970	94.965238	136.950434	0.004791	31.2
1150	-0.195198	95.949013	135.798407	0.004400	31.8
1151	-0.205309	96.948924	134.647176	0.004444	26.5
1152	-0.215292	97.947883	133.516370	0.004809	23.2
1153	-0.211971	97.515723	134.003228	0.004820	27.5
1154	-0.203900	97.183369	134.380071	0.004929	32.9
1155	-0.195087	97.958036	133.504974	0.004064	40.5
1156	-0.212261	98.958033	132.392047	0.004676	25.8
1157	-0.205897	98.067865	133.381829	0.004419	25.4
1158	-0.193081	97.178287	134.385851	0.004704	23.1
1159	-0.189582	96.290517	135.403014	0.004665	23.0
1160	-0.204906	97.290517	134.258349	0.004560	22.2
1161	-0.208666	98.024758	133.430135	0.005399	24.3
1162	-0.197718	99.020557	132.323078	0.004761	23.2
1163	-0.197915	99.880834	131.381369	0.004670	24.6
1164	-0.195721	100.873234	130.311546	0.004291	23.2
1165	-0.201617	101.873234	129.251010	0.005122	29.6
1166	-0.216141	102.873155	128.207678	0.005317	29.6
1167	-0.195255	103.834174	127.220688	0.004349	26.2
1168	-0.202521	103.231627	127.837733	0.004399	29.9
1169	-0.203582	102.341404	128.760408	0.004380	40.1
1170	-0.198555	101.451187	129.696493	0.004610	26.5
1171	-0.213649	102.451187	128.645904	0.005149	26.8
1172	-0.198155	101.570756	129.569974	0.004316	24.4
1173	-0.201829	102.570756	128.521425	0.004794	23.9
1174	-0.205451	101.680554	129.454009	0.005206	22.9
1175	-0.196321	100.790332	130.400249	0.004931	31.0
1176	-0.192209	99.900116	131.360416	0.005144	23.7
1177	-0.203118	99.011165	132.333434	0.005490	27.7
1178	-0.199752	98.120943	133.322397	0.004868	28.5
1179	-0.211204	99.120943	132.212495	0.005712	25.0
1180	-0.190166	98.230720	133.199645	0.005182	27.9
1181	-0.187023	97.342143	134.199780	0.004139	27.2
1182	-0.196903	96.452261	135.216550	0.004585	29.0
1183	-0.192322	95.562041	136.249240	0.004900	31.6
1184	-0.195436	94.671819	137.297828	0.004900	34.0
1185	-0.204240	93.781842	138.362386	0.004526	36.0
1186	-0.202634	94.626961	137.351093	0.004872	33.1
1187	-0.214808	93.740658	138.412049	0.004819	41.6
1188	-0.192128	94.740623	137.216209	0.004531	46.7
1189	-0.186130	93.853016	138.276644	0.004671	24.4
1190	-0.200183	92.962794	139.356794	0.004753	27.6
1191	-0.191653	92.606723	139.793572	0.005334	23.7
1192	-0.192459	91.716500	140.897646	0.005032	30.3
1193	-0.204161	90.984419	141.818743	0.004683	38.0
1194	-0.201251	90.094197	142.955168	0.004486	24.1
1195	-0.202024	91.090458	141.684581	0.004760	27.7
1196	-0.190631	91.874271	140.700705	0.004518	23.8
1197	-0.203951	92.874255	139.465145	0.004323	24.2
1198	-0.204749	93.019631	139.287326	0.005214	24.9
1199	-0.185300	92.141582	140.368282	0.004636	23.3
1200	-0.198391	93.080426	139.213098	0.005178	26.5
1201	-0.199766	92.192501	140.305139	0.004533	20.4
1202	-0.195752	93.192501	139.076467	0.004387	25.0
1203	-0.192235	92.302328	140.169138	0.004597	21.8
1204	-0.205469	93.302328	138.942836	0.004728	21.1
1205	-0.195272	92.412105	140.033460	0.004588	31.6
1206	-0.199933	91.578295	141.070618	0.004760	24.7
1207	-0.196822	92.574959	139.832668	0.004568	21.8
1208	-0.203763	93.574887	138.612308	0.005098	20.6
1209	-0.197493	92.684665	139.697730	0.005068	39.1
1210	-0.210311	93.028480	139.276517	0.004979	40.3
1211	-0.191680	94.028480	138.065716	0.004702	24.4
1212	-0.197502	93.138258	139.142561	0.004901	28.5
1213	-0.199740	92.249045	140.235086	0.004670	23.1
1214	-0.216789	93.249036	139.007646	0.004862	38.4
1215	-0.189162	92.358814	140.099292	0.004132	45.1
1216	-0.212202	91.468591	141.208220	0.005187	40.3
1217	-0.182875	90.578474	142.334708	0.004708	33.2
1218	-0.213128	91.578474	141.070393	0.004473	38.3
1219	-0.197494	90.688252	142.194809	0.004754	31.3
1220	-0.217107	89.798029	143.337293	0.004367	29.2
1221	-0.204684	89.310866	143.970310	0.004737	36.3
1222	-0.197943	88.728407	144.734531	0.004545	28.8
1223	-0.208441	89.728360	143.427480	0.005063	30.0
1224	-0.191192	90.347283	142.630239	0.004428	21.3
1225	-0.220704	89.457063	143.779756	0.004829	26.2
1226	-0.204783	90.406249	142.554746	0.005275	26.8
1227	-0.205709	91.316948	141.398871	0.004884	27.7
1228	-0.201230	92.316947	140.151054	0.005081	31.3
1229	-0.199542	91.426725	141.260805	0.004872	27.8
1230	-0.198808	92.106155	140.412249	0.004252	26.0
1231	-0.190021	91.215932	141.526156	0.004852	26.1
1232	-0.194075	90.325739	142.657841	0.005040	22.0
1233	-0.206583	91.080762	141.696838	0.004676	22.3
1234	-0.220187	92.080762	140.443779	0.005399	23.6
1235	-0.194535	91.196069	141.551212	0.004824	25.2
1236	-0.203711	91.211990	141.531128	0.004405	21.5
1237	-0.203631	90.564068	142.353088	0.004522	29.0
1238	-0.197899	89.673845	143.498127	0.004653	21.9
1239	-0.194246	90.673845	142.213153	0.004657	28.9
1240	-0.179581	91.293074	141.428932	0.004434	28.7
1241	-0.200727	92.293074	140.180587	0.004930	25.7
1242	-0.191711	91.402852	141.290807	0.004798	21.7
1243	-0.206658	90.512629	142.418753	0.004950	25.2
1244	-0.199810	91.512628	141.152952	0.004866	21.9
1245	-0.211032	92.512628	139.909452	0.004624	24.2
1246	-0.202919	91.622745	141.014939	0.004842	22.3
1247	-0.201743	90.739341	142.129794	0.004751	22.3
1248	-0.202841	89.849119	143.271229	0.004593	27.8
1249	-0.202473	88.958897	144.431146	0.004687	21.8
1250	-0.196820	89.883354	143.226995	0.004520	23.4
1251	-0.211392	90.883268	141.946958	0.005034	21.2
1252	-0.198984	91.044589	141.742583	0.004482	23.0
1253	-0.208284	91.631980	141.003378	0.004929	24.7
1254	-0.207867	90.747324	142.119641	0.005510	34.2
1255	-0.202821	89.857147	143.260855	0.004840	36.3
1256	-0.197282	90.857146	141.980108	0.004504	53.5
1257	-0.210893	89.966923	143.119131	0.005015	61.4
1258	-0.204053	89.076714	144.276559	0.004938	55.5
1259	-0.203949	90.076118	142.978435	0.004971	47.3
1260	-0.208504	90.141780	142.893965	0.004742	43.2
1261	-0.204198	89.253974	144.044600	0.004411	35.4
1262	-0.216032	90.253970	142.749869	0.004525	25.0
1263	-0.208070	89.363778	143.901285	0.005048	38.1
1264	-0.186143	90.003467	143.072013	0.004498	28.1
1265	-0.198428	91.000602	141.798252	0.004987	30.7
1266	-0.204212	92.000602	140.543406	0.005113	27.2
1267	-0.204547	93.000601	139.310578	0.005069	26.4
1268	-0.215245	94.000600	138.099189	0.004885	24.6
1269	-0.206519	94.977918	136.935460	0.005105	23.0
1270	-0.202805	94.643444	137.331516	0.004736	25.3
1271	-0.189843	93.753295	138.396807	0.004922	41.8
1272	-0.202845	94.558446	137.432530	0.004967	40.0
1273	-0.196290	95.558446	136.253443	0.004320	77.5
1274	-0.205453	96.558446	135.094416	0.004840	55.9
1275	-0.192546	96.708044	134.922721	0.004936	39.8
1276	-0.210876	95.818287	135.950372	0.004245	37.9
1277	-0.184479	96.818280	134.796481	0.004561	46.0
1278	-0.194693	95.928081	135.822717	0.004856	27.7
1279	-0.200648	96.871667	134.735429	0.004753	40.1
1280	-0.201869	95.981444	135.760758	0.004909	40.0
1281	-0.205561	96.981441	134.610066	0.004820	57.1
1282	-0.197521	97.760049	133.727543	0.004550	63.0
1283	-0.204438	98.760049	132.610915	0.004991	61.1
1284	-0.205710	99.760041	131.512787	0.004463	64.5
1285	-0.208210	98.869819	132.489477	0.004912	55.8
1286	-0.199415	97.980400	133.479881	0.005061	59.1
1287	-0.187440	97.090178	134.486118	0.004972	52.2
1288	-0.205323	98.090158	133.356860	0.004283	43.7
1289	-0.213407	99.090156	132.246390	0.004971	69.0
1290	-0.215716	98.200281	133.233658	0.004818	44.6
1291	-0.213089	98.429076	132.978418	0.005378	35.8
1292	-0.186291	97.556438	133.957209	0.004388	34.5
1293	-0.199248	98.556437	132.836759	0.004632	39.6
1294	-0.206001	97.667290	133.832074	0.005349	36.6
1295	-0.197416	98.270537	133.155178	0.004712	27.0
1296	-0.200747	99.245299	132.075763	0.004806	29.8
1297	-0.193930	100.229502	131.003504	0.004850	28.9
1298	-0.195811	99.339282	131.972614	0.004773	29.9
1299	-0.189061	99.562975	131.727751	0.004336	26.7
1300	-0.214699	100.459443	130.755495	0.004212	28.3
1301	-0.208741	101.457362	129.689953	0.005460	29.2
1302	-0.205036	102.363294	128.737561	0.005521	32.1
1303	-0.199405	103.360741	127.705009	0.004535	30.0
1304	-0.191771	102.470519	128.625762	0.004862	52.9
1305	-0.225673	101.580334	129.559849	0.005043	87.1
1306	-0.196719	102.580271	128.511529	0.004944	48.0
1307	-0.200921	103.560608	127.500097	0.004730	50.8
1308	-0.207408	102.670386	128.417887	0.004660	47.9
1309	-0.220053	103.670386	127.387827	0.005479	55.8
1310	-0.206113	104.670385	126.374161	0.005043	62.6
1311	-0.194495	105.670279	125.376605	0.004430	56.7
1312	-0.207486	104.786100	126.257906	0.004464	39.6
1313	-0.203614	105.785154	125.263006	0.004707	48.2
1314	-0.199362	104.894977	126.148715	0.004650	46.0
1315	-0.208433	104.010949	127.040789	0.005106	32.9
1316	-0.193951	103.373258	127.692157	0.004930	37.4
1317	-0.230638	102.483035	128.612724	0.005072	29.4
1318	-0.203347	103.320294	127.746558	0.004424	36.8
1319	-0.190967	102.430071	128.667912	0.004316	36.0
1320	-0.205408	103.430071	127.633854	0.004885	30.9
1321	-0.201120	102.550411	128.542588	0.004828	57.9
1322	-0.211822	101.660374	129.475307	0.005276	84.1
1323	-0.194858	100.770152	130.421859	0.004898	54.7
1324	-0.203786	99.886878	131.374801	0.004629	53.0
1325	-0.194331	99.016993	132.327008	0.004698	50.6
1326	-0.197550	98.798741	132.568084	0.004549	43.1
1327	-0.198849	97.956650	133.506531	0.005059	43.0
1328	-0.201017	98.945954	132.405379	0.004519	37.1
1329	-0.202129	99.945954	131.310631	0.004939	39.9
1330	-0.194147	100.945954	130.233837	0.004968	52.3
1331	-0.215631	100.055732	131.191554	0.005069	55.7
1332	-0.200900	99.218990	132.104667	0.004498	47.8
1333	-0.198410	98.334346	133.083979	0.004588	36.0
1334	-0.202832	99.322397	131.991134	0.004708	44.6
1335	-0.207940	98.480151	132.921573	0.005086	50.6
1336	-0.209582	97.589931	133.919376	0.004787	77.1
1337	-0.197515	98.586878	132.802945	0.004336	74.2
1338	-0.205061	97.696657	133.798963	0.004348	72.6
1339	-0.195711	96.808357	134.807836	0.005019	75.0
1340	-0.212651	95.920896	135.831063	0.005270	53.0
1341	-0.204871	95.030673	136.873200	0.004306	40.4
1342	-0.207362	96.030277	135.704110	0.004375	36.0
1343	-0.196359	95.149347	136.733352	0.004593	38.7
1344	-0.206214	95.066759	136.830646	0.004663	37.3
1345	-0.201909	94.176537	137.888237	0.004751	33.5
1346	-0.212020	94.728881	137.230132	0.004668	36.3
1347	-0.203232	95.728877	136.054505	0.004918	34.0
1348	-0.208461	95.557805	136.254193	0.005027	32.3
1349	-0.198274	94.667588	137.302850	0.004493	39.4
1350	-0.197710	93.777374	138.367772	0.004707	31.1
1351	-0.201440	92.887152	139.449353	0.004817	32.1
1352	-0.193820	93.887141	138.235571	0.004964	28.3
1353	-0.210661	94.886384	137.043620	0.005099	33.0
1354	-0.214012	95.885795	135.871853	0.004424	28.3
1355	-0.208518	96.885780	134.719298	0.004495	29.2
1356	-0.206021	96.302024	135.389732	0.004554	32.8
1357	-0.217807	95.411801	136.425082	0.005076	27.3
1358	-0.219481	94.521617	137.476344	0.004538	30.8
1359	-0.207134	95.521617	136.296508	0.004471	37.4
1360	-0.212740	94.673323	137.296043	0.005200	34.5
1361	-0.183351	95.673323	136.119287	0.004373	44.9
1362	-0.214403	94.783101	137.165868	0.005181	45.8
1363	-0.219473	95.783101	135.991333	0.004628	28.3
1364	-0.203827	96.783098	134.836745	0.005007	39.7
1365	-0.204526	97.783098	133.701595	0.004723	32.3
1366	-0.210473	98.768923	132.601088	0.004859	30.4
1367	-0.173381	97.878703	133.594069	0.004401	40.9
1368	-0.203745	97.163796	134.402330	0.005207	31.0
1369	-0.203874	96.277747	135.417758	0.004971	26.8
1370	-0.191211	97.277180	134.273489	0.004558	36.3
1371	-0.187731	96.386957	135.291773	0.005082	30.5
1372	-0.189768	97.386956	134.148981	0.004595	34.5
1373	-0.192953	98.382363	133.030450	0.004531	34.7
1374	-0.223369	97.492144	134.029895	0.005017	34.8
1375	-0.192675	96.601942	135.044450	0.005061	30.4
1376	-0.211403	97.562193	133.950707	0.004966	35.0
1377	-0.200133	98.562193	132.830364	0.004812	46.4
1378	-0.188637	97.671971	133.826795	0.005050	40.8
1379	-0.197194	98.671936	132.708553	0.004320	38.0
1380	-0.193075	98.675537	132.704561	0.005190	34.3
1381	-0.207166	97.785683	133.698685	0.004810	30.5
1382	-0.193038	98.785683	132.582536	0.004926	28.7
1383	-0.213374	99.785683	131.484868	0.005160	29.5
1384	-0.210638	100.785683	130.405227	0.005173	32.8
1385	-0.194171	101.265988	129.892948	0.005035	51.7
1386	-0.195143	100.376904	130.844411	0.004342	36.2
1387	-0.191785	99.487064	131.810745	0.004311	33.7
1388	-0.215793	100.486976	130.725861	0.004404	29.0
1389	-0.207612	101.486976	129.658598	0.005556	25.6
1390	-0.192596	100.982733	130.194570	0.005085	28.4
1391	-0.216941	101.982733	129.135929	0.004627	28.1
1392	-0.194909	101.100390	130.069114	0.004685	32.6
1393	-0.206987	100.210168	131.024400	0.005121	30.8
1394	-0.197327	101.210147	129.952299	0.005095	41.4
1395	-0.213348	101.996352	129.121631	0.004826	35.2
1396	-0.202327	102.996352	128.080297	0.004969	34.0
1397	-0.207105	102.106494	129.006108	0.004677	40.5
1398	-0.186933	103.073187	128.000980	0.004876	35.8
1399	-0.191564	102.416866	128.681680	0.004594	42.6
1400	-0.214659	101.749034	129.381789	0.004953	44.4
1401	-0.209150	100.858822	130.326958	0.004787	30.0
1402	-0.205319	101.858630	129.266373	0.004275	52.1
1403	-0.197977	102.858622	128.222721	0.004654	29.0
1404	-0.212292	102.636338	128.453251	0.004535	32.5
1405	-0.215978	101.750635	129.380101	0.004710	32.4
1406	-0.206424	101.054904	130.117587	0.004701	29.2
1407	-0.196442	102.054903	129.060193	0.004888	59.7
1408	-0.206953	103.020261	128.055605	0.005132	51.7
1409	-0.197576	104.019849	127.031745	0.004756	30.0
1410	-0.200425	105.019636	126.023929	0.004523	54.6
1411	-0.205301	104.145562	126.904138	0.004749	58.0
1412	-0.199312	103.255352	127.813324	0.004557	33.3
1413	-0.203834	102.498387	128.596737	0.003822	38.3
1414	-0.221948	103.457146	127.606088	0.004634	39.7
1415	-0.217606	104.446730	126.599470	0.004648	71.5
1416	-0.212131	105.446517	125.598474	0.004902	55.9
1417	-0.205996	104.556338	126.488952	0.004557	34.9
1418	-0.205278	103.666206	127.392098	0.004425	35.9
1419	-0.199690	102.775989	128.308323	0.004898	31.9
1420	-0.214015	103.775989	127.280014	0.004769	25.9
1421	-0.198729	102.885779	128.194614	0.004865	31.3
1422	-0.217156	101.995563	129.122459	0.004873	23.3
1423	-0.213357	102.995547	128.081129	0.005227	22.8
1424	-0.193877	102.763983	128.320770	0.004815	58.6
1425	-0.201506	103.463604	127.599467	0.004593	52.2
1426	-0.201533	104.463602	126.582445	0.004674	43.0
1427	-0.197464	103.573380	127.487025	0.004864	37.0
1428	-0.210171	102.683159	128.404624	0.004992	51.6
1429	-0.206845	103.682783	127.375161	0.004975	47.9
1430	-0.185499	104.673895	126.370632	0.004592	47.0
1431	-0.196452	105.673895	125.373026	0.004922	45.4
1432	-0.202992	106.593722	124.469209	0.005015	47.0
1433	-0.206028	105.703500	125.343733	0.005195	40.2
1434	-0.187787	106.703500	124.362211	0.004586	34.3
1435	-0.198204	107.701511	123.397849	0.004428	37.1
1436	-0.211721	106.811346	124.257275	0.004796	41.1
1437	-0.213903	105.929375	125.120679	0.004983	37.8
1438	-0.208489	105.039246	126.004320	0.004489	40.5
1439	-0.206288	104.155112	126.894453	0.004659	50.1
1440	-0.219671	103.264967	127.803434	0.005083	44.3
1441	-0.211286	102.377975	128.722243	0.004767	37.6
1442	-0.186419	103.377975	127.687315	0.004822	36.8
1443	-0.182281	104.376356	126.670531	0.004586	70.5
1444	-0.208432	103.487780	127.574687	0.004480	38.5
1445	-0.207164	104.485396	126.560461	0.004746	39.0
1446	-0.207692	105.029244	126.014321	0.004718	39.0
1447	-0.231322	104.139082	126.910709	0.004930	46.1
1448	-0.202375	103.404169	127.660429	0.004809	56.6
1449	-0.204485	104.401004	126.645633	0.004991	45.1
1450	-0.201389	105.400888	125.643813	0.005058	50.2
1451	-0.195771	104.528232	126.517273	0.004650	51.0
1452	-0.205834	103.638010	127.420917	0.005136	55.8
1453	-0.198537	104.638010	126.406727	0.004424	45.5
1454	-0.211592	105.638010	125.408553	0.004742	32.3
1455	-0.225715	106.637989	124.426040	0.004973	34.6
1456	-0.207331	106.653860	124.410571	0.004798	25.6
1457	-0.183169	107.600087	123.495169	0.004557	33.4
1458	-0.207879	106.709894	124.355984	0.005126	31.8
1459	-0.207018	105.819713	125.228872	0.005245	27.3
1460	-0.213842	106.684629	124.380590	0.004594	32.9
1461	-0.212923	105.794407	125.253865	0.004956	28.2
1462	-0.200291	106.791936	124.276148	0.004705	31.4
1463	-0.198514	107.605179	123.490280	0.004637	29.0
1464	-0.195112	107.925289	123.183665	0.004667	26.0
1465	-0.217228	107.035621	124.039618	0.005401	27.4
1466	-0.210591	107.448168	123.641231	0.004488	28.3
1467	-0.217877	106.599498	124.463574	0.004762	30.7
1468	-0.192469	107.510840	123.580934	0.005053	30.4
1469	-0.194413	108.510840	122.626721	0.005496	31.4
1470	-0.209377	109.510840	121.687130	0.004697	23.4
1471	-0.183210	108.728763	122.420728	0.004428	29.4
1472	-0.193903	107.866221	123.240128	0.005057	29.6
1473	-0.201232	108.866221	122.291150	0.004722	31.7
1474	-0.203585	109.866221	121.356676	0.004873	29.0
1475	-0.205012	108.975998	122.187864	0.005106	27.6
1476	-0.195484	108.085830	123.030464	0.004579	28.8
1477	-0.192760	109.085830	122.084701	0.004719	31.6
1478	-0.202717	108.220791	122.901969	0.004911	29.1
1479	-0.203388	109.220789	121.958173	0.004555	27.7
1480	-0.209002	110.219236	121.030194	0.005119	29.9
1481	-0.215791	109.330494	121.855516	0.004728	30.0
1482	-0.200302	108.636768	122.507602	0.004537	35.5
1483	-0.197681	108.060102	123.054990	0.004781	24.6
1484	-0.198815	109.025282	122.141550	0.005081	31.1
1485	-0.203380	110.025274	121.209360	0.004594	23.4
1486	-0.204139	111.024352	120.292123	0.004543	25.2
1487	-0.187165	110.134135	121.108738	0.005053	21.4
1488	-0.196300	111.134135	120.192179	0.004572	27.3
1489	-0.208656	110.246760	121.004813	0.004620	21.5
1490	-0.209547	109.356537	121.831171	0.004736	24.6
1491	-0.204525	110.352073	120.907795	0.004787	22.2
1492	-0.207825	111.352073	119.994264	0.004586	23.5
1493	-0.197318	110.461853	120.806829	0.005151	22.4
1494	-0.210671	109.571777	121.630340	0.004667	21.3
1495	-0.211787	110.571777	120.705899	0.004862	25.6
1496	-0.204518	111.570419	119.796631	0.004821	22.8
1497	-0.204658	112.562577	118.906733	0.004436	25.8
1498	-0.222051	112.659720	118.820312	0.004530	21.2
1499	-0.213256	111.770525	119.616079	0.004698	24.6
1500	-0.199784	112.770520	118.721894	0.004772	22.8
1501	-0.207104	113.770243	117.841218	0.005144	23.6
1502	-0.194972	114.770239	116.973275	0.004977	23.2
1503	-0.197145	113.881599	117.743930	0.005346	21.6
1504	-0.211498	114.881556	116.877449	0.004291	22.6
1505	-0.196943	113.991565	117.648014	0.004689	21.8
1506	-0.191105	113.101476	118.428895	0.004349	26.7
1507	-0.196000	114.101474	117.552304	0.004528	28.1
1508	-0.216793	115.101474	116.688593	0.004580	31.0
1509	-0.187339	114.216987	117.451882	0.004895	29.2
1510	-0.192023	115.216987	116.589641	0.004710	30.6
1511	-0.202828	116.147573	115.798546	0.004772	29.3
1512	-0.193107	115.258223	116.554357	0.004764	23.7
1513	-0.222713	114.368004	117.320852	0.004313	27.2
1514	-0.213212	113.477825	118.097460	0.004303	28.0
1515	-0.236579	112.902978	118.604454	0.004894	34.0
1516	-0.206471	113.902960	117.725286	0.005096	29.7
1517	-0.221673	114.902960	116.859041	0.004814	30.9
1518	-0.212353	115.902960	116.005451	0.004496	29.2
1519	-0.214397	116.897120	115.169117	0.004794	26.3
1520	-0.208314	116.006993	115.917365	0.004856	28.7
1521	-0.205905	117.006791	115.077595	0.005001	30.5
1522	-0.205317	118.001059	114.254450	0.004534	31.1
1523	-0.209457	117.110837	114.990901	0.004843	28.0
1524	-0.214363	116.713656	115.322547	0.005057	30.2
1525	-0.218330	117.544597	114.630883	0.004622	28.5
1526	-0.206309	118.544597	113.809419	0.004969	31.2
1527	-0.198577	117.713408	114.491380	0.004375	26.5
1528	-0.198375	118.713188	113.672086	0.004803	30.8
1529	-0.209095	119.615132	112.942962	0.004889	29.8
1530	-0.192655	120.615068	112.145479	0.004879	32.9
1531	-0.202509	119.734640	112.847054	0.004854	32.9
1532	-0.191404	120.732506	112.052556	0.004792	25.8
1533	-0.177841	121.732506	111.267503	0.004865	26.2
1534	-0.217199	122.732503	110.493376	0.005148	27.5
1535	-0.200713	121.842745	111.181632	0.004821	30.2
1536	-0.198944	122.841401	110.409725	0.004657	30.2
1537	-0.224404	121.951179	111.097297	0.004372	30.4
1538	-0.194387	122.951176	110.325528	0.005022	29.5
1539	-0.209876	123.950810	109.564683	0.004452	35.2
1540	-0.216844	123.060588	110.241738	0.004695	34.5
1541	-0.212883	122.310695	110.818593	0.004889	35.5
1542	-0.209843	123.310688	110.050681	0.005229	36.9
1543	-0.189802	122.667349	110.543486	0.004800	47.8
1544	-0.209510	123.667348	109.779364	0.004963	51.0
1545	-0.201555	124.667348	109.025734	0.004882	54.6
1546	-0.194743	124.595784	109.079323	0.005612	30.1
1547	-0.201046	123.753012	109.714398	0.004785	27.6
1548	-0.222659	123.006511	110.283136	0.005035	29.4
1549	-0.193995	122.116320	110.969102	0.004649	34.2
1550	-0.189209	121.859440	111.168639	0.005078	28.6
1551	-0.205141	122.859436	110.395883	0.004488	28.1
1552	-0.209842	123.858322	109.634637	0.004814	33.0
1553	-0.198544	122.968122	110.312543	0.004840	33.3
1554	-0.200107	123.968122	109.551599	0.004152	25.1
1555	-0.219743	123.815956	109.666711	0.005117	22.2
1556	-0.201462	124.815933	108.914638	0.004323	25.3
1557	-0.190847	124.106985	109.446761	0.005404	23.0
1558	-0.204369	123.265270	110.085328	0.004597	37.0
1559	-0.195730	124.226721	109.356525	0.005232	31.3
1560	-0.215011	123.338391	110.029560	0.004641	28.9
1561	-0.195771	122.824813	110.422459	0.004695	23.3
1562	-0.212525	122.553291	110.631317	0.005150	24.8
1563	-0.203246	121.663184	111.321569	0.004565	21.3
1564	-0.196188	120.773385	112.020247	0.004482	30.1
1565	-0.204203	119.883812	112.727569	0.004746	25.8
1566	-0.207181	118.993920	113.444138	0.004265	28.1
1567	-0.202720	119.071950	113.380942	0.004704	32.9
1568	-0.217208	120.071950	112.577232	0.005478	36.3
1569	-0.197283	121.071905	111.784871	0.004409	41.9
1570	-0.203656	122.070717	111.004473	0.004854	52.3
1571	-0.204038	122.955886	110.321919	0.004892	67.3
1572	-0.210676	122.065665	111.008393	0.004835	49.0
1573	-0.216162	121.175442	111.703465	0.004782	32.8
1574	-0.205408	122.175219	110.923452	0.004734	34.0
1575	-0.204122	123.175219	110.154086	0.004439	43.2
1576	-0.221127	122.934014	110.338684	0.005506	32.9
1577	-0.219958	123.934014	109.577381	0.004977	34.2
1578	-0.196774	123.063924	110.239185	0.004449	30.9
1579	-0.204831	124.063924	109.479250	0.004737	30.5
1580	-0.189317	123.173701	110.155246	0.005218	32.3
1581	-0.198945	124.168784	109.400170	0.004647	27.3
1582	-0.211787	125.168783	108.651719	0.005172	29.3
1583	-0.208211	126.168783	107.913439	0.004844	29.4
1584	-0.206245	126.152007	107.925743	0.004420	32.5
1585	-0.217785	125.261898	108.582548	0.004883	46.6
1586	-0.201750	126.241483	107.860158	0.004530	44.9
1587	-0.198691	125.351261	108.516247	0.004520	49.4
1588	-0.202801	124.471456	109.172548	0.004499	50.0
1589	-0.213252	125.314627	108.543417	0.004564	38.4
1590	-0.206949	124.424405	109.207870	0.004661	44.6
1591	-0.205036	125.387011	108.489745	0.004661	46.9
1592	-0.218211	124.517270	109.138177	0.004648	47.6
1593	-0.208928	123.627051	109.809952	0.004863	60.2
1594	-0.200709	124.627047	109.055906	0.004371	43.2
1595	-0.194155	123.736825	109.726668	0.005174	36.8
1596	-0.203376	123.118378	110.197532	0.004216	51.4
1597	-0.205493	124.118378	109.438169	0.004694	52.7
1598	-0.194724	123.229915	110.112313	0.004441	55.0
1599	-0.229678	122.339774	110.796111	0.005223	51.3
1600	-0.221519	121.453315	111.485574	0.004972	51.1
1601	-0.209673	120.568469	112.182393	0.004568	45.4
1602	-0.200613	119.678247	112.892291	0.004775	45.7
1603	-0.200886	118.788034	113.611223	0.004879	39.8
1604	-0.197780	119.788018	112.804270	0.004443	35.3
1605	-0.195828	118.937493	113.489882	0.004585	50.0
1606	-0.190227	119.937011	112.685018	0.004876	25.1
1607	-0.209624	120.355534	112.351382	0.005089	26.6
1608	-0.199333	121.355534	111.562151	0.005361	24.3
1609	-0.220768	120.465312	112.264197	0.005048	22.6
1610	-0.216821	121.463965	111.477240	0.004547	23.6
1611	-0.213441	120.573780	112.178184	0.005294	22.1
1612	-0.210780	121.573780	111.391376	0.004569	42.4
1613	-0.190976	120.683557	112.091268	0.004707	38.6
1614	-0.180376	121.683481	111.305734	0.004196	27.5
1615	-0.203806	122.681498	110.532600	0.004827	44.2
1616	-0.202133	121.850962	111.175237	0.004594	37.0
1617	-0.202949	122.850962	110.402387	0.004219	46.1
1618	-0.197333	123.620126	109.815210	0.004717	32.2
1619	-0.202651	124.619937	109.061231	0.004939	28.1
1620	-0.199617	123.729715	109.732059	0.004789	23.7
1621	-0.207950	122.871447	110.386667	0.005055	27.4
1622	-0.202118	121.981229	111.073948	0.005258	30.0
1623	-0.205170	122.606947	110.589981	0.004479	31.2
1624	-0.212691	123.606947	109.825219	0.004873	28.5
1625	-0.205786	122.716724	110.505508	0.004518	27.4
1626	-0.208473	121.826502	111.194277	0.004758	26.2
1627	-0.203249	122.826501	110.421163	0.004849	25.8
1628	-0.218933	121.939790	111.106148	0.004662	23.0
1629	-0.213889	122.939734	110.334298	0.004873	25.3
1630	-0.210874	122.049514	111.020926	0.004706	23.2
1631	-0.201041	121.748196	111.255274	0.004843	28.8
1632	-0.191304	120.858008	111.953423	0.004736	42.4
1633	-0.202498	121.857786	111.169926	0.004885	42.4
1634	-0.202699	120.986777	111.851892	0.005043	47.8
1635	-0.206468	121.985581	111.070567	0.005088	45.8
1636	-0.206131	122.985581	110.299167	0.005352	50.6
1637	-0.199555	122.096969	110.984108	0.004718	48.5
1638	-0.220815	123.091039	110.218440	0.005166	36.0
1639	-0.201760	123.263088	110.086993	0.004936	37.4
1640	-0.200455	124.263088	109.329148	0.004381	32.2
1641	-0.196039	125.242895	108.596657	0.004697	27.1
1642	-0.199675	126.242881	107.859133	0.004943	22.7
1643	-0.212665	125.352680	108.515195	0.005481	28.9
1644	-0.215010	124.462458	109.179302	0.005248	23.2
1645	-0.205248	123.572249	109.851577	0.004714	28.4
1646	-0.209163	122.682027	110.532193	0.004750	25.2
1647	-0.218007	121.792987	111.220375	0.004959	26.6
1648	-0.211923	120.941847	111.887297	0.004908	23.8
1649	-0.203686	121.941435	111.104870	0.005116	23.5
1650	-0.213835	121.051432	111.800982	0.004919	25.7
1651	-0.223520	121.864188	111.164945	0.005350	22.7
1652	-0.200955	120.973966	111.861985	0.005422	24.7
1653	-0.202530	120.083743	112.567821	0.004929	24.8
1654	-0.204422	119.193526	113.282617	0.005255	26.4
1655	-0.195855	120.193526	112.480296	0.004663	24.7
1656	-0.230261	119.304454	113.193054	0.004706	31.4
1657	-0.197148	118.414232	113.915842	0.004994	38.5
1658	-0.201961	117.524010	114.647920	0.004492	37.8
1659	-0.194009	116.638117	115.385839	0.004325	34.4
1660	-0.199071	117.638099	114.553573	0.004603	39.2
1661	-0.211458	118.527131	113.823666	0.005319	33.0
1662	-0.206396	118.832727	113.574911	0.004872	35.3
1663	-0.209744	117.942537	114.302573	0.005013	33.6
1664	-0.203162	118.920937	113.503310	0.004526	33.9
1665	-0.206052	118.037859	114.224209	0.004706	46.8
1666	-0.199051	119.037770	113.408615	0.004942	37.0
1667	-0.224446	120.037766	112.604517	0.004733	35.0
1668	-0.212643	119.147547	113.319783	0.004864	37.9
1669	-0.213244	120.147547	112.516936	0.005250	30.9
1670	-0.217470	121.147547	111.725386	0.005560	26.7
1671	-0.214251	122.144651	110.947139	0.005072	26.9
1672	-0.197608	121.254439	111.641434	0.005064	26.2
1673	-0.208551	120.364251	112.344454	0.004177	26.9
1674	-0.190414	119.477187	113.053870	0.004105	33.8
1675	-0.190758	118.586966	113.774875	0.004801	28.4
1676	-0.193906	119.557926	112.988929	0.004351	38.7
1677	-0.205063	118.673404	113.704465	0.005153	31.1
1678	-0.203202	119.673403	112.896178	0.004871	29.1
1679	-0.213515	118.783181	113.615168	0.004705	32.9
1680	-0.196088	119.783165	112.808158	0.004701	27.2
1681	-0.199264	118.892942	113.526024	0.004455	28.7
1682	-0.192357	118.002974	114.252876	0.004859	27.6
1683	-0.205206	117.652859	114.541379	0.005042	39.2
1684	-0.214058	118.198033	114.092773	0.004657	35.4
1685	-0.198653	119.196807	113.279967	0.004944	31.0
1686	-0.205252	120.196779	112.477705	0.004471	33.4
1687	-0.206404	121.196142	111.687205	0.004844	34.5
1688	-0.219534	122.196141	110.907245	0.004741	30.7
1689	-0.201150	121.305949	111.601023	0.004965	33.5
1690	-0.203805	122.305949	110.822263	0.004495	32.0
1691	-0.194975	123.305899	110.054333	0.004846	30.7
1692	-0.208980	124.305883	109.296948	0.004810	34.0
1693	-0.196188	125.305812	108.549957	0.004762	33.5
1694	-0.220648	124.415590	109.214491	0.004670	35.7
1695	-0.206365	123.532469	109.881812	0.004916	32.8
1696	-0.202150	122.642247	110.562804	0.004518	31.6
1697	-0.192672	123.466973	109.931628	0.004381	32.2
1698	-0.225036	122.580651	110.610235	0.004647	33.9
1699	-0.229972	122.839003	110.411566	0.005119	31.0
1700	-0.212498	123.838817	109.649401	0.005051	32.8
1701	-0.209571	122.959233	110.319354	0.005105	33.8
1702	-0.206478	123.959233	109.558317	0.004352	37.4
1703	-0.216942	123.745814	109.719854	0.004695	29.0
1704	-0.209817	122.855622	110.398811	0.004850	28.5
1705	-0.209629	121.970672	111.082149	0.005175	31.0
1706	-0.209630	122.835775	110.414043	0.004975	26.5
1707	-0.200944	123.835775	109.651704	0.004743	29.8
1708	-0.208273	122.945553	110.329838	0.004706	23.7
1709	-0.191911	122.687829	110.527730	0.004314	30.0
1710	-0.206742	121.797667	111.216730	0.004639	25.5
1711	-0.205224	122.797667	110.443305	0.004456	29.1
1712	-0.222331	121.912172	111.127620	0.004749	26.0
1713	-0.205643	122.912172	110.355430	0.004705	41.0
1714	-0.218770	122.023452	111.041157	0.005333	34.7
1715	-0.218175	122.993836	110.292843	0.004951	27.3
1716	-0.222560	122.565048	110.622256	0.004838	28.0
1717	-0.214155	123.564655	109.857348	0.004822	24.8
1718	-0.206103	122.683045	110.531410	0.004848	31.2
1719	-0.196854	123.683045	109.767455	0.004779	27.1
1720	-0.205174	122.792822	110.447026	0.004845	31.2
1721	-0.198734	121.902635	111.135037	0.004895	27.2
1722	-0.216024	122.902635	110.362743	0.004852	26.3
1723	-0.207857	123.902635	109.601110	0.005136	24.5
1724	-0.204780	123.012414	110.278615	0.004485	26.8
1725	-0.200525	122.134626	110.954910	0.004802	26.2
1726	-0.186600	123.134626	110.185110	0.004406	32.4
1727	-0.211639	123.323459	110.040943	0.004813	31.8
1728	-0.222546	124.289082	109.309587	0.005354	23.5
1729	-0.194960	125.289082	108.562371	0.004766	30.3
1730	-0.192239	126.289082	107.825301	0.004404	26.9
1731	-0.214769	125.399063	108.480814	0.004740	28.7
1732	-0.191565	124.509147	109.144270	0.005018	20.5
1733	-0.185976	123.620025	109.815287	0.004677	24.4
1734	-0.212111	124.620023	109.061166	0.004594	21.4
1735	-0.191569	125.620004	108.317345	0.004713	20.5
1736	-0.192137	124.730150	108.978750	0.004575	24.4
1737	-0.199458	125.730150	108.236035	0.004787	21.4
1738	-0.216587	124.842011	108.895163	0.005073	24.9
1739	-0.206292	123.951789	109.563943	0.004933	21.1
1740	-0.207457	123.338081	110.029796	0.005322	20.7
1741	-0.210570	122.497193	110.674566	0.005091	21.3
1742	-0.210076	121.609190	111.363717	0.005235	25.5
1743	-0.202547	122.609190	110.588254	0.004514	25.0
1744	-0.196908	123.608147	109.824307	0.004581	20.6
1745	-0.210680	124.608147	109.070062	0.004453	23.9
1746	-0.215264	124.211336	109.368111	0.004751	21.2
1747	-0.222561	125.155788	108.661380	0.005070	23.6
1748	-0.216523	126.155788	107.922969	0.004839	20.5
1749	-0.207275	127.148736	107.199629	0.004753	20.6
1750	-0.212187	126.919203	107.365976	0.004752	24.2
1751	-0.208265	127.919198	106.645011	0.004614	21.9
1752	-0.208570	127.196552	107.165041	0.005220	24.3
1753	-0.223188	126.329857	107.795459	0.004931	21.2
1754	-0.210049	125.461320	108.434702	0.004861	21.6
1755	-0.212411	126.461320	107.699358	0.005369	20.6
1756	-0.208269	125.571098	108.353487	0.004362	22.0
1757	-0.207998	124.680896	109.015595	0.004884	30.1
1758	-0.218599	123.790673	109.685860	0.004841	25.1
1759	-0.203836	124.790265	108.933814	0.004624	32.5
1760	-0.198041	123.900043	109.603070	0.004999	33.4
1761	-0.232082	124.419073	109.211875	0.005226	25.9
1762	-0.204803	125.419072	108.465989	0.004548	29.6
1763	-0.194317	126.385971	107.754418	0.004840	26.1
1764	-0.209534	127.384842	107.029056	0.004574	33.1
1765	-0.197540	128.384840	106.312592	0.005010	22.8
1766	-0.216429	127.497442	106.947900	0.004892	33.3
1767	-0.225174	126.607220	107.592905	0.005378	28.3
1768	-0.220632	125.804214	108.181429	0.004429	30.7
1769	-0.215651	126.804214	107.449505	0.004952	26.5
1770	-0.215926	125.952662	108.072146	0.004572	25.3
1771	-0.202561	125.062440	108.730825	0.004716	26.3
1772	-0.212524	124.489550	109.158971	0.004518	28.8
1773	-0.210615	123.656589	109.787530	0.004860	26.4
1774	-0.200754	124.656418	109.033915	0.004831	30.4
1775	-0.218262	125.617139	108.319461	0.005081	23.8
1776	-0.207633	126.617139	107.585675	0.004641	30.9
1777	-0.201386	127.301892	107.088921	0.004675	26.4
1778	-0.205407	126.774415	107.471172	0.004822	27.9
1779	-0.215400	125.892753	108.116223	0.004925	25.9
1780	-0.215503	126.892753	107.385178	0.004875	27.1
1781	-0.213895	127.892753	106.663953	0.004755	23.3
1782	-0.198113	128.892616	105.952448	0.004510	26.8
1783	-0.199911	128.002394	106.585466	0.005193	26.4
1784	-0.215201	128.502663	106.228807	0.004608	27.7
1785	-0.210393	127.873030	106.678084	0.004715	27.1
1786	-0.204426	126.982807	107.319829	0.004965	28.7
1787	-0.193779	127.982807	106.599479	0.004516	30.0
1788	-0.209601	128.982807	105.888734	0.004944	27.3
1789	-0.193841	128.731870	106.066194	0.004498	28.1
1790	-0.203414	128.716815	106.076860	0.004343	27.3
1791	-0.203063	129.716815	105.373044	0.004534	29.3
1792	-0.200323	128.826594	105.999136	0.004518	26.5
1793	-0.209321	128.006243	106.582713	0.004911	25.1
1794	-0.207630	129.006240	105.872193	0.005009	28.0
1795	-0.199992	130.006240	105.171081	0.004595	29.2
1796	-0.212365	129.416470	105.583448	0.004970	26.6
1797	-0.206069	128.526334	106.211990	0.004642	31.0
1798	-0.215399	129.236019	105.710266	0.004322	24.0
1799	-0.216612	130.189161	105.043837	0.004727	30.5
1800	-0.217595	131.189109	104.353653	0.005154	26.5
1801	-0.204290	130.309500	104.960294	0.005138	29.1
1802	-0.200499	131.309500	104.271169	0.004483	28.1
1803	-0.220177	131.231413	104.324654	0.004812	28.0
1804	-0.218888	130.956039	104.513711	0.004846	26.8
1805	-0.212864	131.956039	103.830419	0.004645	30.4
1806	-0.204511	131.066269	104.437951	0.004440	28.3
1807	-0.210764	132.066269	103.755646	0.005090	28.0
1808	-0.204951	131.875828	103.884897	0.004320	26.4
1809	-0.209426	132.870077	103.213632	0.004956	22.9
1810	-0.214164	131.980519	103.813803	0.004931	24.6
1811	-0.228833	132.980519	103.139603	0.004685	22.6
1812	-0.203769	132.639895	103.368266	0.004466	20.4
1813	-0.199569	131.749673	103.970694	0.004468	22.0
1814	-0.212687	130.859510	104.580145	0.004748	21.1
1815	-0.196576	129.969288	105.196823	0.004980	21.6
1816	-0.215569	129.107289	105.800922	0.005103	23.4
1817	-0.198156	128.331445	106.350606	0.004551	20.8
1818	-0.200446	129.331437	105.643170	0.005133	23.9
1819	-0.202420	129.890388	105.251830	0.004544	20.9
1820	-0.222906	130.890388	104.558884	0.005036	20.9
1821	-0.200850	131.887476	103.876982	0.005371	21.2
1822	-0.210468	132.887452	103.201979	0.004364	20.9
1823	-0.206221	133.887452	102.535676	0.005254	22.4
1824	-0.208774	132.997327	103.128346	0.004859	24.2
1825	-0.207128	132.107105	103.727973	0.004790	24.0
1826	-0.221816	132.784660	103.270960	0.005052	20.6
1827	-0.200209	132.237015	103.640035	0.004502	20.7
1828	-0.212225	133.236994	102.968096	0.005518	23.6
1829	-0.193179	134.236993	102.304800	0.005293	22.5
1830	-0.220352	135.227609	101.656100	0.004859	24.5
1831	-0.221377	134.341526	102.235957	0.004806	20.6
1832	-0.191039	133.459707	102.819628	0.004461	23.3
1833	-0.215402	134.457867	102.159446	0.004487	24.6
1834	-0.215497	135.457387	101.506805	0.005488	30.1
1835	-0.206839	135.168247	101.694742	0.005024	23.1
1836	-0.207017	136.168247	101.047698	0.004511	30.2
1837	-0.207755	137.168244	100.408838	0.005000	27.1
1838	-0.210223	136.278022	100.977170	0.004380	30.4
1839	-0.218054	135.387845	101.551943	0.004489	27.5
1840	-0.199643	134.510730	102.124719	0.004629	32.1
1841	-0.200337	135.503326	101.477010	0.004887	27.7
1842	-0.203530	134.613104	102.057533	0.005275	29.1
1843	-0.209472	133.770593	102.613095	0.004837	33.3
1844	-0.207042	134.518688	102.119493	0.004968	37.6
1845	-0.221039	133.628853	102.707155	0.005102	34.3
1846	-0.200982	134.375717	102.213460	0.004333	31.8
1847	-0.217873	135.375717	101.559819	0.004870	47.8
1848	-0.220092	134.486039	102.140936	0.005457	41.7
1849	-0.220993	133.595817	102.729103	0.005092	54.9
1850	-0.228346	134.595817	102.068872	0.004921	74.0
1851	-0.214231	135.586537	101.423085	0.004811	47.3
1852	-0.214774	136.586537	100.779482	0.004971	42.6
1853	-0.207874	137.586167	100.144230	0.004564	50.0
1854	-0.217679	136.695945	100.709562	0.004276	49.9
1855	-0.208937	137.695941	100.074958	0.004667	64.3
1856	-0.213963	138.070133	99.839544	0.005242	43.6
1857	-0.209708	137.180215	100.401239	0.004743	31.8
1858	-0.201787	138.180177	99.770524	0.004690	33.4
1859	-0.210415	137.292274	100.330163	0.004823	36.1
1860	-0.186656	136.760165	100.668566	0.005326	43.5
1861	-0.209209	137.749158	100.041410	0.004216	36.0
1862	-0.201646	138.724752	99.430360	0.004907	36.4
1863	-0.228072	139.592084	98.893352	0.005068	49.2
1864	-0.202321	140.574978	98.291763	0.004933	42.4
1865	-0.219305	141.520140	97.720132	0.004536	37.4
1866	-0.208904	140.637292	98.253871	0.004771	38.3
1867	-0.190644	141.475911	97.746733	0.004175	49.1
1868	-0.209502	142.471544	97.151401	0.004547	43.7
1869	-0.212754	141.584379	97.681522	0.004772	40.2
1870	-0.217714	142.584365	97.084398	0.005591	44.6
1871	-0.197245	141.694153	97.615613	0.004473	40.2
1872	-0.203336	141.506716	97.728205	0.005089	38.4
1873	-0.215944	140.616493	98.266515	0.005115	34.7
1874	-0.186700	141.539417	97.708542	0.004654	34.1
1875	-0.220765	140.684762	98.225023	0.004837	35.9
1876	-0.225323	141.683128	97.622229	0.005061	38.9
1877	-0.197422	140.792933	98.159352	0.004908	43.8
1878	-0.207281	139.902816	98.702372	0.004883	41.5
1879	-0.194968	139.012712	99.251424	0.005021	38.8
1880	-0.224229	139.880279	98.716199	0.004394	37.5
1881	-0.206038	138.990066	99.265473	0.005067	28.8
1882	-0.191112	139.989838	98.649019	0.004710	22.2
1883	-0.229941	140.799621	98.155295	0.004962	34.8
1884	-0.199778	141.670059	97.630072	0.004333	37.9
1885	-0.207062	140.780092	98.167144	0.004466	40.9
1886	-0.207518	141.779807	97.564248	0.005003	33.0
1887	-0.198047	140.889585	98.100749	0.004731	34.4
1888	-0.199787	139.999363	98.643183	0.004810	27.7
1889	-0.212581	139.109141	99.191648	0.005026	34.8
1890	-0.201911	138.218919	99.746247	0.004753	30.7
1891	-0.202189	137.332439	100.304711	0.004830	30.0
1892	-0.208432	138.332439	99.675180	0.005107	35.4
1893	-0.201691	137.443626	100.234323	0.004856	58.0
1894	-0.220770	136.777344	100.657605	0.004996	67.0
1895	-0.195727	137.775461	100.024837	0.005236	36.5
1896	-0.210442	138.774161	99.399612	0.004684	69.1
1897	-0.196423	139.774159	98.781357	0.005142	89.1
1898	-0.214387	139.039005	99.235118	0.005065	33.9
1899	-0.221604	140.038990	98.618909	0.005389	36.9
1900	-0.206776	141.038327	98.010698	0.004723	38.1
1901	-0.221390	140.148105	98.552134	0.005053	38.4
1902	-0.204831	141.148105	97.944343	0.004602	38.9
1903	-0.228353	142.148105	97.344003	0.004679	39.1
1904	-0.209682	143.039949	96.814768	0.004118	32.9
1905	-0.205340	142.185980	97.321409	0.004913	34.4
1906	-0.215050	141.295785	97.855219	0.004410	31.6
1907	-0.220907	140.578397	98.289684	0.004765	33.8
1908	-0.206201	140.494633	98.340665	0.004715	41.7
1909	-0.219107	141.494633	97.735472	0.004883	34.4
1910	-0.214278	142.494568	97.137720	0.004665	30.3
1911	-0.210438	141.604346	97.669527	0.005310	42.1
1912	-0.220851	142.604343	97.072543	0.005085	34.2
1913	-0.200336	141.714483	97.603417	0.005065	36.9
1914	-0.196095	140.830531	98.136547	0.004531	25.3
1915	-0.204001	139.940350	98.679353	0.004434	55.0
1916	-0.205436	140.584952	98.285696	0.004639	41.7
1917	-0.214003	139.697085	98.828734	0.004829	35.9
1918	-0.205563	140.697083	98.217539	0.004771	38.7
1919	-0.215226	140.182013	98.531401	0.004725	35.1
1920	-0.199865	141.182013	97.923865	0.005189	34.6
1921	-0.211577	142.182013	97.323775	0.005176	28.7
1922	-0.213257	142.094588	97.375945	0.005035	28.4
1923	-0.226526	143.094588	96.782531	0.004876	25.9
1924	-0.205957	142.934690	96.876930	0.004461	26.7
1925	-0.205367	143.576748	96.498987	0.004442	30.0
1926	-0.227701	144.576748	95.916182	0.004659	24.1
1927	-0.218204	143.743343	96.401404	0.005092	30.1
1928	-0.212213	142.853139	96.925147	0.005076	25.2
1929	-0.212557	141.976391	97.446566	0.004516	28.2
1930	-0.201254	141.086255	97.981717	0.004649	27.5
1931	-0.208262	140.196033	98.522832	0.005106	36.9
1932	-0.221529	139.321620	99.060187	0.005158	41.6
1933	-0.209296	138.433285	99.612133	0.004632	39.8
1934	-0.214821	139.433285	98.991239	0.004786	33.7
1935	-0.195213	139.801448	98.764593	0.005507	44.0
1936	-0.215298	140.761097	98.178671	0.005092	49.4
1937	-0.212038	141.637755	97.649464	0.005131	57.2
1938	-0.211912	141.501094	97.731586	0.005102	60.3
1939	-0.210848	142.499147	97.134999	0.004638	70.6
1940	-0.223393	143.499120	96.544526	0.005418	51.0
1941	-0.214973	142.608900	97.069839	0.004553	51.8
1942	-0.209675	141.718678	97.600901	0.005320	33.3
1943	-0.218561	141.318211	97.841699	0.004902	56.5
1944	-0.218888	140.431772	98.378958	0.004601	35.2
1945	-0.213137	140.765144	98.176215	0.004304	30.6
1946	-0.198185	141.643699	97.645895	0.004782	41.1
1947	-0.199236	142.634912	97.054409	0.004499	40.1
1948	-0.199358	141.746396	97.584278	0.004737	44.2
1949	-0.211326	142.716089	97.006285	0.004950	50.1
1950	-0.196125	143.716089	96.417355	0.004743	51.0
1951	-0.203874	143.913904	96.301702	0.004344	50.3
1952	-0.185142	144.913904	95.721270	0.004499	56.4
1953	-0.230400	144.023681	96.237640	0.004722	43.6
1954	-0.217765	145.023632	95.658006	0.004910	42.9
1955	-0.208815	144.133410	96.173691	0.004571	46.3
1956	-0.206787	145.133410	95.594797	0.004469	43.5
1957	-0.209643	144.243190	96.109798	0.004488	36.2
1958	-0.206991	143.368684	96.621140	0.004659	28.4
1959	-0.195227	144.368684	96.036863	0.004562	30.6
1960	-0.202152	143.483531	96.553676	0.004793	30.7
1961	-0.212149	142.596185	97.077383	0.004624	32.2
1962	-0.207598	141.791660	97.557145	0.005458	43.7
1963	-0.227447	142.791660	96.961528	0.004660	38.6
1964	-0.210402	143.791660	96.373139	0.004949	60.8
1965	-0.214107	144.791364	95.792019	0.004900	54.6
1966	-0.200697	145.791364	95.217697	0.004742	49.9
1967	-0.223252	144.901142	95.728633	0.004609	41.7
1968	-0.216695	145.901142	95.155068	0.004627	42.7
1969	-0.210556	145.011316	95.665103	0.004799	39.5
1970	-0.227836	144.121094	96.180865	0.005523	36.7
1971	-0.230276	145.121092	95.601885	0.005548	52.0
1972	-0.202675	144.230878	96.116959	0.004578	35.6
1973	-0.198823	143.361846	96.625160	0.004887	33.6
1974	-0.197691	142.471769	97.151267	0.004802	33.4
1975	-0.198104	143.471286	96.560864	0.004766	25.1
1976	-0.213574	142.785929	96.964921	0.004820	27.7
1977	-0.215020	143.780098	96.379901	0.004759	47.4
1978	-0.203380	142.889876	96.903421	0.004392	29.2
1979	-0.205047	143.889876	96.315735	0.004660	21.7
1980	-0.220962	144.885463	95.737681	0.004652	22.5
1981	-0.198519	145.655672	95.295224	0.004579	21.0
1982	-0.212279	146.655663	94.726830	0.004620	23.4
1983	-0.210079	145.766769	95.231740	0.005247	21.8
1984	-0.214380	146.766769	94.664096	0.004853	22.4
1985	-0.198671	147.323180	94.351174	0.005034	21.2
1986	-0.207428	146.433631	94.852447	0.004946	27.0
1987	-0.221637	145.543433	95.359446	0.005551	29.5
1988	-0.198542	146.070539	95.058588	0.004546	32.1
1989	-0.206884	145.180317	95.567814	0.004531	34.1
1990	-0.219233	146.180315	94.996169	0.005444	51.1
1991	-0.217167	145.290093	95.504725	0.005224	58.2
1992	-0.217235	146.289608	94.934107	0.004662	54.5
1993	-0.205780	145.400182	95.441540	0.004952	50.5
1994	-0.214658	144.855892	95.754751	0.005192	43.1
1995	-0.195483	143.965670	96.271482	0.004885	44.4
1996	-0.193926	144.965670	95.691414	0.004985	51.4
1997	-0.219134	144.286534	96.084594	0.004708	34.3
1998	-0.208805	145.285943	95.507108	0.004726	36.6
1999	-0.217998	144.396982	96.020431	0.004729	44.9
