1:ItNr	2:Metric	3a:Time	3b:StepSize	4:||Gradient||	Time[ms]
0	-0.999883	0.000000	11.923009	0.000095	2245.8
1	-0.999887	0.000000	11.923009	0.000054	2.4
2	-0.999878	0.000000	11.923009	0.000051	2.4
3	-0.999883	0.000081	11.922963	0.000041	2.4
4	-0.999890	0.000177	11.922909	0.000125	2.5
5	-0.999883	0.000000	11.923009	0.000098	2.6
6	-0.999892	0.000775	11.922569	0.000067	2.3
7	-0.999877	0.000662	11.922633	0.000066	2.9
8	-0.999892	0.000754	11.922581	0.000053	2.5
9	-0.999887	0.000918	11.922488	0.000053	2.4
10	-0.999884	0.000869	11.922516	0.000015	2.4
11	-0.999890	0.000838	11.922533	0.000017	2.4
12	-0.999878	0.000838	11.922533	0.000127	2.3
13	-0.999883	0.000966	11.922460	0.000113	3.3
14	-0.999876	0.001938	11.921909	0.000060	3.4
15	-0.999887	0.002179	11.921772	0.000046	2.4
16	-0.999884	0.002370	11.921663	0.000059	2.4
17	-0.999890	0.002317	11.921694	0.000166	3.5
18	-0.999890	0.002925	11.921349	0.000039	2.3
19	-0.999883	0.003224	11.921179	0.000173	2.4
20	-0.999886	0.002935	11.921343	0.000125	2.4
21	-0.999889	0.003932	11.920777	0.000175	2.4
22	-0.999882	0.004754	11.920311	0.000094	2.3
23	-0.999886	0.005756	11.919742	0.000112	2.5
24	-0.999881	0.006041	11.919580	0.000065	2.5
25	-0.999888	0.006118	11.919536	0.000028	2.4
26	-0.999884	0.006135	11.919527	0.000064	2.4
27	-0.999904	0.006087	11.919554	0.000033	3.2
28	-0.999894	0.006148	11.919520	0.000107	3.4
29	-0.999889	0.006313	11.919426	0.000071	3.7
30	-0.999883	0.006657	11.919230	0.000040	2.4
31	-0.999891	0.006511	11.919313	0.000059	2.3
32	-0.999877	0.006604	11.919261	0.000032	2.4
33	-0.999868	0.006688	11.919213	0.000013	2.3
34	-0.999894	0.006699	11.919207	0.000021	2.3
35	-0.999889	0.006700	11.919206	0.000061	2.6
36	-0.999889	0.006696	11.919208	0.000040	2.5
37	-0.999893	0.006827	11.919134	0.000047	2.4
38	-0.999885	0.006875	11.919107	0.000052	2.4
39	-0.999878	0.007002	11.919035	0.000025	2.4
40	-0.999874	0.006996	11.919038	0.000055	2.4
41	-0.999876	0.007065	11.918999	0.000030	3.4
42	-0.999876	0.007152	11.918950	0.000014	3.5
43	-0.999878	0.007168	11.918941	0.000022	2.4
44	-0.999878	0.007172	11.918938	0.000034	2.4
45	-0.999884	0.007144	11.918954	0.000039	2.4
46	-0.999889	0.007236	11.918902	0.000016	2.4
47	-0.999889	0.007218	11.918912	0.000019	3.3
48	-0.999870	0.007234	11.918903	0.000015	2.9
49	-0.999891	0.007228	11.918907	0.000019	2.3
50	-0.999880	0.007232	11.918904	0.000019	2.4
51	-0.999868	0.007243	11.918898	0.000025	2.4
52	-0.999883	0.007258	11.918889	0.000043	2.4
53	-0.999891	0.007303	11.918864	0.000022	2.6
54	-0.999883	0.007347	11.918839	0.000137	3.0
55	-0.999888	0.007308	11.918861	0.000097	4.2
56	-0.999872	0.008174	11.918370	0.000044	2.6
57	-0.999886	0.007924	11.918512	0.000059	2.5
58	-0.999885	0.007921	11.918514	0.000027	2.4
59	-0.999900	0.007976	11.918482	0.000018	3.6
60	-0.999885	0.007966	11.918488	0.000023	2.5
61	-0.999886	0.007985	11.918477	0.000028	2.4
62	-0.999885	0.008013	11.918461	0.000018	2.4
63	-0.999876	0.008018	11.918459	0.000057	2.5
64	-0.999876	0.008014	11.918461	0.000019	2.5
65	-0.999882	0.008030	11.918452	0.000028	2.5
66	-0.999890	0.008049	11.918441	0.000053	2.4
67	-0.999882	0.008010	11.918463	0.000028	2.4
68	-0.999869	0.008043	11.918444	0.000020	2.4
69	-0.999891	0.008026	11.918454	0.000077	4.3
70	-0.999876	0.008095	11.918415	0.000058	2.5
71	-0.999885	0.008395	11.918245	0.000040	3.6
72	-0.999882	0.008488	11.918192	0.000136	2.4
73	-0.999891	0.008440	11.918219	0.000191	2.5
74	-0.999890	0.009862	11.917412	0.000071	2.5
75	-0.999878	0.010515	11.917042	0.000025	2.3
76	-0.999872	0.010414	11.917099	0.000050	2.4
77	-0.999876	0.010412	11.917100	0.000052	2.5
78	-0.999894	0.010341	11.917141	0.000085	2.4
79	-0.999879	0.010473	11.917066	0.000078	2.5
80	-0.999880	0.010546	11.917024	0.000044	2.4
81	-0.999873	0.010774	11.916895	0.000013	2.4
82	-0.999896	0.010779	11.916892	0.000032	2.4
83	-0.999885	0.010765	11.916900	0.000017	4.2
84	-0.999883	0.010786	11.916888	0.000183	2.4
85	-0.999879	0.010793	11.916884	0.000149	2.4
86	-0.999866	0.012465	11.915936	0.000097	2.4
87	-0.999885	0.012301	11.916029	0.000062	2.4
88	-0.999879	0.012454	11.915942	0.000050	2.3
89	-0.999880	0.012550	11.915888	0.000083	2.5
90	-0.999876	0.012670	11.915820	0.000106	3.5
91	-0.999884	0.013228	11.915503	0.000014	2.4
92	-0.999889	0.013224	11.915506	0.000019	2.5
93	-0.999885	0.013217	11.915510	0.000029	2.4
94	-0.999876	0.013203	11.915518	0.000035	2.3
95	-0.999886	0.013210	11.915514	0.000013	2.5
96	-0.999897	0.013195	11.915522	0.000011	2.6
97	-0.999868	0.013194	11.915522	0.000007	4.7
98	-0.999886	0.013193	11.915523	0.000025	2.6
99	-0.999882	0.013199	11.915520	0.000028	2.4
100	-0.999878	0.013241	11.915496	0.000015	2.4
101	-0.999879	0.013256	11.915487	0.000024	3.6
102	-0.999897	0.013267	11.915481	0.000036	2.4
103	-0.999882	0.013290	11.915468	0.000043	2.4
104	-0.999889	0.013377	11.915419	0.000044	2.4
105	-0.999877	0.013443	11.915381	0.000022	2.4
106	-0.999877	0.013469	11.915367	0.000018	2.4
107	-0.999889	0.013463	11.915370	0.000030	2.4
108	-0.999885	0.013465	11.915369	0.000051	2.4
109	-0.999883	0.013488	11.915356	0.000039	2.4
110	-0.999876	0.013614	11.915285	0.000012	2.4
111	-0.999883	0.013611	11.915286	0.000014	4.7
112	-0.999897	0.013607	11.915288	0.000015	2.6
113	-0.999897	0.013609	11.915287	0.000013	3.7
114	-0.999873	0.013612	11.915285	0.000086	2.4
115	-0.999888	0.013598	11.915294	0.000049	2.5
116	-0.999882	0.013783	11.915188	0.000041	2.4
117	-0.999880	0.013845	11.915154	0.000062	2.5
118	-0.999873	0.014003	11.915064	0.000018	2.9
119	-0.999880	0.013973	11.915081	0.000027	2.4
120	-0.999879	0.013948	11.915095	0.000099	2.4
121	-0.999876	0.013987	11.915073	0.000075	2.4
122	-0.999878	0.014392	11.914843	0.000057	2.4
123	-0.999881	0.014293	11.914899	0.000019	2.4
124	-0.999891	0.014333	11.914877	0.000026	2.7
125	-0.999886	0.014317	11.914886	0.000076	4.6
126	-0.999894	0.014251	11.914923	0.000021	2.4
127	-0.999894	0.014318	11.914885	0.000047	2.4
128	-0.999875	0.014308	11.914891	0.000035	2.5
129	-0.999881	0.014358	11.914863	0.000039	2.7
130	-0.999883	0.014354	11.914865	0.000043	2.4
131	-0.999872	0.014388	11.914846	0.000031	3.6
132	-0.999885	0.014424	11.914825	0.000051	2.4
133	-0.999895	0.014425	11.914825	0.000040	2.4
134	-0.999883	0.014465	11.914802	0.000031	2.4
135	-0.999886	0.014499	11.914782	0.000013	2.4
136	-0.999889	0.014508	11.914777	0.000014	2.6
137	-0.999878	0.014505	11.914780	0.000016	2.4
138	-0.999880	0.014510	11.914776	0.000013	2.9
139	-0.999883	0.014508	11.914777	0.000013	4.1
140	-0.999881	0.014506	11.914779	0.000012	2.4
141	-0.999875	0.014506	11.914779	0.000025	2.3
142	-0.999893	0.014517	11.914773	0.000035	3.7
143	-0.999871	0.014562	11.914747	0.000008	2.4
144	-0.999882	0.014573	11.914741	0.000054	2.4
145	-0.999884	0.014572	11.914742	0.000022	2.5
146	-0.999880	0.014617	11.914716	0.000047	2.5
147	-0.999880	0.014589	11.914732	0.000036	2.4
148	-0.999888	0.014665	11.914689	0.000014	2.6
149	-0.999878	0.014677	11.914682	0.000013	2.4
150	-0.999876	0.014671	11.914685	0.000014	2.4
151	-0.999870	0.014681	11.914680	0.000026	2.4
152	-0.999890	0.014696	11.914671	0.000027	2.9
153	-0.999881	0.014736	11.914648	0.000009	4.2
154	-0.999892	0.014748	11.914642	0.000008	3.8
155	-0.999892	0.014751	11.914640	0.000017	2.4
156	-0.999878	0.014753	11.914638	0.000047	2.5
157	-0.999895	0.014808	11.914607	0.000023	2.5
158	-0.999881	0.014768	11.914630	0.000064	2.4
159	-0.999872	0.014824	11.914598	0.000055	2.4
160	-0.999867	0.015027	11.914483	0.000013	2.4
161	-0.999888	0.015062	11.914464	0.000011	2.4
162	-0.999879	0.015062	11.914463	0.000044	2.3
163	-0.999869	0.015053	11.914469	0.000036	2.4
164	-0.999881	0.015130	11.914425	0.000010	2.4
165	-0.999883	0.015143	11.914418	0.000034	2.3
166	-0.999894	0.015141	11.914419	0.000030	2.7
167	-0.999897	0.015183	11.914395	0.000052	4.7
168	-0.999889	0.015200	11.914385	0.000012	2.4
169	-0.999870	0.015228	11.914369	0.000035	2.4
170	-0.999885	0.015225	11.914371	0.000067	2.4
171	-0.999877	0.015232	11.914367	0.000035	2.4
172	-0.999876	0.015317	11.914319	0.000022	3.7
173	-0.999885	0.015354	11.914298	0.000104	2.4
174	-0.999867	0.015390	11.914277	0.000055	2.3
175	-0.999899	0.015764	11.914066	0.000039	2.4
176	-0.999893	0.015688	11.914108	0.000012	2.4
177	-0.999881	0.015708	11.914097	0.000010	2.4
178	-0.999892	0.015706	11.914098	0.000065	2.5
179	-0.999872	0.015703	11.914100	0.000044	2.9
180	-0.999884	0.015715	11.914093	0.000096	2.5
181	-0.999884	0.015720	11.914090	0.000045	4.5
182	-0.999879	0.015902	11.913987	0.000029	2.4
183	-0.999884	0.015973	11.913947	0.000015	2.4
184	-0.999876	0.015987	11.913939	0.000037	3.6
185	-0.999877	0.015983	11.913941	0.000022	2.4
186	-0.999881	0.016011	11.913926	0.000038	2.4
187	-0.999896	0.016040	11.913909	0.000068	3.2
188	-0.999884	0.016196	11.913821	0.000076	2.5
189	-0.999872	0.016517	11.913639	0.000043	2.5
190	-0.999877	0.016744	11.913510	0.000023	2.4
191	-0.999875	0.016751	11.913506	0.000018	2.3
192	-0.999880	0.016770	11.913495	0.000130	2.4
193	-0.999899	0.016700	11.913535	0.000197	2.4
194	-0.999879	0.017710	11.912962	0.000119	2.8
195	-0.999881	0.019155	11.912144	0.000045	4.4
196	-0.999879	0.019044	11.912206	0.000041	3.0
197	-0.999886	0.019110	11.912169	0.000028	2.3
198	-0.999867	0.019124	11.912161	0.000082	2.5
199	-0.999876	0.019229	11.912102	0.000070	2.5
200	-0.999879	0.019528	11.911932	0.000046	2.3
201	-0.999893	0.019528	11.911932	0.000077	2.4
202	-0.999891	0.019528	11.911932	0.000076	2.5
203	-0.999871	0.019905	11.911719	0.000017	2.4
204	-0.999880	0.019968	11.911683	0.000068	2.3
205	-0.999888	0.019994	11.911668	0.000071	2.4
206	-0.999894	0.020184	11.911560	0.000027	2.4
207	-0.999880	0.020269	11.911512	0.000041	2.3
208	-0.999884	0.020237	11.911530	0.000083	2.9
209	-0.999884	0.020301	11.911494	0.000111	4.3
210	-0.999884	0.020937	11.911134	0.000047	2.4
211	-0.999871	0.021148	11.911014	0.000047	2.5
212	-0.999885	0.021086	11.911049	0.000045	2.3
213	-0.999900	0.021106	11.911038	0.000020	2.4
214	-0.999878	0.021138	11.911020	0.000033	3.7
215	-0.999883	0.021111	11.911035	0.000074	2.4
216	-0.999879	0.021165	11.911004	0.000040	2.7
217	-0.999900	0.021341	11.910904	0.000079	2.8
218	-0.999888	0.021330	11.910911	0.000046	2.4
219	-0.999883	0.021387	11.910878	0.000098	2.6
220	-0.999887	0.021503	11.910813	0.000084	2.5
221	-0.999899	0.021843	11.910620	0.000037	2.4
222	-0.999879	0.021961	11.910554	0.000035	4.1
223	-0.999874	0.021950	11.910560	0.000036	2.6
224	-0.999896	0.022004	11.910529	0.000013	2.4
225	-0.999888	0.022016	11.910522	0.000074	3.5
226	-0.999879	0.022016	11.910522	0.000061	2.5
227	-0.999879	0.021964	11.910552	0.000103	2.4
228	-0.999896	0.021960	11.910554	0.000116	2.4
229	-0.999883	0.022433	11.910286	0.000045	2.4
230	-0.999897	0.022702	11.910133	0.000020	2.3
231	-0.999888	0.022706	11.910131	0.000028	2.6
232	-0.999893	0.022711	11.910129	0.000019	2.5
233	-0.999876	0.022706	11.910131	0.000037	2.4
234	-0.999868	0.022736	11.910115	0.000143	2.3
235	-0.999866	0.023078	11.909921	0.000168	2.4
236	-0.999880	0.024588	11.909065	0.000080	4.5
237	-0.999889	0.025487	11.908556	0.000038	2.8
238	-0.999887	0.025654	11.908462	0.000018	2.4
239	-0.999876	0.025637	11.908471	0.000052	2.3
240	-0.999873	0.025648	11.908465	0.000058	2.4
241	-0.999870	0.025756	11.908404	0.000028	2.4
242	-0.999896	0.025767	11.908397	0.000019	2.4
243	-0.999885	0.025797	11.908380	0.000010	2.6
244	-0.999882	0.025799	11.908379	0.000033	3.6
245	-0.999888	0.025818	11.908369	0.000042	2.4
246	-0.999878	0.025886	11.908330	0.000031	2.5
247	-0.999876	0.025966	11.908285	0.000024	2.4
248	-0.999891	0.026002	11.908264	0.000019	2.4
249	-0.999878	0.026005	11.908263	0.000108	2.4
250	-0.999873	0.026090	11.908214	0.000086	4.6
251	-0.999888	0.026731	11.907851	0.000032	2.4
252	-0.999885	0.026736	11.907848	0.000074	2.4
253	-0.999894	0.026715	11.907861	0.000058	2.4
254	-0.999877	0.026917	11.907746	0.000094	2.4
255	-0.999891	0.026682	11.907879	0.000024	3.5
256	-0.999909	0.026750	11.907840	0.000031	2.6
257	-0.999894	0.026728	11.907853	0.000014	2.4
258	-0.999883	0.026723	11.907856	0.000025	2.4
259	-0.999878	0.026728	11.907853	0.000085	2.4
260	-0.999890	0.026763	11.907833	0.000048	2.3
261	-0.999885	0.027000	11.907699	0.000037	2.6
262	-0.999885	0.026903	11.907754	0.000058	2.4
263	-0.999869	0.026860	11.907779	0.000050	2.4
264	-0.999881	0.026854	11.907782	0.000075	4.7
265	-0.999902	0.026886	11.907764	0.000038	2.4
266	-0.999882	0.026991	11.907704	0.000096	2.3
267	-0.999890	0.027094	11.907646	0.000050	3.6
268	-0.999892	0.027371	11.907489	0.000049	2.4
269	-0.999876	0.027302	11.907528	0.000081	2.4
270	-0.999898	0.027256	11.907554	0.000056	2.4
271	-0.999886	0.027457	11.907440	0.000088	2.4
272	-0.999888	0.027699	11.907303	0.000046	2.3
273	-0.999877	0.027908	11.907185	0.000021	2.5
274	-0.999893	0.027905	11.907187	0.000065	2.5
275	-0.999894	0.027885	11.907198	0.000054	2.4
276	-0.999874	0.028119	11.907066	0.000023	2.4
277	-0.999881	0.028183	11.907029	0.000044	2.6
278	-0.999885	0.028158	11.907043	0.000006	4.5
279	-0.999883	0.028159	11.907043	0.000012	3.6
280	-0.999891	0.028158	11.907044	0.000009	2.4
281	-0.999891	0.028160	11.907042	0.000022	2.4
282	-0.999881	0.028164	11.907040	0.000024	2.4
283	-0.999878	0.028177	11.907033	0.000016	2.4
284	-0.999881	0.028175	11.907034	0.000095	2.4
285	-0.999883	0.028215	11.907011	0.000165	2.6
286	-0.999869	0.029313	11.906389	0.000067	2.4
287	-0.999892	0.029869	11.906074	0.000055	2.4
288	-0.999879	0.029921	11.906045	0.000054	2.5
289	-0.999884	0.029933	11.906039	0.000023	2.4
290	-0.999895	0.029895	11.906060	0.000022	2.4
291	-0.999881	0.029907	11.906053	0.000023	2.7
292	-0.999878	0.029893	11.906061	0.000015	4.6
293	-0.999890	0.029886	11.906065	0.000035	2.4
294	-0.999887	0.029888	11.906064	0.000034	2.4
295	-0.999891	0.029931	11.906039	0.000022	2.3
296	-0.999883	0.029924	11.906044	0.000027	2.4
297	-0.999887	0.029946	11.906031	0.000133	3.8
298	-0.999872	0.030069	11.905961	0.000099	2.4
299	-0.999891	0.030923	11.905478	0.000074	2.3
300	-0.999882	0.031061	11.905400	0.000068	2.4
301	-0.999899	0.030888	11.905498	0.000106	2.3
302	-0.999880	0.031292	11.905269	0.000058	2.4
303	-0.999891	0.031634	11.905075	0.000055	2.5
304	-0.999885	0.031576	11.905108	0.000246	2.4
305	-0.999873	0.031842	11.904958	0.000121	2.4
306	-0.999881	0.033753	11.903876	0.000117	4.4
307	-0.999887	0.033372	11.904091	0.000119	2.5
308	-0.999885	0.033614	11.903955	0.000061	2.4
309	-0.999870	0.033770	11.903866	0.000020	3.8
310	-0.999886	0.033744	11.903881	0.000030	2.3
311	-0.999900	0.033734	11.903887	0.000015	2.4
312	-0.999891	0.033716	11.903897	0.000026	2.4
313	-0.999887	0.033715	11.903898	0.000012	2.3
314	-0.999877	0.033713	11.903899	0.000039	2.4
315	-0.999891	0.033713	11.903899	0.000027	2.6
316	-0.999887	0.033765	11.903870	0.000092	2.4
317	-0.999882	0.033854	11.903819	0.000032	2.4
318	-0.999895	0.033999	11.903737	0.000064	2.4
319	-0.999877	0.033894	11.903797	0.000107	2.5
320	-0.999889	0.034198	11.903624	0.000151	4.5
321	-0.999888	0.034766	11.903303	0.000080	2.5
322	-0.999887	0.035538	11.902866	0.000047	2.4
323	-0.999879	0.035505	11.902885	0.000034	2.3
324	-0.999873	0.035510	11.902882	0.000070	2.4
325	-0.999882	0.035643	11.902807	0.000043	2.4
326	-0.999868	0.035831	11.902700	0.000052	2.3
327	-0.999892	0.035737	11.902753	0.000022	2.6
328	-0.999874	0.035749	11.902747	0.000018	3.5
329	-0.999891	0.035741	11.902751	0.000056	2.5
330	-0.999890	0.035776	11.902731	0.000019	2.4
331	-0.999896	0.035832	11.902700	0.000025	2.4
332	-0.999896	0.035817	11.902708	0.000030	2.4
333	-0.999870	0.035829	11.902701	0.000022	2.4
334	-0.999875	0.035856	11.902686	0.000022	4.3
335	-0.999894	0.035838	11.902696	0.000024	2.6
336	-0.999879	0.035865	11.902681	0.000033	2.4
337	-0.999880	0.035881	11.902672	0.000034	2.4
338	-0.999888	0.035928	11.902645	0.000017	2.4
339	-0.999881	0.035945	11.902636	0.000014	3.3
340	-0.999882	0.035948	11.902634	0.000027	2.7
341	-0.999893	0.035971	11.902621	0.000012	2.4
342	-0.999889	0.035989	11.902611	0.000080	2.5
343	-0.999877	0.036026	11.902590	0.000080	2.4
344	-0.999902	0.036368	11.902396	0.000048	2.4
345	-0.999880	0.036553	11.902292	0.000120	2.5
346	-0.999895	0.036604	11.902263	0.000077	2.7
347	-0.999881	0.037042	11.902015	0.000052	2.4
348	-0.999888	0.037063	11.902003	0.000041	4.5
349	-0.999897	0.037088	11.901989	0.000085	2.5
350	-0.999882	0.037157	11.901950	0.000049	2.4
351	-0.999890	0.037357	11.901837	0.000077	3.6
352	-0.999896	0.037389	11.901819	0.000039	2.5
353	-0.999883	0.037577	11.901713	0.000065	2.4
354	-0.999888	0.037482	11.901766	0.000020	2.4
355	-0.999881	0.037528	11.901740	0.000054	2.4
356	-0.999891	0.037518	11.901746	0.000056	2.5
357	-0.999895	0.037628	11.901683	0.000036	2.5
358	-0.999879	0.037693	11.901647	0.000055	2.4
359	-0.999894	0.037698	11.901644	0.000039	2.4
360	-0.999874	0.037777	11.901599	0.000021	2.4
361	-0.999885	0.037744	11.901618	0.000033	2.4
362	-0.999884	0.037755	11.901612	0.000038	4.3
363	-0.999891	0.037822	11.901574	0.000075	3.6
364	-0.999890	0.037901	11.901529	0.000028	2.4
365	-0.999886	0.037988	11.901480	0.000018	2.4
366	-0.999889	0.037986	11.901481	0.000027	2.4
367	-0.999880	0.037973	11.901488	0.000034	2.6
368	-0.999873	0.037955	11.901499	0.000017	2.4
369	-0.999899	0.037973	11.901488	0.000016	2.5
370	-0.999896	0.037964	11.901493	0.000008	2.3
371	-0.999880	0.037964	11.901493	0.000015	2.3
372	-0.999877	0.037968	11.901491	0.000053	2.4
373	-0.999896	0.037947	11.901503	0.000050	2.4
374	-0.999881	0.038108	11.901412	0.000021	2.4
375	-0.999885	0.038083	11.901426	0.000023	2.6
376	-0.999886	0.038082	11.901427	0.000046	4.5
377	-0.999877	0.038109	11.901412	0.000017	2.4
378	-0.999882	0.038146	11.901390	0.000050	2.4
379	-0.999890	0.038164	11.901380	0.000067	2.3
380	-0.999888	0.037991	11.901478	0.000101	2.3
381	-0.999877	0.038264	11.901324	0.000052	3.7
382	-0.999891	0.037978	11.901485	0.000127	2.4
383	-0.999895	0.038397	11.901249	0.000055	2.3
384	-0.999872	0.038655	11.901102	0.000056	2.5
385	-0.999886	0.038676	11.901090	0.000106	2.4
386	-0.999877	0.038676	11.901091	0.000085	2.3
387	-0.999882	0.039183	11.900804	0.000017	2.6
388	-0.999881	0.039220	11.900783	0.000026	2.4
389	-0.999895	0.039201	11.900794	0.000087	2.3
390	-0.999898	0.039146	11.900825	0.000057	4.3
391	-0.999863	0.039418	11.900671	0.000022	2.5
392	-0.999877	0.039377	11.900694	0.000019	2.4
393	-0.999875	0.039370	11.900698	0.000015	3.7
394	-0.999880	0.039375	11.900695	0.000048	2.4
395	-0.999888	0.039366	11.900700	0.000008	2.4
396	-0.999886	0.039356	11.900706	0.000047	2.4
397	-0.999884	0.039369	11.900699	0.000134	2.3
398	-0.999885	0.039475	11.900638	0.000066	2.4
399	-0.999891	0.038924	11.900950	0.000168	2.7
400	-0.999884	0.039426	11.900666	0.000063	2.4
401	-0.999890	0.039788	11.900462	0.000049	2.4
402	-0.999885	0.039750	11.900483	0.000043	2.4
403	-0.999880	0.039763	11.900476	0.000060	2.5
404	-0.999878	0.039693	11.900516	0.000079	4.3
405	-0.999883	0.039998	11.900343	0.000023	2.6
406	-0.999878	0.040029	11.900325	0.000099	2.4
407	-0.999895	0.040100	11.900285	0.000056	2.4
408	-0.999884	0.040348	11.900145	0.000065	2.5
409	-0.999871	0.040165	11.900249	0.000027	2.4
410	-0.999895	0.040203	11.900227	0.000009	2.4
411	-0.999892	0.040204	11.900227	0.000023	3.9
412	-0.999887	0.040196	11.900231	0.000027	2.4
413	-0.999872	0.040228	11.900213	0.000020	2.4
414	-0.999880	0.040228	11.900213	0.000016	2.4
415	-0.999873	0.040225	11.900215	0.000027	2.3
416	-0.999881	0.040232	11.900210	0.000026	2.4
417	-0.999870	0.040271	11.900188	0.000026	2.5
418	-0.999881	0.040272	11.900188	0.000082	4.3
419	-0.999886	0.040274	11.900186	0.000100	2.8
420	-0.999885	0.040847	11.899862	0.000035	2.4
421	-0.999869	0.041030	11.899759	0.000126	2.3
422	-0.999890	0.040723	11.899933	0.000099	2.4
423	-0.999875	0.041402	11.899549	0.000059	3.4
424	-0.999883	0.041574	11.899451	0.000089	2.4
425	-0.999895	0.041413	11.899543	0.000047	2.3
426	-0.999898	0.041655	11.899406	0.000013	2.5
427	-0.999878	0.041655	11.899406	0.000032	2.3
428	-0.999878	0.041643	11.899412	0.000036	2.4
429	-0.999867	0.041663	11.899401	0.000019	2.5
430	-0.999880	0.041686	11.899388	0.000104	2.4
431	-0.999874	0.041691	11.899385	0.000104	2.4
432	-0.999870	0.042343	11.899017	0.000020	3.0
433	-0.999873	0.042371	11.899001	0.000039	3.8
434	-0.999876	0.042351	11.899012	0.000022	2.4
435	-0.999880	0.042348	11.899014	0.000022	3.7
436	-0.999896	0.042347	11.899015	0.000078	2.4
437	-0.999892	0.042345	11.899015	0.000131	2.4
438	-0.999900	0.042986	11.898653	0.000084	2.4
439	-0.999891	0.043633	11.898287	0.000025	2.3
440	-0.999882	0.043703	11.898248	0.000026	2.4
441	-0.999869	0.043691	11.898254	0.000098	2.6
442	-0.999885	0.043739	11.898227	0.000152	2.4
443	-0.999896	0.044399	11.897854	0.000098	2.4
444	-0.999899	0.045318	11.897334	0.000047	2.4
445	-0.999887	0.045157	11.897426	0.000040	2.4
446	-0.999876	0.045224	11.897388	0.000019	3.4
447	-0.999881	0.045238	11.897380	0.000043	2.9
448	-0.999878	0.045207	11.897397	0.000025	2.3
449	-0.999884	0.045222	11.897389	0.000042	2.4
450	-0.999891	0.045188	11.897408	0.000028	2.5
451	-0.999882	0.045253	11.897371	0.000049	2.4
452	-0.999891	0.045279	11.897357	0.000045	2.4
453	-0.999886	0.045250	11.897373	0.000080	3.8
454	-0.999897	0.045486	11.897240	0.000033	2.6
455	-0.999888	0.045635	11.897155	0.000039	2.4
456	-0.999882	0.045608	11.897170	0.000056	2.4
457	-0.999889	0.045641	11.897152	0.000063	2.5
458	-0.999890	0.045864	11.897026	0.000032	2.4
459	-0.999894	0.045990	11.896955	0.000017	2.7
460	-0.999878	0.046007	11.896945	0.000067	4.6
461	-0.999883	0.046013	11.896942	0.000055	2.4
462	-0.999883	0.046172	11.896852	0.000024	2.4
463	-0.999887	0.046244	11.896811	0.000035	2.3
464	-0.999885	0.046256	11.896804	0.000032	2.3
465	-0.999893	0.046260	11.896802	0.000016	3.8
466	-0.999873	0.046266	11.896799	0.000010	2.4
467	-0.999889	0.046264	11.896800	0.000043	2.4
468	-0.999876	0.046292	11.896784	0.000081	2.4
469	-0.999881	0.046471	11.896683	0.000064	2.3
470	-0.999875	0.046747	11.896527	0.000024	2.4
471	-0.999875	0.046732	11.896535	0.000052	2.7
472	-0.999883	0.046738	11.896532	0.000031	2.6
473	-0.999882	0.046746	11.896527	0.000042	2.9
474	-0.999894	0.046791	11.896502	0.000050	3.9
475	-0.999886	0.046919	11.896429	0.000029	2.6
476	-0.999874	0.046963	11.896405	0.000031	2.6
477	-0.999866	0.047014	11.896376	0.000015	3.5
478	-0.999883	0.047020	11.896372	0.000019	2.4
479	-0.999883	0.047027	11.896368	0.000036	2.5
480	-0.999885	0.047054	11.896353	0.000017	2.8
481	-0.999876	0.047087	11.896334	0.000027	2.4
482	-0.999876	0.047086	11.896335	0.000027	2.7
483	-0.999886	0.047110	11.896322	0.000017	2.5
484	-0.999879	0.047109	11.896322	0.000021	2.5
485	-0.999878	0.047113	11.896320	0.000020	2.4
486	-0.999892	0.047119	11.896317	0.000178	2.4
487	-0.999888	0.047180	11.896282	0.000141	3.4
488	-0.999884	0.048387	11.895600	0.000150	3.8
489	-0.999886	0.048784	11.895376	0.000080	2.9
490	-0.999893	0.049377	11.895040	0.000049	2.3
491	-0.999878	0.049221	11.895129	0.000051	2.4
492	-0.999884	0.049295	11.895087	0.000070	2.4
493	-0.999885	0.049534	11.894952	0.000084	2.5
494	-0.999901	0.049911	11.894739	0.000058	2.7
495	-0.999891	0.050182	11.894586	0.000119	2.4
496	-0.999881	0.050031	11.894671	0.000186	2.3
497	-0.999882	0.051229	11.893994	0.000047	2.4
498	-0.999876	0.051720	11.893717	0.000127	2.4
499	-0.999888	0.051524	11.893827	0.000077	2.3
500	-0.999882	0.051769	11.893689	0.000040	2.5
501	-0.999891	0.051815	11.893663	0.000026	4.6
502	-0.999895	0.051822	11.893659	0.000026	2.4
503	-0.999884	0.051846	11.893645	0.000040	2.3
504	-0.999887	0.051894	11.893618	0.000066	2.4
505	-0.999878	0.052079	11.893514	0.000064	2.4
506	-0.999886	0.052227	11.893430	0.000020	2.4
507	-0.999874	0.052260	11.893411	0.000073	3.7
508	-0.999883	0.052277	11.893402	0.000065	2.3
509	-0.999894	0.052570	11.893236	0.000031	2.3
510	-0.999880	0.052511	11.893269	0.000026	2.4
511	-0.999879	0.052504	11.893274	0.000017	2.4
512	-0.999880	0.052500	11.893276	0.000029	2.4
513	-0.999890	0.052488	11.893283	0.000022	2.7
514	-0.999894	0.052504	11.893274	0.000054	2.4
515	-0.999874	0.052469	11.893293	0.000062	4.2
516	-0.999886	0.052669	11.893180	0.000031	2.6
517	-0.999883	0.052734	11.893144	0.000010	2.4
518	-0.999888	0.052750	11.893134	0.000007	2.6
519	-0.999892	0.052753	11.893133	0.000050	3.2
520	-0.999892	0.052761	11.893128	0.000023	2.4
521	-0.999879	0.052801	11.893106	0.000024	2.5
522	-0.999876	0.052803	11.893105	0.000019	2.4
523	-0.999886	0.052799	11.893107	0.000022	2.3
524	-0.999886	0.052791	11.893111	0.000013	2.5
525	-0.999887	0.052804	11.893104	0.000016	2.5
526	-0.999892	0.052794	11.893110	0.000037	2.4
527	-0.999890	0.052812	11.893100	0.000052	2.4
528	-0.999893	0.052931	11.893033	0.000062	2.5
529	-0.999895	0.053026	11.892979	0.000017	4.4
530	-0.999901	0.053069	11.892954	0.000033	3.8
531	-0.999887	0.053046	11.892967	0.000014	2.3
532	-0.999890	0.053038	11.892972	0.000043	2.4
533	-0.999882	0.053017	11.892984	0.000030	2.4
534	-0.999888	0.053085	11.892946	0.000035	2.3
535	-0.999875	0.053122	11.892925	0.000071	2.3
536	-0.999877	0.053175	11.892895	0.000075	2.4
537	-0.999880	0.053418	11.892757	0.000142	2.5
538	-0.999882	0.053323	11.892811	0.000086	2.4
539	-0.999876	0.053835	11.892521	0.000098	2.4
540	-0.999874	0.053576	11.892668	0.000060	2.4
541	-0.999887	0.053678	11.892610	0.000064	2.4
542	-0.999890	0.053815	11.892533	0.000082	2.4
543	-0.999870	0.053749	11.892570	0.000076	4.8
544	-0.999863	0.053917	11.892475	0.000044	2.5
545	-0.999891	0.054041	11.892406	0.000093	2.4
546	-0.999870	0.053887	11.892492	0.000097	2.5
547	-0.999889	0.054176	11.892329	0.000063	2.4
548	-0.999882	0.054516	11.892137	0.000027	3.4
549	-0.999890	0.054478	11.892158	0.000035	3.1
550	-0.999880	0.054505	11.892143	0.000127	2.4
551	-0.999878	0.054242	11.892292	0.000079	2.4
552	-0.999890	0.054517	11.892137	0.000094	2.4
553	-0.999882	0.054758	11.892000	0.000054	2.4
554	-0.999889	0.055061	11.891829	0.000105	2.6
555	-0.999872	0.055074	11.891822	0.000190	2.5
556	-0.999890	0.056384	11.891082	0.000160	2.5
557	-0.999884	0.058316	11.889991	0.000117	4.5
558	-0.999890	0.059500	11.889323	0.000057	2.4
559	-0.999891	0.059854	11.889123	0.000072	2.4
560	-0.999889	0.059971	11.889057	0.000023	3.6
561	-0.999893	0.060001	11.889040	0.000036	2.3
562	-0.999869	0.059957	11.889065	0.000119	2.4
563	-0.999885	0.060249	11.888900	0.000200	2.4
564	-0.999892	0.061833	11.888005	0.000115	2.4
565	-0.999889	0.063188	11.887241	0.000030	2.4
566	-0.999893	0.063341	11.887155	0.000023	2.6
567	-0.999890	0.063328	11.887162	0.000035	2.4
568	-0.999892	0.063351	11.887149	0.000076	2.3
569	-0.999884	0.063371	11.887138	0.000086	2.4
570	-0.999891	0.063799	11.886896	0.000018	2.5
571	-0.999886	0.063846	11.886870	0.000034	4.5
572	-0.999887	0.063822	11.886883	0.000034	2.5
573	-0.999883	0.063879	11.886851	0.000063	2.4
574	-0.999876	0.063947	11.886813	0.000080	2.4
575	-0.999886	0.064060	11.886749	0.000237	2.7
576	-0.999884	0.064982	11.886229	0.000188	2.7
577	-0.999880	0.067655	11.884720	0.000082	2.4
578	-0.999885	0.068408	11.884296	0.000084	3.9
579	-0.999877	0.068700	11.884131	0.000083	2.5
580	-0.999891	0.069050	11.883934	0.000051	2.4
581	-0.999874	0.069325	11.883778	0.000035	2.4
582	-0.999882	0.069415	11.883728	0.000055	2.4
583	-0.999876	0.069403	11.883735	0.000033	2.3
584	-0.999883	0.069490	11.883685	0.000019	2.6
585	-0.999883	0.069511	11.883674	0.000080	4.4
586	-0.999889	0.069509	11.883675	0.000047	2.4
587	-0.999891	0.069768	11.883528	0.000034	2.4
588	-0.999885	0.069792	11.883515	0.000039	2.3
589	-0.999874	0.069865	11.883474	0.000049	2.4
590	-0.999878	0.069978	11.883410	0.000039	3.7
591	-0.999897	0.070110	11.883336	0.000013	2.6
592	-0.999901	0.070135	11.883322	0.000010	2.4
593	-0.999883	0.070139	11.883319	0.000035	2.4
594	-0.999888	0.070139	11.883319	0.000024	2.3
595	-0.999882	0.070187	11.883292	0.000013	2.4
596	-0.999897	0.070189	11.883291	0.000107	2.5
597	-0.999876	0.070166	11.883304	0.000122	2.4
598	-0.999888	0.070928	11.882874	0.000081	2.4
599	-0.999870	0.071098	11.882779	0.000168	4.4
600	-0.999893	0.071624	11.882482	0.000095	2.6
601	-0.999875	0.071787	11.882390	0.000164	2.7
602	-0.999878	0.072176	11.882170	0.000066	3.6
603	-0.999874	0.072508	11.881983	0.000092	2.4
604	-0.999873	0.072682	11.881885	0.000082	2.4
605	-0.999891	0.073133	11.881631	0.000061	2.5
606	-0.999874	0.073370	11.881498	0.000036	2.3
607	-0.999879	0.073505	11.881421	0.000019	2.4
608	-0.999883	0.073545	11.881399	0.000044	2.5
609	-0.999900	0.073567	11.881386	0.000015	2.3
610	-0.999886	0.073562	11.881389	0.000036	2.3
611	-0.999879	0.073565	11.881387	0.000014	2.4
612	-0.999872	0.073570	11.881384	0.000033	2.4
613	-0.999884	0.073573	11.881383	0.000012	4.6
614	-0.999867	0.073580	11.881379	0.000035	2.6
615	-0.999888	0.073582	11.881378	0.000067	2.3
616	-0.999890	0.073622	11.881355	0.000052	2.4
617	-0.999893	0.073817	11.881245	0.000051	2.4
618	-0.999884	0.073811	11.881249	0.000023	2.3
619	-0.999883	0.073878	11.881211	0.000078	2.3
620	-0.999897	0.073917	11.881189	0.000075	3.6
621	-0.999873	0.074188	11.881036	0.000041	2.4
622	-0.999878	0.074254	11.880999	0.000027	2.4
623	-0.999890	0.074224	11.881016	0.000039	2.5
624	-0.999878	0.074214	11.881022	0.000020	2.4
625	-0.999882	0.074193	11.881033	0.000065	2.4
626	-0.999887	0.074132	11.881068	0.000053	2.7
627	-0.999898	0.074321	11.880961	0.000031	4.3
628	-0.999875	0.074291	11.880978	0.000021	2.5
629	-0.999899	0.074307	11.880969	0.000034	2.4
630	-0.999884	0.074292	11.880977	0.000028	2.4
631	-0.999888	0.074332	11.880955	0.000023	2.4
632	-0.999883	0.074367	11.880935	0.000023	3.8
633	-0.999887	0.074370	11.880934	0.000022	2.4
634	-0.999893	0.074353	11.880943	0.000019	2.4
635	-0.999877	0.074371	11.880933	0.000035	2.4
636	-0.999892	0.074379	11.880928	0.000015	2.4
637	-0.999877	0.074397	11.880918	0.000083	2.4
638	-0.999880	0.074404	11.880914	0.000110	2.9
639	-0.999885	0.075014	11.880571	0.000118	2.3
640	-0.999896	0.075710	11.880178	0.000138	2.7
641	-0.999885	0.076773	11.879579	0.000047	4.2
642	-0.999887	0.076868	11.879525	0.000073	2.4
643	-0.999888	0.076985	11.879460	0.000033	2.3
644	-0.999890	0.077028	11.879435	0.000013	3.4
645	-0.999883	0.077035	11.879431	0.000120	2.4
646	-0.999887	0.076969	11.879469	0.000048	2.3
647	-0.999890	0.077227	11.879323	0.000063	2.5
648	-0.999883	0.077085	11.879403	0.000044	2.4
649	-0.999890	0.077057	11.879419	0.000042	2.6
650	-0.999888	0.076976	11.879465	0.000031	2.5
651	-0.999882	0.076968	11.879469	0.000016	2.3
652	-0.999884	0.076980	11.879462	0.000020	2.4
653	-0.999868	0.076977	11.879464	0.000101	2.4
654	-0.999879	0.076998	11.879452	0.000063	2.4
655	-0.999873	0.077368	11.879243	0.000136	4.5
656	-0.999899	0.076912	11.879501	0.000107	2.5
657	-0.999879	0.077658	11.879080	0.000050	2.4
658	-0.999872	0.077600	11.879113	0.000015	2.3
659	-0.999888	0.077591	11.879118	0.000049	2.4
660	-0.999879	0.077606	11.879110	0.000068	2.4
661	-0.999889	0.077782	11.879010	0.000017	2.3
662	-0.999881	0.077758	11.879024	0.000025	3.7
663	-0.999878	0.077752	11.879027	0.000015	2.4
664	-0.999885	0.077767	11.879019	0.000030	2.3
665	-0.999885	0.077798	11.879001	0.000062	2.4
666	-0.999885	0.077897	11.878945	0.000046	2.3
667	-0.999882	0.078052	11.878858	0.000045	2.3
668	-0.999879	0.078140	11.878808	0.000059	2.6
669	-0.999883	0.078303	11.878717	0.000019	4.6
670	-0.999879	0.078367	11.878681	0.000016	2.5
671	-0.999885	0.078365	11.878682	0.000018	2.4
672	-0.999878	0.078370	11.878679	0.000013	2.4
673	-0.999880	0.078373	11.878677	0.000108	2.5
674	-0.999888	0.078372	11.878678	0.000044	3.5
675	-0.999874	0.078660	11.878516	0.000101	2.3
676	-0.999877	0.078394	11.878665	0.000040	2.3
677	-0.999891	0.078556	11.878574	0.000036	2.3
678	-0.999885	0.078520	11.878594	0.000073	2.3
679	-0.999888	0.078435	11.878642	0.000071	2.4
680	-0.999881	0.078712	11.878486	0.000173	2.4
681	-0.999878	0.079407	11.878094	0.000190	2.4
682	-0.999875	0.081501	11.876915	0.000123	2.3
683	-0.999890	0.081717	11.876793	0.000084	4.4
684	-0.999878	0.082115	11.876569	0.000026	2.4
685	-0.999889	0.082089	11.876584	0.000018	2.4
686	-0.999863	0.082089	11.876584	0.000068	3.8
687	-0.999895	0.082021	11.876621	0.000091	2.4
688	-0.999884	0.081873	11.876705	0.000115	2.4
689	-0.999888	0.082387	11.876415	0.000061	2.5
690	-0.999880	0.082367	11.876427	0.000031	2.4
691	-0.999876	0.082319	11.876454	0.000048	2.5
692	-0.999888	0.082344	11.876440	0.000025	2.5
693	-0.999881	0.082408	11.876404	0.000027	2.3
694	-0.999877	0.082392	11.876413	0.000012	2.4
695	-0.999884	0.082398	11.876409	0.000033	2.4
696	-0.999866	0.082412	11.876402	0.000044	3.0
697	-0.999888	0.082497	11.876354	0.000021	4.5
698	-0.999890	0.082455	11.876377	0.000051	3.6
699	-0.999879	0.082523	11.876339	0.000009	2.4
700	-0.999883	0.082515	11.876343	0.000061	2.5
701	-0.999867	0.082518	11.876342	0.000021	2.5
702	-0.999888	0.082561	11.876318	0.000022	2.4
703	-0.999876	0.082571	11.876312	0.000033	2.7
704	-0.999896	0.082569	11.876313	0.000088	2.6
705	-0.999873	0.082434	11.876389	0.000084	2.4
706	-0.999887	0.082800	11.876183	0.000039	2.4
707	-0.999902	0.082800	11.876183	0.000028	2.4
708	-0.999879	0.082772	11.876199	0.000025	2.4
709	-0.999878	0.082805	11.876180	0.000052	2.4
710	-0.999889	0.082829	11.876167	0.000051	3.1
711	-0.999892	0.082984	11.876079	0.000101	4.0
712	-0.999876	0.083342	11.875877	0.000054	2.5
713	-0.999886	0.083708	11.875671	0.000030	2.4
714	-0.999888	0.083641	11.875709	0.000026	2.4
715	-0.999878	0.083628	11.875717	0.000024	4.0
716	-0.999882	0.083625	11.875718	0.000008	2.4
717	-0.999893	0.083629	11.875716	0.000030	2.3
718	-0.999886	0.083622	11.875720	0.000028	2.5
719	-0.999887	0.083655	11.875702	0.000014	2.4
720	-0.999875	0.083668	11.875694	0.000037	2.4
721	-0.999903	0.083689	11.875682	0.000020	2.6
722	-0.999883	0.083718	11.875666	0.000101	2.4
723	-0.999881	0.083679	11.875688	0.000102	2.3
724	-0.999881	0.084198	11.875395	0.000111	3.6
725	-0.999894	0.084828	11.875041	0.000075	2.6
726	-0.999887	0.085223	11.874818	0.000048	2.3
727	-0.999882	0.085458	11.874686	0.000027	2.4
728	-0.999878	0.085512	11.874655	0.000036	4.0
729	-0.999881	0.085516	11.874653	0.000040	2.4
730	-0.999882	0.085583	11.874615	0.000045	2.4
731	-0.999884	0.085588	11.874613	0.000049	2.4
732	-0.999891	0.085526	11.874648	0.000036	2.4
733	-0.999897	0.085577	11.874619	0.000046	2.7
734	-0.999881	0.085527	11.874647	0.000115	3.2
735	-0.999886	0.085627	11.874590	0.000134	2.3
736	-0.999868	0.086459	11.874122	0.000103	2.3
737	-0.999865	0.087104	11.873759	0.000197	2.5
738	-0.999892	0.087726	11.873409	0.000085	4.6
739	-0.999895	0.088655	11.872886	0.000093	2.5
740	-0.999876	0.088267	11.873104	0.000054	2.3
741	-0.999888	0.088300	11.873086	0.000021	2.4
742	-0.999881	0.088313	11.873078	0.000046	2.4
743	-0.999888	0.088348	11.873058	0.000071	2.4
744	-0.999891	0.088343	11.873061	0.000036	2.4
745	-0.999869	0.088428	11.873013	0.000040	3.4
746	-0.999890	0.088385	11.873037	0.000016	2.8
747	-0.999889	0.088382	11.873039	0.000021	2.3
748	-0.999889	0.088392	11.873034	0.000024	2.4
749	-0.999879	0.088401	11.873029	0.000042	2.4
750	-0.999895	0.088443	11.873005	0.000086	2.3
751	-0.999891	0.088303	11.873084	0.000099	2.5
752	-0.999884	0.088803	11.872802	0.000078	4.5
753	-0.999892	0.088877	11.872761	0.000046	2.5
754	-0.999880	0.089086	11.872643	0.000037	2.6
755	-0.999882	0.089138	11.872614	0.000017	2.4
756	-0.999877	0.089165	11.872599	0.000031	2.4
757	-0.999891	0.089146	11.872609	0.000014	3.5
758	-0.999888	0.089135	11.872616	0.000063	2.4
759	-0.999889	0.089159	11.872602	0.000106	2.4
760	-0.999884	0.089458	11.872434	0.000089	2.4
761	-0.999895	0.090003	11.872127	0.000015	2.3
762	-0.999889	0.090051	11.872100	0.000027	2.3
763	-0.999874	0.090032	11.872110	0.000022	2.5
764	-0.999884	0.090040	11.872106	0.000079	2.4
765	-0.999880	0.090062	11.872094	0.000083	2.4
766	-0.999899	0.090437	11.871883	0.000059	5.7
767	-0.999884	0.090480	11.871858	0.000040	2.3
768	-0.999878	0.090593	11.871795	0.000026	2.4
769	-0.999891	0.090565	11.871811	0.000020	4.0
770	-0.999865	0.090564	11.871811	0.000010	2.4
771	-0.999894	0.090566	11.871810	0.000012	2.5
772	-0.999892	0.090570	11.871807	0.000035	2.5
773	-0.999879	0.090560	11.871813	0.000026	2.3
774	-0.999889	0.090594	11.871794	0.000103	2.4
775	-0.999890	0.090521	11.871835	0.000141	2.5
776	-0.999874	0.091342	11.871373	0.000241	2.4
777	-0.999884	0.092758	11.870576	0.000327	2.4
778	-0.999886	0.097356	11.867989	0.000259	2.5
779	-0.999885	0.102613	11.865033	0.000086	2.8
780	-0.999862	0.103898	11.864310	0.000077	4.2
781	-0.999888	0.103591	11.864482	0.000044	2.4
782	-0.999879	0.103496	11.864536	0.000019	2.4
783	-0.999882	0.103509	11.864529	0.000056	2.4
784	-0.999880	0.103513	11.864527	0.000121	2.5
785	-0.999877	0.103642	11.864454	0.000037	2.4
786	-0.999893	0.103875	11.864323	0.000135	2.4
787	-0.999889	0.103668	11.864439	0.000040	3.7
788	-0.999891	0.103900	11.864309	0.000081	2.5
789	-0.999889	0.103806	11.864362	0.000039	2.4
790	-0.999884	0.103996	11.864255	0.000047	2.4
791	-0.999879	0.103952	11.864280	0.000049	2.4
792	-0.999881	0.103923	11.864296	0.000042	2.5
793	-0.999883	0.103947	11.864282	0.000036	2.9
794	-0.999893	0.104020	11.864242	0.000044	4.1
795	-0.999882	0.104121	11.864185	0.000039	2.4
796	-0.999875	0.104214	11.864132	0.000031	2.4
797	-0.999893	0.104265	11.864104	0.000013	2.4
798	-0.999881	0.104278	11.864097	0.000055	3.1
799	-0.999889	0.104291	11.864089	0.000136	3.0
800	-0.999885	0.104589	11.863921	0.000028	2.4
801	-0.999889	0.104764	11.863823	0.000045	2.4
802	-0.999892	0.104721	11.863847	0.000062	2.4
803	-0.999891	0.104571	11.863932	0.000035	2.3
804	-0.999890	0.104678	11.863871	0.000058	2.5
805	-0.999891	0.104805	11.863800	0.000038	2.4
806	-0.999869	0.104874	11.863761	0.000034	2.4
807	-0.999882	0.104945	11.863722	0.000057	2.7
808	-0.999878	0.104845	11.863777	0.000043	4.4
809	-0.999888	0.104997	11.863692	0.000025	2.4
810	-0.999878	0.104975	11.863704	0.000031	3.8
811	-0.999881	0.104952	11.863718	0.000018	2.4
812	-0.999897	0.104967	11.863709	0.000021	2.4
813	-0.999876	0.104974	11.863705	0.000016	2.4
814	-0.999882	0.104982	11.863701	0.000021	2.3
815	-0.999881	0.104983	11.863700	0.000044	2.4
816	-0.999889	0.104977	11.863703	0.000043	2.6
817	-0.999895	0.105086	11.863642	0.000048	2.4
818	-0.999887	0.105042	11.863667	0.000061	2.5
819	-0.999879	0.105206	11.863575	0.000174	2.4
820	-0.999894	0.105317	11.863513	0.000181	2.4
821	-0.999886	0.107413	11.862334	0.000054	3.3
822	-0.999896	0.107537	11.862265	0.000031	3.1
823	-0.999888	0.107613	11.862222	0.000029	2.4
824	-0.999878	0.107621	11.862218	0.000060	2.3
825	-0.999880	0.107685	11.862182	0.000086	2.4
826	-0.999889	0.107949	11.862033	0.000071	2.4
827	-0.999872	0.108284	11.861845	0.000031	2.4
828	-0.999879	0.108415	11.861771	0.000018	2.5
829	-0.999885	0.108393	11.861783	0.000016	3.6
830	-0.999873	0.108409	11.861775	0.000016	2.5
831	-0.999872	0.108419	11.861769	0.000019	2.4
832	-0.999884	0.108425	11.861765	0.000013	2.5
833	-0.999888	0.108426	11.861765	0.000013	2.4
834	-0.999877	0.108429	11.861763	0.000101	2.4
835	-0.999881	0.108442	11.861756	0.000199	5.0
836	-0.999884	0.109545	11.861136	0.000086	2.5
837	-0.999890	0.110305	11.860709	0.000107	2.4
838	-0.999885	0.110110	11.860819	0.000058	2.3
839	-0.999882	0.109903	11.860935	0.000159	2.3
840	-0.999887	0.110490	11.860605	0.000050	3.5
841	-0.999884	0.110892	11.860380	0.000026	2.4
842	-0.999895	0.110881	11.860386	0.000093	2.5
843	-0.999889	0.110944	11.860350	0.000077	2.4
844	-0.999874	0.111347	11.860124	0.000039	2.3
845	-0.999892	0.111342	11.860127	0.000024	2.3
846	-0.999884	0.111350	11.860122	0.000053	2.6
847	-0.999887	0.111353	11.860120	0.000094	2.4
848	-0.999889	0.111529	11.860022	0.000087	2.4
849	-0.999884	0.112035	11.859737	0.000072	4.3
850	-0.999884	0.112221	11.859633	0.000071	2.4
851	-0.999877	0.112546	11.859450	0.000049	2.4
852	-0.999887	0.112708	11.859359	0.000022	3.8
853	-0.999882	0.112709	11.859359	0.000016	2.5
854	-0.999886	0.112698	11.859365	0.000011	2.4
855	-0.999883	0.112703	11.859362	0.000129	2.5
856	-0.999872	0.112750	11.859336	0.000063	2.4
857	-0.999888	0.113146	11.859113	0.000029	2.4
858	-0.999874	0.113178	11.859095	0.000044	2.4
859	-0.999883	0.113155	11.859108	0.000064	2.4
860	-0.999889	0.113121	11.859127	0.000095	2.4
861	-0.999871	0.113487	11.858922	0.000087	2.4
862	-0.999872	0.113850	11.858718	0.000046	2.4
863	-0.999883	0.113993	11.858638	0.000035	4.7
864	-0.999877	0.114021	11.858622	0.000023	3.5
865	-0.999887	0.114028	11.858618	0.000078	2.4
866	-0.999881	0.114071	11.858594	0.000120	2.4
867	-0.999884	0.114618	11.858287	0.000047	2.4
868	-0.999894	0.114960	11.858094	0.000016	2.4
869	-0.999878	0.114967	11.858091	0.000090	2.4
870	-0.999881	0.114970	11.858089	0.000021	2.4
871	-0.999866	0.115036	11.858051	0.000042	2.4
872	-0.999880	0.115014	11.858064	0.000039	2.4
873	-0.999882	0.114968	11.858090	0.000097	2.4
874	-0.999882	0.114884	11.858137	0.000076	2.5
875	-0.999886	0.115352	11.857874	0.000043	2.5
876	-0.999891	0.115220	11.857949	0.000030	2.7
877	-0.999894	0.115185	11.857968	0.000016	4.5
878	-0.999882	0.115182	11.857970	0.000035	2.4
879	-0.999896	0.115216	11.857950	0.000032	2.4
880	-0.999880	0.115215	11.857951	0.000065	2.3
881	-0.999884	0.115203	11.857958	0.000069	2.3
882	-0.999884	0.115406	11.857844	0.000092	3.8
883	-0.999885	0.115582	11.857745	0.000036	2.4
884	-0.999877	0.115674	11.857693	0.000129	2.4
885	-0.999892	0.115641	11.857712	0.000091	2.5
886	-0.999888	0.116304	11.857340	0.000052	2.4
887	-0.999882	0.116543	11.857205	0.000027	2.4
888	-0.999888	0.116614	11.857165	0.000020	2.6
889	-0.999887	0.116589	11.857180	0.000054	2.4
890	-0.999893	0.116579	11.857185	0.000032	2.4
891	-0.999880	0.116690	11.857123	0.000032	4.3
892	-0.999880	0.116655	11.857143	0.000026	2.4
893	-0.999884	0.116701	11.857117	0.000010	2.4
894	-0.999886	0.116703	11.857116	0.000021	3.5
895	-0.999883	0.116709	11.857112	0.000042	2.4
896	-0.999887	0.116718	11.857107	0.000064	2.3
897	-0.999872	0.116727	11.857102	0.000026	2.5
898	-0.999888	0.116730	11.857101	0.000091	2.4
899	-0.999871	0.116697	11.857119	0.000116	2.4
900	-0.999875	0.117055	11.856918	0.000034	2.6
901	-0.999886	0.117122	11.856881	0.000101	2.4
902	-0.999888	0.117249	11.856809	0.000031	2.3
903	-0.999874	0.117406	11.856721	0.000081	2.4
904	-0.999889	0.117308	11.856776	0.000043	2.4
905	-0.999880	0.117339	11.856758	0.000023	4.4
906	-0.999860	0.117306	11.856777	0.000045	3.0
907	-0.999896	0.117291	11.856785	0.000038	2.4
908	-0.999885	0.117314	11.856773	0.000043	2.5
909	-0.999890	0.117364	11.856745	0.000048	2.4
910	-0.999890	0.117334	11.856761	0.000050	2.3
911	-0.999886	0.117437	11.856703	0.000042	2.4
912	-0.999888	0.117567	11.856631	0.000100	3.5
913	-0.999894	0.117798	11.856501	0.000067	2.6
914	-0.999889	0.118238	11.856254	0.000015	2.4
915	-0.999880	0.118265	11.856239	0.000016	2.4
916	-0.999888	0.118269	11.856236	0.000039	2.4
917	-0.999888	0.118262	11.856240	0.000018	2.3
918	-0.999892	0.118294	11.856222	0.000017	2.8
919	-0.999873	0.118276	11.856233	0.000011	4.2
920	-0.999863	0.118279	11.856231	0.000014	2.4
921	-0.999888	0.118271	11.856235	0.000020	2.5
922	-0.999882	0.118276	11.856232	0.000024	2.4
923	-0.999897	0.118302	11.856218	0.000011	2.4
924	-0.999890	0.118311	11.856213	0.000072	3.6
925	-0.999879	0.118324	11.856206	0.000040	2.4
926	-0.999894	0.118479	11.856118	0.000041	2.4
927	-0.999891	0.118529	11.856091	0.000046	2.4
928	-0.999892	0.118636	11.856030	0.000119	2.3
929	-0.999879	0.118312	11.856212	0.000108	2.4
930	-0.999887	0.119011	11.855820	0.000030	2.5
931	-0.999877	0.119198	11.855715	0.000062	2.4
932	-0.999891	0.119152	11.855741	0.000144	2.4
933	-0.999879	0.119496	11.855548	0.000108	5.7
934	-0.999883	0.120272	11.855112	0.000054	2.5
935	-0.999888	0.120121	11.855197	0.000026	4.0
936	-0.999879	0.120170	11.855169	0.000013	2.4
937	-0.999901	0.120165	11.855172	0.000028	2.3
938	-0.999885	0.120171	11.855168	0.000087	2.4
939	-0.999893	0.120227	11.855137	0.000066	2.4
940	-0.999877	0.120584	11.854937	0.000019	2.4
941	-0.999889	0.120554	11.854954	0.000027	2.5
942	-0.999877	0.120568	11.854946	0.000071	2.4
943	-0.999885	0.120564	11.854948	0.000045	2.3
944	-0.999881	0.120493	11.854988	0.000110	2.4
945	-0.999870	0.120452	11.855011	0.000060	2.4
946	-0.999885	0.120254	11.855122	0.000122	2.9
947	-0.999884	0.120562	11.854949	0.000074	4.0
948	-0.999880	0.120789	11.854822	0.000092	2.4
949	-0.999868	0.121218	11.854581	0.000062	2.3
950	-0.999887	0.121481	11.854433	0.000053	2.4
951	-0.999889	0.121504	11.854421	0.000031	2.5
952	-0.999885	0.121565	11.854386	0.000028	2.5
953	-0.999882	0.121607	11.854363	0.000027	3.5
954	-0.999889	0.121637	11.854346	0.000019	2.8
955	-0.999890	0.121634	11.854348	0.000010	2.4
956	-0.999893	0.121637	11.854346	0.000016	2.4
957	-0.999893	0.121636	11.854346	0.000040	2.4
958	-0.999891	0.121633	11.854348	0.000020	2.5
959	-0.999893	0.121667	11.854329	0.000049	2.8
960	-0.999882	0.121621	11.854355	0.000054	3.2
961	-0.999888	0.121694	11.854314	0.000024	4.3
962	-0.999889	0.121714	11.854302	0.000108	2.6
963	-0.999884	0.121680	11.854322	0.000068	2.4
964	-0.999891	0.121982	11.854152	0.000020	2.4
965	-0.999881	0.122011	11.854136	0.000043	3.5
966	-0.999871	0.121986	11.854150	0.000032	2.3
967	-0.999894	0.121914	11.854190	0.000053	2.4
968	-0.999879	0.121879	11.854210	0.000151	2.4
969	-0.999878	0.122275	11.853988	0.000088	2.3
970	-0.999881	0.123078	11.853537	0.000080	2.4
971	-0.999893	0.122728	11.853734	0.000160	2.6
972	-0.999883	0.123447	11.853330	0.000076	2.4
973	-0.999887	0.123670	11.853205	0.000058	2.4
974	-0.999888	0.123741	11.853165	0.000079	2.7
975	-0.999891	0.123693	11.853192	0.000207	4.3
976	-0.999888	0.124004	11.853018	0.000079	2.4
977	-0.999887	0.124436	11.852775	0.000122	3.5
978	-0.999897	0.124532	11.852721	0.000044	2.4
979	-0.999889	0.124438	11.852774	0.000057	2.3
980	-0.999892	0.124454	11.852765	0.000012	2.4
981	-0.999895	0.124431	11.852778	0.000109	2.3
982	-0.999893	0.124452	11.852766	0.000055	2.4
983	-0.999881	0.124839	11.852549	0.000054	2.6
984	-0.999890	0.124824	11.852558	0.000043	2.4
985	-0.999883	0.124715	11.852619	0.000011	2.4
986	-0.999870	0.124729	11.852611	0.000093	2.4
987	-0.999876	0.124753	11.852597	0.000154	2.3
988	-0.999883	0.125674	11.852081	0.000069	2.4
989	-0.999886	0.126292	11.851734	0.000049	5.1
990	-0.999888	0.126300	11.851729	0.000035	2.4
991	-0.999872	0.126381	11.851684	0.000015	2.4
992	-0.999878	0.126366	11.851692	0.000064	2.4
993	-0.999881	0.126411	11.851667	0.000040	2.4
994	-0.999873	0.126556	11.851586	0.000033	2.4
995	-0.999891	0.126495	11.851620	0.000012	3.8
996	-0.999891	0.126485	11.851626	0.000041	2.4
997	-0.999891	0.126475	11.851631	0.000061	2.6
998	-0.999886	0.126442	11.851650	0.000074	2.5
999	-0.999889	0.126614	11.851553	0.000031	2.4
