1:ItNr	2:Metric	3a:Time	3b:StepSize	4:||Gradient||	Time[ms]
0	-1.314813	0.000000	330.832423	0.035966	39261.2
1	-1.349052	0.000000	330.832423	0.037007	28.2
2	-1.318343	0.000000	330.832423	0.035981	28.2
3	-1.288759	1.000000	315.794586	0.046237	25.9
4	-1.314038	0.028698	330.380928	0.038909	27.3
5	-1.297076	1.028111	315.391590	0.030234	27.3
6	-1.307735	2.022647	301.767245	0.032180	28.8
7	-1.326210	3.022647	289.205464	0.030651	29.0
8	-1.312276	3.816677	279.952100	0.030806	27.8
9	-1.325631	2.845834	291.349875	0.037218	24.7
10	-1.317463	3.838639	279.704575	0.034506	34.6
11	-1.307885	4.405546	273.463165	0.042551	28.9
12	-1.309558	4.566914	271.737168	0.022545	29.5
13	-1.286530	5.566656	261.511307	0.021792	26.2
14	-1.324384	6.092905	256.431747	0.021718	26.5
15	-1.321934	7.092905	247.303757	0.030053	27.0
16	-1.317285	6.121603	256.160403	0.033524	28.2
17	-1.334025	5.150303	265.674972	0.033620	29.6
18	-1.331265	4.179734	275.915577	0.038323	29.2
19	-1.280875	4.180173	275.910768	0.033853	27.5
20	-1.319460	3.208871	286.980783	0.041225	28.1
21	-1.319771	2.237570	298.976225	0.033004	26.4
22	-1.297149	3.237570	286.640986	0.030453	27.1
23	-1.303929	4.237570	275.283277	0.031641	29.2
24	-1.320865	3.266268	286.301992	0.037653	30.0
25	-1.310109	4.257756	275.063268	0.025763	33.2
26	-1.299869	5.257756	264.587762	0.038783	27.8
27	-1.311830	6.257656	254.881820	0.028456	28.0
28	-1.305049	5.286359	264.299853	0.027897	29.4
29	-1.304264	4.315060	274.440630	0.017056	30.0
30	-1.307110	3.643948	281.914279	0.035111	28.3
31	-1.316915	2.675026	293.451883	0.031421	27.0
32	-1.296171	1.703725	306.006217	0.019754	25.2
33	-1.297828	2.175305	299.779478	0.036575	27.9
34	-1.306123	3.143951	287.752442	0.033307	28.6
35	-1.306366	3.831407	279.786032	0.041814	28.0
36	-1.324076	2.860105	291.175615	0.031498	28.3
37	-1.310693	3.856466	279.503968	0.052321	26.2
38	-1.285997	2.885164	290.870129	0.046078	29.4
39	-1.319702	2.431000	296.508087	0.038649	28.1
40	-1.305599	1.459698	309.331002	0.035396	27.6
41	-1.296105	2.459680	296.145596	0.035871	28.9
42	-1.302181	1.509181	308.650988	0.029023	29.0
43	-1.287738	2.502155	295.610377	0.034914	27.2
44	-1.336943	1.530854	308.354092	0.046950	26.4
45	-1.302693	0.560447	322.232689	0.027962	29.3
46	-1.312825	0.000000	330.832423	0.040682	26.0
47	-1.307291	0.000000	330.832423	0.042366	26.5
48	-1.341016	0.000000	330.832423	0.035193	26.9
49	-1.323738	0.000000	330.832423	0.024651	23.6
50	-1.291071	0.000000	330.832423	0.035888	27.0
51	-1.297548	0.000000	330.832423	0.034498	27.1
52	-1.327539	1.000000	315.794587	0.040818	25.2
53	-1.276041	1.735253	305.581861	0.019357	24.7
54	-1.299960	0.763965	319.219450	0.027652	23.3
55	-1.324372	0.000000	330.832423	0.031803	23.7
56	-1.298885	0.000000	330.832423	0.035148	23.2
57	-1.333196	0.000000	330.832423	0.027406	23.3
58	-1.309538	0.999977	315.794913	0.027163	23.8
59	-1.299673	0.028703	330.380860	0.033908	30.0
60	-1.294597	1.028703	315.383115	0.046966	23.6
61	-1.312714	0.057401	329.930596	0.027839	23.4
62	-1.298387	0.000000	330.832423	0.027594	23.2
63	-1.289459	1.000000	315.794586	0.023963	23.7
64	-1.305130	0.028700	330.380900	0.037367	24.4
65	-1.319759	0.884629	317.459393	0.028330	23.6
66	-1.326985	0.000000	330.832423	0.032779	23.3
67	-1.300554	0.000000	330.832423	0.027773	25.4
68	-1.292643	0.999999	315.794600	0.033146	32.2
69	-1.314262	0.028697	330.380945	0.041581	27.0
70	-1.326590	0.000000	330.832423	0.027099	25.0
71	-1.306596	0.998009	315.823173	0.026726	31.6
72	-1.335745	1.303890	311.491885	0.030749	24.7
73	-1.317785	0.332648	325.673634	0.032612	29.6
74	-1.335808	1.332635	311.090966	0.034153	27.3
75	-1.296920	2.076916	301.057600	0.035327	27.0
76	-1.301911	3.076916	288.553606	0.045718	25.2
77	-1.316387	4.076916	277.046865	0.032650	23.8
78	-1.293144	3.165174	287.499727	0.038284	25.2
79	-1.316080	4.165174	276.075219	0.049823	26.8
80	-1.283080	3.209083	286.978275	0.033704	28.1
81	-1.331251	4.209083	275.594351	0.026343	31.7
82	-1.320867	5.208555	265.084469	0.027889	30.6
83	-1.277622	6.158824	255.809339	0.022520	31.7
84	-1.320815	7.156743	246.743059	0.037238	23.8
85	-1.301754	8.147884	238.352838	0.046623	29.8
86	-1.309887	9.147884	230.446716	0.029624	27.3
87	-1.294852	8.176582	238.118392	0.037029	25.6
88	-1.320119	7.205281	246.318444	0.025450	25.5
89	-1.319616	8.205277	237.884436	0.028865	28.1
90	-1.308318	9.197828	230.065585	0.040932	26.3
91	-1.307945	9.497971	227.801416	0.035897	27.9
92	-1.299856	8.526669	235.295110	0.029219	25.2
93	-1.319046	8.703952	233.890797	0.035273	29.7
94	-1.336790	7.732694	241.797056	0.038022	28.9
95	-1.327509	8.732694	233.664693	0.040298	28.1
96	-1.327693	7.761405	241.555688	0.033160	28.2
97	-1.289920	6.790179	249.997698	0.032392	28.6
98	-1.313916	7.790179	241.314262	0.038604	27.5
99	-1.286701	8.788053	233.230445	0.025812	26.9
100	-1.298535	7.816752	241.091744	0.026268	28.9
101	-1.309504	8.816750	233.005971	0.036026	28.0
102	-1.316920	9.807670	225.511399	0.029268	26.3
103	-1.324145	8.839447	232.828744	0.043918	25.1
104	-1.317483	7.868190	240.662154	0.025792	25.3
105	-1.308822	6.904196	248.976210	0.030643	26.0
106	-1.310200	5.932895	257.955222	0.036636	26.8
107	-1.268246	6.921168	248.824866	0.029422	28.7
108	-1.315621	7.920835	240.224073	0.027838	29.3
109	-1.326861	6.953839	248.534057	0.037205	28.2
110	-1.318230	5.982537	257.480641	0.030487	26.8
111	-1.310051	5.011235	267.095385	0.023138	35.4
112	-1.320731	4.039934	277.456043	0.033882	24.8
113	-1.299876	5.039582	266.804621	0.028875	28.1
114	-1.312908	6.039582	256.937434	0.025633	27.8
115	-1.315284	5.068286	266.510842	0.042330	29.8
116	-1.275872	4.097007	276.825073	0.030297	28.2
117	-1.293840	3.803572	280.100016	0.030747	27.6
118	-1.299665	2.832270	291.515698	0.031950	25.6
119	-1.278201	3.832270	279.776314	0.040616	27.6
120	-1.332816	2.861075	291.163778	0.050160	27.3
121	-1.306093	3.836473	279.728968	0.033714	29.3
122	-1.322864	2.865171	291.113811	0.025446	23.6
123	-1.304791	1.893869	303.464686	0.033917	24.5
124	-1.294799	2.892904	290.775906	0.025608	23.5
125	-1.304115	3.892904	279.094830	0.028494	23.6
126	-1.285347	4.892904	268.316015	0.023762	32.8
127	-1.328645	3.922276	278.765906	0.035153	23.8
128	-1.277192	4.922232	268.012450	0.026476	23.5
129	-1.306808	3.966909	278.267557	0.042801	23.8
130	-1.297796	2.997156	289.512680	0.026314	23.3
131	-1.321466	2.026031	301.722897	0.031192	23.4
132	-1.317132	2.976829	289.758114	0.028468	26.2
133	-1.314106	3.976410	278.161710	0.039507	23.4
134	-1.314483	4.964661	267.574489	0.041351	23.5
135	-1.312131	3.993470	277.971840	0.026470	23.3
136	-1.303735	4.945579	267.771280	0.042787	23.3
137	-1.296313	5.195881	265.212722	0.035951	23.3
138	-1.298898	6.195881	255.460778	0.026055	23.9
139	-1.287058	6.347868	254.041043	0.023891	23.1
140	-1.311255	5.377371	263.387919	0.025867	23.1
141	-1.318741	6.377370	253.767282	0.047833	24.4
142	-1.307389	5.406069	263.101674	0.034942	24.9
143	-1.314107	4.434767	273.148988	0.036913	32.4
144	-1.318455	5.434767	262.816043	0.037914	25.6
145	-1.318365	4.463465	272.841138	0.038246	29.6
146	-1.303054	5.463465	262.531032	0.037958	29.2
147	-1.304270	6.463458	252.971819	0.032885	23.2
148	-1.332367	5.492195	262.246325	0.027001	24.5
149	-1.299472	6.492195	252.707388	0.037241	27.8
150	-1.314290	7.486173	243.889588	0.031550	24.7
151	-1.324309	6.514871	252.499127	0.031832	27.1
152	-1.334985	5.543616	261.738303	0.033245	27.7
153	-1.302222	6.543582	252.235924	0.033614	29.7
154	-1.286115	5.572822	261.450623	0.034676	28.8
155	-1.321811	6.572822	251.968438	0.037782	26.3
156	-1.331458	7.572822	243.149972	0.032952	24.0
157	-1.309934	8.572822	234.927897	0.025312	28.7
158	-1.315802	9.564342	227.306740	0.023569	35.5
159	-1.318269	8.613938	234.601726	0.030132	26.6
160	-1.310180	7.650911	242.487261	0.028632	24.9
161	-1.317135	8.498923	235.516427	0.044096	23.7
162	-1.297037	7.545592	243.381912	0.028344	29.4
163	-1.302140	8.545540	235.144824	0.030848	29.7
164	-1.305641	9.544938	227.451141	0.033526	25.8
165	-1.319616	8.615364	234.590430	0.026078	24.4
166	-1.331852	8.932350	232.106092	0.027979	27.5
167	-1.322135	8.904306	232.323760	0.026954	33.9
168	-1.286544	8.031397	239.309214	0.040220	36.0
169	-1.313182	8.900889	232.350314	0.029955	27.6
170	-1.322761	7.929587	240.151402	0.037707	24.8
171	-1.269458	6.958289	248.494491	0.038650	29.9
172	-1.307371	7.958289	239.913373	0.034325	24.8
173	-1.312511	7.648805	242.505084	0.036250	35.0
174	-1.295051	8.648778	234.326046	0.032047	30.5
175	-1.312830	9.644490	226.712235	0.023723	30.7
176	-1.320800	8.673189	234.133277	0.033083	29.4
177	-1.319219	7.701893	242.056543	0.034540	26.2
178	-1.326720	8.512171	235.410700	0.029282	32.9
179	-1.324826	7.540878	243.422116	0.041395	25.4
180	-1.322925	6.569576	251.998102	0.037665	29.9
181	-1.297199	7.569576	243.177597	0.036305	29.2
182	-1.306715	6.598275	251.736060	0.039908	31.9
183	-1.332652	5.626973	260.918915	0.036105	26.9
184	-1.306485	6.626973	251.474561	0.030754	27.8
185	-1.288490	7.618029	242.765880	0.034526	28.6
186	-1.301665	8.618028	234.569323	0.023985	29.2
187	-1.328724	7.647611	242.515193	0.032128	30.6
188	-1.303753	8.647611	234.335270	0.028906	27.3
189	-1.333959	7.695763	242.108244	0.034426	26.2
190	-1.330337	6.724462	250.590290	0.042866	25.9
191	-1.316326	7.724436	241.866569	0.031863	29.1
192	-1.297242	6.753135	250.331392	0.041451	23.7
193	-1.322902	5.781833	259.410207	0.034579	34.8
194	-1.328286	6.781832	250.072811	0.028638	27.5
195	-1.291897	5.810687	259.131025	0.024226	29.3
196	-1.311597	4.864780	268.607769	0.035764	23.0
197	-1.300011	3.893857	279.084145	0.034371	23.4
198	-1.325080	4.893857	268.306139	0.027985	23.5
199	-1.291555	5.891537	258.351943	0.030864	23.8
200	-1.319957	6.718378	250.645287	0.037475	24.5
201	-1.321401	7.484365	243.905069	0.029496	23.5
202	-1.317912	6.513928	252.507779	0.025897	23.7
203	-1.317005	7.513928	243.652185	0.027121	26.1
204	-1.336638	6.542627	252.244675	0.036000	23.4
205	-1.300305	7.542627	243.407202	0.036498	23.7
206	-1.321276	8.542627	235.168016	0.030965	23.3
207	-1.317407	7.571325	243.162713	0.033180	24.1
208	-1.307095	8.571323	234.939808	0.035108	23.9
209	-1.302764	9.570506	227.260908	0.031276	23.9
210	-1.339672	10.570506	220.062388	0.045200	30.3
211	-1.320843	9.599204	227.047765	0.028221	25.8
212	-1.292969	10.599194	219.862601	0.019847	30.4
213	-1.317936	11.224800	215.594228	0.043143	32.4
214	-1.298891	12.224163	209.109281	0.031016	25.9
215	-1.304886	13.077018	203.875847	0.037562	25.6
216	-1.317279	14.077018	198.063612	0.036365	26.9
217	-1.325547	15.077018	192.573591	0.038758	28.1
218	-1.295232	14.451767	195.969947	0.023304	37.2
219	-1.339949	13.480818	201.488287	0.027628	28.7
220	-1.313282	14.462256	195.911984	0.030866	29.3
221	-1.336986	15.462256	190.538976	0.031228	28.9
222	-1.278485	16.462256	185.452817	0.039801	26.7
223	-1.343600	17.462241	180.631205	0.034809	25.3
224	-1.319301	16.490939	185.310933	0.037679	28.1
225	-1.341068	17.485723	180.520991	0.029268	27.1
226	-1.298408	18.461601	176.056739	0.030367	29.4
227	-1.349670	17.490300	180.499526	0.047521	28.1
228	-1.289828	18.490300	175.928795	0.024760	25.3
229	-1.304082	17.518998	180.365046	0.036262	29.8
230	-1.322229	18.518998	175.801037	0.036183	27.4
231	-1.318265	19.359337	172.140608	0.042374	25.7
232	-1.315122	20.359337	167.978535	0.026437	25.7
233	-1.341673	19.388036	172.018291	0.032239	25.8
234	-1.322562	18.416734	176.257142	0.029877	26.8
235	-1.327848	19.416734	171.896148	0.035293	27.8
236	-1.335808	20.394618	167.835367	0.036005	26.2
237	-1.341353	21.394618	163.876483	0.037835	29.0
238	-1.320105	22.394618	160.100059	0.035980	28.4
239	-1.316619	23.394618	156.493765	0.032777	27.8
240	-1.316922	22.423316	159.994249	0.033968	26.1
241	-1.312523	23.423315	156.392672	0.034042	26.5
242	-1.300998	24.395850	153.042203	0.045632	28.4
243	-1.297096	25.380602	149.792813	0.031119	29.2
244	-1.288812	26.380602	146.631333	0.035354	28.5
245	-1.322887	27.380602	143.600545	0.022079	27.8
246	-1.311515	26.409308	146.542551	0.037293	24.4
247	-1.286464	27.409025	143.516232	0.030588	27.2
248	-1.296755	27.297427	143.847846	0.027382	27.9
249	-1.306330	26.367310	146.672480	0.032544	27.9
250	-1.312417	27.367309	143.640013	0.035682	29.2
251	-1.314719	28.367309	140.730395	0.027679	26.0
252	-1.291706	27.396084	143.554609	0.039436	29.5
253	-1.294826	28.396084	140.648415	0.031409	28.6
254	-1.301603	27.424782	143.469533	0.037366	26.7
255	-1.300199	26.453567	146.405872	0.044271	25.9
256	-1.320280	27.453567	143.384302	0.041660	26.9
257	-1.290511	26.499363	146.264716	0.030643	29.1
258	-1.324740	25.528062	149.318080	0.032789	29.6
259	-1.317388	26.528062	146.176397	0.041076	26.7
260	-1.318186	25.712716	148.727831	0.039899	27.2
261	-1.324940	24.741418	151.885996	0.025549	25.4
262	-1.299227	23.772746	155.172098	0.036673	26.8
263	-1.301356	23.963288	154.514520	0.040614	29.4
264	-1.303191	22.991994	157.926027	0.024209	29.3
265	-1.311042	23.801886	155.071169	0.039386	36.9
266	-1.317790	22.831693	158.503595	0.030699	30.0
267	-1.314205	23.763888	155.202803	0.034337	28.5
268	-1.317519	22.792586	158.645138	0.036595	28.2
269	-1.320000	21.823011	162.237095	0.037914	29.8
270	-1.288260	20.858699	165.974601	0.038549	26.7
271	-1.293481	21.858699	162.102001	0.033041	26.5
272	-1.300476	22.858699	158.405995	0.042379	28.2
273	-1.316161	22.937484	158.121957	0.038391	30.6
274	-1.294844	23.471750	156.222341	0.032952	27.6
275	-1.294662	24.471750	152.786750	0.036202	27.1
276	-1.330581	25.471750	149.499016	0.032252	27.0
277	-1.311421	26.471750	146.349795	0.055755	30.5
278	-1.280344	27.471728	143.330580	0.026351	31.7
279	-1.333019	26.584310	146.003606	0.023061	27.6
280	-1.307014	27.584305	142.998463	0.036922	28.9
281	-1.297968	26.613003	145.915621	0.027962	30.6
282	-1.306301	27.613003	142.914045	0.021276	28.3
283	-1.311191	26.653265	145.792337	0.033120	28.7
284	-1.311713	25.708136	148.742414	0.030843	28.1
285	-1.309704	26.708131	145.624670	0.042844	28.9
286	-1.305813	25.736830	148.651094	0.033175	26.5
287	-1.327339	26.736830	145.537123	0.025124	28.6
288	-1.307086	27.736830	142.550940	0.033332	30.5
289	-1.306436	28.736829	139.684837	0.027242	31.1
290	-1.303871	29.736824	136.931725	0.031683	28.1
291	-1.292261	28.846697	139.376955	0.041980	27.6
292	-1.340045	27.875396	142.146795	0.029356	25.8
293	-1.299778	28.875396	139.296757	0.043856	33.6
294	-1.304290	27.904094	142.063379	0.047407	26.6
295	-1.287789	28.904094	139.216651	0.030543	29.5
296	-1.318308	27.932792	141.980061	0.023003	29.5
297	-1.308315	28.932255	139.138137	0.020039	27.9
298	-1.307269	29.932255	136.406310	0.028581	31.0
299	-1.311641	28.990920	138.974856	0.029450	25.3
300	-1.301399	28.020152	141.727038	0.031493	26.2
301	-1.310573	29.010566	138.920260	0.034425	28.9
302	-1.299264	28.039265	141.671799	0.037562	29.0
303	-1.316905	27.067963	144.534539	0.025183	31.2
304	-1.290533	28.067963	141.588940	0.023910	28.0
305	-1.283763	29.066134	138.766073	0.024176	26.6
306	-1.307639	30.066134	136.048694	0.036304	24.4
307	-1.291828	31.061157	133.448452	0.042367	23.5
308	-1.309831	32.061157	130.933459	0.051883	23.6
309	-1.311961	33.061157	128.511508	0.049384	26.5
310	-1.285450	34.061143	126.177564	0.034731	25.0
311	-1.300659	33.089841	128.443358	0.029355	23.5
312	-1.329847	34.089841	126.111833	0.037607	23.5
313	-1.294037	33.118540	128.375246	0.032576	23.3
314	-1.299734	34.118418	126.046450	0.039984	23.8
315	-1.317704	35.118410	123.800388	0.027540	24.5
316	-1.314883	36.073098	121.729521	0.028010	23.5
317	-1.290945	35.438393	123.098489	0.030893	24.0
318	-1.308470	35.427833	123.121525	0.026940	38.7
319	-1.311723	34.456872	125.277186	0.037668	36.3
320	-1.315867	33.485571	127.510473	0.030114	34.2
321	-1.311436	34.485571	125.212390	0.027157	26.9
322	-1.292999	35.485569	122.995677	0.036506	29.6
323	-1.276252	36.429947	120.973137	0.038317	27.2
324	-1.312140	37.429947	118.902741	0.025274	27.1
325	-1.331781	36.533301	120.755818	0.043472	27.6
326	-1.310927	35.572095	122.807559	0.034940	26.4
327	-1.335343	34.600793	124.952909	0.027787	28.8
328	-1.304141	33.662869	127.096893	0.041260	25.4
329	-1.295192	32.711227	129.348766	0.033656	26.9
330	-1.302794	31.743319	131.722481	0.034613	30.0
331	-1.301179	32.743319	129.271525	0.038514	28.6
332	-1.305232	33.743177	126.910444	0.028625	27.2
333	-1.309025	34.724314	124.675934	0.035233	25.2
334	-1.318546	35.640541	122.659154	0.040683	33.7
335	-1.344708	36.640541	120.531153	0.030785	27.0
336	-1.336876	35.669240	122.597037	0.030140	26.3
337	-1.313301	34.939814	124.195639	0.037116	29.7
338	-1.322292	35.939814	122.014465	0.032883	28.9
339	-1.318430	36.939812	119.908586	0.031739	25.8
340	-1.328106	37.939810	117.874164	0.040623	24.7
341	-1.339941	36.995402	119.793649	0.035400	27.5
342	-1.307719	37.995402	117.763090	0.033854	32.5
343	-1.332701	38.666894	116.437783	0.027527	26.8
344	-1.314630	39.666532	114.519170	0.027338	25.0
345	-1.284390	40.522881	112.925154	0.034576	27.7
346	-1.322976	39.553437	114.733057	0.042880	30.6
347	-1.318422	40.553437	112.869098	0.031050	29.3
348	-1.301025	41.553437	111.064735	0.028879	27.9
349	-1.295621	42.553433	109.317160	0.027152	25.2
350	-1.302833	43.531080	107.661005	0.029106	27.6
351	-1.310385	44.352345	106.308057	0.033917	29.3
352	-1.302170	45.352345	104.705883	0.039357	28.3
353	-1.321359	46.352345	103.151284	0.029352	30.6
354	-1.329414	47.339585	101.661151	0.038568	29.8
355	-1.293875	46.368283	103.126880	0.031652	23.8
356	-1.300953	47.367375	101.619828	0.034836	24.3
357	-1.323431	46.396073	103.084357	0.033706	28.0
358	-1.296006	45.424772	104.591716	0.027197	28.2
359	-1.327123	44.471997	106.113777	0.025588	28.6
360	-1.326703	43.500704	107.711706	0.028418	28.5
361	-1.313962	44.500704	106.067271	0.041729	27.7
362	-1.310593	45.445874	104.558499	0.042784	29.3
363	-1.308305	46.436142	103.023107	0.033915	29.9
364	-1.305621	45.464841	104.528662	0.026120	27.7
365	-1.318490	44.494488	106.077337	0.041266	25.9
366	-1.310636	45.237319	104.887713	0.034861	26.6
367	-1.316897	44.266017	106.448672	0.040078	27.5
368	-1.324667	45.266017	104.842288	0.046662	30.0
369	-1.320615	44.294716	106.401886	0.028790	32.2
370	-1.327494	45.294716	104.796903	0.037353	28.7
371	-1.308643	44.324809	106.352870	0.018243	28.5
372	-1.332905	45.324809	104.749354	0.033786	26.7
373	-1.326351	44.353507	106.306167	0.036946	26.7
374	-1.327913	45.353507	104.704049	0.025457	26.6
375	-1.310099	46.353506	103.149506	0.044548	29.5
376	-1.306489	47.353506	101.640447	0.029108	24.7
377	-1.318401	46.382204	103.105574	0.035981	24.3
378	-1.268674	45.410923	104.613527	0.028394	26.7
379	-1.310690	46.410923	103.061649	0.032059	24.7
380	-1.306174	47.405742	101.562833	0.025002	26.7
381	-1.334798	46.435907	103.023466	0.024272	24.9
382	-1.318988	47.433161	101.522139	0.033609	23.8
383	-1.331299	48.199798	100.397416	0.032144	23.3
384	-1.335671	49.199796	98.967251	0.036858	23.9
385	-1.303158	50.197218	97.580792	0.042645	23.8
386	-1.310105	51.197218	96.229205	0.028992	23.3
387	-1.288814	50.225916	97.541475	0.033621	26.1
388	-1.326471	49.254614	98.890030	0.034225	23.8
389	-1.304034	50.254614	97.502189	0.033749	25.0
390	-1.286524	49.325030	98.791012	0.029739	23.4
391	-1.310356	48.353729	100.174583	0.035117	23.5
392	-1.304363	49.353728	98.750715	0.033651	23.2
393	-1.325859	50.353689	97.366808	0.031314	23.5
394	-1.318039	51.353686	96.021105	0.038776	25.2
395	-1.320151	50.382385	97.327666	0.030820	24.1
396	-1.300074	51.382385	95.983034	0.027662	23.2
397	-1.315654	50.418163	97.278907	0.027139	23.4
398	-1.288323	51.284057	96.113599	0.034420	23.4
399	-1.313401	50.312969	97.422405	0.046691	29.1
400	-1.333704	51.312969	96.075172	0.030071	29.7
401	-1.326857	52.310752	94.767558	0.036029	24.1
402	-1.310523	51.339450	96.040001	0.037049	27.8
403	-1.324911	52.235260	94.865245	0.039952	30.6
404	-1.346726	51.263958	96.140331	0.025771	26.3
405	-1.343647	52.227251	94.875620	0.045006	26.9
406	-1.324149	51.255950	96.150987	0.035821	26.8
407	-1.319131	50.302834	97.436251	0.053537	32.4
408	-1.297458	49.331533	98.781878	0.038025	26.3
409	-1.308481	48.360233	100.165189	0.032273	26.0
410	-1.319886	49.230264	98.924317	0.043099	24.6
411	-1.329187	48.260772	100.309031	0.028044	28.9
412	-1.327007	47.328938	101.676992	0.030774	26.8
413	-1.278688	46.429882	103.032672	0.025064	30.4
414	-1.314176	45.458612	104.538460	0.045993	26.8
415	-1.332589	46.265120	103.285044	0.035645	31.4
416	-1.310676	45.293819	104.798321	0.038937	27.1
417	-1.286838	44.322517	106.356601	0.029910	25.7
418	-1.289637	43.351215	107.961922	0.027005	26.2
419	-1.330443	44.302227	106.389647	0.035703	28.7
420	-1.288272	45.302060	104.785295	0.039455	29.6
421	-1.313508	44.418305	106.200870	0.030354	27.1
422	-1.316736	43.492890	107.724756	0.027409	24.8
423	-1.317754	42.521589	109.371963	0.038927	27.3
424	-1.302464	43.521409	107.677142	0.032924	28.5
425	-1.301045	44.468775	106.119000	0.057106	29.1
426	-1.273271	43.747440	107.301244	0.027961	26.4
427	-1.281618	44.747440	105.669223	0.042688	26.6
428	-1.316637	45.747440	104.086103	0.034786	31.8
429	-1.324282	44.778164	105.619867	0.028234	32.7
430	-1.321468	45.777496	104.039254	0.036686	31.5
431	-1.301829	46.690242	102.636373	0.043930	29.1
432	-1.314663	45.739097	104.099114	0.031280	29.9
433	-1.337453	45.293801	104.798348	0.025716	30.9
434	-1.284793	46.293704	103.241172	0.032195	26.7
435	-1.324012	47.293704	101.729449	0.025378	27.2
436	-1.316643	46.322403	103.197162	0.029873	29.1
437	-1.310591	45.351160	104.707753	0.027810	28.0
438	-1.332217	44.379858	106.263321	0.030530	31.3
439	-1.318206	43.408571	107.865783	0.037109	31.6
440	-1.303309	44.408130	106.217391	0.025807	29.9
441	-1.315929	43.436828	107.818480	0.038979	28.1
442	-1.330681	42.465527	109.468577	0.039006	25.9
443	-1.308577	43.465527	107.770482	0.029755	26.6
444	-1.342104	44.465527	106.124265	0.035333	28.7
445	-1.294049	43.494225	107.722527	0.030032	28.3
446	-1.331309	44.494225	106.077763	0.031884	24.4
447	-1.310329	45.494225	104.482470	0.038233	29.7
448	-1.340673	44.522928	106.031295	0.041666	29.6
449	-1.290487	44.175067	106.597219	0.031221	29.6
450	-1.303717	43.962073	106.946723	0.043940	29.0
451	-1.308218	42.990777	108.570035	0.029586	27.6
452	-1.315558	43.990777	106.899490	0.030340	24.8
453	-1.318081	44.270201	106.441850	0.034251	27.3
454	-1.311870	44.119219	106.688639	0.034121	24.8
455	-1.320598	43.147917	108.304075	0.037806	26.4
456	-1.308459	43.441915	107.809970	0.034118	23.1
457	-1.329098	44.441915	106.162556	0.036787	23.1
458	-1.314312	43.470613	107.761980	0.038683	24.4
459	-1.312267	42.499311	109.410335	0.031707	23.2
460	-1.322829	43.492499	107.725410	0.023042	23.6
461	-1.289466	42.521198	109.372636	0.023389	23.2
462	-1.339571	42.581818	109.268358	0.032578	23.4
463	-1.337524	43.581818	107.576422	0.028895	24.0
464	-1.313830	44.581801	105.936110	0.030847	23.5
465	-1.320855	45.560238	104.378846	0.028980	24.1
466	-1.297224	46.224805	103.346984	0.027135	23.1
467	-1.341157	47.200702	101.868173	0.030426	23.5
468	-1.312423	48.158498	100.457371	0.021870	31.4
469	-1.328207	49.147170	99.041499	0.034090	23.5
470	-1.305863	50.147170	97.649434	0.033297	24.2
471	-1.321556	49.175869	99.000995	0.049469	23.7
472	-1.307853	50.175869	97.610060	0.040738	24.0
473	-1.297725	51.114096	96.340123	0.037171	24.7
474	-1.315346	50.142794	97.655440	0.033658	25.4
475	-1.338583	51.142794	96.301799	0.032991	23.3
476	-1.319979	52.142789	94.985179	0.026245	23.3
477	-1.330922	51.171556	96.263421	0.026804	23.5
478	-1.311693	52.171556	94.947836	0.029140	24.7
479	-1.318350	51.200255	96.225158	0.028559	24.7
480	-1.297617	50.241451	97.520205	0.025492	23.3
481	-1.332181	49.281761	98.851833	0.024783	24.4
482	-1.302534	48.314267	100.231614	0.035994	23.8
483	-1.332790	47.345652	101.652126	0.038184	24.3
484	-1.304406	48.345652	100.186250	0.029370	23.5
485	-1.331878	49.345569	98.762167	0.041402	23.3
486	-1.306330	49.499089	98.547101	0.037205	23.4
487	-1.322101	48.527803	99.923781	0.035666	24.6
488	-1.338260	47.949008	100.762594	0.020896	26.1
489	-1.340832	48.948836	99.322323	0.044375	25.4
490	-1.290178	49.948836	97.922408	0.038913	25.8
491	-1.320377	50.948836	96.561407	0.033461	23.5
492	-1.308725	49.977541	97.882807	0.048032	24.1
493	-1.297721	49.006239	99.240882	0.046721	26.7
494	-1.329979	50.006239	97.843246	0.040226	26.1
495	-1.317807	51.006200	96.484481	0.031740	25.7
496	-1.324542	52.006171	95.162927	0.033862	23.4
497	-1.309268	53.005964	93.877311	0.024422	23.3
498	-1.322307	52.354364	94.711215	0.050095	23.5
499	-1.307110	51.383062	95.982136	0.029704	23.4
