1:ItNr	2:Metric	3a:Time	3b:StepSize	4:||Gradient||	Time[ms]
0	-0.907264	0.000000	3.354311	0.029453	367.3
1	-0.908164	0.000000	3.354311	0.027667	3.7
2	-0.944586	0.000000	3.354311	0.033985	3.7
3	-0.931774	0.980649	3.204661	0.046438	3.7
4	-0.908514	1.980649	3.065210	0.042812	3.8
5	-0.872453	2.980649	2.937390	0.021404	3.8
6	-0.899211	3.879825	2.831231	0.023834	4.0
7	-0.911564	3.454907	2.880425	0.043007	3.8
8	-0.931674	4.454899	2.767268	0.051253	3.8
9	-0.926675	5.454899	2.662665	0.031294	3.8
10	-0.919705	6.454899	2.565681	0.023982	4.5
11	-0.898994	7.444610	2.476410	0.018852	5.2
12	-0.932945	7.081330	2.508447	0.040434	5.3
13	-0.920059	8.077634	2.422498	0.036371	5.4
14	-0.886221	9.077609	2.341959	0.034447	5.6
15	-0.903990	8.788841	2.364661	0.015102	5.5
16	-0.904805	8.364793	2.398809	0.041854	5.9
17	-0.927940	9.294624	2.325182	0.037010	7.0
18	-0.919531	10.290308	2.251193	0.037039	3.8
19	-0.908906	9.864647	2.282240	0.037360	3.9
20	-0.927242	10.864647	2.210617	0.013670	7.0
21	-0.918439	10.439305	2.240524	0.033550	5.5
22	-0.919653	10.606160	2.228696	0.027020	5.7
23	-0.919601	10.925264	2.206419	0.012306	6.1
24	-0.900749	10.506426	2.235751	0.031917	5.5
25	-0.920100	10.383264	2.244525	0.041597	5.6
26	-0.912339	11.383264	2.175214	0.026845	6.8
27	-0.911871	12.383236	2.110057	0.033190	3.9
28	-0.929835	11.971725	2.136392	0.041097	3.8
29	-0.927908	12.967885	2.073739	0.029992	6.7
30	-0.921050	13.739835	2.027659	0.043471	5.5
31	-0.969464	14.739809	1.970926	0.015713	5.6
32	-0.918972	15.668848	1.920991	0.030617	5.7
33	-0.944069	15.243995	1.943509	0.036644	6.2
34	-0.896494	16.243995	1.891326	0.030444	5.8
35	-0.932969	15.845412	1.911785	0.017227	6.8
36	-0.898467	16.834540	1.861805	0.021186	4.9
37	-0.883851	17.726857	1.818906	0.035726	6.8
38	-0.909245	17.342660	1.837132	0.042484	5.5
39	-0.913785	18.342660	1.790436	0.020344	5.4
40	-0.926332	19.342647	1.746056	0.048305	5.5
41	-0.924991	19.556440	1.736852	0.040908	5.7
42	-0.938067	19.275661	1.748960	0.039840	5.3
43	-0.865624	20.275661	1.706587	0.027632	6.4
44	-0.866795	20.934228	1.679786	0.025438	5.3
45	-0.900904	21.934212	1.640662	0.010558	3.8
46	-0.871458	22.364441	1.624384	0.015589	6.8
47	-0.899761	22.063519	1.635735	0.032615	5.9
48	-0.908328	23.048593	1.599155	0.038878	5.4
49	-0.892922	24.048593	1.563656	0.023352	5.6
50	-0.945344	25.005946	1.531118	0.033476	5.9
51	-0.920444	25.998374	1.498786	0.049895	5.3
52	-0.877701	25.572633	1.512487	0.037822	6.4
53	-0.933288	26.572633	1.480694	0.030313	5.6
54	-0.889157	27.453012	1.453790	0.035540	5.1
55	-0.872084	28.453012	1.424393	0.039797	5.7
56	-0.911084	29.452097	1.396186	0.028605	6.2
57	-0.924246	29.105279	1.405850	0.023559	5.6
58	-0.901378	28.679680	1.417894	0.037599	5.7
59	-0.922679	29.679261	1.389928	0.039269	5.7
60	-0.862719	29.253544	1.401703	0.020320	7.1
61	-0.919984	28.849648	1.413060	0.024129	4.7
62	-0.935440	29.838938	1.385562	0.037664	4.4
63	-0.940660	30.837920	1.358861	0.045335	5.0
64	-0.948370	31.619801	1.338669	0.021909	3.9
65	-0.900830	31.194062	1.349589	0.023540	6.4
66	-0.920114	32.173187	1.324738	0.031589	5.5
67	-0.880661	31.747578	1.335427	0.015079	6.6
68	-0.859059	32.743102	1.310690	0.022891	6.2
69	-0.910024	32.319897	1.321093	0.027669	6.4
70	-0.933474	31.894518	1.331717	0.020334	5.7
71	-0.918087	32.892739	1.307050	0.025941	4.7
72	-0.918218	32.469173	1.317404	0.026768	3.8
73	-0.921796	33.004271	1.304351	0.022049	3.8
74	-0.894007	34.000232	1.280731	0.016719	5.9
75	-0.879686	34.884571	1.260465	0.028762	3.8
76	-0.917273	35.560165	1.245409	0.032290	3.9
77	-0.902662	35.162402	1.254229	0.037810	5.0
78	-0.900159	34.738388	1.263770	0.038227	5.5
79	-0.874722	34.318040	1.273373	0.028144	5.7
80	-0.885100	35.318040	1.250763	0.036752	5.4
81	-0.918659	34.892325	1.260290	0.024909	5.7
82	-0.943237	34.466584	1.269963	0.016525	5.9
83	-0.912069	34.041469	1.279772	0.019958	3.8
84	-0.898815	33.719539	1.287301	0.028155	5.9
85	-0.885957	34.592288	1.267092	0.037511	5.9
86	-0.939183	34.167929	1.276838	0.028441	6.2
87	-0.894235	35.167929	1.254106	0.036584	5.6
88	-0.898275	36.167915	1.232169	0.030187	6.0
89	-0.905819	36.993423	1.214630	0.027715	6.6
90	-0.890880	37.993401	1.194041	0.028470	4.6
91	-0.865795	37.870987	1.196524	0.034105	3.8
92	-0.924118	38.377343	1.186320	0.029234	3.8
93	-0.896115	39.377279	1.166673	0.019749	3.8
94	-0.883360	38.985563	1.174291	0.011970	5.8
95	-0.923083	38.683211	1.180240	0.039091	3.8
96	-0.939779	39.266221	1.168823	0.021209	4.6
97	-0.916411	38.937877	1.175226	0.019553	5.6
98	-0.867944	39.932043	1.156051	0.046984	5.7
99	-0.924218	39.506537	1.164180	0.044860	6.3
100	-0.945370	40.506535	1.145253	0.038213	5.9
101	-0.880003	40.080800	1.153235	0.017419	7.1
102	-0.882979	41.079374	1.134685	0.019005	3.8
103	-0.908885	40.746450	1.140803	0.020839	7.1
104	-0.926021	41.205939	1.132376	0.033591	7.6
105	-0.863120	40.992144	1.136281	0.014025	6.4
106	-0.955963	40.587501	1.143747	0.022379	5.7
107	-0.912446	40.512477	1.145142	0.029972	5.9
108	-0.905664	41.159783	1.133217	0.034782	7.7
109	-0.907242	41.798339	1.121694	0.024997	4.7
110	-0.905934	42.293871	1.112912	0.022974	3.9
111	-0.950135	41.872120	1.120378	0.019937	5.0
112	-0.933364	41.514003	1.126796	0.032039	5.8
113	-0.928922	42.378861	1.111420	0.030581	6.0
114	-0.886846	43.378855	1.094156	0.039250	5.7
115	-0.926012	42.953131	1.101440	0.029009	5.7
116	-0.962932	43.953062	1.084483	0.026364	5.4
117	-0.959472	43.527966	1.091628	0.027598	7.0
118	-0.885266	43.110080	1.098743	0.034112	4.4
119	-0.929263	44.106523	1.081927	0.034474	4.4
120	-0.934020	45.106523	1.065561	0.036752	4.8
121	-0.904319	46.068085	1.050284	0.033759	6.3
122	-0.894854	47.068085	1.034854	0.023359	7.2
123	-0.894315	46.664834	1.041021	0.038621	5.6
124	-0.867780	46.932247	1.036923	0.019752	5.7
125	-0.870103	47.208661	1.032721	0.019182	5.7
126	-0.898179	46.816539	1.038692	0.033718	6.9
127	-0.897337	47.780610	1.024133	0.030658	4.6
128	-0.923700	47.354868	1.030512	0.026490	5.0
129	-0.939741	48.354608	1.015657	0.036076	4.0
130	-0.937610	47.928867	1.021931	0.021961	6.6
131	-0.916832	48.926832	1.007346	0.020945	3.9
132	-0.891968	48.527589	1.013131	0.024225	4.3
133	-0.896904	49.342009	1.001400	0.027270	3.9
134	-0.879658	50.341783	0.987367	0.021243	5.1
135	-0.886146	49.956528	0.992728	0.017975	4.9
136	-0.906384	49.867649	0.993973	0.028893	5.8
137	-0.891682	50.029852	0.991703	0.035176	5.9
138	-0.907159	49.641882	0.997150	0.030385	4.9
139	-0.898945	50.421141	0.986270	0.043799	8.1
140	-0.913397	49.995586	0.992182	0.023042	6.8
141	-0.905017	49.573278	0.998119	0.028164	5.6
142	-0.882067	49.149303	1.004151	0.027418	6.1
143	-0.895471	50.077608	0.991037	0.039055	5.5
144	-0.880776	49.972878	0.992499	0.039750	5.9
145	-0.908462	50.972878	0.978709	0.016953	6.9
146	-0.919817	50.556768	0.984401	0.028905	3.7
147	-0.905874	51.553387	0.970878	0.021015	3.8
148	-0.924102	52.300284	0.960986	0.033929	4.7
149	-0.902787	52.115976	0.963408	0.022466	7.7
150	-0.882266	53.115974	0.950409	0.028727	3.8
151	-0.892669	53.485100	0.945700	0.022759	4.0
152	-0.926477	54.477818	0.933261	0.042240	6.2
153	-0.909641	54.056466	0.938500	0.018120	5.6
154	-0.885943	54.989955	0.926971	0.019809	6.5
155	-0.877660	54.612364	0.931601	0.016953	4.1
156	-0.959358	54.259723	0.935966	0.038378	6.9
157	-0.927554	53.852615	0.941056	0.055141	11.0
158	-0.922711	54.852615	0.928650	0.013679	7.0
159	-0.945805	55.851848	0.916576	0.030768	4.2
160	-0.910575	55.523254	0.920511	0.009131	5.0
161	-0.948336	56.252214	0.911825	0.031613	5.7
162	-0.905949	56.336086	0.910836	0.017552	6.0
163	-0.887611	56.101586	0.913607	0.027086	7.2
164	-0.870027	57.098140	0.901949	0.025830	4.8
165	-0.930998	58.097814	0.890550	0.022084	4.4
166	-0.938224	57.672080	0.895369	0.027785	7.5
167	-0.874486	57.954996	0.892160	0.029231	5.3
168	-0.904932	57.609550	0.896081	0.017835	6.1
169	-0.889927	57.192660	0.900858	0.037843	5.7
170	-0.928191	56.830290	0.905053	0.023747	5.7
171	-0.919964	56.404549	0.910031	0.014910	6.0
172	-0.928240	56.266918	0.911652	0.036451	6.9
173	-0.861233	55.847615	0.916626	0.025458	4.1
174	-0.913384	55.421877	0.921732	0.018391	8.5
175	-0.881927	56.202474	0.912413	0.018309	6.1
176	-0.883294	56.321392	0.911009	0.022285	6.2
177	-0.916680	57.025520	0.902788	0.024296	5.7
178	-0.896059	58.006807	0.891575	0.036969	5.9
179	-0.954490	58.879204	0.881838	0.027530	5.9
180	-0.930871	59.878853	0.870939	0.039920	5.6
181	-0.918261	60.878723	0.860303	0.021244	4.0
182	-0.917586	60.453027	0.864799	0.030336	5.8
183	-0.904211	60.052452	0.869073	0.033411	5.5
184	-0.920740	59.626732	0.873662	0.046425	5.5
185	-0.935033	60.626732	0.862959	0.037010	5.2
186	-0.895362	60.255797	0.866898	0.017726	5.4
187	-0.879945	61.255000	0.856368	0.031234	5.6
188	-0.919840	60.921384	0.859855	0.021963	7.3
189	-0.900868	61.921064	0.849489	0.023383	4.6
190	-0.900969	61.501452	0.853809	0.019677	3.8
191	-0.921373	62.498006	0.843619	0.025321	5.4
192	-0.932277	62.231166	0.846324	0.033965	5.8
193	-0.889399	61.864179	0.850072	0.020642	5.6
194	-0.920971	62.736230	0.841219	0.028329	5.8
195	-0.893843	63.722581	0.831426	0.042390	5.7
196	-0.903424	64.686864	0.822069	0.011464	5.3
197	-0.931374	65.686175	0.812592	0.024929	6.7
198	-0.886046	65.314168	0.816095	0.033463	4.8
199	-0.913412	66.155506	0.808217	0.022880	3.7
200	-0.881564	65.964562	0.809991	0.027442	6.6
201	-0.890482	66.042339	0.809267	0.034808	6.0
202	-0.871579	67.042338	0.800076	0.017055	5.3
203	-0.901447	67.210849	0.798547	0.035531	5.8
204	-0.883738	67.900845	0.792349	0.047916	5.8
205	-0.924077	68.900845	0.783536	0.020272	5.7
206	-0.929521	69.900593	0.774918	0.031857	6.0
207	-0.868518	69.509496	0.778267	0.020108	4.6
208	-0.884854	70.495276	0.769882	0.031915	4.9
209	-0.911759	71.480527	0.761680	0.037722	3.9
210	-0.936229	72.480527	0.753532	0.041158	5.9
211	-0.910310	72.054786	0.756979	0.026903	5.6
212	-0.906435	73.054786	0.748931	0.028411	5.6
213	-0.906893	74.054785	0.741052	0.027034	5.7
214	-0.915614	74.013621	0.741373	0.034764	5.4
215	-0.882578	73.594777	0.744656	0.018143	5.9
216	-0.930812	74.408604	0.738304	0.037050	6.2
217	-0.944839	75.330102	0.731241	0.028634	5.3
218	-0.891950	74.983030	0.733885	0.032062	4.0
219	-0.948498	75.982890	0.726319	0.032211	6.3
220	-0.906908	76.982867	0.718907	0.033848	5.7
221	-0.942070	77.982625	0.711645	0.026706	5.6
222	-0.882107	77.556893	0.714719	0.026879	5.7
223	-0.923065	78.385781	0.708759	0.023345	5.4
224	-0.920177	77.998626	0.711530	0.018396	5.9
225	-0.916280	77.799745	0.712963	0.031831	6.0
226	-0.874890	77.954595	0.711847	0.049620	5.9
227	-0.896960	77.563076	0.714675	0.025995	4.2
228	-0.946131	78.563076	0.707496	0.043349	5.9
229	-0.937522	78.137394	0.710534	0.015032	4.0
230	-0.907700	78.704688	0.706492	0.011971	3.8
231	-0.901991	79.512342	0.700815	0.020357	3.7
232	-0.926110	79.351281	0.701939	0.035763	4.9
233	-0.917829	80.028717	0.697233	0.022406	3.7
234	-0.913002	79.629945	0.699996	0.023412	4.9
235	-0.906966	79.219626	0.702862	0.032670	5.1
236	-0.919891	80.146916	0.696418	0.020036	5.6
237	-0.879620	80.710960	0.692556	0.031816	5.5
238	-0.889510	81.698058	0.685899	0.024158	8.6
239	-0.854701	82.689904	0.679338	0.025450	5.9
240	-0.898775	83.679613	0.672915	0.028579	3.7
241	-0.907140	83.478862	0.674208	0.017455	3.8
242	-0.909987	83.972542	0.671038	0.035075	5.7
243	-0.937009	84.972084	0.664708	0.021004	4.0
244	-0.905070	85.971425	0.658498	0.015655	5.0
245	-0.851738	86.546966	0.654975	0.024063	5.6
246	-0.934488	86.127455	0.657539	0.033780	5.8
247	-0.888696	87.102346	0.651610	0.021668	7.0
248	-0.900943	88.092834	0.645693	0.016877	7.5
249	-0.883630	87.962807	0.646464	0.026770	4.0
250	-0.874014	87.589510	0.648686	0.028113	3.9
251	-0.902023	88.589403	0.642768	0.042457	6.7
252	-0.923243	88.163662	0.645274	0.022612	6.3
253	-0.908346	87.871094	0.647008	0.026350	5.5
254	-0.898835	87.445795	0.649546	0.038426	7.3
255	-0.911778	88.445795	0.643611	0.029578	5.5
256	-0.929883	88.020131	0.646124	0.021169	7.0
257	-0.917198	87.995567	0.646270	0.020522	5.8
258	-0.892670	88.123562	0.645512	0.028568	6.1
259	-0.945411	89.123367	0.639651	0.026928	5.7
260	-0.984215	90.123364	0.633895	0.029455	6.2
261	-0.947878	91.123307	0.628242	0.021432	6.5
262	-0.904875	92.123121	0.622689	0.027450	3.8
263	-0.921715	93.121644	0.617241	0.038867	3.8
264	-0.901180	92.696041	0.619551	0.029723	4.2
265	-0.899616	93.696041	0.614150	0.031191	5.5
266	-0.909344	93.734816	0.613942	0.023340	3.9
267	-0.892831	94.053654	0.612241	0.018702	3.9
268	-0.900545	95.049242	0.606988	0.012331	5.6
269	-0.942376	94.641709	0.609127	0.027247	5.6
270	-0.907503	94.966520	0.607421	0.033696	3.8
271	-0.908854	94.541152	0.609657	0.015317	4.0
272	-0.903489	94.132962	0.611819	0.026716	5.4
273	-0.915844	94.241554	0.611242	0.022751	6.1
274	-0.932974	93.844422	0.613356	0.020112	5.9
275	-0.916172	93.766836	0.613771	0.020174	6.9
276	-0.929165	93.795795	0.613616	0.017436	4.0
277	-0.849748	94.776061	0.608420	0.023148	4.6
278	-0.957394	94.545722	0.609633	0.025347	6.5
279	-0.904063	94.125057	0.611861	0.017193	5.3
280	-0.876470	94.840112	0.608084	0.023369	4.1
281	-0.926355	94.507318	0.609836	0.025421	4.9
282	-0.889572	95.501797	0.604630	0.029288	4.3
283	-0.890490	95.077068	0.606843	0.036047	4.0
284	-0.935241	95.884690	0.602650	0.030983	3.9
285	-0.948616	96.884197	0.597540	0.013214	11.2
286	-0.914707	97.882898	0.592520	0.022124	5.8
287	-0.893756	98.009631	0.591889	0.023066	7.1
288	-0.931536	97.621214	0.593827	0.042537	4.6
289	-0.912884	97.195476	0.595966	0.021113	6.2
290	-0.874249	96.793352	0.598001	0.030927	5.9
291	-0.937362	96.844606	0.597741	0.035887	6.1
292	-0.928479	97.844380	0.592712	0.028622	7.6
293	-0.918634	98.844380	0.587767	0.024324	8.8
294	-0.930233	99.843077	0.582909	0.020673	7.5
295	-0.894159	100.740806	0.578611	0.014664	5.6
296	-0.910238	101.652998	0.574307	0.022880	6.0
297	-0.948537	102.111074	0.572170	0.031083	8.5
298	-0.951875	101.685334	0.574156	0.039410	4.8
299	-0.927809	102.685334	0.569514	0.031274	4.5
300	-0.897504	103.662457	0.565050	0.024022	5.8
301	-0.913730	104.237539	0.562455	0.027145	5.8
302	-0.896799	103.811989	0.564373	0.018977	6.3
303	-0.902920	104.736183	0.560225	0.036239	5.8
304	-0.908652	104.310616	0.562127	0.045729	6.0
305	-0.954930	104.860354	0.559672	0.026230	6.4
306	-0.900275	105.858093	0.555270	0.027455	5.4
307	-0.912292	105.455766	0.557037	0.035573	3.8
308	-0.907885	105.074726	0.558720	0.032527	3.7
309	-0.869989	105.604437	0.556383	0.019277	4.0
310	-0.913135	106.162060	0.553943	0.021383	7.6
311	-0.932211	106.078816	0.554306	0.032390	4.4
312	-0.907418	106.259651	0.553518	0.026135	4.6
313	-0.880237	107.259194	0.549204	0.017533	3.8
314	-0.909057	108.243032	0.545024	0.027275	5.3
315	-0.946201	108.260853	0.544949	0.018839	5.7
316	-0.938505	109.159705	0.541185	0.034716	5.2
317	-0.914950	109.439314	0.540025	0.039559	6.2
318	-0.893569	110.439148	0.535917	0.021809	4.7
319	-0.920154	111.405487	0.532006	0.038989	6.5
320	-0.907927	111.353190	0.532216	0.053376	3.8
321	-0.894735	112.353190	0.528225	0.022510	7.2
322	-0.927573	113.343215	0.524333	0.019615	5.7
323	-0.881228	114.221272	0.520928	0.015644	4.3
324	-0.932242	115.187372	0.517232	0.025005	4.6
325	-0.916794	115.595242	0.515688	0.017731	7.0
326	-0.927524	116.007053	0.514138	0.039940	4.3
327	-0.921033	115.880566	0.514613	0.019949	4.9
328	-0.870139	116.880521	0.510881	0.033549	5.2
329	-0.902635	117.475105	0.508687	0.025834	4.6
330	-0.889464	117.049499	0.510256	0.019102	4.0
331	-0.921224	116.710874	0.511510	0.025190	4.5
332	-0.893980	116.285828	0.513094	0.033701	5.5
333	-0.952421	117.285770	0.509384	0.023211	10.8
334	-0.938444	118.249282	0.505859	0.027968	5.6
335	-0.930153	119.248767	0.502254	0.021445	5.7
336	-0.970211	120.209510	0.498837	0.035180	13.9
337	-0.897152	119.860767	0.500072	0.026250	4.5
338	-0.884851	120.860767	0.496547	0.013145	6.1
339	-0.942765	121.208329	0.495333	0.020823	5.4
340	-0.893469	121.174784	0.495450	0.022692	5.7
341	-0.908501	120.931239	0.496300	0.026355	7.2
342	-0.917292	121.922414	0.492858	0.028105	5.9
343	-0.876606	121.496693	0.494331	0.026186	7.7
344	-0.921404	122.496688	0.490886	0.014150	4.8
345	-0.923157	122.165608	0.492021	0.027276	6.0
346	-0.932573	122.689811	0.490226	0.022538	7.6
347	-0.882504	123.030005	0.489068	0.017823	5.9
348	-0.960498	122.604705	0.490517	0.014129	5.8
349	-0.904901	123.510093	0.487444	0.025399	5.8
350	-0.922319	123.092204	0.488857	0.017418	6.7
351	-0.893265	123.639472	0.487008	0.019754	5.7
352	-0.921025	123.317234	0.488095	0.016537	4.5
353	-0.942175	124.261454	0.484922	0.015588	6.7
354	-0.911590	124.990003	0.482502	0.019858	6.2
355	-0.911987	125.766097	0.479951	0.032103	5.7
356	-0.923565	125.340412	0.481347	0.025186	5.9
357	-0.906012	124.919983	0.482734	0.035812	7.1
358	-0.902674	125.919982	0.479448	0.029366	7.4
359	-0.897863	126.919982	0.476207	0.015479	5.6
360	-0.911263	127.616917	0.473974	0.035860	3.9
361	-0.951306	128.597574	0.470867	0.034784	4.6
362	-0.898411	128.171958	0.472210	0.032481	6.7
363	-0.957369	127.746217	0.473562	0.033036	6.2
364	-0.884607	128.746212	0.470399	0.025413	7.0
365	-0.894328	129.745849	0.467280	0.024158	4.6
366	-0.941380	129.320108	0.468603	0.027075	3.9
367	-0.934329	128.894426	0.469934	0.019791	3.8
368	-0.879800	129.890317	0.466833	0.030069	4.4
369	-0.909530	129.467811	0.468143	0.024717	4.9
370	-0.907051	129.042351	0.469471	0.016474	8.0
371	-0.908119	128.656900	0.470680	0.040457	7.2
372	-0.891442	129.653330	0.467567	0.025924	9.3
373	-0.964546	130.653327	0.464484	0.031910	5.7
374	-0.947209	131.585106	0.461647	0.021776	5.6
375	-0.916127	132.579486	0.458658	0.020719	6.1
376	-0.911738	132.154657	0.459931	0.023587	7.1
377	-0.919416	132.557483	0.458724	0.040561	4.5
378	-0.927898	133.557442	0.455756	0.020751	4.5
379	-0.916248	134.276089	0.453647	0.028787	7.8
380	-0.943158	135.275620	0.450745	0.042702	4.5
381	-0.872049	136.275620	0.447879	0.017543	4.7
382	-0.887607	135.864419	0.449054	0.024157	4.1
383	-0.925963	135.457109	0.450223	0.023296	5.7
384	-0.895219	135.053726	0.451386	0.013896	5.9
385	-0.878478	134.736725	0.452305	0.021135	6.5
386	-0.905263	134.987348	0.451578	0.020198	6.0
387	-0.933483	135.262747	0.450783	0.029342	7.2
388	-0.901387	136.252853	0.447944	0.038443	8.3
389	-0.894770	136.394641	0.447541	0.024372	5.5
390	-0.897550	137.351144	0.444837	0.019775	9.1
391	-0.915825	137.894747	0.443316	0.037844	6.9
392	-0.908963	137.476151	0.444487	0.023652	7.4
393	-0.964165	138.476150	0.441699	0.018005	6.0
394	-0.944001	139.091516	0.440002	0.025728	8.4
395	-0.876258	138.676303	0.441146	0.027948	11.6
396	-0.880025	139.675432	0.438403	0.013331	8.5
397	-0.898970	139.446050	0.439029	0.032846	10.8
398	-0.884402	140.265678	0.436798	0.032763	13.6
399	-0.911278	141.265547	0.434106	0.014674	17.4
400	-0.898422	142.161198	0.431723	0.019454	9.5
401	-0.901878	143.045478	0.429396	0.020539	18.8
402	-0.901802	144.025865	0.426845	0.023294	15.8
403	-0.956138	144.090211	0.426679	0.022415	29.6
404	-0.898160	145.040515	0.424237	0.013579	11.3
405	-0.926137	145.576134	0.422873	0.025029	9.0
406	-0.912259	146.489529	0.420567	0.022390	9.6
407	-0.892757	147.451424	0.418165	0.043407	6.3
408	-0.893799	148.451406	0.415697	0.021751	10.0
409	-0.899024	149.169511	0.413943	0.026017	7.6
410	-0.884245	148.747333	0.414973	0.031410	8.9
411	-0.929754	148.474482	0.415641	0.020217	8.9
412	-0.898934	148.053515	0.416676	0.029391	11.8
413	-0.877882	149.036261	0.414268	0.025944	6.8
414	-0.929254	148.814238	0.414809	0.022260	5.9
415	-0.969530	149.606515	0.412883	0.025579	7.4
416	-0.890277	149.185967	0.413903	0.017680	7.9
417	-0.886182	148.768400	0.414921	0.037544	9.0
418	-0.900488	148.342676	0.415964	0.015239	6.5
419	-0.871933	148.852093	0.414717	0.034216	6.4
420	-0.884525	148.430108	0.415750	0.010546	6.5
421	-0.888742	148.007747	0.416789	0.018495	7.1
422	-0.905423	148.189961	0.416340	0.026318	5.6
423	-0.917733	147.770735	0.417374	0.032351	5.5
424	-0.927817	148.770685	0.414916	0.033865	9.6
425	-0.882712	149.764331	0.412501	0.020029	6.9
426	-0.880268	150.762975	0.410103	0.043751	6.2
427	-0.883989	150.944390	0.409670	0.027375	5.8
428	-0.908262	151.939596	0.407313	0.035142	6.6
429	-0.940119	152.939544	0.404971	0.024772	9.2
430	-0.949574	153.939544	0.402656	0.027367	8.0
431	-0.887207	154.931740	0.400386	0.024179	4.8
432	-0.941657	155.931241	0.398124	0.031097	10.7
433	-0.880180	155.518341	0.399055	0.026940	9.0
434	-0.918712	156.518287	0.396807	0.016200	10.2
435	-0.897920	156.519941	0.396803	0.023134	14.2
436	-0.871456	157.427346	0.394785	0.011759	8.4
437	-0.897426	158.165738	0.393158	0.031027	7.3
438	-0.866986	157.746174	0.394081	0.020881	6.3
439	-0.888067	157.333456	0.394993	0.033168	9.4
440	-0.933009	156.907779	0.395938	0.021707	18.0
441	-0.938185	156.482508	0.396887	0.033735	9.0
442	-0.947802	157.479120	0.394671	0.024169	7.6
443	-0.930569	157.084312	0.395546	0.031132	8.3
444	-0.936287	156.660626	0.396489	0.032048	6.2
445	-0.880767	157.658653	0.394274	0.031631	11.1
446	-0.893730	158.019628	0.393479	0.024378	9.0
447	-0.948939	157.600232	0.394403	0.020128	7.4
448	-0.961846	158.550028	0.392317	0.032276	5.0
449	-0.909824	159.547780	0.390149	0.031046	6.8
450	-0.897101	159.122039	0.391071	0.035580	6.7
451	-0.903978	160.122039	0.388912	0.021686	7.1
452	-0.935586	159.696958	0.389827	0.027063	7.6
453	-0.910437	160.282299	0.388568	0.023351	5.6
454	-0.928848	161.282132	0.386437	0.021536	7.3
455	-0.935169	161.034851	0.386962	0.020670	5.2
456	-0.940829	162.021848	0.384875	0.023698	5.1
457	-0.911136	161.693210	0.385567	0.021561	4.2
458	-0.943282	162.668585	0.383520	0.020962	5.1
459	-0.895901	162.325826	0.384237	0.037226	13.7
460	-0.876874	163.302357	0.382201	0.022746	11.6
461	-0.930969	163.145811	0.382526	0.032507	6.4
462	-0.929212	162.720085	0.383412	0.022057	3.9
463	-0.936712	162.295094	0.384301	0.030806	9.1
464	-0.880832	163.294929	0.382216	0.015614	6.4
465	-0.924753	162.919393	0.382997	0.025386	4.6
466	-0.896393	163.427200	0.381942	0.031147	9.1
467	-0.913105	164.137265	0.380477	0.019926	5.8
468	-0.898817	163.862095	0.381044	0.026039	8.7
469	-0.936168	164.818595	0.379082	0.029546	5.6
470	-0.904466	164.394605	0.379949	0.017505	5.9
471	-0.926960	163.968908	0.380824	0.021912	6.7
472	-0.909342	163.846340	0.381076	0.017087	10.8
473	-0.905503	163.430753	0.381935	0.023831	5.6
474	-0.891891	163.523453	0.381743	0.022483	5.1
475	-0.897626	164.510390	0.379712	0.031815	8.5
476	-0.911167	164.545287	0.379641	0.035355	5.2
477	-0.902129	164.119547	0.380514	0.023702	3.8
478	-0.945929	165.119117	0.378470	0.024413	5.0
479	-0.925007	166.115097	0.376456	0.031004	4.5
480	-0.893360	166.061022	0.376564	0.023084	9.1
481	-0.873533	167.050687	0.374583	0.030871	4.7
482	-0.895429	167.073703	0.374537	0.022947	4.6
483	-0.904319	168.073678	0.372556	0.024958	6.7
484	-0.906045	167.762291	0.373171	0.038730	8.5
485	-0.909802	167.336672	0.374014	0.027400	4.9
486	-0.914644	168.336672	0.372038	0.022886	5.4
487	-0.913246	169.089923	0.370564	0.012895	6.7
488	-0.893601	170.056190	0.368690	0.026495	11.6
489	-0.880764	170.071798	0.368660	0.022011	7.3
490	-0.942188	169.811484	0.369163	0.017169	6.7
491	-0.921439	170.742371	0.367371	0.017017	7.1
492	-0.901880	170.320897	0.368180	0.025264	4.1
493	-0.899162	169.897870	0.368996	0.025600	5.3
494	-0.912027	170.863115	0.367139	0.023649	4.6
495	-0.914522	171.862580	0.365237	0.025316	5.5
496	-0.917705	172.807007	0.363457	0.019517	12.2
497	-0.915437	172.435737	0.364155	0.035837	6.5
498	-0.936302	172.010014	0.364958	0.045015	8.6
499	-0.922945	171.640354	0.365658	0.016985	3.9
500	-0.893936	172.546718	0.363946	0.017351	5.3
501	-0.908836	173.402405	0.362344	0.029498	3.9
502	-0.913463	174.039133	0.361161	0.021121	5.6
503	-0.920703	174.153419	0.360949	0.020725	6.0
504	-0.886984	175.051300	0.359296	0.023996	4.9
505	-0.899242	176.050987	0.357474	0.022195	6.7
506	-0.952491	177.045258	0.355679	0.037254	5.3
507	-0.905279	178.008409	0.353958	0.012464	8.7
508	-0.938166	177.592065	0.354700	0.026849	4.5
509	-0.908424	177.421077	0.355005	0.023915	8.5
510	-0.915177	177.158557	0.355476	0.041072	7.4
511	-0.893169	178.155478	0.353696	0.023168	6.4
512	-0.891292	179.028325	0.352153	0.029855	7.8
513	-0.937675	178.604677	0.352900	0.028211	6.0
514	-0.944349	179.601494	0.351147	0.023886	8.3
515	-0.886426	179.525317	0.351280	0.018632	7.0
516	-0.917805	180.415743	0.349727	0.019027	10.2
517	-0.924703	179.995624	0.350458	0.029980	6.7
518	-0.958201	179.569933	0.351202	0.044468	4.8
519	-0.899266	179.144191	0.351949	0.023139	6.0
520	-0.856396	178.733442	0.352673	0.025250	7.1
521	-0.936038	178.612796	0.352886	0.031844	4.8
522	-0.878892	179.349150	0.351589	0.030220	9.5
523	-0.922213	180.186804	0.350125	0.010326	6.2
524	-0.936737	180.167339	0.350159	0.035144	6.0
525	-0.882742	179.876743	0.350665	0.032465	5.7
526	-0.865138	180.876354	0.348929	0.018262	5.3
527	-0.922552	181.633428	0.347625	0.024580	8.6
528	-0.958644	182.356893	0.346389	0.025927	7.0
529	-0.914550	182.023139	0.346958	0.020852	8.9
530	-0.926428	181.597493	0.347687	0.029552	6.2
531	-0.934677	182.578903	0.346011	0.018492	6.3
532	-0.934618	183.416393	0.344593	0.026854	3.9
533	-0.927989	184.411189	0.342924	0.023717	4.8
534	-0.954323	183.987149	0.343634	0.022663	6.8
535	-0.904752	183.892045	0.343793	0.035247	15.3
536	-0.945998	184.788481	0.342296	0.013940	7.2
537	-0.925815	184.389206	0.342961	0.032844	15.1
538	-0.926230	185.244565	0.341539	0.026394	10.0
539	-0.861770	186.066830	0.340183	0.015363	10.0
540	-0.900699	185.656098	0.340859	0.032525	9.5
541	-0.914138	185.758413	0.340690	0.014802	8.7
542	-0.921263	185.498490	0.341119	0.020652	21.0
543	-0.909802	185.924265	0.340417	0.019228	7.3
544	-0.894985	185.530411	0.341066	0.026434	16.3
545	-0.895750	185.114966	0.341754	0.015152	7.8
546	-0.935733	184.931647	0.342058	0.034425	10.9
547	-0.873062	185.930866	0.340406	0.020389	17.7
548	-0.871801	186.628378	0.339262	0.017682	14.3
549	-0.919151	186.737132	0.339085	0.023570	14.1
550	-0.903486	186.491819	0.339486	0.036098	12.0
551	-0.929368	186.569344	0.339359	0.024207	9.2
552	-0.925669	187.563750	0.337741	0.023738	7.4
553	-0.918716	188.015846	0.337010	0.018325	8.4
554	-0.915315	188.451100	0.336310	0.029761	6.0
555	-0.900142	189.404494	0.334786	0.020995	13.2
556	-0.939411	190.402195	0.333206	0.018861	8.0
557	-0.907938	189.985800	0.333864	0.026303	8.3
558	-0.919013	190.985512	0.332289	0.014008	10.0
559	-0.903875	190.955610	0.332336	0.033875	9.9
560	-0.897301	191.947820	0.330788	0.031591	25.9
561	-0.922485	191.528421	0.331440	0.026217	22.1
562	-0.913903	192.528408	0.329888	0.020505	32.8
563	-0.923865	192.110276	0.330536	0.015897	18.2
564	-0.891398	192.337685	0.330183	0.015109	6.2
565	-0.929614	192.542346	0.329867	0.022745	5.6
566	-0.875892	192.330211	0.330195	0.023561	5.6
567	-0.901776	193.322461	0.328666	0.023430	4.1
568	-0.932811	194.012973	0.327611	0.013263	9.9
569	-0.912849	194.815043	0.326393	0.026757	8.6
570	-0.914958	195.805660	0.324902	0.017540	12.8
571	-0.902462	195.530414	0.325315	0.022436	7.3
572	-0.915263	195.143166	0.325898	0.037115	11.0
573	-0.889405	194.743582	0.326501	0.022724	9.3
574	-0.935157	194.317928	0.327147	0.018865	8.2
575	-0.890767	194.956652	0.326179	0.029212	15.5
576	-0.925984	195.954130	0.324679	0.024704	8.5
577	-0.888241	196.952905	0.323191	0.025787	12.6
578	-0.899460	197.952894	0.321715	0.034036	10.8
579	-0.930658	198.714732	0.320600	0.030526	8.5
580	-0.916261	199.714731	0.319147	0.029145	7.2
581	-0.922771	199.293422	0.319758	0.022744	6.2
582	-0.917014	200.281100	0.318330	0.039768	8.3
583	-0.908441	199.855359	0.318944	0.021513	15.1
584	-0.919861	199.503460	0.319453	0.026341	18.5
585	-0.893579	200.503336	0.318011	0.022766	6.4
586	-0.896423	200.085815	0.318612	0.012062	6.8
587	-0.899999	200.625614	0.317836	0.017070	9.2
588	-0.885970	200.600978	0.317871	0.028483	11.8
589	-0.915833	201.533814	0.316539	0.016546	7.3
590	-0.912909	202.022276	0.315845	0.030967	10.9
591	-0.903069	201.596629	0.316449	0.038153	7.1
592	-0.911595	202.024232	0.315842	0.027651	12.0
593	-0.900856	201.598560	0.316446	0.022203	8.3
594	-0.882079	202.595892	0.315035	0.029588	9.4
595	-0.970779	203.191721	0.314198	0.031379	10.3
596	-0.959388	204.191720	0.312802	0.029797	11.2
597	-0.915657	205.191720	0.311420	0.026189	7.5
598	-0.930254	204.767426	0.312005	0.036883	17.6
599	-0.907270	204.432136	0.312469	0.030430	14.9
600	-0.935438	205.432130	0.311089	0.022560	9.8
601	-0.891873	206.432121	0.309721	0.027412	11.5
602	-0.888824	207.430290	0.308368	0.024525	17.3
603	-0.893991	207.946346	0.307673	0.034330	12.1
604	-0.930102	207.682215	0.308028	0.034507	8.7
605	-0.878763	208.682206	0.306687	0.030070	6.5
606	-0.881207	209.682183	0.305357	0.019575	6.7
607	-0.896628	209.418173	0.305707	0.037206	8.4
608	-0.891801	210.418051	0.304386	0.011385	9.1
609	-0.920828	210.878312	0.303782	0.035363	9.7
610	-0.882117	211.870795	0.302488	0.019046	7.8
611	-0.865863	211.500847	0.302969	0.020128	9.3
612	-0.906981	212.285252	0.301950	0.028214	10.5
613	-0.940602	212.563310	0.301591	0.032871	10.0
614	-0.913103	212.303604	0.301926	0.011630	9.2
615	-0.881300	213.187299	0.300787	0.014593	13.3
616	-0.879023	213.086867	0.300916	0.028726	10.7
617	-0.927693	212.671475	0.301451	0.024491	13.4
618	-0.857565	213.671211	0.300167	0.021061	6.2
619	-0.919249	214.670397	0.298894	0.021214	18.4
620	-0.919012	214.328724	0.299328	0.022021	9.7
621	-0.924122	214.934885	0.298559	0.030363	5.3
622	-0.892962	214.512318	0.299095	0.019925	9.2
623	-0.888110	215.510374	0.297833	0.025010	8.2
624	-0.942183	215.158602	0.298276	0.035964	8.3
625	-0.890175	216.156002	0.297022	0.018973	7.1
626	-0.874729	216.585320	0.296485	0.034200	8.4
627	-0.939615	217.574835	0.295255	0.029420	8.2
628	-0.921955	218.574835	0.294023	0.017912	12.6
629	-0.900370	218.149122	0.294546	0.021939	6.8
630	-0.907908	218.904833	0.293619	0.031454	10.0
631	-0.926109	219.497093	0.292896	0.026080	10.2
632	-0.898813	220.490924	0.291690	0.034621	9.5
633	-0.976724	221.112131	0.290942	0.026281	15.1
634	-0.888348	222.111874	0.289745	0.018555	11.0
635	-0.911942	223.002377	0.288688	0.024955	9.1
636	-0.892910	222.587239	0.289180	0.024093	7.3
637	-0.924601	223.553976	0.288037	0.017879	10.7
638	-0.917956	224.509002	0.286916	0.041520	8.5
639	-0.905102	225.502012	0.285760	0.035120	10.1
640	-0.949555	226.502012	0.284606	0.030372	8.8
641	-0.905104	226.076271	0.285096	0.031605	4.3
642	-0.896502	225.650535	0.285588	0.030668	4.5
643	-0.890173	226.650475	0.284435	0.045885	4.8
644	-0.943944	227.650471	0.283291	0.033736	5.7
645	-0.902959	228.650471	0.282157	0.057726	7.3
646	-0.911796	229.650471	0.281031	0.019531	5.2
647	-0.935275	230.650471	0.279914	0.022153	4.9
648	-0.945120	231.551813	0.278915	0.023231	4.3
649	-0.902570	231.130594	0.279381	0.015250	5.4
650	-0.906386	231.770453	0.278674	0.019135	4.0
651	-0.912600	231.477622	0.278997	0.046776	5.1
652	-0.911774	232.458575	0.277917	0.014459	5.1
653	-0.956899	232.289015	0.278103	0.022165	10.1
654	-0.932003	233.031890	0.277290	0.028098	8.2
655	-0.904643	234.025948	0.276209	0.021947	7.3
656	-0.903705	234.269827	0.275945	0.026162	4.7
657	-0.890744	235.262213	0.274877	0.031187	6.6
658	-0.873126	235.865433	0.274231	0.019291	10.5
659	-0.883277	236.456597	0.273602	0.028687	8.4
660	-0.973544	236.051376	0.274033	0.025749	10.5
661	-0.906402	237.051359	0.272971	0.025736	6.4
662	-0.894339	238.051291	0.271917	0.018860	4.8
663	-0.913548	238.459606	0.271489	0.012883	8.6
664	-0.860551	238.074201	0.271893	0.029406	8.2
665	-0.914411	237.674889	0.272313	0.030575	7.0
666	-0.878476	237.256663	0.272754	0.025661	5.8
667	-0.896936	236.849723	0.273184	0.016709	6.2
668	-0.911498	236.430759	0.273629	0.023398	6.2
669	-0.921986	236.031872	0.274054	0.022081	5.2
670	-0.892838	237.026967	0.272997	0.031479	6.9
671	-0.899427	237.967061	0.272006	0.021776	7.9
672	-0.892848	238.911775	0.271017	0.032488	15.2
673	-0.925694	239.911525	0.269979	0.014558	6.6
674	-0.886726	240.904908	0.268955	0.022083	8.0
675	-0.936423	240.493594	0.269378	0.026113	5.1
676	-0.872142	240.133343	0.269749	0.028454	5.5
677	-0.901790	241.133141	0.268720	0.013662	4.9
678	-0.937427	240.708134	0.269157	0.026162	5.0
679	-0.871076	241.252859	0.268598	0.011892	5.6
680	-0.887958	241.159111	0.268694	0.018409	6.0
681	-0.929378	240.800659	0.269062	0.021236	14.0
682	-0.919889	240.967428	0.268890	0.021414	7.0
683	-0.937561	240.705864	0.269159	0.021841	5.3
684	-0.888358	241.705613	0.268135	0.034627	7.2
685	-0.909428	242.705588	0.267118	0.031064	3.9
686	-0.886655	242.279846	0.267550	0.031402	6.5
687	-0.908734	241.858589	0.267979	0.024995	6.4
688	-0.874179	241.433880	0.268412	0.050021	6.1
689	-0.898842	241.015585	0.268841	0.029868	11.3
690	-0.897965	242.014679	0.267820	0.025440	6.4
691	-0.942434	241.589055	0.268254	0.025157	8.0
692	-0.924915	241.183582	0.268669	0.032335	5.7
693	-0.916106	240.908944	0.268950	0.024954	8.2
694	-0.916497	241.908694	0.267928	0.029237	8.3
695	-0.890192	242.908608	0.266913	0.022664	14.4
696	-0.908154	243.908437	0.265905	0.028246	8.8
697	-0.861589	244.543796	0.265269	0.026163	3.8
698	-0.864641	245.543725	0.264274	0.020740	6.1
699	-0.927983	245.326748	0.264489	0.038534	7.6
700	-0.905013	244.908594	0.264905	0.045960	4.9
701	-0.932252	245.905667	0.263915	0.025435	4.3
702	-0.942623	245.702554	0.264116	0.014170	5.3
703	-0.919111	245.311012	0.264505	0.044340	6.6
704	-0.895467	246.215615	0.263609	0.027040	7.3
705	-0.859767	247.215607	0.262626	0.038812	7.5
706	-0.899894	246.790076	0.263044	0.019228	5.8
707	-0.892181	247.787141	0.262068	0.017296	5.0
708	-0.915227	247.410739	0.262436	0.022347	5.5
709	-0.895367	248.021691	0.261840	0.019706	5.8
710	-0.910755	248.823528	0.261061	0.020420	5.2
711	-0.937597	248.844556	0.261041	0.023194	5.9
712	-0.918137	248.774601	0.261109	0.016562	5.8
713	-0.896348	248.985514	0.260905	0.021004	9.1
714	-0.907362	249.211057	0.260687	0.019902	9.3
715	-0.917764	248.785799	0.261098	0.031869	8.6
716	-0.910065	249.785618	0.260134	0.019198	10.3
717	-0.901926	249.372282	0.260532	0.027943	7.1
718	-0.913350	248.946594	0.260942	0.051409	9.3
719	-0.881747	248.573172	0.261304	0.046889	8.1
720	-0.873959	249.573172	0.260338	0.022275	10.6
721	-0.923877	250.542695	0.259409	0.024676	11.2
722	-0.898411	251.485159	0.258511	0.038918	12.2
723	-0.910980	251.734105	0.258275	0.016485	7.1
724	-0.889346	252.708952	0.257356	0.032022	7.2
725	-0.939181	252.298865	0.257742	0.042992	6.5
726	-0.913872	253.147433	0.256944	0.027530	7.2
727	-0.920161	254.147431	0.256010	0.021406	10.3
728	-0.893642	253.723560	0.256405	0.024156	6.7
729	-0.908701	254.670893	0.255524	0.040757	18.6
730	-0.925691	255.286122	0.254955	0.042973	17.0
731	-0.893135	256.181470	0.254131	0.020259	7.4
732	-0.913940	257.058610	0.253330	0.018274	9.1
733	-0.893812	256.639717	0.253712	0.024890	6.9
734	-0.913582	256.652132	0.253701	0.025311	7.6
735	-0.903655	257.650795	0.252791	0.029009	8.7
736	-0.928125	257.228894	0.253175	0.035571	9.1
737	-0.940135	256.806958	0.253559	0.016304	3.9
738	-0.898868	256.381284	0.253948	0.017516	4.3
739	-0.917954	256.008607	0.254290	0.032370	7.8
740	-0.895769	256.899776	0.253475	0.033156	4.3
741	-0.885833	257.899775	0.252566	0.023138	8.6
742	-0.927257	258.899560	0.251664	0.024113	3.8
743	-0.915017	259.868526	0.250795	0.025985	3.9
744	-0.906118	259.444425	0.251175	0.023765	10.0
745	-0.925878	259.022669	0.251553	0.029498	7.3
746	-0.907572	260.022615	0.250658	0.023003	7.9
747	-0.900382	259.606853	0.251029	0.033796	5.0
748	-0.908642	259.181460	0.251410	0.027664	7.4
749	-0.872667	258.755722	0.251793	0.023344	5.6
750	-0.933919	259.754116	0.250898	0.014542	8.0
751	-0.923878	259.433357	0.251185	0.029688	6.2
752	-0.948906	260.382695	0.250337	0.028317	6.5
753	-0.919580	259.968646	0.250706	0.032509	9.0
754	-0.949698	260.944016	0.249839	0.019886	8.5
755	-0.943769	261.276524	0.249544	0.031920	7.9
756	-0.921287	260.853029	0.249919	0.026751	10.7
757	-0.916327	260.428208	0.250297	0.018409	10.6
758	-0.902508	260.060382	0.250624	0.039151	10.0
759	-0.902347	260.875567	0.249899	0.035260	8.8
760	-0.880631	261.875567	0.249016	0.030484	8.1
761	-0.927877	262.231477	0.248703	0.019186	4.1
762	-0.925651	262.563603	0.248412	0.032146	5.6
763	-0.932183	262.143661	0.248780	0.015239	5.9
764	-0.928236	263.140449	0.247907	0.035215	4.0
765	-0.929229	263.990424	0.247168	0.020735	7.3
766	-0.907801	263.785344	0.247346	0.033016	7.8
767	-0.903859	263.360981	0.247715	0.024956	6.0
768	-0.918821	264.360304	0.246848	0.024931	9.7
769	-0.912415	263.935694	0.247216	0.016827	7.8
770	-0.934915	264.819126	0.246451	0.010911	6.7
771	-0.914680	265.157131	0.246160	0.026126	7.1
772	-0.884582	265.287200	0.246048	0.022009	11.3
773	-0.941454	266.081318	0.245368	0.019906	6.2
774	-0.894250	265.757255	0.245645	0.019163	10.3
775	-0.917675	265.332434	0.246010	0.021925	6.8
776	-0.952996	266.130649	0.245326	0.037968	11.1
777	-0.903369	266.957504	0.244621	0.034374	8.3
778	-0.935661	266.531762	0.244983	0.013113	7.5
779	-0.920421	266.155753	0.245304	0.017031	8.4
780	-0.888704	266.676036	0.244861	0.022937	9.6
781	-0.923196	266.263853	0.245212	0.026780	17.9
782	-0.916761	267.165637	0.244445	0.018816	9.1
783	-0.895124	266.752970	0.244795	0.019547	5.2
784	-0.865170	266.453678	0.245050	0.023373	7.2
785	-0.927403	267.450951	0.244203	0.028697	8.8
786	-0.890877	268.450820	0.243359	0.032378	9.5
787	-0.928346	268.026168	0.243717	0.021490	6.0
788	-0.904191	267.604491	0.244073	0.020871	8.2
789	-0.879315	268.457664	0.243353	0.014579	5.4
790	-0.940229	268.722731	0.243131	0.016436	6.8
791	-0.957164	268.446524	0.243363	0.034758	5.5
792	-0.938514	269.437650	0.242532	0.027421	9.5
793	-0.918844	270.437650	0.241700	0.015711	9.0
794	-0.908303	271.023358	0.241215	0.027028	5.2
795	-0.929987	270.823759	0.241380	0.031937	7.8
796	-0.914222	271.823490	0.240556	0.032577	5.4
797	-0.909291	272.789910	0.239765	0.033059	4.8
798	-0.927835	272.368011	0.240110	0.022349	5.6
799	-0.907873	273.363456	0.239298	0.028379	7.6
800	-0.906311	272.940526	0.239642	0.017772	8.4
801	-0.892995	273.932813	0.238836	0.021221	9.6
802	-0.914126	273.572577	0.239128	0.014020	6.6
803	-0.932276	273.287405	0.239360	0.037927	5.3
804	-0.934063	274.287208	0.238549	0.027803	6.3
805	-0.909239	275.056496	0.237929	0.024052	4.4
806	-0.936341	275.170527	0.237838	0.021806	5.1
807	-0.935327	276.102928	0.237091	0.032428	7.7
808	-0.931382	275.756164	0.237368	0.035399	4.4
809	-0.942217	276.756164	0.236571	0.028003	4.6
810	-0.836651	276.360887	0.236886	0.017363	8.4
811	-0.903474	277.217695	0.236205	0.026055	6.7
812	-0.927728	278.082577	0.235522	0.024672	5.0
813	-0.895038	277.852267	0.235703	0.019309	7.1
814	-0.906010	277.549802	0.235942	0.029650	4.2
815	-0.886512	278.471185	0.235216	0.030611	6.4
816	-0.942745	278.045448	0.235551	0.018126	7.2
817	-0.899157	277.738802	0.235793	0.018209	4.7
818	-0.942200	277.549007	0.235943	0.025325	6.8
819	-0.921452	278.489305	0.235202	0.027188	6.7
820	-0.928692	279.489257	0.234419	0.019321	11.6
821	-0.948794	280.443781	0.233677	0.024234	6.4
822	-0.924505	281.037157	0.233218	0.020825	10.2
823	-0.899970	282.035607	0.232450	0.031308	6.1
824	-0.968569	283.034670	0.231686	0.036844	13.3
825	-0.902466	284.034661	0.230926	0.027367	7.9
826	-0.931012	285.023961	0.230180	0.026856	5.9
827	-0.907604	286.023937	0.229430	0.038094	6.2
828	-0.902770	285.602767	0.229745	0.011388	5.9
829	-0.889735	285.189512	0.230055	0.017601	10.0
830	-0.895566	285.366906	0.229922	0.015937	7.4
831	-0.891511	284.984701	0.230209	0.033960	6.2
832	-0.873650	284.559380	0.230530	0.025198	7.0
833	-0.915749	284.950297	0.230235	0.016537	5.5
834	-0.921647	284.631316	0.230475	0.018984	7.5
835	-0.888023	284.234670	0.230775	0.022081	6.7
836	-0.908650	285.234215	0.230022	0.023670	7.9
837	-0.920227	284.941050	0.230242	0.019839	7.3
838	-0.911115	285.939474	0.229493	0.019962	6.6
839	-0.891332	285.542100	0.229791	0.024937	6.1
840	-0.891131	285.265622	0.229998	0.019962	4.7
841	-0.904361	284.865195	0.230299	0.025735	7.3
842	-0.902661	284.704834	0.230420	0.019431	6.3
843	-0.859389	284.413033	0.230640	0.038479	6.2
844	-0.902883	284.020057	0.230937	0.017470	7.6
845	-0.947767	284.448992	0.230613	0.027783	6.4
846	-0.920668	285.448419	0.229861	0.026884	6.2
847	-0.917924	286.448396	0.229113	0.029227	5.9
848	-0.890699	287.448393	0.228371	0.019082	7.0
849	-0.916243	287.104415	0.228625	0.028140	6.6
850	-0.908860	286.698239	0.228927	0.019687	4.6
851	-0.920187	287.695526	0.228188	0.037600	4.0
852	-0.915837	287.555381	0.228291	0.032514	8.1
853	-0.912776	287.129701	0.228607	0.021381	5.2
854	-0.915910	288.129051	0.227868	0.029827	3.9
855	-0.887259	289.126225	0.227135	0.027135	4.7
856	-0.913278	288.712616	0.227438	0.033365	6.2
857	-0.906102	288.841788	0.227344	0.047959	6.2
858	-0.892377	289.841788	0.226612	0.024904	5.7
859	-0.925233	290.841698	0.225886	0.020564	6.3
860	-0.885632	291.841448	0.225164	0.029215	8.9
861	-0.912225	291.416913	0.225470	0.022642	10.3
862	-0.885679	292.416826	0.224750	0.033716	7.9
863	-0.895617	293.416791	0.224035	0.019193	6.0
864	-0.894777	293.009328	0.224326	0.026063	6.1
865	-0.892707	293.969595	0.223642	0.032196	6.4
866	-0.876785	293.543854	0.223945	0.035593	6.9
867	-0.921794	294.543854	0.223235	0.024845	6.7
868	-0.890237	295.535767	0.222536	0.037156	6.1
869	-0.941218	295.110026	0.222835	0.024271	6.3
870	-0.870500	294.684291	0.223136	0.024957	5.6
871	-0.907324	294.294532	0.223412	0.023028	5.9
872	-0.938485	294.764818	0.223079	0.039617	6.3
873	-0.877740	295.572383	0.222510	0.020709	7.0
874	-0.893472	295.148111	0.222809	0.027349	3.8
875	-0.866579	296.142585	0.222110	0.023200	4.4
876	-0.899484	297.064651	0.221466	0.031672	7.4
877	-0.921902	297.674879	0.221042	0.029083	5.9
878	-0.895348	297.249138	0.221338	0.019365	7.5
879	-0.932894	296.840269	0.221622	0.036162	4.4
880	-0.923171	297.783966	0.220966	0.024160	5.3
881	-0.924459	297.358227	0.221262	0.023716	6.1
882	-0.928784	298.357590	0.220569	0.027299	6.6
883	-0.926681	297.932225	0.220864	0.024715	5.9
884	-0.904614	297.506516	0.221159	0.034449	7.2
885	-0.900987	298.506502	0.220467	0.031182	6.0
886	-0.928575	298.085300	0.220758	0.048470	6.1
887	-0.895079	299.084515	0.220069	0.018247	6.0
888	-0.893402	300.051015	0.219406	0.017481	5.9
889	-0.965169	300.921990	0.218812	0.023610	6.9
890	-0.942106	300.500819	0.219099	0.028435	4.1
891	-0.905588	301.469075	0.218441	0.023547	3.8
892	-0.917940	302.468942	0.217766	0.025150	5.5
893	-0.925931	302.045694	0.218051	0.026182	6.5
894	-0.937061	303.027662	0.217390	0.029435	6.1
895	-0.929401	302.602298	0.217676	0.024182	6.0
896	-0.901797	303.602229	0.217006	0.036207	5.9
897	-0.879500	304.196833	0.216609	0.018805	6.2
898	-0.916770	305.176369	0.215958	0.025370	6.7
899	-0.945155	306.165569	0.215305	0.023757	5.4
900	-0.912748	305.740093	0.215586	0.020396	4.8
901	-0.859039	306.736658	0.214930	0.031270	6.6
902	-0.919297	307.568599	0.214386	0.028862	6.1
903	-0.864995	307.289281	0.214568	0.018821	5.7
904	-0.880919	306.919404	0.214810	0.024950	5.8
905	-0.907835	307.128814	0.214673	0.039989	6.0
906	-0.917034	306.704525	0.214951	0.014079	6.8
907	-0.906827	306.679953	0.214967	0.014521	5.4
908	-0.909192	307.240575	0.214600	0.022792	5.1
909	-0.877316	307.974027	0.214122	0.026337	4.0
910	-0.864249	307.556167	0.214394	0.029753	6.3
911	-0.917268	308.551443	0.213747	0.034747	5.6
912	-0.913427	308.125702	0.214023	0.013229	5.6
913	-0.896189	308.138932	0.214015	0.026008	5.8
914	-0.953730	308.802783	0.213584	0.024807	6.0
915	-0.901648	309.382042	0.213209	0.038567	6.5
916	-0.948035	308.956336	0.213484	0.045471	5.2
917	-0.926066	308.534314	0.213758	0.016688	4.2
918	-0.894913	309.410822	0.213191	0.034414	3.9
919	-0.908473	308.988589	0.213464	0.026488	6.8
920	-0.923701	308.564675	0.213738	0.023145	6.2
921	-0.922067	308.139091	0.214014	0.020497	4.7
922	-0.942337	307.906745	0.214166	0.025305	4.1
923	-0.892769	307.492496	0.214436	0.026640	4.3
924	-0.861016	307.088887	0.214700	0.034311	3.9
925	-0.915018	306.895238	0.214826	0.025599	4.5
926	-0.906532	306.469973	0.215105	0.026678	4.2
927	-0.957711	307.386071	0.214505	0.011144	4.4
928	-0.945790	306.967825	0.214779	0.024806	4.1
929	-0.913231	307.734704	0.214278	0.042192	5.8
930	-0.918121	307.308983	0.214556	0.020154	4.6
931	-0.928606	306.975204	0.214774	0.032569	4.0
932	-0.920167	306.549511	0.215053	0.024451	4.4
933	-0.859539	307.366094	0.214518	0.029403	4.1
934	-0.912065	308.284612	0.213920	0.039154	7.4
935	-0.902484	308.477164	0.213795	0.022835	6.4
936	-0.951802	308.821950	0.213571	0.028370	4.6
937	-0.906173	309.430979	0.213178	0.033524	6.2
938	-0.920309	309.011501	0.213449	0.028474	8.5
939	-0.939596	310.010833	0.212804	0.030331	6.6
940	-0.902397	310.801543	0.212297	0.029597	5.9
941	-0.955848	311.797840	0.211662	0.022359	13.0
942	-0.910746	311.697415	0.211725	0.043796	6.9
943	-0.946720	311.348844	0.211948	0.042366	6.6
944	-0.915676	312.348844	0.211312	0.026118	6.9
945	-0.905036	311.940834	0.211571	0.015328	8.1
946	-0.865375	312.552331	0.211183	0.032092	7.5
947	-0.927253	313.442927	0.210620	0.020248	5.8
948	-0.931654	314.394823	0.210023	0.022936	5.3
949	-0.895589	313.974452	0.210286	0.026561	5.9
950	-0.904425	313.549021	0.210554	0.041389	7.1
951	-0.907772	313.123280	0.210822	0.024589	7.6
952	-0.889426	312.697573	0.211091	0.020815	10.3
953	-0.836085	313.691693	0.210464	0.024173	14.6
954	-0.920618	313.570195	0.210540	0.013802	10.6
955	-0.918943	314.449235	0.209989	0.012815	12.9
956	-0.920283	315.070268	0.209601	0.015510	14.2
957	-0.905470	314.706222	0.209828	0.031736	8.3
958	-0.935260	315.668220	0.209228	0.023174	7.3
959	-0.941951	315.242773	0.209493	0.022649	7.5
960	-0.945387	316.242560	0.208872	0.032250	7.6
961	-0.948868	317.207064	0.208276	0.023787	14.2
962	-0.915718	316.781520	0.208539	0.025252	5.0
963	-0.929303	316.640460	0.208626	0.026355	5.0
964	-0.872208	316.215286	0.208889	0.027996	6.5
965	-0.914834	315.789567	0.209153	0.021635	10.1
966	-0.943933	315.372841	0.209412	0.028043	5.4
967	-0.890161	314.949339	0.209676	0.022654	6.2
968	-0.965907	315.826279	0.209130	0.029271	6.0
969	-0.901726	315.415957	0.209385	0.032148	6.0
970	-0.884298	316.415870	0.208765	0.016200	6.0
971	-0.935632	315.990392	0.209028	0.037980	4.9
972	-0.898934	315.564654	0.209293	0.031837	5.5
973	-0.892916	316.564467	0.208673	0.018921	4.8
974	-0.881311	317.557152	0.208061	0.014418	3.8
975	-0.947140	317.137974	0.208319	0.027707	4.9
976	-0.933066	316.759602	0.208552	0.012271	5.5
977	-0.937993	317.734715	0.207952	0.023519	6.2
978	-0.907672	317.495278	0.208099	0.020596	4.4
979	-0.919894	318.017651	0.207778	0.015832	5.7
980	-0.915729	318.243882	0.207640	0.016674	5.8
981	-0.914359	318.557953	0.207448	0.013892	4.9
982	-0.925395	319.264386	0.207017	0.038207	3.9
983	-0.922773	318.843541	0.207273	0.032911	5.8
984	-0.928488	319.843532	0.206665	0.025009	3.8
985	-0.953329	319.612964	0.206805	0.029078	4.9
986	-0.908955	320.253316	0.206417	0.032400	6.3
987	-0.903312	321.253148	0.205814	0.030213	7.3
988	-0.904465	322.221362	0.205234	0.022663	5.1
989	-0.913030	321.802862	0.205484	0.026867	4.8
990	-0.854594	322.583390	0.205017	0.010161	4.8
991	-0.909596	322.810723	0.204882	0.025461	5.7
992	-0.890708	323.219190	0.204639	0.021393	4.3
993	-0.938909	322.809345	0.204883	0.023473	4.9
994	-0.890653	323.634042	0.204392	0.018753	4.8
995	-0.876204	324.616791	0.203811	0.027174	6.9
996	-0.885633	324.278627	0.204011	0.032716	5.5
997	-0.917994	324.778048	0.203716	0.023908	4.6
998	-0.878538	325.692425	0.203179	0.030458	6.6
999	-0.937807	325.266686	0.203429	0.033550	3.8
1000	-0.911586	324.843925	0.203677	0.017838	3.8
1001	-0.931081	325.843535	0.203090	0.013298	3.9
1002	-0.900931	325.527205	0.203276	0.031661	3.9
1003	-0.934982	325.491959	0.203296	0.016906	4.5
1004	-0.894657	325.150477	0.203497	0.028909	5.0
1005	-0.948886	326.143490	0.202915	0.019530	4.2
1006	-0.909176	326.214543	0.202873	0.030240	5.5
1007	-0.903863	326.583533	0.202658	0.028497	5.5
1008	-0.880373	326.157810	0.202906	0.036940	9.3
1009	-0.897564	327.157786	0.202324	0.032953	6.0
1010	-0.913631	326.732044	0.202571	0.022752	4.0
1011	-0.892346	326.319922	0.202812	0.045684	6.2
1012	-0.924789	327.300912	0.202240	0.038446	5.8
1013	-0.890817	326.875502	0.202488	0.018015	5.6
1014	-0.912044	326.449846	0.202736	0.027087	4.2
1015	-0.940151	327.442954	0.202158	0.018503	6.7
1016	-0.952853	328.199868	0.201720	0.030565	5.4
1017	-0.919033	328.456195	0.201572	0.033918	6.4
1018	-0.933805	329.123440	0.201188	0.024423	5.5
1019	-0.976758	330.123421	0.200615	0.040149	4.2
1020	-0.906469	330.699923	0.200286	0.020510	4.6
1021	-0.885228	330.533543	0.200381	0.023590	4.0
1022	-0.955474	331.524516	0.199817	0.026861	4.2
1023	-0.950174	331.100347	0.200058	0.025059	4.0
1024	-0.910176	330.837780	0.200207	0.018729	4.5
1025	-0.908320	330.622071	0.200330	0.029180	3.9
1026	-0.928162	330.220870	0.200559	0.022682	4.1
1027	-0.925125	329.824565	0.200786	0.038365	4.3
1028	-0.888518	329.872618	0.200758	0.042795	6.6
1029	-0.896251	329.458335	0.200995	0.025053	4.3
1030	-0.913727	329.079744	0.201213	0.024065	4.0
1031	-0.953817	328.712044	0.201424	0.050175	4.0
1032	-0.903496	328.324601	0.201648	0.022364	3.9
1033	-0.896673	327.898878	0.201894	0.034853	3.9
1034	-0.908639	328.827360	0.201358	0.039324	9.8
1035	-0.846060	329.822173	0.200787	0.026157	4.0
1036	-0.917067	330.822173	0.200216	0.029414	4.9
1037	-0.949465	331.578198	0.199787	0.026992	7.2
1038	-0.916682	331.152461	0.200028	0.017732	7.9
1039	-0.934032	331.064799	0.200078	0.017406	6.4
1040	-0.906435	330.759535	0.200252	0.023373	9.7
1041	-0.920470	331.758287	0.199685	0.018524	6.5
1042	-0.909122	331.355195	0.199913	0.024064	7.6
1043	-0.930744	331.047579	0.200088	0.020582	5.7
1044	-0.932478	331.306577	0.199941	0.024782	4.8
1045	-0.922497	331.854489	0.199631	0.015913	6.0
1046	-0.902317	331.431936	0.199870	0.027205	5.6
1047	-0.948411	332.423668	0.199309	0.026692	5.1
1048	-0.908094	333.375876	0.198773	0.023742	3.8
1049	-0.930963	332.950166	0.199013	0.029215	5.2
1050	-0.941896	333.950162	0.198452	0.033152	3.9
1051	-0.933042	333.524556	0.198690	0.021121	7.1
1052	-0.928861	333.159136	0.198895	0.029558	7.2
1053	-0.917657	333.827223	0.198521	0.022247	5.0
1054	-0.925501	334.736236	0.198013	0.020548	8.7
1055	-0.865030	334.327277	0.198241	0.017612	5.1
1056	-0.892394	334.168304	0.198330	0.034452	6.6
1057	-0.904882	335.167731	0.197773	0.024457	6.2
1058	-0.898950	334.742044	0.198010	0.023821	6.7
1059	-0.921425	334.317925	0.198246	0.030540	9.0
1060	-0.953742	335.247609	0.197729	0.013189	11.6
1061	-0.928929	334.825224	0.197964	0.028788	7.0
1062	-0.897154	335.799723	0.197423	0.030321	6.6
1063	-0.908971	335.518909	0.197579	0.021428	8.3
1064	-0.872892	336.498867	0.197037	0.029649	8.0
1065	-0.945976	337.008060	0.196757	0.030608	6.6
1066	-0.910783	337.697377	0.196379	0.023607	5.5
1067	-0.908090	337.281602	0.196607	0.027584	6.3
1068	-0.895678	336.912561	0.196809	0.023078	12.0
1069	-0.935749	337.157548	0.196675	0.016215	4.0
1070	-0.896411	336.863651	0.196836	0.010465	4.6
1071	-0.894233	336.830788	0.196854	0.016717	5.6
1072	-0.923785	337.438081	0.196521	0.027795	6.7
1073	-0.915859	337.054079	0.196732	0.025601	6.0
1074	-0.914765	336.650249	0.196954	0.043139	5.9
1075	-0.934723	337.650249	0.196404	0.022709	8.8
1076	-0.933280	338.648849	0.195859	0.019305	8.6
1077	-0.891418	338.255928	0.196073	0.020343	5.9
1078	-0.899889	339.181600	0.195569	0.021824	5.7
1079	-0.924759	338.783478	0.195786	0.018729	5.9
1080	-0.905014	338.725371	0.195817	0.024224	5.9
1081	-0.945265	338.927364	0.195708	0.028058	7.1
1082	-0.897880	339.238632	0.195539	0.020653	3.9
1083	-0.889312	338.814059	0.195769	0.022029	3.9
1084	-0.880701	339.033925	0.195650	0.013468	6.1
1085	-0.899706	338.742198	0.195808	0.029081	6.5
1086	-0.913458	339.595264	0.195345	0.019693	5.6
1087	-0.900126	340.249595	0.194991	0.049448	5.6
1088	-0.904542	339.824008	0.195221	0.026614	5.6
1089	-0.897511	340.823644	0.194682	0.040007	6.0
1090	-0.916374	340.456067	0.194880	0.024794	7.2
1091	-0.936062	340.030326	0.195110	0.023499	3.8
1092	-0.932586	340.973643	0.194601	0.016297	4.4
1093	-0.877991	340.860020	0.194662	0.029070	7.5
1094	-0.911764	341.417189	0.194363	0.016512	5.4
1095	-0.905504	341.736435	0.194192	0.033176	5.9
1096	-0.908222	341.314187	0.194418	0.030814	6.0
1097	-0.952414	342.306805	0.193887	0.025059	6.2
1098	-0.941835	343.259600	0.193380	0.018135	6.9
1099	-0.888801	344.237993	0.192862	0.033077	5.6
1100	-0.910062	345.106714	0.192404	0.020624	5.2
1101	-0.904347	344.722750	0.192606	0.030504	6.5
1102	-0.907094	344.323359	0.192817	0.015121	7.6
1103	-0.918538	343.971637	0.193003	0.015003	5.6
1104	-0.919770	343.957880	0.193010	0.012075	6.5
1105	-0.951087	343.870220	0.193056	0.017789	6.3
1106	-0.903346	343.692336	0.193151	0.027397	7.0
1107	-0.920982	344.663803	0.192637	0.033265	7.6
1108	-0.913852	344.238071	0.192862	0.036714	4.8
1109	-0.926050	345.238067	0.192335	0.015966	8.2
1110	-0.896583	346.225862	0.191818	0.023569	8.8
1111	-0.920918	345.948416	0.191963	0.026513	8.2
1112	-0.963177	345.522819	0.192186	0.022983	6.9
1113	-0.930047	345.371543	0.192265	0.035152	7.9
1114	-0.945457	344.946059	0.192489	0.030198	7.9
1115	-0.864964	345.944714	0.191965	0.016770	11.5
1116	-0.935154	345.577746	0.192157	0.021609	9.2
1117	-0.873048	345.909989	0.191983	0.020924	7.3
1118	-0.900268	345.500598	0.192198	0.024613	7.5
1119	-0.904379	345.075213	0.192421	0.030128	6.5
1120	-0.929009	344.649496	0.192645	0.021728	8.4
1121	-0.877910	344.294557	0.192832	0.017610	9.2
1122	-0.912701	345.174108	0.192369	0.019355	6.6
1123	-0.909411	346.128168	0.191869	0.022288	7.3
1124	-0.924870	346.616244	0.191614	0.029267	6.2
1125	-0.875820	346.190524	0.191836	0.015013	6.6
1126	-0.869832	347.190168	0.191316	0.027599	7.2
1127	-0.918278	346.778095	0.191530	0.029610	4.2
1128	-0.885178	346.374907	0.191740	0.031805	5.3
1129	-0.904735	347.374893	0.191220	0.021787	6.8
1130	-0.864393	348.353998	0.190713	0.025494	4.1
1131	-0.936683	348.550571	0.190611	0.039049	4.5
1132	-0.956493	348.124876	0.190831	0.020844	4.1
1133	-0.959315	349.124794	0.190316	0.030408	4.9
1134	-0.929639	350.096817	0.189817	0.025136	6.4
1135	-0.917165	349.671186	0.190035	0.026329	7.3
1136	-0.882220	349.247095	0.190253	0.023580	4.0
1137	-0.894459	348.826704	0.190469	0.030985	5.6
1138	-0.898877	349.826495	0.189955	0.026804	7.4
1139	-0.948852	349.421083	0.190163	0.045623	6.4
1140	-0.910111	348.995342	0.190382	0.025107	11.3
1141	-0.914219	348.569602	0.190602	0.022136	10.9
1142	-0.864676	348.848495	0.190458	0.022832	6.7
1143	-0.884202	349.795009	0.189972	0.025977	7.1
1144	-0.907877	350.741869	0.189488	0.029326	11.1
1145	-0.884482	351.695116	0.189003	0.035740	6.5
1146	-0.944198	352.687515	0.188501	0.022947	8.8
1147	-0.928121	352.261799	0.188716	0.038738	7.5
1148	-0.934850	351.845939	0.188927	0.022080	7.3
1149	-0.889627	352.374478	0.188659	0.024601	7.0
1150	-0.942626	353.371543	0.188157	0.035804	4.2
1151	-0.900605	354.371476	0.187656	0.013280	7.2
1152	-0.900070	353.945873	0.187869	0.021319	7.2
1153	-0.929399	354.594623	0.187544	0.020860	6.7
1154	-0.931052	354.742717	0.187470	0.023790	7.0
1155	-0.903554	355.618154	0.187034	0.018446	6.5
1156	-0.893002	355.197087	0.187244	0.015338	9.4
1157	-0.927537	355.931995	0.186879	0.021445	4.3
1158	-0.915063	355.529900	0.187078	0.021685	6.4
1159	-0.922305	355.650145	0.187018	0.018549	7.5
1160	-0.948660	356.646834	0.186525	0.018667	9.7
1161	-0.903313	357.282254	0.186212	0.025807	7.6
1162	-0.940571	358.247370	0.185738	0.031001	5.9
1163	-0.931611	357.821632	0.185946	0.015262	8.1
1164	-0.887928	357.395910	0.186156	0.029596	4.8
1165	-0.898612	357.004125	0.186349	0.020324	8.0
1166	-0.931104	356.591352	0.186552	0.022879	4.6
1167	-0.898549	357.580921	0.186065	0.018863	5.0
1168	-0.913128	357.193903	0.186255	0.025892	6.9
1169	-0.916872	356.769999	0.186464	0.018427	5.2
1170	-0.926223	357.733742	0.185990	0.017768	4.0
1171	-0.876100	357.310266	0.186198	0.035601	6.3
1172	-0.969779	356.999579	0.186351	0.020138	5.7
1173	-0.920026	357.999417	0.185859	0.021578	4.1
1174	-0.917386	357.574387	0.186068	0.026560	10.8
1175	-0.949716	357.152094	0.186276	0.016298	6.1
1176	-0.905836	358.146411	0.185787	0.027785	5.9
1177	-0.928482	357.917097	0.185900	0.033390	8.4
1178	-0.921390	357.725835	0.185993	0.016245	7.4
1179	-0.902097	358.471375	0.185628	0.012783	8.3
1180	-0.897396	358.424765	0.185651	0.011100	15.7
1181	-0.929743	358.371780	0.185677	0.023899	9.2
1182	-0.949855	358.730169	0.185502	0.031165	8.1
1183	-0.921386	359.730162	0.185014	0.028453	7.2
1184	-0.891664	359.851145	0.184956	0.021513	8.0
1185	-0.915486	359.617623	0.185069	0.034346	14.2
1186	-0.900797	359.198736	0.185273	0.024437	9.3
1187	-0.953165	360.198719	0.184787	0.035099	8.5
1188	-0.920105	361.198691	0.184303	0.028202	8.1
1189	-0.896247	360.772952	0.184509	0.035749	6.7
1190	-0.902019	361.751743	0.184037	0.032980	11.9
1191	-0.862660	362.751513	0.183558	0.016101	7.2
1192	-0.925367	362.367257	0.183742	0.023966	7.4
1193	-0.889611	361.952884	0.183940	0.022975	6.8
1194	-0.939676	362.851085	0.183510	0.029505	7.5
1195	-0.898796	363.788158	0.183063	0.013858	7.5
1196	-0.933893	363.365978	0.183264	0.030009	7.3
1197	-0.918630	362.968729	0.183454	0.023340	10.4
1198	-0.888241	363.236651	0.183326	0.023267	12.6
1199	-0.938539	364.193707	0.182870	0.033599	17.0
1200	-0.929507	365.145840	0.182419	0.027855	9.2
1201	-0.885275	364.720100	0.182621	0.019271	9.4
1202	-0.942069	364.562195	0.182696	0.021368	8.2
1203	-0.901715	364.143637	0.182894	0.025093	7.3
1204	-0.900296	364.969345	0.182503	0.030823	9.2
1205	-0.880625	364.543933	0.182704	0.021662	7.9
1206	-0.920468	365.519573	0.182243	0.029098	10.1
1207	-0.880164	366.485675	0.181789	0.014739	9.8
1208	-0.879927	366.951609	0.181570	0.013489	6.9
1209	-0.886206	366.713766	0.181682	0.022321	12.5
1210	-0.882679	366.378938	0.181839	0.023479	6.8
1211	-0.904694	365.967382	0.182032	0.020758	6.6
1212	-0.907365	365.547756	0.182230	0.037739	8.3
1213	-0.849083	365.644799	0.182184	0.034177	6.8
1214	-0.921712	366.610215	0.181730	0.021573	11.7
1215	-0.922216	366.184954	0.181930	0.016009	7.0
1216	-0.950383	366.514198	0.181775	0.018665	6.9
1217	-0.896400	366.252597	0.181898	0.046221	6.6
1218	-0.888787	367.252545	0.181430	0.022232	11.6
1219	-0.894004	368.224803	0.180976	0.027910	7.1
1220	-0.908400	368.980161	0.180626	0.016100	6.5
1221	-0.888630	369.937967	0.180183	0.024578	7.4
1222	-0.925049	370.434900	0.179955	0.035429	10.3
1223	-0.899469	371.038586	0.179678	0.016308	5.6
1224	-0.916624	372.005543	0.179235	0.024699	9.1
1225	-0.932689	372.307684	0.179098	0.030727	6.9
1226	-0.907243	371.881978	0.179292	0.019887	7.5
1227	-0.913955	371.478486	0.179476	0.022157	9.1
1228	-0.869140	371.326461	0.179546	0.033446	10.8
1229	-0.870167	370.901183	0.179741	0.014570	7.4
1230	-0.918378	371.894793	0.179286	0.035984	9.7
1231	-0.896739	372.652955	0.178941	0.039502	7.9
1232	-0.900694	373.652948	0.178487	0.020004	6.0
1233	-0.937611	374.651390	0.178037	0.030750	8.7
1234	-0.945768	375.324305	0.177735	0.022967	9.5
1235	-0.967678	375.318583	0.177737	0.015187	8.8
1236	-0.897852	376.029000	0.177419	0.025531	13.8
1237	-0.919349	376.337511	0.177281	0.037736	7.7
1238	-0.917501	375.911769	0.177471	0.032136	7.9
1239	-0.904342	376.048665	0.177410	0.026156	8.9
1240	-0.934603	377.048365	0.176965	0.019098	7.1
1241	-0.885225	376.634169	0.177149	0.025502	6.4
1242	-0.898749	377.571313	0.176733	0.026204	10.2
1243	-0.902693	377.996038	0.176544	0.022112	8.8
1244	-0.905869	378.267270	0.176424	0.023938	7.0
1245	-0.919490	379.265942	0.175984	0.029407	12.6
1246	-0.920537	379.470235	0.175895	0.026985	15.2
1247	-0.927624	379.609582	0.175833	0.020383	10.3
1248	-0.923945	379.253315	0.175990	0.033150	6.9
1249	-0.935691	378.956974	0.176120	0.030273	14.0
1250	-0.922512	379.956955	0.175681	0.012455	8.5
1251	-0.894562	379.533885	0.175867	0.031396	11.6
1252	-0.912643	379.998894	0.175663	0.018279	10.4
1253	-0.917356	379.815491	0.175743	0.025188	7.7
1254	-0.953941	379.642110	0.175819	0.024886	14.8
1255	-0.920835	379.311143	0.175964	0.019749	8.3
1256	-0.885451	380.202865	0.175573	0.025297	5.3
1257	-0.906262	380.032899	0.175648	0.021231	9.7
1258	-0.877553	379.684504	0.175800	0.021697	10.2
1259	-0.880804	379.304086	0.175968	0.036179	10.8
1260	-0.935670	379.945377	0.175686	0.027747	7.5
1261	-0.914163	379.519934	0.175873	0.023490	12.7
1262	-0.900335	379.649174	0.175816	0.031922	15.6
1263	-0.947160	379.301215	0.175969	0.014994	17.1
1264	-0.898545	380.281847	0.175539	0.012158	10.2
1265	-0.964854	380.426124	0.175476	0.028826	10.3
1266	-0.916336	381.417743	0.175043	0.017593	13.2
1267	-0.916983	381.422412	0.175041	0.025861	11.7
1268	-0.914501	381.212728	0.175133	0.030482	7.6
1269	-0.923936	381.201506	0.175137	0.020025	11.1
1270	-0.956735	381.756413	0.174896	0.030041	19.9
1271	-0.908642	382.417971	0.174609	0.013960	12.2
1272	-0.955638	383.089505	0.174319	0.029012	10.2
1273	-0.921727	383.938635	0.173954	0.022003	6.4
1274	-0.944473	383.571971	0.174111	0.019913	7.8
1275	-0.857289	384.314707	0.173792	0.030034	6.3
1276	-0.931177	385.313858	0.173365	0.024075	8.4
1277	-0.964172	384.938890	0.173525	0.032302	6.5
1278	-0.922753	384.513188	0.173707	0.013510	5.8
1279	-0.881179	384.096247	0.173886	0.022222	6.1
1280	-0.894794	383.711976	0.174051	0.021390	6.1
1281	-0.913928	383.287174	0.174234	0.031729	4.1
1282	-0.914127	382.871035	0.174413	0.017647	4.5
1283	-0.885100	383.754923	0.174033	0.021314	5.5
1284	-0.918951	383.364613	0.174201	0.039243	10.5
1285	-0.938347	384.364610	0.173771	0.016387	4.0
1286	-0.907384	385.363580	0.173344	0.025949	5.3
1287	-0.951669	384.948085	0.173521	0.028360	6.2
1288	-0.890816	384.798759	0.173585	0.018742	4.6
1289	-0.932274	385.370417	0.173341	0.033961	4.0
1290	-0.889352	385.249675	0.173392	0.021921	6.3
1291	-0.883309	384.877224	0.173551	0.033293	7.3
1292	-0.871242	384.499847	0.173713	0.018910	8.6
1293	-0.915693	384.075403	0.173895	0.026859	8.6
1294	-0.911817	383.749991	0.174035	0.031379	15.6
1295	-0.940893	383.330447	0.174215	0.028575	9.7
1296	-0.848691	382.904706	0.174399	0.026056	7.1
1297	-0.922514	383.897082	0.173971	0.050317	10.3
1298	-0.935566	384.867230	0.173556	0.030565	7.1
1299	-0.893326	385.523006	0.173276	0.032542	9.4
1300	-0.929610	386.522039	0.172851	0.019100	6.0
1301	-0.922212	386.096829	0.173031	0.019401	8.8
1302	-0.874997	386.897386	0.172692	0.023202	10.8
1303	-0.893950	387.492495	0.172440	0.027538	16.7
1304	-0.907213	388.266919	0.172114	0.017057	8.3
1305	-0.910896	387.849750	0.172290	0.037147	7.4
1306	-0.930858	388.361870	0.172074	0.042718	10.9
1307	-0.908366	389.361557	0.171655	0.039055	10.4
1308	-0.960439	388.935815	0.171833	0.019630	9.8
1309	-0.928867	388.512548	0.172011	0.021148	8.5
1310	-0.901032	388.636873	0.171958	0.016994	8.2
1311	-0.883091	388.863742	0.171863	0.026467	8.1
1312	-0.941428	388.545848	0.171997	0.023689	8.4
1313	-0.900283	388.121562	0.172175	0.023754	9.8
1314	-0.911885	388.874721	0.171859	0.024368	9.3
1315	-0.887629	388.496257	0.172017	0.023341	10.5
1316	-0.903894	388.114243	0.172178	0.024311	9.3
1317	-0.915378	388.871013	0.171860	0.022856	8.5
1318	-0.968052	388.867079	0.171862	0.026685	9.0
1319	-0.910641	389.867032	0.171444	0.023234	7.7
1320	-0.920383	390.849599	0.171035	0.038238	5.6
1321	-0.895123	390.514361	0.171174	0.022822	4.5
1322	-0.905301	390.088624	0.171351	0.020485	7.2
1323	-0.864298	390.245398	0.171286	0.034510	9.8
1324	-0.939733	389.819745	0.171463	0.029039	7.0
1325	-0.924804	389.843624	0.171453	0.028966	9.5
1326	-0.972055	390.208463	0.171301	0.024584	5.9
1327	-0.910338	390.224675	0.171294	0.022734	9.4
1328	-0.912288	391.202882	0.170888	0.036772	4.3
1329	-0.888464	390.777196	0.171065	0.026718	6.3
1330	-0.943857	390.364084	0.171236	0.032766	9.0
1331	-0.908458	390.327803	0.171252	0.024786	6.3
1332	-0.910910	389.904055	0.171428	0.027592	5.0
1333	-0.866504	390.442748	0.171204	0.027348	6.0
1334	-0.899393	391.405425	0.170804	0.033114	5.1
1335	-0.928628	392.395865	0.170395	0.037870	6.4
1336	-0.922972	391.994598	0.170560	0.017475	7.4
1337	-0.916635	392.780784	0.170236	0.023790	5.9
1338	-0.956930	393.729428	0.169847	0.024034	4.1
1339	-0.936587	393.323311	0.170013	0.015906	4.4
1340	-0.929042	392.905496	0.170185	0.034424	5.0
1341	-0.874740	393.902676	0.169776	0.013438	5.6
1342	-0.913463	394.531559	0.169519	0.022527	5.6
1343	-0.928226	394.156230	0.169672	0.013735	4.1
1344	-0.877911	393.790370	0.169822	0.037906	6.1
1345	-0.935222	394.625867	0.169481	0.033666	4.9
1346	-0.939114	394.200126	0.169654	0.028518	7.8
1347	-0.897247	393.870657	0.169789	0.019776	5.5
1348	-0.914080	394.869415	0.169381	0.023213	6.2
1349	-0.916950	394.449807	0.169552	0.028911	6.1
1350	-0.881153	395.448239	0.169146	0.022408	4.3
1351	-0.895579	395.026287	0.169317	0.017423	6.4
1352	-0.913514	395.602907	0.169083	0.008729	7.8
1353	-0.960953	395.240912	0.169230	0.028309	5.4
1354	-0.937768	394.860227	0.169385	0.029030	4.9
1355	-0.874407	394.973687	0.169339	0.028755	5.2
1356	-0.950176	394.547946	0.169512	0.019303	4.1
1357	-0.944078	395.359554	0.169182	0.032083	4.0
1358	-0.897859	396.356750	0.168778	0.024729	4.0
1359	-0.936414	397.356606	0.168374	0.019859	4.2
1360	-0.966087	396.942427	0.168541	0.041802	4.0
1361	-0.869785	397.636377	0.168262	0.044886	6.3
1362	-0.967440	398.636357	0.167861	0.009047	4.0
1363	-0.898167	399.354204	0.167574	0.034596	4.0
1364	-0.912103	399.686850	0.167442	0.040340	3.8
1365	-0.864132	399.262502	0.167611	0.022526	4.2
1366	-0.892631	400.262489	0.167213	0.025766	7.0
1367	-0.890311	399.836850	0.167382	0.032527	6.2
1368	-0.866468	399.413231	0.167551	0.020683	3.9
1369	-0.937233	399.188447	0.167640	0.021461	4.7
1370	-0.920134	400.051002	0.167297	0.023551	3.8
1371	-0.936367	399.629070	0.167465	0.040027	7.4
1372	-0.867840	400.625370	0.167069	0.020897	4.1
1373	-0.900833	401.620474	0.166676	0.026930	4.3
1374	-0.907760	402.610275	0.166286	0.020206	5.2
1375	-0.927885	402.759329	0.166228	0.026898	6.0
1376	-0.932591	402.475269	0.166339	0.026762	8.2
1377	-0.930009	403.005765	0.166131	0.019866	6.6
1378	-0.906835	403.742574	0.165843	0.021980	5.6
1379	-0.911650	403.410672	0.165973	0.030383	6.6
1380	-0.967998	404.200024	0.165664	0.031283	7.7
1381	-0.960670	405.199883	0.165276	0.024255	7.8
1382	-0.940226	404.774142	0.165441	0.038385	6.7
1383	-0.904007	404.397353	0.165588	0.025943	3.9
1384	-0.930711	403.971612	0.165753	0.024952	5.5
1385	-0.926365	404.971570	0.165364	0.026861	4.4
1386	-0.871589	404.545831	0.165530	0.022868	4.6
1387	-0.893338	405.505295	0.165157	0.025688	4.3
1388	-0.930861	405.924220	0.164995	0.013281	3.8
1389	-0.890072	406.870550	0.164630	0.017523	6.7
1390	-0.962082	407.797680	0.164274	0.028446	4.4
1391	-0.896951	408.622313	0.163959	0.016675	8.4
1392	-0.920576	408.247674	0.164102	0.023905	4.6
1393	-0.924841	409.066612	0.163790	0.020671	3.9
1394	-0.919673	408.651952	0.163948	0.027854	5.2
1395	-0.905242	408.471190	0.164017	0.021009	4.0
1396	-0.935303	408.051318	0.164177	0.030777	6.1
1397	-0.885696	409.051009	0.163796	0.022147	6.2
1398	-0.919427	409.246677	0.163721	0.030155	9.3
1399	-0.911453	408.821516	0.163883	0.018180	7.4
1400	-0.926048	409.725671	0.163539	0.025481	6.0
1401	-0.940710	410.408265	0.163280	0.018323	5.7
1402	-0.913543	409.982743	0.163442	0.030858	6.4
1403	-0.933910	409.588694	0.163591	0.034192	7.4
1404	-0.904975	410.588421	0.163212	0.030539	5.1
1405	-0.903121	411.584095	0.162837	0.024108	3.9
1406	-0.901990	411.188148	0.162986	0.018562	6.4
1407	-0.929320	411.929298	0.162707	0.014010	6.5
1408	-0.904289	412.244177	0.162589	0.029353	6.2
1409	-0.880126	411.821905	0.162747	0.022949	6.3
1410	-0.904435	412.771270	0.162391	0.034143	5.8
1411	-0.902387	413.436004	0.162142	0.034813	7.8
1412	-0.885588	413.010277	0.162302	0.022732	5.5
1413	-0.937108	413.829378	0.161996	0.019525	4.4
1414	-0.927134	414.813816	0.161630	0.025987	6.9
1415	-0.914278	415.811486	0.161261	0.012081	3.9
1416	-0.908269	415.434014	0.161400	0.023759	4.1
1417	-0.908101	415.910580	0.161224	0.024980	4.1
1418	-0.895233	416.721072	0.160926	0.027594	5.7
1419	-0.926769	417.660980	0.160581	0.017356	6.0
1420	-0.885514	417.236069	0.160736	0.019758	5.0
1421	-0.968770	417.948181	0.160476	0.028355	5.2
1422	-0.926922	417.523561	0.160631	0.026005	3.8
1423	-0.897240	418.523541	0.160266	0.027740	4.0
1424	-0.954848	418.207825	0.160381	0.026222	5.2
1425	-0.925800	417.783153	0.160536	0.023080	6.6
1426	-0.921919	418.727916	0.160191	0.036150	7.4
1427	-0.933925	418.305106	0.160345	0.047850	3.9
1428	-0.915853	417.881525	0.160500	0.016216	6.1
1429	-0.917175	417.467151	0.160652	0.017349	4.1
1430	-0.915865	417.129109	0.160776	0.029515	4.6
1431	-0.915743	416.810998	0.160893	0.027715	3.9
1432	-0.893962	417.773286	0.160540	0.024432	4.2
1433	-0.891822	418.763651	0.160178	0.031852	4.2
1434	-0.915215	418.727262	0.160191	0.025319	5.3
1435	-0.964707	419.724453	0.159829	0.011879	4.7
1436	-0.887444	419.985926	0.159734	0.024632	3.9
1437	-0.916772	420.423821	0.159576	0.024453	6.2
1438	-0.924417	421.363091	0.159237	0.030640	8.0
1439	-0.926294	420.938151	0.159390	0.017972	4.3
1440	-0.911107	421.937875	0.159030	0.031767	4.8
1441	-0.866779	422.936119	0.158673	0.030336	7.0
1442	-0.921884	423.936114	0.158316	0.028905	6.5
1443	-0.899235	424.921668	0.157966	0.024155	9.9
1444	-0.919063	424.783077	0.158015	0.022305	10.6
1445	-0.884213	424.453243	0.158132	0.025512	6.7
1446	-0.917695	424.027533	0.158284	0.025580	6.2
1447	-0.948815	423.633095	0.158424	0.026249	6.0
1448	-0.874391	424.601727	0.158080	0.022536	7.1
1449	-0.899975	425.475586	0.157770	0.018423	6.5
1450	-0.906042	426.289049	0.157483	0.018412	6.3
1451	-0.943769	425.865326	0.157633	0.030351	6.0
1452	-0.946474	426.580677	0.157381	0.033820	5.6
1453	-0.893414	426.945622	0.157252	0.024167	6.7
1454	-0.913691	427.301524	0.157128	0.021412	10.2
1455	-0.923878	428.301447	0.156778	0.023133	13.0
1456	-0.930002	427.880013	0.156925	0.025224	6.4
1457	-0.898660	428.877490	0.156577	0.028942	9.1
1458	-0.932070	429.877164	0.156230	0.027058	7.3
1459	-0.917301	430.877147	0.155884	0.027236	6.9
1460	-0.927529	430.521616	0.156007	0.028810	7.5
1461	-0.894624	431.494069	0.155672	0.017382	7.7
1462	-0.925266	431.069330	0.155818	0.006675	7.6
1463	-0.914081	431.163812	0.155785	0.034898	9.4
1464	-0.924711	431.994681	0.155500	0.035411	7.4
1465	-0.912921	432.994681	0.155157	0.029117	10.9
1466	-0.910290	432.568940	0.155303	0.023284	9.8
1467	-0.916067	432.229732	0.155419	0.033908	8.5
1468	-0.896251	431.803991	0.155565	0.017854	19.2
1469	-0.888911	431.408575	0.155701	0.031049	7.6
1470	-0.903190	431.053622	0.155823	0.019344	13.1
1471	-0.884901	430.690778	0.155949	0.031357	7.1
1472	-0.892071	430.267094	0.156095	0.010324	14.0
1473	-0.903022	431.185336	0.155778	0.025824	15.5
1474	-0.894454	431.591141	0.155638	0.031988	15.0
1475	-0.894778	431.172950	0.155782	0.028634	11.5
1476	-0.904620	430.747385	0.155929	0.043249	9.6
1477	-0.945888	430.321647	0.156076	0.033983	16.5
1478	-0.935039	429.895944	0.156223	0.023521	9.5
1479	-0.892289	430.313195	0.156079	0.025452	11.1
1480	-0.903349	429.887487	0.156226	0.009703	11.4
1481	-0.864147	429.469258	0.156371	0.018122	7.7
1482	-0.893185	429.439640	0.156382	0.016972	5.8
1483	-0.923702	430.360326	0.156063	0.020804	7.0
1484	-0.903723	430.751528	0.155928	0.023408	6.0
1485	-0.916944	431.750187	0.155584	0.019860	6.1
1486	-0.867534	431.327433	0.155729	0.025000	7.4
1487	-0.895590	430.902920	0.155875	0.032133	4.3
1488	-0.923873	431.901242	0.155532	0.027917	5.7
1489	-0.899147	432.109092	0.155460	0.025443	4.3
1490	-0.889518	431.700348	0.155601	0.033000	7.5
1491	-0.929037	432.700171	0.155258	0.031533	4.2
1492	-0.893461	433.700171	0.154916	0.033480	4.3
1493	-0.958581	434.699791	0.154577	0.025864	5.1
1494	-0.905120	435.671773	0.154248	0.010767	5.3
1495	-0.922963	436.262382	0.154048	0.030151	6.5
1496	-0.903540	436.940556	0.153820	0.023559	6.4
1497	-0.914862	437.929179	0.153489	0.027653	7.1
1498	-0.876369	437.801736	0.153532	0.032000	9.3
1499	-0.927222	437.376331	0.153674	0.016240	5.7
1500	-0.915490	438.312683	0.153361	0.020411	4.7
1501	-0.945590	437.893707	0.153501	0.030233	5.7
1502	-0.882555	438.830887	0.153188	0.021538	3.9
1503	-0.909389	439.820833	0.152859	0.040641	5.8
1504	-0.887044	439.507478	0.152963	0.019289	4.8
1505	-0.909902	439.086368	0.153103	0.024873	6.1
1506	-0.921504	438.676705	0.153239	0.019607	8.8
1507	-0.896921	438.760059	0.153211	0.030045	7.0
1508	-0.928060	438.690141	0.153235	0.025909	4.6
1509	-0.884905	438.358691	0.153345	0.025771	5.7
1510	-0.920659	439.133777	0.153087	0.042585	8.6
1511	-0.937639	438.708260	0.153229	0.036401	6.4
1512	-0.901650	439.708260	0.152896	0.034351	8.4
1513	-0.918581	440.703063	0.152567	0.025587	7.6
1514	-0.908202	440.277782	0.152707	0.022410	10.8
1515	-0.874239	441.262426	0.152382	0.026919	5.2
1516	-0.874774	441.464200	0.152316	0.015417	7.3
1517	-0.898055	442.230913	0.152064	0.031977	7.0
1518	-0.888679	441.805666	0.152203	0.032107	6.6
1519	-0.918906	441.379934	0.152343	0.015418	19.0
1520	-0.892842	440.979792	0.152475	0.017453	6.3
1521	-0.929268	441.086746	0.152440	0.026090	6.6
1522	-0.938408	440.663134	0.152580	0.020392	7.8
1523	-0.918467	440.830062	0.152525	0.025220	5.7
1524	-0.923786	440.454417	0.152649	0.020733	7.8
1525	-0.932533	441.420266	0.152330	0.019605	5.7
1526	-0.943445	441.627185	0.152262	0.023457	4.1
1527	-0.902447	442.316172	0.152036	0.032901	6.4
1528	-0.872416	441.995356	0.152141	0.036258	6.0
1529	-0.924639	442.995354	0.151813	0.023292	5.7
1530	-0.939009	443.995353	0.151487	0.022795	5.9
1531	-0.887205	444.911391	0.151189	0.041522	5.7
1532	-0.915287	444.644634	0.151275	0.034359	6.7
1533	-0.930008	445.644601	0.150951	0.025099	5.3
1534	-0.917099	446.644600	0.150628	0.011616	4.0
1535	-0.891018	447.519554	0.150347	0.038508	3.8
1536	-0.897338	447.251273	0.150433	0.014971	5.4
1537	-0.898270	447.018266	0.150508	0.013167	6.0
1538	-0.955982	447.245362	0.150435	0.024409	6.0
1539	-0.937586	448.056957	0.150175	0.031815	4.6
1540	-0.925561	449.055368	0.149856	0.027656	4.0
1541	-0.903664	449.321309	0.149771	0.016694	4.0
1542	-0.923301	448.896398	0.149906	0.019076	4.0
1543	-0.947284	449.550854	0.149698	0.032945	4.1
1544	-0.911339	449.139315	0.149829	0.032997	4.2
1545	-0.906199	450.139315	0.149511	0.025952	3.8
1546	-0.903158	451.136289	0.149195	0.037187	4.0
1547	-0.884363	450.713963	0.149329	0.011932	4.0
1548	-0.894231	451.689935	0.149021	0.023192	6.1
1549	-0.937487	451.410505	0.149109	0.013294	3.9
1550	-0.946396	451.860057	0.148967	0.028061	4.6
1551	-0.913417	451.448082	0.149097	0.043172	7.3
1552	-0.905785	452.247240	0.148845	0.033034	5.1
1553	-0.935712	453.247240	0.148531	0.031441	6.1
1554	-0.903480	454.005662	0.148294	0.018436	5.5
1555	-0.940526	454.986625	0.147988	0.018052	6.4
1556	-0.918422	454.612804	0.148105	0.021994	4.0
1557	-0.909040	454.339002	0.148190	0.034675	6.2
1558	-0.901147	455.220550	0.147916	0.039435	5.6
1559	-0.927805	454.794808	0.148048	0.019360	4.6
1560	-0.953628	455.771598	0.147745	0.028798	6.1
1561	-0.920702	455.351255	0.147875	0.025522	8.6
1562	-0.954387	454.941310	0.148003	0.032691	8.0
1563	-0.912032	455.912432	0.147701	0.028690	7.5
1564	-0.864454	455.486691	0.147833	0.019870	7.1
1565	-0.927477	456.484168	0.147524	0.019717	8.0
1566	-0.879299	457.425350	0.147234	0.014828	9.5
1567	-0.953406	457.112501	0.147330	0.024259	8.3
1568	-0.933109	456.690903	0.147460	0.036517	5.3
1569	-0.877227	456.572216	0.147497	0.017632	5.4
1570	-0.863217	456.148449	0.147628	0.018268	4.9
1571	-0.917925	456.077894	0.147650	0.021908	4.9
1572	-0.888774	456.068476	0.147653	0.026296	4.7
1573	-0.914317	456.664356	0.147469	0.026939	6.6
1574	-0.917914	456.238637	0.147600	0.019357	9.0
1575	-0.898404	455.813307	0.147732	0.030779	7.5
1576	-0.911770	456.328214	0.147573	0.026728	4.6
1577	-0.917229	457.322696	0.147266	0.024771	6.6
1578	-0.931270	458.313461	0.146961	0.035523	6.5
1579	-0.900039	457.894555	0.147090	0.013904	6.2
1580	-0.904593	458.887378	0.146786	0.024754	9.4
1581	-0.928415	458.467186	0.146914	0.048335	10.8
1582	-0.886133	459.467186	0.146608	0.030712	5.3
1583	-0.929100	459.041445	0.146738	0.032818	7.1
1584	-0.872009	460.041162	0.146433	0.026644	3.9
1585	-0.928063	459.930149	0.146467	0.021025	6.5
1586	-0.959633	459.504442	0.146597	0.013815	5.2
1587	-0.941624	460.386781	0.146328	0.029006	4.9
1588	-0.899570	461.204087	0.146080	0.024840	16.3
1589	-0.889310	460.779351	0.146209	0.022565	6.8
1590	-0.926611	460.354808	0.146338	0.038345	5.8
1591	-0.910430	461.284948	0.146056	0.034839	4.8
1592	-0.915464	462.084121	0.145814	0.018430	5.1
1593	-0.924921	461.731363	0.145921	0.007961	5.7
1594	-0.931806	461.642824	0.145948	0.025378	4.0
1595	-0.908008	461.247559	0.146067	0.026379	6.0
1596	-0.919530	460.821818	0.146196	0.029845	8.5
1597	-0.950025	460.476628	0.146301	0.026917	10.9
1598	-0.913897	460.050932	0.146430	0.021309	6.3
1599	-0.885745	461.041947	0.146129	0.032260	6.9
1600	-0.944983	460.621932	0.146257	0.025847	5.6
1601	-0.909661	461.621927	0.145954	0.039248	6.1
1602	-0.925356	461.197211	0.146082	0.031523	10.9
1603	-0.886128	462.100132	0.145809	0.021712	6.4
1604	-0.886862	463.099623	0.145508	0.031843	7.0
1605	-0.922976	462.686754	0.145633	0.037700	6.5
1606	-0.947259	463.686597	0.145332	0.027517	7.5
1607	-0.903263	463.483923	0.145393	0.021012	6.9
1608	-0.932239	463.264701	0.145459	0.034301	7.9
1609	-0.921093	462.839045	0.145587	0.027747	7.8
1610	-0.931457	463.839029	0.145286	0.020399	8.0
1611	-0.937139	464.814487	0.144995	0.029434	6.5
1612	-0.906107	465.758150	0.144714	0.016742	8.8
1613	-0.899617	466.609202	0.144461	0.013661	15.2
1614	-0.975254	466.832242	0.144395	0.023744	15.4
1615	-0.882292	467.756960	0.144122	0.019419	11.3
1616	-0.925064	467.332730	0.144247	0.025150	6.9
1617	-0.901421	467.166104	0.144296	0.021926	6.9
1618	-0.863957	468.066042	0.144031	0.027192	8.2
1619	-0.872729	468.831189	0.143806	0.019571	9.9
1620	-0.888740	468.405789	0.143931	0.036068	7.7
1621	-0.932228	468.495358	0.143904	0.016728	6.7
1622	-0.885029	468.069721	0.144030	0.033474	8.3
1623	-0.969675	468.739236	0.143833	0.035001	6.0
1624	-0.900504	469.739229	0.143540	0.025851	8.3
1625	-0.920654	470.739221	0.143248	0.013258	8.3
1626	-0.937339	470.348668	0.143362	0.030295	6.6
1627	-0.923232	471.346260	0.143071	0.027156	4.5
1628	-0.869961	470.920840	0.143195	0.019156	4.7
1629	-0.922613	471.366375	0.143065	0.033103	6.3
1630	-0.917573	470.940811	0.143189	0.017741	4.5
1631	-0.931222	471.919530	0.142905	0.021797	4.8
1632	-0.917956	472.112968	0.142849	0.030202	5.6
1633	-0.903547	472.321576	0.142788	0.017476	6.3
1634	-0.909773	473.183865	0.142539	0.021194	8.7
1635	-0.959911	474.160299	0.142258	0.032076	8.8
1636	-0.888751	474.991473	0.142020	0.025811	4.4
1637	-0.896161	474.569160	0.142141	0.032609	5.7
1638	-0.900553	475.569042	0.141854	0.022561	4.7
1639	-0.898296	475.178781	0.141966	0.026426	4.0
1640	-0.918060	474.753170	0.142088	0.014903	5.6
1641	-0.957615	474.331199	0.142209	0.046344	6.6
1642	-0.906345	475.327526	0.141923	0.014247	5.6
1643	-0.947853	474.962016	0.142028	0.022399	10.4
1644	-0.875972	475.109179	0.141986	0.025339	7.8
1645	-0.890078	474.935305	0.142036	0.027976	13.5
1646	-0.883532	475.879979	0.141766	0.012353	8.5
1647	-0.910550	475.624222	0.141839	0.025033	6.5
1648	-0.914276	475.628320	0.141838	0.018746	8.5
1649	-0.897931	476.442532	0.141605	0.018173	7.9
1650	-0.948033	477.196754	0.141391	0.018946	7.2
1651	-0.928508	476.790135	0.141506	0.026658	12.8
1652	-0.921581	476.875374	0.141482	0.016081	8.5
1653	-0.896045	476.451505	0.141603	0.021132	4.0
1654	-0.903194	476.219590	0.141669	0.025002	14.4
1655	-0.924623	476.541468	0.141577	0.029076	4.5
1656	-0.922569	476.432647	0.141608	0.031380	4.6
1657	-0.892666	477.338208	0.141351	0.035457	4.5
1658	-0.885970	476.917583	0.141470	0.028461	4.0
1659	-0.902881	476.502042	0.141588	0.027027	6.7
1660	-0.932821	477.501841	0.141304	0.025677	7.5
1661	-0.941696	478.499590	0.141022	0.024842	5.0
1662	-0.928312	478.175824	0.141114	0.030610	8.3
1663	-0.905705	479.175768	0.140832	0.019434	4.2
1664	-0.910564	478.751229	0.140951	0.016067	4.1
1665	-0.909666	479.618777	0.140707	0.026557	4.0
1666	-0.904566	479.206289	0.140823	0.018112	4.3
1667	-0.936119	478.860667	0.140920	0.032701	3.8
1668	-0.882980	478.667188	0.140975	0.026053	3.9
1669	-0.883784	478.858736	0.140921	0.032949	3.9
1670	-0.942540	479.767541	0.140665	0.023264	4.0
1671	-0.921622	480.361621	0.140498	0.012646	3.8
1672	-0.881456	480.873086	0.140355	0.017517	3.9
1673	-0.912793	480.890757	0.140350	0.037915	10.7
1674	-0.879669	480.820277	0.140370	0.034150	3.9
1675	-0.940941	481.820270	0.140091	0.024698	5.4
1676	-0.942886	481.406629	0.140206	0.015451	4.7
1677	-0.884194	480.988673	0.140323	0.024373	4.2
1678	-0.898049	480.567165	0.140441	0.027557	3.8
1679	-0.945441	481.556217	0.140164	0.040305	4.5
1680	-0.939061	481.146879	0.140279	0.035790	4.3
1681	-0.906532	481.852506	0.140082	0.022567	3.9
1682	-0.937749	482.843996	0.139806	0.020149	4.5
1683	-0.900124	482.826812	0.139811	0.017450	4.6
1684	-0.908837	482.469280	0.139910	0.019881	6.4
1685	-0.903785	482.048120	0.140027	0.032019	6.6
1686	-0.899853	481.642850	0.140140	0.018000	8.3
1687	-0.903673	481.217485	0.140259	0.022520	7.1
1688	-0.890342	482.201519	0.139985	0.038886	6.8
1689	-0.924882	481.775801	0.140103	0.032797	5.7
1690	-0.920645	481.669053	0.140133	0.025339	6.2
1691	-0.960763	481.243337	0.140252	0.030516	11.5
1692	-0.930691	480.883063	0.140352	0.026006	3.9
1693	-0.960472	481.882715	0.140073	0.036137	6.2
1694	-0.950469	482.847808	0.139805	0.021143	6.8
1695	-0.919755	482.422281	0.139923	0.021064	5.3
1696	-0.901014	483.375014	0.139659	0.026604	4.1
1697	-0.892343	484.306463	0.139402	0.033652	4.8
1698	-0.906527	483.885716	0.139518	0.028223	4.5
1699	-0.913513	484.885420	0.139242	0.017420	5.1
1700	-0.905191	485.747861	0.139005	0.014090	7.2
1701	-0.899328	486.533758	0.138790	0.026664	5.2
1702	-0.897918	486.972304	0.138670	0.028665	11.8
1703	-0.935947	487.023050	0.138656	0.028098	6.1
1704	-0.892667	486.600213	0.138772	0.027216	6.2
1705	-0.927885	486.179038	0.138887	0.023181	7.5
1706	-0.884839	485.774112	0.138998	0.038034	12.1
1707	-0.911071	485.348373	0.139115	0.015804	4.9
1708	-0.909441	485.114858	0.139179	0.016198	6.1
1709	-0.900070	484.766855	0.139275	0.029717	6.6
1710	-0.903384	484.344656	0.139391	0.027365	5.0
1711	-0.879777	484.214256	0.139427	0.023873	4.8
1712	-0.889314	483.788642	0.139545	0.034338	3.9
1713	-0.898300	484.774883	0.139272	0.039779	5.3
1714	-0.946718	484.405396	0.139374	0.037123	4.0
1715	-0.914285	485.405396	0.139099	0.032103	4.7
1716	-0.853327	484.985229	0.139215	0.033846	7.6
1717	-0.908446	484.559816	0.139332	0.018053	8.1
1718	-0.884154	485.196362	0.139157	0.025056	5.9
1719	-0.927837	486.190030	0.138884	0.019386	5.2
1720	-0.897424	485.781071	0.138996	0.027352	4.5
1721	-0.938072	485.366280	0.139110	0.024168	7.0
1722	-0.905484	486.362793	0.138837	0.022097	6.2
1723	-0.880662	487.337787	0.138570	0.018513	8.4
1724	-0.894719	488.336130	0.138299	0.024373	8.4
1725	-0.905797	487.910434	0.138414	0.012805	8.9
1726	-0.917400	488.560176	0.138238	0.019141	6.1
1727	-0.921736	489.061362	0.138102	0.021811	6.0
1728	-0.904951	489.499495	0.137984	0.017522	4.7
1729	-0.941037	490.370535	0.137748	0.027167	4.8
1730	-0.928456	491.359385	0.137483	0.031804	5.6
1731	-0.908157	490.933645	0.137597	0.026372	8.9
1732	-0.900682	490.508145	0.137711	0.025598	8.6
1733	-0.884252	490.086580	0.137825	0.031047	7.0
1734	-0.907917	489.896557	0.137876	0.021670	7.1
1735	-0.909913	489.470826	0.137991	0.023013	8.2
1736	-0.926246	490.100050	0.137821	0.022386	3.8
1737	-0.890604	491.099207	0.137552	0.023711	5.0
1738	-0.937964	492.064543	0.137294	0.022718	9.0
1739	-0.940434	491.643109	0.137407	0.023875	8.2
1740	-0.919967	491.273712	0.137506	0.024535	5.4
1741	-0.898602	492.249070	0.137244	0.012714	6.5
1742	-0.849828	491.891360	0.137340	0.022715	7.6
1743	-0.828555	492.808794	0.137095	0.020490	6.0
1744	-0.907259	493.763594	0.136841	0.024399	6.6
1745	-0.872034	493.787271	0.136834	0.021013	11.0
1746	-0.913945	494.410565	0.136669	0.022278	7.7
1747	-0.924043	494.015943	0.136773	0.017853	6.1
1748	-0.904597	495.007943	0.136511	0.025251	6.4
1749	-0.882768	494.582846	0.136623	0.032068	6.5
1750	-0.884153	494.157115	0.136736	0.021676	7.2
1751	-0.910358	493.739372	0.136847	0.018185	6.4
1752	-0.943076	494.655783	0.136604	0.026936	4.0
1753	-0.911811	495.622576	0.136348	0.017503	6.4
1754	-0.952539	496.586691	0.136094	0.032710	7.7
1755	-0.908134	497.334234	0.135898	0.019435	6.2
1756	-0.896766	497.939528	0.135739	0.028946	6.5
1757	-0.896471	498.823754	0.135508	0.027751	7.0
1758	-0.905426	498.839610	0.135504	0.019881	4.5
1759	-0.893804	499.472094	0.135340	0.036106	4.6
1760	-0.886152	499.298826	0.135385	0.016031	6.0
1761	-0.936298	500.294281	0.135126	0.034032	10.1
1762	-0.901215	500.576847	0.135053	0.028212	4.3
1763	-0.902400	500.157696	0.135162	0.023980	5.5
1764	-0.903857	499.790086	0.135257	0.022090	6.0
1765	-0.911855	499.956307	0.135214	0.027523	6.5
1766	-0.871693	499.530888	0.135324	0.027468	7.8
1767	-0.928614	500.530281	0.135065	0.038389	8.8
1768	-0.901218	501.507995	0.134812	0.019593	12.3
1769	-0.886424	501.082290	0.134922	0.025042	5.8
1770	-0.939701	500.659951	0.135031	0.008217	6.3
1771	-0.927419	500.559802	0.135057	0.032532	8.2
1772	-0.894513	500.402686	0.135098	0.034702	3.9
1773	-0.886315	499.976945	0.135209	0.021174	5.1
1774	-0.904645	500.735407	0.135012	0.026688	4.4
1775	-0.922609	501.730887	0.134755	0.016064	3.9
1776	-0.902873	501.631357	0.134781	0.028023	3.8
1777	-0.910764	501.372492	0.134847	0.023873	7.3
1778	-0.912779	500.946775	0.134957	0.032233	6.9
1779	-0.920221	500.521061	0.135067	0.028568	8.7
1780	-0.878700	501.507296	0.134813	0.037922	5.0
1781	-0.897883	501.081556	0.134922	0.029650	3.9
1782	-0.871343	500.655815	0.135033	0.024521	5.4
1783	-0.893663	500.254468	0.135137	0.025707	5.7
1784	-0.887776	499.830220	0.135247	0.032915	4.0
1785	-0.904485	499.404769	0.135357	0.029016	7.6
1786	-0.906032	499.131539	0.135428	0.029133	8.7
1787	-0.961347	498.889750	0.135491	0.014946	6.5
1788	-0.908029	498.791022	0.135517	0.024340	5.9
1789	-0.927397	499.784333	0.135259	0.020386	5.7
1790	-0.905890	500.555492	0.135059	0.027819	6.5
1791	-0.886471	500.272602	0.135132	0.023492	4.9
1792	-0.925545	499.846897	0.135242	0.012276	6.3
1793	-0.844994	499.491395	0.135335	0.012751	5.9
1794	-0.928471	499.270102	0.135392	0.038672	5.8
1795	-0.917396	500.268565	0.135133	0.025734	3.9
1796	-0.932564	501.010956	0.134941	0.036816	5.1
1797	-0.915918	501.810211	0.134734	0.038580	5.3
1798	-0.930443	502.810211	0.134477	0.021535	5.5
1799	-0.948763	502.392975	0.134584	0.019640	6.5
1800	-0.876666	501.971168	0.134693	0.045170	6.2
1801	-0.899158	501.545515	0.134803	0.036912	6.1
1802	-0.865144	502.405169	0.134581	0.024096	11.3
1803	-0.891250	501.979504	0.134691	0.019750	6.8
1804	-0.894402	502.954237	0.134440	0.022396	6.7
1805	-0.940166	503.912640	0.134195	0.031308	6.6
1806	-0.883086	504.907445	0.133941	0.017145	6.7
1807	-0.904071	504.481943	0.134049	0.019670	5.9
1808	-0.890144	504.605739	0.134018	0.029803	7.8
1809	-0.930588	504.277442	0.134102	0.023525	5.5
1810	-0.870649	504.840815	0.133958	0.027658	6.6
1811	-0.894855	505.829740	0.133706	0.022975	7.5
1812	-0.869654	506.783616	0.133465	0.026736	7.0
1813	-0.942909	507.783584	0.133212	0.038940	8.3
1814	-0.893066	508.783584	0.132961	0.022010	8.5
1815	-0.930119	508.357860	0.133068	0.060157	9.1
1816	-0.956936	507.932119	0.133175	0.017025	15.0
1817	-0.910412	508.744029	0.132971	0.017729	8.1
1818	-0.898047	509.291927	0.132833	0.030700	10.6
1819	-0.884337	508.868260	0.132940	0.026743	9.7
1820	-0.883732	509.821058	0.132701	0.029177	10.2
1821	-0.859438	510.818401	0.132452	0.018807	14.8
1822	-0.932554	511.284759	0.132336	0.028021	8.4
1823	-0.986584	510.864494	0.132441	0.017866	8.2
1824	-0.884785	510.878605	0.132437	0.023704	7.9
1825	-0.942368	511.148239	0.132370	0.035849	10.8
1826	-0.894508	510.771044	0.132464	0.031249	12.4
1827	-0.892905	510.377330	0.132562	0.056697	7.8
1828	-0.909938	511.377330	0.132313	0.019471	8.6
1829	-0.908326	512.377260	0.132065	0.025185	7.6
1830	-0.919294	512.549207	0.132023	0.028463	7.9
1831	-0.941157	512.146166	0.132122	0.030793	11.1
1832	-0.874960	511.777351	0.132214	0.025131	7.1
1833	-0.937715	512.670099	0.131993	0.032331	7.6
1834	-0.900168	513.669505	0.131746	0.010879	8.0
1835	-0.913050	513.253098	0.131849	0.030391	7.1
1836	-0.908241	513.687240	0.131742	0.028142	7.0
1837	-0.935025	514.531455	0.131534	0.036381	8.6
1838	-0.904521	515.531453	0.131289	0.028774	8.8
1839	-0.911329	516.350919	0.131088	0.023010	7.6
1840	-0.914592	517.255202	0.130868	0.019649	7.1
1841	-0.919214	517.852402	0.130723	0.030972	6.9
1842	-0.918546	517.426999	0.130827	0.014784	6.4
1843	-0.876795	517.803505	0.130735	0.027469	7.9
1844	-0.929074	518.725521	0.130512	0.027408	14.7
1845	-0.935682	518.299790	0.130615	0.029048	16.1
1846	-0.883493	517.908231	0.130710	0.026601	8.3
1847	-0.878469	517.482564	0.130813	0.022571	7.9
1848	-0.875753	517.056945	0.130916	0.026941	7.1
1849	-0.939631	516.631311	0.131020	0.016199	9.8
1850	-0.923884	516.335252	0.131092	0.015483	9.4
1851	-0.935179	515.959160	0.131184	0.014439	9.2
1852	-0.877712	515.625925	0.131266	0.021968	10.3
1853	-0.916162	516.586438	0.131031	0.023586	7.0
1854	-0.920541	517.455638	0.130820	0.029623	7.9
1855	-0.892800	517.036424	0.130921	0.030017	11.5
1856	-0.950911	517.995920	0.130688	0.041003	10.6
1857	-0.866262	518.914591	0.130466	0.032120	8.3
1858	-0.899602	519.914591	0.130225	0.021568	8.9
1859	-0.930928	520.666010	0.130044	0.025427	8.2
1860	-0.924753	520.407668	0.130106	0.040589	23.6
1861	-0.955653	520.436532	0.130099	0.020563	8.7
1862	-0.860128	521.436531	0.129859	0.018520	10.4
1863	-0.866892	522.316088	0.129649	0.019301	7.1
1864	-0.895011	521.976300	0.129730	0.031119	8.7
1865	-0.864950	522.976178	0.129492	0.023560	13.4
1866	-0.920851	522.550471	0.129593	0.033336	8.6
1867	-0.929825	522.337494	0.129644	0.015857	7.9
1868	-0.903826	521.978651	0.129730	0.021020	7.5
1869	-0.917689	521.834914	0.129764	0.031534	8.2
1870	-0.921790	521.970075	0.129732	0.035629	7.7
1871	-0.915258	522.916186	0.129506	0.030400	9.7
1872	-0.911664	523.903443	0.129272	0.024356	17.1
1873	-0.892139	524.438886	0.129145	0.033859	17.6
1874	-0.908208	525.438354	0.128908	0.022971	8.4
1875	-0.901894	525.012616	0.129009	0.021941	8.7
1876	-0.933422	525.822614	0.128818	0.037999	6.1
1877	-0.902448	525.399305	0.128918	0.021451	11.6
1878	-0.931395	525.056568	0.128999	0.032542	6.1
1879	-0.897786	525.411656	0.128915	0.020760	7.5
1880	-0.937396	524.986659	0.129015	0.024676	14.5
1881	-0.924859	525.342595	0.128931	0.015425	6.8
1882	-0.910272	524.917968	0.129031	0.029588	7.7
1883	-0.895415	525.916548	0.128796	0.019650	4.3
1884	-0.965053	526.498680	0.128659	0.017706	5.2
1885	-0.872239	526.085081	0.128756	0.023348	4.7
1886	-0.903237	526.881298	0.128569	0.028261	4.3
1887	-0.911187	526.472636	0.128665	0.020192	5.4
1888	-0.932281	526.046915	0.128765	0.025540	4.5
1889	-0.910404	525.934801	0.128791	0.029980	7.4
1890	-0.963009	526.932849	0.128557	0.043210	9.9
1891	-0.918546	526.507108	0.128657	0.024600	7.4
1892	-0.858438	526.900793	0.128564	0.024165	5.0
1893	-0.959723	527.884710	0.128334	0.015989	6.6
1894	-0.894099	527.601282	0.128400	0.017454	6.4
1895	-0.921100	527.241472	0.128484	0.017760	4.8
1896	-0.907280	527.390686	0.128450	0.016730	4.7
1897	-0.859542	528.348632	0.128226	0.039676	5.5
1898	-0.917697	527.926985	0.128324	0.029863	9.1
1899	-0.914055	527.614883	0.128397	0.034798	8.2
1900	-0.961356	527.206453	0.128493	0.037084	5.4
1901	-0.896069	526.780712	0.128593	0.025082	3.9
1902	-0.904210	527.780698	0.128358	0.013875	5.6
1903	-0.882715	527.369519	0.128454	0.016873	7.9
1904	-0.906807	527.154483	0.128505	0.017165	7.0
1905	-0.936582	527.775313	0.128359	0.021044	4.7
1906	-0.927921	527.517673	0.128420	0.014168	7.7
1907	-0.903457	527.790706	0.128356	0.035145	7.3
1908	-0.890380	527.403277	0.128447	0.024015	5.1
1909	-0.954271	528.382955	0.128218	0.028950	5.8
1910	-0.917929	527.957541	0.128317	0.014713	5.5
1911	-0.936091	528.916512	0.128093	0.020393	4.8
1912	-0.927537	528.497335	0.128191	0.035359	5.3
1913	-0.946266	528.072056	0.128290	0.019035	5.5
1914	-0.939482	527.653207	0.128388	0.022940	5.4
1915	-0.901374	528.528378	0.128184	0.025264	6.0
1916	-0.940329	528.703929	0.128143	0.029491	5.3
1917	-0.895224	528.399318	0.128214	0.033302	10.4
1918	-0.927573	527.979040	0.128312	0.018240	6.2
1919	-0.920292	528.978589	0.128079	0.024659	7.4
1920	-0.913902	528.649473	0.128155	0.033318	4.8
1921	-0.887951	529.649443	0.127923	0.033185	4.6
1922	-0.895865	529.264030	0.128012	0.023198	6.7
1923	-0.889351	528.880268	0.128102	0.018165	7.5
1924	-0.920635	528.467653	0.128198	0.023190	5.9
1925	-0.914375	528.042532	0.128297	0.021750	8.1
1926	-0.910439	528.907346	0.128095	0.028509	11.2
1927	-0.936641	529.891438	0.127866	0.032080	8.1
1928	-0.917500	529.465854	0.127965	0.035631	5.9
1929	-0.929123	529.040286	0.128064	0.031807	7.0
1930	-0.921105	528.647622	0.128156	0.019193	4.3
1931	-0.874967	528.227146	0.128254	0.021836	4.1
1932	-0.947166	527.802874	0.128353	0.033343	4.1
1933	-0.901307	528.792654	0.128122	0.018905	4.2
1934	-0.882903	529.209170	0.128025	0.023859	4.0
1935	-0.928762	528.786464	0.128123	0.026158	4.7
1936	-0.911678	528.403600	0.128213	0.026559	5.1
1937	-0.900204	529.387431	0.127984	0.030707	10.1
1938	-0.925351	530.385200	0.127752	0.024394	9.0
1939	-0.926123	531.378103	0.127522	0.024369	3.9
1940	-0.917330	531.126134	0.127580	0.013052	5.7
1941	-0.899624	530.967577	0.127617	0.020191	4.9
1942	-0.899468	530.638415	0.127693	0.020340	5.4
1943	-0.907403	530.541689	0.127716	0.036112	4.7
1944	-0.885877	530.599699	0.127702	0.013792	3.9
1945	-0.895382	530.174733	0.127801	0.018945	5.8
1946	-0.869851	529.810724	0.127885	0.026971	8.0
1947	-0.851683	529.648773	0.127923	0.021904	6.4
1948	-0.927725	529.292769	0.128006	0.038172	4.0
1949	-0.952436	528.867063	0.128105	0.012547	5.1
1950	-0.891825	529.857556	0.127874	0.029174	4.4
1951	-0.937277	529.735962	0.127903	0.022040	4.3
1952	-0.909617	530.348990	0.127760	0.016498	4.6
1953	-0.891175	531.323630	0.127535	0.030772	3.8
1954	-0.910484	532.321437	0.127305	0.014438	4.0
1955	-0.917805	532.307784	0.127308	0.020152	3.9
1956	-0.926287	533.191134	0.127105	0.036599	4.0
1957	-0.913343	532.778924	0.127200	0.026359	3.8
1958	-0.906024	532.353201	0.127298	0.025183	6.0
1959	-0.972792	533.188362	0.127106	0.028491	4.4
1960	-0.917002	534.187126	0.126877	0.022438	7.6
1961	-0.917435	533.761393	0.126974	0.017873	6.5
1962	-0.882701	534.725058	0.126754	0.036831	6.8
1963	-0.910159	535.386918	0.126603	0.026636	5.7
1964	-0.946312	536.317181	0.126392	0.030695	5.6
1965	-0.951200	535.990080	0.126466	0.016178	6.6
1966	-0.913293	536.979999	0.126242	0.026392	8.1
1967	-0.917888	537.952245	0.126022	0.030266	5.9
1968	-0.952943	537.526565	0.126118	0.029429	5.6
1969	-0.917800	538.526564	0.125893	0.022285	6.3
1970	-0.922614	539.365516	0.125705	0.029978	6.2
1971	-0.906488	540.223732	0.125512	0.012263	5.7
1972	-0.922237	539.979514	0.125567	0.031498	6.6
1973	-0.916398	540.968114	0.125346	0.017401	4.0
1974	-0.922685	541.861698	0.125147	0.015700	3.9
1975	-0.863408	541.591054	0.125207	0.037180	5.2
1976	-0.910150	541.180068	0.125299	0.023094	6.5
1977	-0.961283	542.179179	0.125077	0.030022	6.2
1978	-0.921448	543.015547	0.124891	0.017612	6.2
1979	-0.900204	543.036088	0.124887	0.015699	5.8
1980	-0.900480	542.618171	0.124979	0.020811	5.8
1981	-0.881613	543.003156	0.124894	0.028862	7.1
1982	-0.908332	542.593112	0.124985	0.024300	9.2
1983	-0.943682	543.585663	0.124765	0.015040	9.9
1984	-0.936938	543.184463	0.124854	0.018908	7.7
1985	-0.951224	543.631106	0.124755	0.015926	7.4
1986	-0.927308	544.372298	0.124591	0.014573	4.1
1987	-0.921246	544.022267	0.124669	0.023584	5.1
1988	-0.909455	545.017395	0.124449	0.042860	5.6
1989	-0.920641	546.017273	0.124230	0.040153	4.1
1990	-0.901201	547.017273	0.124011	0.025140	3.8
1991	-0.876557	547.996748	0.123798	0.027197	4.0
1992	-0.867575	548.933002	0.123594	0.027959	5.7
1993	-0.934138	548.507325	0.123687	0.028593	3.9
1994	-0.901449	549.507182	0.123470	0.035580	3.9
1995	-0.885273	549.081446	0.123562	0.024762	8.3
1996	-0.917568	550.076862	0.123347	0.028167	4.2
1997	-0.926393	549.669336	0.123435	0.031749	4.0
1998	-0.936450	549.244210	0.123527	0.025402	5.8
1999	-0.962477	550.201169	0.123320	0.027612	4.6
