1:ItNr	2:Metric	3a:Time	3b:StepSize	4:||Gradient||	Time[ms]
0	-1.297640	0.000000	573.425076	0.004078	648.5
1	-1.329419	0.000000	573.425076	0.004315	7.7
2	-1.309874	0.000000	573.425076	0.005524	7.8
3	-1.280857	0.000000	573.425076	0.004063	7.7
4	-1.327333	0.999978	547.360855	0.005087	7.7
5	-1.290897	0.573851	558.172319	0.003416	7.5
6	-1.289062	0.147725	569.419485	0.004940	8.3
7	-1.313892	0.000000	573.425076	0.005019	8.0
8	-1.330054	1.000000	547.360300	0.004325	7.8
9	-1.284288	2.000000	523.562026	0.004076	7.5
10	-1.302806	3.000000	501.746942	0.003104	7.6
11	-1.320995	4.000000	481.677064	0.003131	7.5
12	-1.339097	3.706298	487.403123	0.003521	7.4
13	-1.348048	3.280171	495.957237	0.004023	7.3
14	-1.334755	4.279889	476.344121	0.003774	7.3
15	-1.336051	5.279889	458.218317	0.003223	7.5
16	-1.312735	4.853788	465.770292	0.003784	8.5
17	-1.305758	5.853610	448.428591	0.003290	11.7
18	-1.320347	6.853055	432.337736	0.003607	11.8
19	-1.330098	6.426928	439.054877	0.004506	13.2
20	-1.330355	7.426928	423.609843	0.003413	12.5
21	-1.348318	8.426928	409.214530	0.004086	13.0
22	-1.334473	8.001374	415.219180	0.004264	7.7
23	-1.313117	9.001349	401.379510	0.003994	8.6
24	-1.349771	10.001349	388.432347	0.003072	7.3
25	-1.323842	9.575222	393.845923	0.003789	7.9
26	-1.324636	10.575222	381.372664	0.003516	7.6
27	-1.340167	11.575222	369.665218	0.003949	8.0
28	-1.341072	12.575222	358.655157	0.003717	7.6
29	-1.355298	12.150270	363.252748	0.003664	7.8
30	-1.341166	13.131592	352.808813	0.003887	7.6
31	-1.351935	14.131592	342.766327	0.003449	7.6
32	-1.324956	15.131592	333.279717	0.003506	7.7
33	-1.303624	14.708071	337.232630	0.003175	7.7
34	-1.318203	15.707888	328.047384	0.003565	7.5
35	-1.347858	16.706996	319.355233	0.004414	7.8
36	-1.329116	17.706996	311.104652	0.003509	8.2
37	-1.330168	17.280870	314.567737	0.003426	7.6
38	-1.353467	18.280593	306.561733	0.004219	7.5
39	-1.318687	19.280454	298.952111	0.003046	7.7
40	-1.362575	20.280318	291.711093	0.003625	7.8
41	-1.357854	19.975879	293.878421	0.004675	7.6
42	-1.351687	19.549753	296.966709	0.003451	7.6
43	-1.328048	20.529056	289.963886	0.002748	7.5
44	-1.315396	20.102931	292.970025	0.003847	7.7
45	-1.321340	21.102930	286.011606	0.003218	7.4
46	-1.365807	22.102918	279.376136	0.004391	7.4
47	-1.327322	21.676894	282.165019	0.004472	7.4
48	-1.337266	22.676894	275.704738	0.003420	7.6
49	-1.355424	22.611749	276.116572	0.004015	7.5
50	-1.328719	22.185654	278.840897	0.004213	7.6
51	-1.333852	23.185653	272.530239	0.003251	7.6
52	-1.328718	24.185653	266.498895	0.003142	8.4
53	-1.354753	25.094554	261.244021	0.004438	8.4
54	-1.315881	25.146958	260.947356	0.003132	7.5
55	-1.311699	26.146958	255.412591	0.004014	7.5
56	-1.334092	25.889380	256.815651	0.003281	8.4
57	-1.336781	26.889380	251.452966	0.004138	7.6
58	-1.345575	26.463416	253.709646	0.004621	7.6
59	-1.315332	27.463416	248.474571	0.003225	7.5
60	-1.328997	27.037290	250.678725	0.003947	7.7
61	-1.335879	28.037290	245.566723	0.003249	7.6
62	-1.325152	29.036587	240.662429	0.003434	7.5
63	-1.321180	29.843315	236.843852	0.003396	7.5
64	-1.319857	29.418293	238.840425	0.003989	7.6
65	-1.337095	30.418293	234.195377	0.004118	7.3
66	-1.349105	30.010617	236.067063	0.004330	7.3
67	-1.354344	31.009895	231.531453	0.004381	8.3
68	-1.335781	32.009895	227.163750	0.003872	7.4
69	-1.312012	33.008682	222.962794	0.002965	8.0
70	-1.325039	34.008682	218.909565	0.004117	9.2
71	-1.337147	33.582555	220.618594	0.003254	7.7
72	-1.311986	34.582555	216.649388	0.003064	7.7
73	-1.277853	34.156431	218.323166	0.003272	7.5
74	-1.297272	33.730306	220.023009	0.003948	7.8
75	-1.326757	34.730306	216.075014	0.002473	7.6
76	-1.309962	35.720723	212.302066	0.003486	7.5
77	-1.349234	35.294596	213.909103	0.003613	8.2
78	-1.335195	36.294595	210.175613	0.003903	7.4
79	-1.363897	35.868469	211.750499	0.004624	7.5
80	-1.330210	36.868469	208.091330	0.003089	10.7
81	-1.318242	37.868007	204.558081	0.003911	11.7
82	-1.314609	37.735949	205.017996	0.004123	12.7
83	-1.315106	38.655860	201.856558	0.003016	13.2
84	-1.296357	38.229794	203.308602	0.003511	12.4
85	-1.342314	37.931732	204.336886	0.003049	12.8
86	-1.311555	38.931732	200.927393	0.004565	8.3
87	-1.365275	38.505605	202.366257	0.004106	8.8
88	-1.336131	38.079479	203.825878	0.004246	7.7
89	-1.315290	39.079479	200.433274	0.002697	7.7
90	-1.373771	38.653353	201.865043	0.004737	7.5
91	-1.340973	39.606669	198.689793	0.003810	7.6
92	-1.371209	40.606669	195.464658	0.004438	9.0
93	-1.346017	41.606555	192.342904	0.002903	8.5
94	-1.293659	42.606555	189.318956	0.003315	8.7
95	-1.353510	42.180434	190.595820	0.002998	8.4
96	-1.346309	41.754311	191.890029	0.003901	9.5
97	-1.304382	41.328185	193.201946	0.003134	8.7
98	-1.333051	40.907713	194.514157	0.004137	8.7
99	-1.322859	41.881305	191.502493	0.002924	8.4
100	-1.324800	41.455230	192.808938	0.004076	8.0
101	-1.376874	41.961779	191.257724	0.003574	8.0
102	-1.292024	41.535653	192.560980	0.003772	7.7
103	-1.342595	42.535653	189.530225	0.002660	7.6
104	-1.341370	42.220617	190.474677	0.003231	7.5
105	-1.376841	41.794491	191.767247	0.004513	7.9
106	-1.340216	42.659741	189.160784	0.004816	7.5
107	-1.350698	43.659741	186.235304	0.002545	7.2
108	-1.302613	43.233625	187.470761	0.004607	7.2
109	-1.344452	44.233113	184.598375	0.003520	7.3
110	-1.317432	43.806986	185.812168	0.003150	8.0
111	-1.326772	44.806986	182.988576	0.003520	7.2
112	-1.323624	45.803519	180.258867	0.002699	7.2
113	-1.336767	45.377393	181.416084	0.003246	7.3
114	-1.344294	44.987842	182.487049	0.005100	7.4
115	-1.340265	45.987842	179.762867	0.004822	7.2
116	-1.370647	46.987842	177.118823	0.003849	7.2
117	-1.316433	47.911786	174.744079	0.003396	7.3
118	-1.349194	47.487450	175.826763	0.002760	7.4
119	-1.355664	47.061339	176.927560	0.003542	7.2
120	-1.333430	47.979892	174.571549	0.003664	7.2
121	-1.356170	48.382088	173.559588	0.003649	7.7
122	-1.343554	49.379576	171.099732	0.004556	7.8
123	-1.362667	50.379576	168.702692	0.003581	7.7
124	-1.351790	49.953459	169.715851	0.003858	8.5
125	-1.355634	50.953458	167.357162	0.004765	7.6
126	-1.327683	51.953458	165.063136	0.003763	8.9
127	-1.348480	52.953458	162.831149	0.002800	11.0
128	-1.322534	52.528484	163.772269	0.003464	8.5
129	-1.326927	53.378844	161.899889	0.002860	8.9
130	-1.334517	54.378844	159.752073	0.004877	8.5
131	-1.322684	53.952717	160.660307	0.003591	9.9
132	-1.361992	53.527121	161.577779	0.003668	8.5
133	-1.353163	54.527121	159.438444	0.003325	8.5
134	-1.363439	54.101138	160.342798	0.002688	9.0
135	-1.333563	55.100265	158.237645	0.002845	8.1
136	-1.376137	55.925981	156.539137	0.002881	9.7
137	-1.340721	55.602143	157.200910	0.003330	17.5
138	-1.322362	56.395437	155.589620	0.003754	14.2
139	-1.330219	57.395434	153.604948	0.003510	9.5
140	-1.314122	58.218751	152.008540	0.003405	13.3
141	-1.344469	59.218751	150.113615	0.004414	12.9
142	-1.311546	60.218750	148.265352	0.003148	12.2
143	-1.334011	59.792624	149.047351	0.004926	13.6
144	-1.361678	60.792624	147.225093	0.003528	13.9
145	-1.359798	60.366497	147.996129	0.003115	12.9
146	-1.353477	61.366496	146.199330	0.002801	10.0
147	-1.329609	60.940372	146.959628	0.003733	7.8
148	-1.388289	60.666763	147.451989	0.003860	7.9
149	-1.325013	61.666732	145.668352	0.003507	7.7
150	-1.375618	61.240605	146.423127	0.003788	8.1
151	-1.374624	62.236935	144.670470	0.004747	7.5
152	-1.371524	62.040639	145.012451	0.004000	7.9
153	-1.340937	63.040639	143.286947	0.003496	7.6
154	-1.327783	62.614543	144.017132	0.004070	7.9
155	-1.347433	63.614543	142.315094	0.004101	7.9
156	-1.332624	64.614543	140.652817	0.002657	7.9
157	-1.319962	64.188421	141.356378	0.003504	8.3
158	-1.344403	63.769591	142.054792	0.003288	7.7
159	-1.339849	64.769365	140.398925	0.003199	7.6
160	-1.303556	64.343244	141.099939	0.003074	7.7
161	-1.322546	65.342658	139.466712	0.003317	7.7
162	-1.338835	66.342628	137.869983	0.003665	9.0
163	-1.360455	67.342628	136.309355	0.003841	10.2
164	-1.330340	67.041169	136.776087	0.003647	9.8
165	-1.347260	66.615043	137.441314	0.004163	9.0
166	-1.359894	66.188916	138.113044	0.003522	9.3
167	-1.312288	65.762851	138.791274	0.003528	8.7
168	-1.399738	65.336755	139.476248	0.004422	10.0
169	-1.350422	66.336755	137.879254	0.003278	8.8
170	-1.367516	67.336755	136.318417	0.003724	10.5
171	-1.374432	66.910628	136.979189	0.003103	8.5
172	-1.351602	67.910628	135.438551	0.003315	8.4
173	-1.308359	68.910625	133.932187	0.003013	8.8
174	-1.320434	69.890065	132.488921	0.002879	7.5
175	-1.374515	70.143659	132.120289	0.003705	7.6
176	-1.315817	71.059748	130.805557	0.003010	7.7
177	-1.345284	72.059510	129.400279	0.004049	9.0
178	-1.352929	73.059510	128.024551	0.003560	9.2
179	-1.361463	74.059504	126.677777	0.003063	8.3
180	-1.315774	75.056538	125.362904	0.003461	7.5
181	-1.339894	76.056063	124.071863	0.002899	8.2
182	-1.328485	76.971001	122.913174	0.002591	7.5
183	-1.343091	77.893788	121.766259	0.003335	7.5
184	-1.350238	77.467662	122.293211	0.003973	7.5
185	-1.346417	78.467662	121.063734	0.002907	7.8
186	-1.324832	79.059119	120.348118	0.003025	7.8
187	-1.335158	78.633086	120.862728	0.005582	7.7
188	-1.365742	79.384756	119.957722	0.004700	7.6
189	-1.352291	80.384756	118.774529	0.003092	9.3
190	-1.338124	81.384756	117.614449	0.002924	9.0
191	-1.342083	82.352145	116.513563	0.004380	8.2
192	-1.337511	81.927161	116.994645	0.002895	9.9
193	-1.323672	82.926539	115.869602	0.004227	8.3
194	-1.327442	83.926539	114.765309	0.003095	8.6
195	-1.368093	84.711035	113.913619	0.003835	8.8
196	-1.293731	84.654858	113.974188	0.004176	8.7
197	-1.355266	85.654858	112.905561	0.002840	9.3
198	-1.376116	85.228731	113.358471	0.003813	8.1
199	-1.351667	84.802605	113.815029	0.003400	10.8
200	-1.349074	85.802605	112.749372	0.003591	12.3
201	-1.336081	85.376503	113.201001	0.002993	13.1
202	-1.342038	86.376503	112.146757	0.003073	16.2
203	-1.356669	85.953672	112.590118	0.004173	14.1
204	-1.370168	86.884508	111.618683	0.003588	13.2
205	-1.355589	87.884508	110.593572	0.004375	12.5
206	-1.354563	87.458513	111.027953	0.003436	7.9
207	-1.371344	88.156827	110.317668	0.003525	8.8
208	-1.332252	89.144309	109.328632	0.004080	8.5
209	-1.350119	90.144309	108.344968	0.003748	8.8
210	-1.363160	91.144247	107.378906	0.003950	7.7
211	-1.358557	90.718127	107.788476	0.004527	7.9
212	-1.388359	91.718127	106.832210	0.003002	7.8
213	-1.403130	91.292000	107.237618	0.002995	8.1
214	-1.355901	90.886989	107.625799	0.004315	7.6
215	-1.356307	90.460862	108.037264	0.003109	8.2
216	-1.360574	91.460862	107.076599	0.003770	7.9
217	-1.363080	91.034794	107.483811	0.003150	7.4
218	-1.344569	90.608668	107.894188	0.002839	7.7
219	-1.354893	90.282383	108.210538	0.003527	8.6
220	-1.341242	89.857296	108.625476	0.002500	7.7
221	-1.381089	89.431230	109.044576	0.003562	7.6
222	-1.336376	90.431107	108.066113	0.003025	7.6
223	-1.318147	90.011341	108.474743	0.003040	7.7
224	-1.342180	91.011327	107.506329	0.003525	8.0
225	-1.401792	92.011308	106.555059	0.004742	7.7
226	-1.362206	93.011308	105.620458	0.003853	7.8
227	-1.379750	92.585182	106.016704	0.003401	7.7
228	-1.375061	93.585182	105.091482	0.004345	7.7
229	-1.344110	94.585182	104.182270	0.003687	7.8
230	-1.342722	94.159097	104.567741	0.003814	7.9
231	-1.329395	95.159096	103.667530	0.003113	9.6
232	-1.318240	94.738153	104.044572	0.003481	8.8
233	-1.349363	95.737671	103.153734	0.002840	9.8
234	-1.342123	96.735834	102.279198	0.002230	8.0
235	-1.374677	97.609727	101.525624	0.003797	9.2
236	-1.346374	97.974612	101.214254	0.002839	9.5
237	-1.329822	98.856501	100.469532	0.003695	8.7
238	-1.354108	99.279769	100.115977	0.003588	7.9
239	-1.340453	99.616337	99.836613	0.002924	8.8
240	-1.363167	99.462755	99.963898	0.003565	8.1
241	-1.376329	100.419779	99.175988	0.003917	8.8
242	-1.326695	101.419779	98.365858	0.003082	8.6
243	-1.358024	102.419779	97.568855	0.004532	9.7
244	-1.343439	102.026938	97.880406	0.003753	8.3
245	-1.350610	103.026938	97.091219	0.002979	8.9
246	-1.328842	102.601861	97.425123	0.003325	8.6
247	-1.361605	102.179009	97.759568	0.003335	8.5
248	-1.348475	101.753416	98.098505	0.004606	9.2
249	-1.359775	102.644147	97.391804	0.003164	8.0
250	-1.323758	103.644140	96.610451	0.003731	9.9
251	-1.391069	104.598451	95.876394	0.004704	7.3
252	-1.326675	104.856355	95.679925	0.002742	7.4
253	-1.352976	105.856307	94.925722	0.003271	7.9
254	-1.344238	106.855908	94.183576	0.003347	7.6
255	-1.346185	107.855907	93.452655	0.002648	8.0
256	-1.357755	107.732825	93.542006	0.003431	8.6
257	-1.378360	107.306698	93.852673	0.003744	11.6
258	-1.328092	108.306698	93.126859	0.003358	12.0
259	-1.325706	108.225542	93.185344	0.003656	13.3
260	-1.353749	109.225540	92.469777	0.003729	13.4
261	-1.390075	110.225540	91.765114	0.004002	12.7
262	-1.334692	111.225540	91.071109	0.003600	7.7
263	-1.357867	112.205794	90.400922	0.003921	10.3
264	-1.318027	113.205304	89.727651	0.002583	7.8
265	-1.342916	112.779179	90.013459	0.004031	8.0
266	-1.341723	113.779087	89.345661	0.003137	7.7
267	-1.385885	113.593231	89.469036	0.004170	7.6
268	-1.322089	113.167128	89.753181	0.002944	8.0
269	-1.361851	112.760316	90.026152	0.003563	7.9
270	-1.353631	112.334190	90.313869	0.003574	7.7
271	-1.335893	112.027059	90.522385	0.003603	7.5
272	-1.363934	113.023330	89.849481	0.004195	7.7
273	-1.388070	114.023330	89.184044	0.003483	7.6
274	-1.360047	113.597251	89.466363	0.003237	9.7
275	-1.341212	113.171125	89.750508	0.003445	8.4
276	-1.379992	114.170737	89.086786	0.003745	9.7
277	-1.321806	115.164120	88.436855	0.003241	9.1
278	-1.404168	114.968086	88.564361	0.004873	8.7
279	-1.339933	115.968086	87.917755	0.004215	7.9
280	-1.364218	116.963266	87.283572	0.003737	7.7
281	-1.355477	116.541852	87.550999	0.003643	9.2
282	-1.347424	116.115726	87.823089	0.003856	7.6
283	-1.355268	117.115702	87.187238	0.003376	7.3
284	-1.321908	116.698470	87.451419	0.003599	7.7
285	-1.383065	116.416484	87.630874	0.004184	8.2
286	-1.357675	117.416484	86.997778	0.003368	7.9
287	-1.350481	118.416484	86.373765	0.002967	7.5
288	-1.347468	119.416344	85.758725	0.003562	8.1
289	-1.332756	120.416319	85.152313	0.002822	8.2
290	-1.310810	119.990192	85.409676	0.002711	7.4
291	-1.345668	119.564136	85.668557	0.003132	7.6
292	-1.361151	120.564036	85.063459	0.003008	7.6
293	-1.336385	121.410488	84.557864	0.003803	8.4
294	-1.357165	120.984361	84.811641	0.003401	7.7
295	-1.345723	120.558235	85.066945	0.002358	9.1
296	-1.341575	121.550993	84.474519	0.003118	7.7
297	-1.331663	121.145772	84.715335	0.003538	7.7
298	-1.357740	122.145585	84.123632	0.002784	7.7
299	-1.350290	123.145585	83.540031	0.002340	8.0
300	-1.372645	122.721161	83.786734	0.003510	8.1
301	-1.345481	123.720059	83.208414	0.003108	7.1
302	-1.369963	124.720059	82.637398	0.003372	7.9
303	-1.370776	124.299406	82.876640	0.003378	7.8
304	-1.338898	125.299385	82.310166	0.003230	7.7
305	-1.378971	124.873259	82.550611	0.004183	8.9
306	-1.360671	124.447136	82.792463	0.003990	8.1
307	-1.320156	125.447130	82.227126	0.004041	7.3
308	-1.348279	125.021043	82.467063	0.003331	10.1
309	-1.314015	126.020319	81.906547	0.003822	8.3
310	-1.367401	125.594365	82.144539	0.003163	8.1
311	-1.348967	126.585318	81.592985	0.002749	8.9
312	-1.331345	127.583806	81.044677	0.003389	8.0
313	-1.311342	128.583574	80.503001	0.003831	7.7
314	-1.313900	129.583574	79.968394	0.003151	8.1
315	-1.345844	129.157447	80.195334	0.002653	7.7
316	-1.347193	128.967674	80.296815	0.004382	7.7
317	-1.363841	128.953203	80.304564	0.004318	7.6
318	-1.367605	129.953203	79.772581	0.003285	10.2
319	-1.336647	130.952884	79.247766	0.003025	11.8
320	-1.330345	130.543539	79.461828	0.002773	13.4
321	-1.359011	131.450663	78.989008	0.004003	13.2
322	-1.369519	132.450594	78.474291	0.002496	13.3
323	-1.332504	132.024467	78.692818	0.003057	12.5
324	-1.372565	131.598341	78.912566	0.002754	7.9
325	-1.330322	131.177226	79.130938	0.003237	7.6
326	-1.304704	130.751402	79.352984	0.003864	8.3
327	-1.328177	130.330753	79.573559	0.003458	7.7
328	-1.307951	129.904641	79.798252	0.003938	7.8
329	-1.352972	129.478515	80.024225	0.003758	7.8
330	-1.351479	130.370063	79.552894	0.004435	7.6
331	-1.320353	131.370063	79.030791	0.005081	7.8
332	-1.378000	130.951874	79.248293	0.003548	7.6
333	-1.319197	130.525748	79.471158	0.003966	7.6
334	-1.336422	130.955495	79.246404	0.003847	8.2
335	-1.323827	130.529428	79.469228	0.003573	7.6
336	-1.327412	130.504159	79.482482	0.003263	7.8
337	-1.310714	130.092608	79.698979	0.003491	7.8
338	-1.361343	131.092597	79.174968	0.003376	7.7
339	-1.340567	130.666471	79.397421	0.002424	7.8
340	-1.364171	130.240383	79.621106	0.004613	9.4
341	-1.336404	131.206338	79.115803	0.002989	13.3
342	-1.349864	132.105675	78.651079	0.003354	11.7
343	-1.339659	131.851743	78.781742	0.003595	13.9
344	-1.373769	132.851742	78.269680	0.004219	14.0
345	-1.369193	133.840859	77.769696	0.002848	13.0
346	-1.386850	134.840631	77.270777	0.004106	12.4
347	-1.386459	135.370183	77.009097	0.003379	8.0
348	-1.324365	136.314017	76.547067	0.003209	9.7
349	-1.342664	137.313798	76.063658	0.003675	7.9
350	-1.372804	136.887673	76.268947	0.003938	8.1
351	-1.314694	137.887673	75.788929	0.003663	8.2
352	-1.348739	137.461546	75.992737	0.004281	7.9
353	-1.372090	138.461546	75.516179	0.004273	7.8
354	-1.326912	138.035420	75.718520	0.002941	10.6
355	-1.336910	139.035420	75.245384	0.003460	8.0
356	-1.356696	140.035419	74.778124	0.003124	8.7
357	-1.355396	141.035414	74.316634	0.002405	8.0
358	-1.356640	141.579869	74.067759	0.002698	9.4
359	-1.316573	141.153891	74.262335	0.003547	12.4
360	-1.393572	140.729820	74.457058	0.003284	13.7
361	-1.344741	140.303694	74.653756	0.003117	13.1
362	-1.380245	139.877663	74.851452	0.003643	12.6
363	-1.320118	140.867476	74.393738	0.003795	14.0
364	-1.313821	140.441350	74.590101	0.004327	13.2
365	-1.393482	141.417078	74.141998	0.004217	15.3
366	-1.397606	142.417077	73.688300	0.003771	12.3
367	-1.355976	143.382241	73.255642	0.003760	15.2
368	-1.339251	142.956129	73.446029	0.003402	13.1
369	-1.346610	142.530005	73.637413	0.003544	13.5
370	-1.324697	142.238073	73.769105	0.002698	17.3
371	-1.356999	142.760190	73.533907	0.003446	13.1
372	-1.343198	143.676534	73.124727	0.003371	15.4
373	-1.373692	144.676534	72.683357	0.003134	11.8
374	-1.371128	145.669631	72.250275	0.003480	14.0
375	-1.337418	145.243533	72.435459	0.002716	12.0
376	-1.334953	146.156878	72.039671	0.003092	14.1
377	-1.378817	145.780153	72.202396	0.002911	12.9
378	-1.368862	146.751682	71.784238	0.003300	14.0
379	-1.398880	146.326611	71.966596	0.003524	10.1
380	-1.352295	147.326611	71.539055	0.003620	8.0
381	-1.339473	148.291037	71.131507	0.004323	9.2
382	-1.349881	149.291037	70.713802	0.003959	8.1
383	-1.347378	148.865312	70.891028	0.003103	12.6
384	-1.354726	149.865312	70.476134	0.003433	13.4
385	-1.355927	149.439194	70.652333	0.004731	9.8
386	-1.347610	149.013068	70.829418	0.003260	8.1
387	-1.333477	150.012807	70.415350	0.004269	9.1
388	-1.346376	149.586681	70.591247	0.004135	8.1
389	-1.353679	149.172649	70.762997	0.002271	9.6
390	-1.336081	148.781600	70.925981	0.002541	8.2
391	-1.335438	148.659027	70.977223	0.003073	8.7
392	-1.335041	148.802276	70.917345	0.003364	8.1
393	-1.372563	148.376151	71.095763	0.003126	10.5
394	-1.365119	147.950035	71.275076	0.003499	7.9
395	-1.375771	147.523910	71.455301	0.003211	9.2
396	-1.376195	148.519696	71.035560	0.003498	8.0
397	-1.328921	149.477996	70.636251	0.003437	8.4
398	-1.360708	149.057471	70.810924	0.003659	7.8
399	-1.353241	150.056643	70.397304	0.003911	7.7
400	-1.379445	151.029120	69.999350	0.004905	7.6
401	-1.372072	151.567756	69.780861	0.004063	8.2
402	-1.350398	152.567313	69.379000	0.002712	7.7
403	-1.341562	152.141187	69.549752	0.005316	8.1
404	-1.361649	153.090521	69.170490	0.004129	7.7
405	-1.369266	154.090400	68.775482	0.003009	7.7
406	-1.347794	155.090400	68.384913	0.003547	7.7
407	-1.366557	154.664274	68.550801	0.002872	8.7
408	-1.386151	155.661926	68.163678	0.003209	7.8
409	-1.334007	155.236003	68.328414	0.003079	7.9
410	-1.345409	154.812662	68.492943	0.003166	7.7
411	-1.354178	155.801896	68.109714	0.003085	8.3
412	-1.343426	155.378832	68.273083	0.004020	7.9
413	-1.360989	156.378832	67.888183	0.003946	7.9
414	-1.370692	157.378832	67.507599	0.004199	7.8
415	-1.339047	158.378832	67.131258	0.002775	7.7
416	-1.385226	157.952707	67.291112	0.003616	7.7
417	-1.336675	157.546042	67.444377	0.003483	7.7
418	-1.348142	158.391690	67.126446	0.002628	8.2
419	-1.332859	159.383403	66.757398	0.004196	12.7
420	-1.320351	160.302573	66.418950	0.003251	10.3
421	-1.345445	161.040426	66.149739	0.003032	11.7
422	-1.363729	161.983625	65.808766	0.004157	11.9
423	-1.405645	162.948638	65.463527	0.003390	18.2
424	-1.349538	163.948638	65.109572	0.003817	12.8
425	-1.338874	164.034492	65.079361	0.003400	12.9
426	-1.319245	165.029918	64.731129	0.003349	10.1
427	-1.353300	164.604018	64.879665	0.003849	10.0
428	-1.361571	165.604018	64.531979	0.003880	9.0
429	-1.347916	166.358452	64.272129	0.003379	7.7
430	-1.325859	165.932326	64.418642	0.003126	8.2
431	-1.365476	165.584923	64.538583	0.003663	8.3
432	-1.366819	166.584923	64.194534	0.002962	7.5
433	-1.353235	166.158796	64.340693	0.003066	7.2
434	-1.353015	165.732670	64.487519	0.003338	7.4
435	-1.315742	165.628973	64.523350	0.003403	7.3
436	-1.300091	165.202847	64.671012	0.002718	7.2
437	-1.331799	164.776721	64.819352	0.003201	7.2
438	-1.365223	164.793959	64.813338	0.002996	7.3
439	-1.347041	164.616053	64.875459	0.002957	7.3
440	-1.310008	164.189927	65.024739	0.002713	7.2
441	-1.371092	163.771633	65.171945	0.003622	7.2
442	-1.325908	163.354052	65.319566	0.003169	7.3
443	-1.353619	162.935311	65.468270	0.004122	11.3
444	-1.340590	162.509184	65.620294	0.002831	11.4
445	-1.325651	162.083167	65.772986	0.003100	12.8
446	-1.338582	161.657050	65.926426	0.004101	12.4
447	-1.360879	161.230924	66.080588	0.004201	17.4
448	-1.340292	160.804798	66.235472	0.002578	14.1
449	-1.313436	161.477160	65.991418	0.003015	11.5
450	-1.355640	161.143679	66.112240	0.003197	11.8
451	-1.357353	160.719164	66.266685	0.003800	13.4
452	-1.360314	161.650835	65.928670	0.004108	12.7
453	-1.347491	162.649591	65.570125	0.004183	12.5
454	-1.379533	163.649591	65.215019	0.003421	10.2
455	-1.351676	163.223466	65.365867	0.002895	7.8
456	-1.355053	162.797339	65.517415	0.003177	7.3
457	-1.354549	163.783304	65.167828	0.003351	7.2
458	-1.359556	163.357183	65.318456	0.003346	7.9
459	-1.357407	164.329736	64.975685	0.003500	7.2
460	-1.386708	163.903613	65.125426	0.004326	7.3
461	-1.343267	164.791996	64.814022	0.002996	7.2
462	-1.356950	165.791996	64.467037	0.002990	7.3
463	-1.359684	165.436404	64.589996	0.003840	7.2
464	-1.304649	166.433723	64.246318	0.003434	7.2
465	-1.335011	167.416213	63.911308	0.003835	7.2
466	-1.350830	168.403200	63.578264	0.004113	7.6
467	-1.337566	167.977162	63.721597	0.002705	7.2
468	-1.322386	167.551037	63.865608	0.002569	7.2
469	-1.373363	167.134594	64.006977	0.004386	7.2
470	-1.288985	166.896181	64.088193	0.003528	7.2
471	-1.344985	167.870865	63.757460	0.002695	7.1
472	-1.323743	167.445116	63.901505	0.004102	7.2
473	-1.335570	167.019021	64.046321	0.003643	8.5
474	-1.373379	166.592895	64.191805	0.003772	7.2
475	-1.336529	166.237446	64.313666	0.003623	7.3
476	-1.346442	165.811321	64.460368	0.002806	8.1
477	-1.339550	166.811152	64.117207	0.003914	7.1
478	-1.337535	166.385026	64.263014	0.004268	7.2
479	-1.325192	165.958899	64.409486	0.003672	7.2
480	-1.355926	166.958899	64.066807	0.002998	7.2
481	-1.366659	167.958882	63.727762	0.003771	7.3
482	-1.352621	167.998326	63.714462	0.003854	7.2
483	-1.371353	167.572199	63.858441	0.003757	7.4
484	-1.343306	168.572199	63.521585	0.003419	7.9
485	-1.398118	169.572199	63.188265	0.003232	7.1
486	-1.362889	170.570932	62.858840	0.003879	7.2
487	-1.370462	170.771544	62.793084	0.003054	7.3
488	-1.316183	171.771544	62.467345	0.003312	7.3
489	-1.321374	171.345419	62.605736	0.003299	7.4
490	-1.365534	170.919961	62.744524	0.002941	7.2
491	-1.378004	170.493835	62.884148	0.003240	7.2
492	-1.369355	170.070728	63.023398	0.003080	8.0
493	-1.395066	170.693756	62.818565	0.003192	8.0
494	-1.335830	171.692830	62.492863	0.003450	7.7
495	-1.365982	172.692763	62.170245	0.003854	8.0
496	-1.361224	172.266658	62.307315	0.003774	9.3
497	-1.342497	171.840532	62.444998	0.003814	7.7
498	-1.358860	172.840532	62.122852	0.003123	7.8
499	-1.370119	172.418176	62.258506	0.002869	7.8
500	-1.348678	172.886904	62.107994	0.003154	8.5
501	-1.347457	172.641561	62.186684	0.004106	8.7
502	-1.382753	172.215894	62.323686	0.003470	9.2
503	-1.337670	171.789767	62.461441	0.004193	8.4
504	-1.350877	172.737340	62.155941	0.003293	8.8
505	-1.368206	173.737340	61.836762	0.003328	10.1
506	-1.330881	174.497079	61.596453	0.003029	7.8
507	-1.358207	174.070952	61.731008	0.003358	9.6
508	-1.320549	175.069511	61.416620	0.003361	9.1
509	-1.340430	174.643385	61.550390	0.003734	9.1
510	-1.372571	174.597237	61.564911	0.003972	7.9
511	-1.351562	174.171111	61.699329	0.004562	9.1
512	-1.392518	175.171111	61.384811	0.004173	8.2
513	-1.332228	176.171107	61.073485	0.003861	12.5
514	-1.382576	177.169130	60.765905	0.002936	12.4
515	-1.418291	178.169093	60.460820	0.003256	13.5
516	-1.366984	179.169093	60.158771	0.005060	15.6
517	-1.352467	180.169093	59.859725	0.003250	14.3
518	-1.324843	179.743590	59.986606	0.003030	11.2
519	-1.334175	179.317505	60.114200	0.004400	11.5
520	-1.336525	180.317419	59.815622	0.003780	8.4
521	-1.334987	179.891293	59.942501	0.003452	9.2
522	-1.339990	179.465423	60.069843	0.003450	8.4
523	-1.379553	180.454603	59.774889	0.003639	8.1
524	-1.340489	180.028476	59.901596	0.004696	8.7
525	-1.375987	179.602350	60.028841	0.003876	8.4
526	-1.363104	180.602350	59.731083	0.004149	9.7
527	-1.378163	180.176223	59.857604	0.003107	7.6
528	-1.372639	179.750123	59.984654	0.003552	9.1
529	-1.378757	180.749875	59.687406	0.003080	7.6
530	-1.367766	180.323750	59.813741	0.003837	9.1
531	-1.338298	181.323748	59.518108	0.004427	7.5
532	-1.334234	182.323707	59.225394	0.004042	8.7
533	-1.354579	183.302829	58.941556	0.003112	8.8
534	-1.363335	184.246643	58.670517	0.004393	9.7
535	-1.370065	183.820532	58.792575	0.003298	7.6
536	-1.353212	183.394420	58.915143	0.003493	8.3
537	-1.375860	182.968294	59.038228	0.002841	8.8
538	-1.401902	183.968294	58.750192	0.003500	7.7
539	-1.352936	184.968247	58.464966	0.003651	7.5
540	-1.372381	184.630498	58.560995	0.004098	7.6
541	-1.361316	185.628506	58.278148	0.003843	9.5
542	-1.327133	186.628505	57.997463	0.003021	8.5
543	-1.423272	186.202384	58.116738	0.003482	7.2
544	-1.324612	185.937473	58.191136	0.003495	8.7
545	-1.387371	186.937473	57.911287	0.002754	7.2
546	-1.335994	186.522422	58.027111	0.004206	9.6
547	-1.374320	187.522422	57.748833	0.004156	7.6
548	-1.361158	188.484458	57.483628	0.003431	7.7
549	-1.354704	189.380900	57.238687	0.003743	7.4
550	-1.401229	190.380882	56.967908	0.003065	7.2
551	-1.334265	191.370848	56.702352	0.003240	7.7
552	-1.405678	191.287090	56.724724	0.004412	10.3
553	-1.383899	192.286914	56.458816	0.003548	8.1
554	-1.373969	191.860788	56.571841	0.004603	9.3
555	-1.359561	192.860772	56.307319	0.003488	8.1
556	-1.358756	192.463551	56.412097	0.003304	9.6
557	-1.371535	193.462797	56.149256	0.003469	7.9
558	-1.343368	193.110379	56.241676	0.003036	8.7
559	-1.319934	192.684256	56.353832	0.004684	8.1
560	-1.334319	192.259970	56.465949	0.003583	8.8
561	-1.350365	191.835307	56.578614	0.002859	8.1
562	-1.372591	191.409187	56.692118	0.003828	9.2
563	-1.329162	191.476267	56.674220	0.002751	8.2
564	-1.374069	192.468538	56.410779	0.003148	7.5
565	-1.340827	193.193577	56.219831	0.003353	7.5
566	-1.334728	194.193577	55.958578	0.003508	8.1
567	-1.354126	195.193567	55.699745	0.003088	7.2
568	-1.390055	196.192136	55.443658	0.003230	7.1
569	-1.365382	195.766010	55.552651	0.003000	7.3
570	-1.388099	196.765993	55.297553	0.004308	7.2
571	-1.346949	196.339923	55.405958	0.003829	11.2
572	-1.391398	197.339923	55.152198	0.003065	11.7
573	-1.351421	198.329444	54.903374	0.003878	13.1
574	-1.343061	199.329394	54.654199	0.003300	12.7
575	-1.384205	200.329002	54.407360	0.004408	13.0
576	-1.321705	199.937338	54.503810	0.003628	9.4
577	-1.372553	199.511211	54.609135	0.003142	7.2
578	-1.340745	199.085087	54.714868	0.003031	7.3
579	-1.369608	198.829866	54.778392	0.003748	7.3
580	-1.337353	198.434375	54.877120	0.002569	7.2
581	-1.342479	199.434327	54.628182	0.003364	7.1
582	-1.366372	200.433988	54.381564	0.003683	7.4
583	-1.348697	200.792639	54.293626	0.002378	7.3
584	-1.340422	201.487930	54.123955	0.002938	7.2
585	-1.327381	202.469880	53.886128	0.003876	7.2
586	-1.369541	202.067884	53.983238	0.003296	7.2
587	-1.356483	201.641758	54.086559	0.003609	7.3
588	-1.330408	201.215631	54.190277	0.003334	7.1
589	-1.319781	200.790101	54.294247	0.003710	7.2
590	-1.360465	200.363974	54.398764	0.003258	7.1
591	-1.340849	199.937848	54.503684	0.002751	7.3
592	-1.365543	200.937848	54.258103	0.003001	7.2
593	-1.350572	200.533933	54.357030	0.002946	7.9
594	-1.354298	200.107806	54.461789	0.003209	7.2
595	-1.346437	199.681692	54.566949	0.004787	7.3
596	-1.324027	200.681692	54.320799	0.003306	7.2
597	-1.384277	201.681692	54.076860	0.003413	7.2
598	-1.368927	202.677117	53.836203	0.002620	7.9
599	-1.353594	202.787002	53.809768	0.004136	7.2
600	-1.383101	202.363720	53.911739	0.003134	7.3
601	-1.350252	203.336622	53.677935	0.003008	7.2
602	-1.370484	203.281223	53.691194	0.003699	7.2
603	-1.317202	204.192439	53.473938	0.004456	7.2
604	-1.382163	205.157569	53.245738	0.004018	7.4
605	-1.368921	206.157569	53.011338	0.003273	7.2
606	-1.351173	207.157569	52.778992	0.003672	7.2
607	-1.354684	207.375235	52.728688	0.003026	7.2
608	-1.371219	208.373066	52.499305	0.003066	8.1
609	-1.318845	209.373064	52.271418	0.003293	7.3
610	-1.378196	208.948754	52.367871	0.004508	7.3
611	-1.293420	209.948754	52.141120	0.002925	7.3
612	-1.350995	210.948623	51.916353	0.003583	7.5
613	-1.331993	211.948623	51.693487	0.002879	7.2
614	-1.354648	211.638566	51.762383	0.004206	7.1
615	-1.315383	212.638566	51.540834	0.003503	7.2
616	-1.378198	212.212440	51.635010	0.003565	7.3
617	-1.347048	212.679832	51.531733	0.003075	7.2
618	-1.370950	212.253719	51.625872	0.003199	7.1
619	-1.373034	211.828181	51.720228	0.003679	7.3
620	-1.378414	212.827733	51.499138	0.003964	7.3
621	-1.324823	212.401652	51.593151	0.003388	7.2
622	-1.347303	213.401652	51.373045	0.004281	7.3
623	-1.349576	212.994910	51.462344	0.003817	7.9
624	-1.380218	213.994909	51.243351	0.004344	7.2
625	-1.368669	213.568790	51.336440	0.003909	7.3
626	-1.377317	213.142663	51.429869	0.003170	7.7
627	-1.371290	212.716537	51.523640	0.003259	8.0
628	-1.362425	212.290524	51.617727	0.002686	7.4
629	-1.359480	211.866162	51.711792	0.004761	7.3
630	-1.353687	212.864852	51.490964	0.004048	7.2
631	-1.360309	212.438726	51.584957	0.003521	7.2
632	-1.372813	213.438726	51.364921	0.003074	7.2
633	-1.344888	213.932904	51.256876	0.003019	7.3
634	-1.350194	214.932894	51.039626	0.002876	7.2
635	-1.389929	214.858067	51.055818	0.004249	7.3
636	-1.374776	214.431940	51.148228	0.003529	7.2
637	-1.366112	215.431940	50.931894	0.003409	7.3
638	-1.367982	216.431940	50.717383	0.003685	7.7
639	-1.394843	216.005814	50.808571	0.004593	11.4
640	-1.401980	215.580612	50.899888	0.003351	11.9
641	-1.362588	215.154486	50.991733	0.003577	12.7
642	-1.315149	216.154485	50.776719	0.003181	12.4
643	-1.365302	217.154463	50.563514	0.004709	9.6
644	-1.357349	216.728336	50.654149	0.003699	10.9
645	-1.361691	217.728092	50.442018	0.002891	8.1
646	-1.311732	218.611330	50.256082	0.003955	7.4
647	-1.350734	219.599285	50.049719	0.003050	7.3
648	-1.365146	219.173159	50.138519	0.002781	7.9
649	-1.341533	218.762583	50.224378	0.003546	7.1
650	-1.329826	219.762582	50.015773	0.003419	7.1
651	-1.376893	220.762578	49.808894	0.003605	7.1
652	-1.353409	221.762578	49.603719	0.003016	7.5
653	-1.353740	222.762535	49.400235	0.004020	7.2
654	-1.387124	222.336409	49.486744	0.003823	7.4
655	-1.386851	223.302542	49.291041	0.002983	7.2
656	-1.374769	224.302541	49.090101	0.003828	7.4
657	-1.390534	223.880268	49.174753	0.002413	7.2
658	-1.361082	224.880268	48.974758	0.002732	8.3
659	-1.374796	225.469433	48.857688	0.004106	7.3
660	-1.380726	226.469349	48.660275	0.004480	7.4
661	-1.334039	226.043244	48.744205	0.002856	7.1
662	-1.341225	227.020700	48.552103	0.002444	7.2
663	-1.353552	227.945331	48.371771	0.003550	7.1
664	-1.354452	227.519476	48.454660	0.002922	7.3
665	-1.335053	228.519286	48.260504	0.002761	7.3
666	-1.384990	228.093169	48.343062	0.002483	7.7
667	-1.412566	227.714785	48.416609	0.003115	7.2
668	-1.374379	228.714505	48.222776	0.002576	7.3
669	-1.366786	229.714119	48.030508	0.003078	7.9
670	-1.350178	229.444426	48.082230	0.003448	7.1
671	-1.358386	230.444426	47.891006	0.002647	7.1
672	-1.324077	230.051526	47.965957	0.003367	7.1
673	-1.372424	230.822722	47.819063	0.004016	7.3
674	-1.321309	230.396595	47.900118	0.002870	7.2
675	-1.375098	229.971348	47.981280	0.003771	7.1
676	-1.385705	230.462278	47.887606	0.003798	7.1
677	-1.376154	230.036817	47.968767	0.003057	7.1
678	-1.325043	229.610725	48.050324	0.003816	7.1
679	-1.340275	230.583417	47.864548	0.003259	7.3
680	-1.391614	230.157612	47.945696	0.003779	7.2
681	-1.353354	231.157612	47.755554	0.003318	7.2
682	-1.370576	232.157433	47.566949	0.003348	7.2
683	-1.376142	233.151233	47.380949	0.002884	7.1
684	-1.412500	234.151233	47.195251	0.003217	7.1
685	-1.343564	235.151217	47.011007	0.003295	7.1
686	-1.362401	236.125191	46.832932	0.003749	7.2
687	-1.336771	235.699065	46.910676	0.002902	7.4
688	-1.394966	236.680945	46.731925	0.004272	7.2
689	-1.334340	236.257811	46.808789	0.002822	7.2
690	-1.337057	237.257811	46.627541	0.003317	7.2
691	-1.377067	238.256559	46.447915	0.002706	7.2
692	-1.365320	239.256559	46.269445	0.004284	7.9
693	-1.372578	238.831749	46.345093	0.002479	7.8
694	-1.384061	239.830471	46.167637	0.004106	7.6
695	-1.362648	239.404345	46.243186	0.003423	8.9
696	-1.379766	238.978318	46.318965	0.003599	7.6
697	-1.383763	238.552191	46.395010	0.005017	7.6
698	-1.343987	239.552191	46.216946	0.003012	9.1
699	-1.301256	240.552002	46.040277	0.003152	9.3
700	-1.364612	240.127615	46.115102	0.002564	8.0
701	-1.349001	239.796157	46.173712	0.004523	9.2
702	-1.348433	239.375385	46.248329	0.003335	8.6
703	-1.361699	240.373301	46.071755	0.003506	9.6
704	-1.313740	239.947175	46.146990	0.003841	8.0
705	-1.387612	239.789169	46.174949	0.003017	10.7
706	-1.338077	240.629906	46.026568	0.002891	13.0
707	-1.333476	240.203779	46.101655	0.003369	12.0
708	-1.394174	239.777883	46.176947	0.004257	22.7
709	-1.374375	240.777883	46.000550	0.003775	14.2
710	-1.357273	241.504458	45.873227	0.003181	14.1
711	-1.370447	242.315207	45.731983	0.002912	15.4
712	-1.332786	241.889425	45.806052	0.002795	14.9
713	-1.347720	242.889425	45.632471	0.002718	9.5
714	-1.317055	243.878570	45.462064	0.003023	7.5
715	-1.382767	244.861664	45.293956	0.003536	7.6
716	-1.383363	244.435538	45.366671	0.003920	9.0
717	-1.375873	244.009412	45.439619	0.004520	7.6
718	-1.359506	245.009412	45.268799	0.003870	7.6
719	-1.331400	246.009412	45.099259	0.003184	7.6
720	-1.356025	247.009412	44.930984	0.004004	7.1
721	-1.309614	248.009412	44.763960	0.003125	7.1
722	-1.374786	247.583320	44.834976	0.003224	7.3
723	-1.391358	247.168746	44.904288	0.004089	7.2
724	-1.348717	247.882712	44.785053	0.003307	7.4
725	-1.357391	247.456586	44.856141	0.003575	7.3
726	-1.335667	248.449350	44.690873	0.003852	7.2
727	-1.328717	248.023287	44.761652	0.003106	7.1
728	-1.353656	249.023286	44.595882	0.002883	7.7
729	-1.324479	248.598561	44.666138	0.003586	8.8
730	-1.359230	248.172443	44.736848	0.003948	7.2
731	-1.384732	247.746316	44.807783	0.004101	7.5
732	-1.374082	248.746316	44.641672	0.003058	7.2
733	-1.400447	248.864910	44.622054	0.004021	7.3
734	-1.387204	249.864910	44.457315	0.003348	7.6
735	-1.340467	250.850253	44.296176	0.003080	7.2
736	-1.347406	250.528442	44.348675	0.003078	7.3
737	-1.345398	251.528442	44.185944	0.003550	7.3
738	-1.347522	251.102365	44.255134	0.003015	7.3
739	-1.332176	251.192464	44.240485	0.003407	7.2
740	-1.304584	252.192279	44.078576	0.003455	8.8
741	-1.334560	251.766152	44.147437	0.002207	9.3
742	-1.370333	251.385482	44.209135	0.003297	11.8
743	-1.348137	252.380923	44.048160	0.004057	8.8
744	-1.359219	251.955154	44.116868	0.003653	8.3
745	-1.358018	251.529027	44.185850	0.003296	7.5
746	-1.372504	251.102901	44.255047	0.003688	7.6
747	-1.383137	250.801294	44.304155	0.003674	7.7
748	-1.383935	251.506396	44.189519	0.003082	8.2
749	-1.321690	251.080270	44.258728	0.002859	8.3
750	-1.351553	252.079909	44.096714	0.003175	8.6
751	-1.342199	253.075414	43.936544	0.003308	8.5
752	-1.337112	254.075111	43.776867	0.003226	8.9
753	-1.327138	253.648984	43.844788	0.003786	7.4
754	-1.343047	254.638080	43.687456	0.002988	7.2
755	-1.303863	254.212113	43.755075	0.004178	7.4
756	-1.335574	255.212113	43.596664	0.004042	7.5
757	-1.375881	254.785986	43.664026	0.003218	7.6
758	-1.372094	254.360507	43.731495	0.003866	7.5
759	-1.348975	255.360505	43.573254	0.003945	7.5
760	-1.366740	255.288395	43.584627	0.004253	8.4
761	-1.354150	254.862611	43.651898	0.003437	9.7
762	-1.345151	254.436484	43.719432	0.004229	10.2
763	-1.358382	255.410496	43.565374	0.003385	12.0
764	-1.368232	255.652234	43.527307	0.004339	15.1
765	-1.374811	255.226108	43.594455	0.003531	14.9
766	-1.348335	256.226108	43.437203	0.003584	13.1
767	-1.346921	255.799981	43.504073	0.003687	13.9
768	-1.353617	255.373856	43.571149	0.004606	14.9
769	-1.396174	256.373856	43.414065	0.005202	9.4
770	-1.381253	257.373208	43.258210	0.004008	7.6
771	-1.340180	256.947082	43.324530	0.004186	7.3
772	-1.352867	256.520955	43.391053	0.003409	8.7
773	-1.352650	257.335762	43.264029	0.003172	7.4
774	-1.371206	258.299859	43.114689	0.003510	8.4
775	-1.369548	257.899427	43.176591	0.002471	7.5
776	-1.364930	258.899416	43.022336	0.003739	7.3
777	-1.373082	258.473472	43.087906	0.003175	7.1
778	-1.347426	258.047375	43.153700	0.003953	8.5
779	-1.394583	259.047375	42.999605	0.002765	8.7
780	-1.366016	258.621248	43.065134	0.003366	9.0
781	-1.389903	259.621222	42.911675	0.003985	8.3
782	-1.329391	260.621222	42.759301	0.002551	8.6
783	-1.342328	261.621221	42.608006	0.003958	8.5
784	-1.336509	261.747550	42.588969	0.002744	8.8
785	-1.374921	261.321568	42.653229	0.003043	8.5
786	-1.366907	261.494033	42.627189	0.003302	8.6
787	-1.334137	261.352539	42.648551	0.003132	10.0
788	-1.380527	262.352483	42.498045	0.002984	12.6
789	-1.335539	263.352476	42.348591	0.003591	9.4
790	-1.385391	262.934457	42.410938	0.004394	9.2
791	-1.345693	262.508331	42.474683	0.002956	9.7
792	-1.338827	263.507995	42.325442	0.002834	10.1
793	-1.368715	264.401483	42.192936	0.002861	9.1
794	-1.370194	265.401482	42.045616	0.003403	86.5
795	-1.367991	266.401482	41.899320	0.003171	56.1
796	-1.362654	267.401478	41.754039	0.002565	31.1
797	-1.369632	266.984885	41.814440	0.002715	14.7
798	-1.376975	266.563150	41.875764	0.003156	14.4
799	-1.368286	266.137418	41.937852	0.003966	14.4
800	-1.366131	265.711727	42.000119	0.003141	9.7
801	-1.366698	265.285600	42.062635	0.004097	14.9
802	-1.339657	264.859474	42.125337	0.003229	13.8
803	-1.338775	265.859474	41.978487	0.002866	11.8
804	-1.344738	265.433347	42.040938	0.003702	9.7
805	-1.369803	265.030240	42.100187	0.003492	7.3
806	-1.380870	266.030240	41.953512	0.004183	7.9
807	-1.352932	267.030200	41.807861	0.003157	7.2
808	-1.366850	268.030200	41.663212	0.003406	7.2
809	-1.387147	268.252021	41.631262	0.003282	10.1
810	-1.353015	268.036573	41.662294	0.003653	10.0
811	-1.400626	267.610468	41.723804	0.003284	8.9
812	-1.403783	267.219979	41.780333	0.003757	9.6
813	-1.392657	268.219978	41.635874	0.003126	9.6
814	-1.339299	267.813690	41.694445	0.003457	8.9
815	-1.333133	268.485813	41.597640	0.003309	10.0
816	-1.383983	268.224004	41.635295	0.004354	10.1
817	-1.340105	268.648002	41.574347	0.002983	11.0
818	-1.362196	268.242867	41.632579	0.003244	11.6
819	-1.340303	267.816741	41.694005	0.003758	11.2
820	-1.347075	268.812663	41.550726	0.003260	15.6
821	-1.362137	268.757739	41.558602	0.003185	20.1
822	-1.343326	268.331803	41.619782	0.003599	15.5
823	-1.373111	268.378919	41.613006	0.003549	12.3
824	-1.377266	269.378919	41.469700	0.003551	13.7
825	-1.382235	270.328372	41.334548	0.003239	11.7
826	-1.364688	269.902252	41.395096	0.003498	7.9
827	-1.343870	269.481800	41.455012	0.002995	12.5
828	-1.341387	270.481800	41.312791	0.003251	13.1
829	-1.345234	270.059548	41.372725	0.004973	8.0
830	-1.360442	270.214759	41.350674	0.003213	11.0
831	-1.381329	271.213449	41.209351	0.003570	9.1
832	-1.336372	270.810072	41.266316	0.003560	9.4
833	-1.386836	271.809445	41.125472	0.003455	9.7
834	-1.394071	271.383330	41.185407	0.003546	7.7
835	-1.374674	270.957204	41.245520	0.003564	9.0
836	-1.346616	271.956452	41.104835	0.003844	8.8
837	-1.373283	272.872407	40.976718	0.003181	8.1
838	-1.342124	273.872401	40.837754	0.004444	7.6
839	-1.335726	274.872401	40.699729	0.003770	8.9
840	-1.341719	275.872401	40.562634	0.003599	7.3
841	-1.333182	276.706562	40.448979	0.003878	8.4
842	-1.360849	276.280435	40.506960	0.003630	7.5
843	-1.345790	277.277013	40.371621	0.003280	8.3
844	-1.330366	276.850887	40.429380	0.003960	7.5
845	-1.377285	276.424760	40.487304	0.003318	8.5
846	-1.346634	275.998634	40.545394	0.002700	7.4
847	-1.356170	276.938452	40.417497	0.003934	8.5
848	-1.392652	276.512325	40.475387	0.003526	7.6
849	-1.383428	277.511064	40.339967	0.003093	8.3
850	-1.369317	277.084938	40.397635	0.003823	7.6
851	-1.374673	276.658811	40.455468	0.003161	7.4
852	-1.362801	277.658706	40.320025	0.003657	8.1
853	-1.393900	278.658706	40.185472	0.003800	7.4
854	-1.373203	279.658706	40.051814	0.004099	7.3
855	-1.308379	279.232582	40.108660	0.003237	7.5
856	-1.384529	280.232582	39.975512	0.003274	7.6
857	-1.361040	281.225552	39.844171	0.004415	7.7
858	-1.338015	282.225552	39.712770	0.004017	7.6
859	-1.345996	283.225552	39.582233	0.003010	7.5
860	-1.385425	282.799427	39.637753	0.003923	7.4
861	-1.348926	283.799427	39.507708	0.003227	8.1
862	-1.388398	283.865261	39.499176	0.002895	7.8
863	-1.372531	284.862145	39.370438	0.003671	8.7
864	-1.346118	284.436191	39.425343	0.003733	7.9
865	-1.380052	285.436191	39.296685	0.003315	7.7
866	-1.387935	285.010065	39.351407	0.003295	7.8
867	-1.347819	286.010064	39.223231	0.004070	7.8
868	-1.345450	287.010051	39.095888	0.002737	7.8
869	-1.338128	287.636270	39.016563	0.002852	7.8
870	-1.360637	287.210979	39.070401	0.003130	7.6
871	-1.334333	286.784860	39.124493	0.003413	8.2
872	-1.367976	287.779798	38.998428	0.002692	7.4
873	-1.352478	288.779798	38.872537	0.002772	8.1
874	-1.347028	289.779488	38.747495	0.003835	7.5
875	-1.367011	289.353372	38.800695	0.003232	7.8
876	-1.404103	290.353372	38.676076	0.003326	7.2
877	-1.367253	291.036459	38.591409	0.003826	7.3
878	-1.370098	292.030242	38.468892	0.003367	7.1
879	-1.336047	293.030242	38.346392	0.002931	7.2
880	-1.355686	292.604134	38.398494	0.005145	7.2
881	-1.353009	293.604134	38.276441	0.003904	7.6
882	-1.351644	293.178008	38.328356	0.003406	7.2
883	-1.371964	293.318758	38.311193	0.003126	7.9
884	-1.342921	292.892632	38.363203	0.003070	7.2
885	-1.345703	293.892452	38.241395	0.003221	8.0
886	-1.354889	293.584674	38.278809	0.004320	7.1
887	-1.352429	294.584674	38.157514	0.003998	7.4
888	-1.385416	295.584674	38.036985	0.003074	7.4
889	-1.354073	296.584674	37.917216	0.003777	7.3
890	-1.392548	296.158547	37.968160	0.003817	7.2
891	-1.384072	295.743397	38.017925	0.003900	7.2
892	-1.337976	295.317302	38.069137	0.002911	7.1
893	-1.341285	296.314214	37.949534	0.003087	7.5
894	-1.376251	297.313389	37.830412	0.002896	7.2
895	-1.386915	298.296530	37.713929	0.004346	7.3
896	-1.344257	297.870408	37.764328	0.003139	7.8
897	-1.300033	297.444282	37.814862	0.002914	7.4
898	-1.367432	298.444282	37.696485	0.003580	7.7
899	-1.380346	298.401653	37.701516	0.003283	7.7
900	-1.348416	298.813526	37.652962	0.003734	7.9
901	-1.339362	299.813470	37.535602	0.003288	7.9
902	-1.334751	299.387363	37.585523	0.003411	7.8
903	-1.294489	298.961237	37.635580	0.004588	8.1
904	-1.326223	298.535110	37.685770	0.003192	7.9
905	-1.361573	299.535101	37.568199	0.003752	7.9
906	-1.380810	300.531347	37.451797	0.003384	8.0
907	-1.385592	301.531344	37.335679	0.003479	7.8
908	-1.383379	302.531341	37.220278	0.003127	7.8
909	-1.366969	303.531341	37.105589	0.003313	7.8
910	-1.384624	304.523384	36.992509	0.004367	7.8
911	-1.365243	304.097258	37.040997	0.003265	8.3
912	-1.354298	305.097249	36.927409	0.003234	8.1
913	-1.395874	304.674308	36.975366	0.004177	8.0
914	-1.347050	305.674308	36.862178	0.003315	9.0
915	-1.378975	306.674308	36.749682	0.003502	8.4
916	-1.349954	307.674302	36.637871	0.003308	11.0
917	-1.382475	307.251098	36.685107	0.003111	10.2
918	-1.415036	306.833006	36.731892	0.003667	12.0
919	-1.353616	307.832360	36.620260	0.002732	11.0
920	-1.370983	308.832359	36.509233	0.002749	12.3
921	-1.390917	308.406234	36.556462	0.003782	11.3
922	-1.375475	307.988305	36.602902	0.003550	10.9
923	-1.369027	308.988305	36.491980	0.002970	16.1
924	-1.326978	308.681657	36.525922	0.003237	13.9
925	-1.378465	309.001800	36.490488	0.002765	13.9
926	-1.375771	308.575871	36.537646	0.003909	11.6
927	-1.334881	309.575487	36.427161	0.003011	7.6
928	-1.402721	309.247888	36.463296	0.003299	7.7
929	-1.374514	308.821763	36.510406	0.004320	7.6
930	-1.342772	309.805714	36.401810	0.004251	7.1
931	-1.380837	309.549604	36.430014	0.003791	7.2
932	-1.337896	309.123478	36.477038	0.003221	7.2
933	-1.385512	310.090780	36.370468	0.003074	7.7
934	-1.372767	311.090671	36.260960	0.002850	7.4
935	-1.369423	310.998932	36.270980	0.002502	7.2
936	-1.358156	311.203462	36.248649	0.003217	8.4
937	-1.323659	312.003173	36.161597	0.003757	8.8
938	-1.351014	313.003162	36.053331	0.004370	9.0
939	-1.369980	312.577036	36.099387	0.003769	8.4
940	-1.394204	312.150910	36.145561	0.003200	8.2
941	-1.364965	311.724783	36.191853	0.003671	8.6
942	-1.364552	312.724750	36.083409	0.003936	9.5
943	-1.375855	312.459821	36.112077	0.004020	10.7
944	-1.358821	313.459821	36.004105	0.003183	9.8
945	-1.362137	313.395477	36.011033	0.003471	10.2
946	-1.370061	314.395457	35.903666	0.004804	10.0
947	-1.367234	315.393609	35.797133	0.002825	10.9
948	-1.386681	316.393609	35.691033	0.003840	9.2
949	-1.375911	315.967931	35.736120	0.003696	10.2
950	-1.358967	315.541806	35.781369	0.002957	11.3
951	-1.354844	315.117291	35.826561	0.003233	11.1
952	-1.365385	314.691165	35.872039	0.003110	11.0
953	-1.364284	315.354731	35.801270	0.002661	10.6
954	-1.357681	314.928605	35.846684	0.003141	9.7
955	-1.359923	314.502629	35.892197	0.003288	9.4
956	-1.362082	315.484352	35.787479	0.003999	10.0
957	-1.392198	316.484339	35.681438	0.002754	15.6
958	-1.364641	316.959748	35.631245	0.003566	19.4
959	-1.358328	316.533947	35.676194	0.003549	14.1
960	-1.333748	316.109159	35.721149	0.003889	13.4
961	-1.354360	316.848340	35.642995	0.002826	10.8
962	-1.350506	317.848340	35.537806	0.003211	11.0
963	-1.321499	317.438176	35.580875	0.003483	11.0
964	-1.349281	317.116395	35.614737	0.003677	8.5
965	-1.385935	316.690285	35.659677	0.003968	8.3
966	-1.379894	316.264158	35.704733	0.003619	8.6
967	-1.369997	316.668275	35.662002	0.003107	13.0
968	-1.355875	317.668237	35.556705	0.003631	9.9
969	-1.391782	318.668234	35.452025	0.003674	8.3
970	-1.377463	319.668234	35.347958	0.003277	9.0
971	-1.382088	319.242117	35.392228	0.002970	8.3
972	-1.365102	318.815991	35.436610	0.003929	12.9
973	-1.378707	319.815988	35.332634	0.003287	10.2
974	-1.393612	320.815987	35.229267	0.003892	8.2
975	-1.382039	320.389860	35.273240	0.004619	9.1
976	-1.383294	321.389860	35.170220	0.003236	8.3
977	-1.371300	322.389860	35.067799	0.003981	9.3
978	-1.393479	323.387489	34.966214	0.003712	9.3
979	-1.370751	323.490632	34.955745	0.003349	8.8
980	-1.341590	324.490621	34.854569	0.002632	8.7
981	-1.348495	324.073925	34.896658	0.003608	15.0
982	-1.336167	325.073896	34.795825	0.003585	11.3
983	-1.353534	324.647769	34.838722	0.002966	12.7
984	-1.341924	325.647764	34.738221	0.002842	8.6
985	-1.378707	325.241263	34.779005	0.004376	11.4
986	-1.341157	324.815144	34.821860	0.003636	13.5
987	-1.353208	325.815144	34.721456	0.003393	9.9
988	-1.347720	325.589612	34.744049	0.003115	8.2
989	-1.335827	325.163486	34.786819	0.003921	9.1
990	-1.346433	326.163472	34.686618	0.003144	8.1
991	-1.387207	325.737346	34.729246	0.004085	9.2
992	-1.346246	325.314717	34.771628	0.003229	8.8
993	-1.382128	324.888591	34.814466	0.004366	9.3
994	-1.333240	324.462466	34.857409	0.003107	8.1
995	-1.370865	325.447261	34.758325	0.002541	9.0
996	-1.337984	326.446698	34.658342	0.003353	8.1
997	-1.351465	326.762092	34.626910	0.003265	9.1
998	-1.388969	327.720924	34.531701	0.003780	8.2
999	-1.394241	328.664349	34.438531	0.003574	10.1
