1:ItNr	2:Metric	3a:Time	3b:StepSize	4:||Gradient||	Time[ms]
0	-0.763596	0.000000	120.290417	0.009862	163.8
1	-0.762521	0.000000	120.290417	0.010566	18.3
2	-0.775315	0.000000	120.290417	0.010513	17.1
3	-0.759344	0.000000	120.290417	0.010368	17.1
4	-0.775637	0.000000	120.290417	0.010910	19.5
5	-0.791594	0.000000	120.290417	0.010384	17.3
6	-0.810530	0.000000	120.290417	0.010912	17.9
7	-0.829141	0.000000	120.290417	0.011028	17.6
8	-0.844471	0.000000	120.290417	0.011212	17.1
9	-0.832706	0.000000	120.290417	0.011362	19.4
10	-0.870230	0.000000	120.290417	0.011216	16.6
11	-0.857368	0.000000	120.290417	0.011831	16.8
12	-0.888542	0.000000	120.290417	0.011537	19.8
13	-0.918907	0.000000	120.290417	0.010951	16.9
14	-0.919751	0.000000	120.290417	0.011599	17.6
15	-0.938497	0.000000	120.290417	0.011615	19.0
16	-0.965456	0.000000	120.290417	0.011468	17.2
17	-1.006694	0.000000	120.290417	0.010853	16.9
18	-0.969604	0.000000	120.290417	0.010388	18.0
19	-1.017780	0.000000	120.290417	0.010878	17.7
20	-0.998742	0.000000	120.290417	0.011037	17.0
21	-1.058205	0.000000	120.290417	0.010399	17.0
22	-1.056078	0.000000	120.290417	0.010044	20.0
23	-1.054861	0.000000	120.290417	0.010388	16.9
24	-1.045405	0.000000	120.290417	0.009524	17.0
25	-1.104458	0.000000	120.290417	0.009335	19.5
26	-1.090820	0.000000	120.290417	0.009289	16.9
27	-1.112477	0.000000	120.290417	0.009137	19.0
28	-1.116560	0.000000	120.290417	0.008494	17.2
29	-1.130195	0.000000	120.290417	0.008925	17.0
30	-1.119543	0.000000	120.290417	0.008746	17.8
31	-1.183611	0.000000	120.290417	0.008031	17.2
32	-1.156050	0.000000	120.290417	0.008049	17.5
33	-1.154151	0.000000	120.290417	0.006845	17.1
34	-1.162828	0.000000	120.290417	0.007417	19.3
35	-1.170025	0.000000	120.290417	0.006798	19.3
36	-1.178960	0.000000	120.290417	0.007346	20.4
37	-1.163337	0.000000	120.290417	0.006218	16.9
38	-1.173306	0.000000	120.290417	0.006958	17.1
39	-1.177042	0.000000	120.290417	0.007050	21.8
40	-1.159455	0.000000	120.290417	0.005645	17.0
41	-1.189467	0.000000	120.290417	0.006528	17.2
42	-1.203250	0.000000	120.290417	0.005912	19.5
43	-1.199501	0.000000	120.290417	0.004535	16.9
44	-1.215628	0.000000	120.290417	0.004838	17.2
45	-1.210493	0.000000	120.290417	0.004571	17.5
46	-1.226443	0.000000	120.290417	0.004582	18.4
47	-1.250509	0.000000	120.290417	0.004496	17.0
48	-1.243238	0.000000	120.290417	0.004517	16.9
49	-1.209553	0.000000	120.290417	0.004878	18.9
50	-1.206018	0.000000	120.290417	0.004123	17.2
51	-1.215711	0.000000	120.290417	0.003873	17.1
52	-1.215539	0.000000	120.290417	0.004327	18.9
53	-1.245961	0.000000	120.290417	0.004252	17.1
54	-1.238333	0.000000	120.290417	0.004344	17.7
55	-1.233803	0.000000	120.290417	0.003702	18.5
56	-1.242602	0.000000	120.290417	0.003827	17.0
57	-1.248537	0.000000	120.290417	0.004022	17.5
58	-1.255380	0.000000	120.290417	0.004306	17.7
59	-1.230647	0.000000	120.290417	0.004741	17.6
60	-1.254233	0.000000	120.290417	0.003998	18.2
61	-1.241527	0.000000	120.290417	0.004483	17.3
62	-1.253227	0.000000	120.290417	0.003766	16.7
63	-1.242792	0.000000	120.290417	0.003881	18.5
64	-1.239488	0.000000	120.290417	0.003517	17.5
65	-1.250634	0.000000	120.290417	0.003624	18.2
66	-1.227204	0.000000	120.290417	0.003698	20.5
67	-1.260727	0.000000	120.290417	0.003437	22.4
68	-1.259416	0.000000	120.290417	0.003467	29.6
69	-1.255860	0.000000	120.290417	0.003307	21.1
70	-1.264165	0.000000	120.290417	0.004038	17.3
71	-1.273627	0.000000	120.290417	0.003769	23.5
72	-1.251395	0.000000	120.290417	0.003466	17.3
73	-1.252228	0.000000	120.290417	0.003647	17.3
74	-1.245295	0.000000	120.290417	0.004256	20.0
75	-1.283695	0.000000	120.290417	0.003695	17.1
76	-1.293049	0.000000	120.290417	0.003570	17.4
77	-1.297668	0.000000	120.290417	0.003641	18.6
78	-1.279681	0.000000	120.290417	0.003277	17.7
79	-1.281844	0.000000	120.290417	0.003527	21.1
80	-1.284803	0.000000	120.290417	0.003454	17.3
81	-1.298138	0.000000	120.290417	0.003375	17.6
82	-1.262930	0.000000	120.290417	0.003608	21.4
83	-1.291511	0.000000	120.290417	0.003273	17.5
84	-1.302076	0.000000	120.290417	0.003151	17.7
85	-1.305349	0.000000	120.290417	0.003286	20.6
86	-1.301795	0.000000	120.290417	0.003510	18.4
87	-1.288835	0.000000	120.290417	0.003374	17.5
88	-1.286499	0.000000	120.290417	0.003339	18.7
89	-1.267499	0.000000	120.290417	0.003414	17.7
90	-1.279050	0.000000	120.290417	0.003925	20.0
91	-1.280688	0.000000	120.290417	0.003553	17.7
92	-1.318586	0.000000	120.290417	0.003462	18.2
93	-1.286001	0.000000	120.290417	0.003195	20.9
94	-1.297642	0.000000	120.290417	0.003360	17.5
95	-1.290317	0.000000	120.290417	0.003554	17.2
96	-1.280459	0.000000	120.290417	0.003069	21.8
97	-1.292046	0.000000	120.290417	0.003316	17.3
98	-1.311489	0.000000	120.290417	0.003321	17.4
99	-1.297219	0.000000	120.290417	0.003202	19.6
100	-1.300860	0.000000	120.290417	0.003467	17.0
101	-1.329666	0.000000	120.290417	0.002978	17.1
102	-1.295158	0.000000	120.290417	0.003312	19.7
103	-1.309832	0.000000	120.290417	0.003215	17.6
104	-1.327631	0.000000	120.290417	0.003348	17.4
105	-1.319501	0.000000	120.290417	0.003239	21.0
106	-1.300012	0.000000	120.290417	0.003050	17.3
107	-1.334361	0.000000	120.290417	0.002973	17.1
108	-1.314844	0.000000	120.290417	0.003245	20.1
109	-1.291048	0.000000	120.290417	0.003215	17.2
110	-1.319633	0.000000	120.290417	0.002857	18.8
111	-1.323657	0.000000	120.290417	0.002673	27.6
112	-1.325344	0.000000	120.290417	0.003890	20.9
113	-1.311128	0.000000	120.290417	0.003424	19.7
114	-1.340999	0.000000	120.290417	0.003070	20.9
115	-1.326886	0.000000	120.290417	0.003331	20.3
116	-1.289263	0.000000	120.290417	0.003510	19.0
117	-1.305254	0.000000	120.290417	0.003157	17.2
118	-1.318313	0.000000	120.290417	0.002813	21.4
119	-1.307286	0.000000	120.290417	0.002606	17.1
120	-1.333528	0.000000	120.290417	0.002745	17.9
121	-1.311520	0.000000	120.290417	0.003775	21.5
122	-1.326503	0.000000	120.290417	0.002853	17.3
123	-1.337056	0.000000	120.290417	0.002989	17.7
124	-1.343461	0.000000	120.290417	0.003018	18.8
125	-1.317563	0.000000	120.290417	0.003193	17.4
126	-1.350997	0.000000	120.290417	0.002735	18.9
127	-1.354900	0.000000	120.290417	0.002915	18.2
128	-1.352692	0.000000	120.290417	0.002941	17.8
129	-1.346506	0.000000	120.290417	0.002730	19.9
130	-1.357204	0.000000	120.290417	0.002634	17.6
131	-1.334248	0.000000	120.290417	0.003035	17.0
132	-1.370478	0.000000	120.290417	0.002952	20.3
133	-1.346305	0.000000	120.290417	0.003303	19.1
134	-1.324272	0.000000	120.290417	0.002994	17.6
135	-1.341496	0.000000	120.290417	0.002591	21.4
136	-1.353731	0.000000	120.290417	0.002428	17.2
137	-1.339642	0.000000	120.290417	0.002821	17.5
138	-1.340465	0.000000	120.290417	0.003164	20.2
139	-1.318476	0.000000	120.290417	0.003038	18.5
140	-1.314335	0.000000	120.290417	0.003181	17.4
141	-1.356024	0.000000	120.290417	0.002605	20.9
142	-1.318344	0.000000	120.290417	0.003345	17.2
143	-1.341558	0.000000	120.290417	0.002663	21.5
144	-1.330525	0.000000	120.290417	0.003236	17.5
145	-1.331738	0.000000	120.290417	0.003320	17.5
146	-1.335657	0.000000	120.290417	0.002655	21.2
147	-1.358749	0.000000	120.290417	0.002924	17.8
148	-1.343646	0.000000	120.290417	0.003068	17.0
149	-1.340344	0.000000	120.290417	0.002914	20.7
150	-1.376762	0.000000	120.290417	0.002420	17.1
151	-1.320841	0.000000	120.290417	0.002912	17.6
152	-1.332481	0.000000	120.290417	0.002747	20.8
153	-1.348980	0.000000	120.290417	0.002446	20.4
154	-1.370141	0.000000	120.290417	0.002566	29.7
155	-1.348679	0.000000	120.290417	0.002939	17.5
156	-1.362030	0.000000	120.290417	0.002481	17.9
157	-1.357600	0.000000	120.290417	0.003147	22.7
158	-1.363463	0.000000	120.290417	0.002577	17.4
159	-1.343553	0.000000	120.290417	0.002878	21.3
160	-1.369553	0.000000	120.290417	0.003027	17.8
161	-1.362177	0.000000	120.290417	0.002306	17.6
162	-1.356895	0.000000	120.290417	0.002629	20.9
163	-1.364996	0.000000	120.290417	0.002712	17.5
164	-1.359453	0.000000	120.290417	0.002245	17.3
165	-1.339411	0.000000	120.290417	0.002404	20.6
166	-1.349861	0.000000	120.290417	0.002304	17.2
167	-1.354615	0.000000	120.290417	0.002753	17.5
168	-1.370591	0.000000	120.290417	0.002548	19.7
169	-1.351628	0.000000	120.290417	0.002149	17.4
170	-1.357388	0.000000	120.290417	0.002957	19.8
171	-1.360691	0.000000	120.290417	0.002434	17.1
172	-1.356976	0.000000	120.290417	0.002385	17.1
173	-1.336727	0.000000	120.290417	0.003327	20.6
174	-1.360694	0.000000	120.290417	0.003026	17.4
175	-1.385915	0.000000	120.290417	0.002194	17.5
176	-1.360570	0.000000	120.290417	0.002612	20.8
177	-1.375064	0.000000	120.290417	0.002521	17.5
178	-1.385102	0.000000	120.290417	0.002434	17.3
179	-1.361138	0.000000	120.290417	0.002411	20.9
180	-1.393983	0.000000	120.290417	0.003414	17.4
181	-1.379211	0.000000	120.290417	0.002112	17.4
182	-1.345234	0.000000	120.290417	0.002739	20.5
183	-1.352111	0.000000	120.290417	0.002188	17.3
184	-1.349961	0.000000	120.290417	0.003427	17.2
185	-1.394342	0.000000	120.290417	0.002321	20.3
186	-1.375352	0.000000	120.290417	0.002296	17.7
187	-1.389516	0.000000	120.290417	0.002339	19.0
188	-1.374182	0.000000	120.290417	0.002327	19.3
189	-1.358957	0.000000	120.290417	0.002310	17.5
190	-1.355962	0.000000	120.290417	0.002255	20.0
191	-1.355874	0.000000	120.290417	0.002717	18.1
192	-1.356262	0.000000	120.290417	0.002610	17.7
193	-1.344279	0.000000	120.290417	0.002086	21.0
194	-1.352494	0.000000	120.290417	0.002729	17.4
195	-1.374827	0.000000	120.290417	0.002059	17.6
196	-1.377743	0.000000	120.290417	0.003716	21.1
197	-1.358440	0.000000	120.290417	0.003189	17.6
198	-1.359218	0.917868	115.252941	0.002855	17.5
199	-1.368680	0.880929	115.447507	0.001960	20.7
200	-1.377750	0.608099	116.905181	0.001917	18.8
201	-1.391987	0.345791	118.341774	0.002556	17.0
202	-1.397744	0.083754	119.812572	0.002073	20.2
203	-1.379809	0.000000	120.290417	0.002405	17.6
204	-1.350362	0.000000	120.290417	0.002276	18.9
205	-1.376236	0.000000	120.290417	0.002643	17.6
206	-1.369956	0.000000	120.290417	0.002113	17.5
207	-1.376894	0.000000	120.290417	0.002204	20.2
208	-1.382206	0.000000	120.290417	0.001983	17.5
209	-1.390864	0.000000	120.290417	0.002208	17.7
210	-1.396345	0.000000	120.290417	0.002090	21.7
211	-1.395778	0.000000	120.290417	0.002775	19.7
212	-1.383164	0.000000	120.290417	0.002328	19.4
213	-1.364614	0.000000	120.290417	0.002260	21.9
214	-1.414059	0.000000	120.290417	0.002013	17.6
215	-1.388228	0.000000	120.290417	0.002400	19.5
216	-1.366163	0.000000	120.290417	0.001952	17.6
217	-1.375951	0.000000	120.290417	0.002299	17.4
218	-1.387411	0.000000	120.290417	0.001870	20.6
219	-1.390811	0.000000	120.290417	0.001916	17.5
220	-1.372631	0.000000	120.290417	0.002122	19.6
221	-1.386067	0.000000	120.290417	0.002093	29.9
222	-1.383249	0.000000	120.290417	0.002205	17.6
223	-1.382587	0.000000	120.290417	0.002379	17.8
224	-1.381333	0.000000	120.290417	0.002515	18.8
225	-1.374922	0.000000	120.290417	0.002605	18.4
226	-1.392093	0.026126	120.140949	0.002156	21.5
227	-1.382957	0.000000	120.290417	0.002787	17.7
228	-1.376590	0.000000	120.290417	0.002335	17.9
229	-1.388767	0.000375	120.288267	0.002099	22.3
230	-1.392236	0.000000	120.290417	0.002403	17.3
231	-1.382555	0.000000	120.290417	0.001954	17.7
232	-1.383807	0.000000	120.290417	0.001711	21.7
233	-1.402732	0.000000	120.290417	0.002493	18.7
234	-1.381283	0.000000	120.290417	0.003668	19.0
235	-1.381781	0.547791	117.232376	0.001939	17.8
236	-1.379160	0.294814	118.625066	0.002457	17.7
237	-1.400200	0.029515	120.121590	0.002508	20.0
238	-1.389896	0.043157	120.043715	0.001682	17.4
239	-1.374458	0.000000	120.290417	0.002131	17.6
240	-1.380672	0.000000	120.290417	0.002212	21.2
241	-1.386614	0.000000	120.290417	0.002271	17.4
242	-1.410335	0.000000	120.290417	0.001919	17.8
243	-1.388922	0.000000	120.290417	0.001621	19.6
244	-1.401236	0.000000	120.290417	0.002281	18.7
245	-1.381686	0.000000	120.290417	0.002420	17.6
246	-1.416144	0.000000	120.290417	0.002772	21.5
247	-1.383877	0.000000	120.290417	0.003088	17.9
248	-1.367962	0.754252	116.119770	0.001705	18.4
249	-1.395995	0.534526	117.304592	0.002102	18.4
250	-1.352222	0.272776	118.747962	0.002221	17.6
251	-1.372681	0.027147	120.135119	0.002193	17.5
252	-1.374091	0.000000	120.290417	0.002027	19.0
253	-1.394731	0.000000	120.290417	0.001866	17.4
254	-1.385476	0.000000	120.290417	0.002012	17.7
255	-1.376874	0.000000	120.290417	0.002012	19.1
256	-1.377965	0.000000	120.290417	0.001800	17.1
257	-1.394320	0.000000	120.290417	0.001871	17.8
258	-1.382432	0.000000	120.290417	0.002385	18.8
259	-1.378699	0.000000	120.290417	0.002146	17.4
260	-1.366364	0.000000	120.290417	0.001821	17.4
261	-1.415312	0.000000	120.290417	0.002255	19.3
262	-1.381631	0.000000	120.290417	0.001564	18.1
263	-1.389528	0.000000	120.290417	0.001890	17.4
264	-1.391696	0.000000	120.290417	0.001703	18.4
265	-1.381270	0.000000	120.290417	0.002209	17.8
266	-1.387802	0.000000	120.290417	0.001983	19.2
267	-1.389656	0.000000	120.290417	0.002289	18.0
268	-1.408993	0.000000	120.290417	0.002174	17.5
269	-1.395684	0.000000	120.290417	0.001855	19.8
270	-1.385592	0.000000	120.290417	0.001966	17.5
271	-1.404076	0.000000	120.290417	0.002142	17.5
272	-1.362295	0.000000	120.290417	0.002296	20.9
273	-1.410201	0.000000	120.290417	0.001767	17.4
274	-1.396682	0.000000	120.290417	0.002188	17.7
275	-1.403720	0.000000	120.290417	0.001624	21.8
276	-1.422657	0.000000	120.290417	0.001734	17.3
277	-1.380058	0.000000	120.290417	0.001886	17.4
278	-1.389705	0.000000	120.290417	0.002246	25.6
279	-1.403965	0.000000	120.290417	0.001842	17.9
280	-1.390461	0.000000	120.290417	0.002031	20.9
281	-1.402867	0.000000	120.290417	0.002143	17.8
282	-1.405687	0.000000	120.290417	0.001697	19.0
283	-1.393484	0.000000	120.290417	0.001772	22.4
284	-1.399860	0.000000	120.290417	0.001547	17.5
285	-1.384279	0.000000	120.290417	0.002084	17.4
286	-1.408805	0.000000	120.290417	0.001988	19.6
287	-1.409486	0.000000	120.290417	0.001738	18.0
288	-1.415798	0.000000	120.290417	0.002317	17.7
289	-1.391667	0.000000	120.290417	0.002262	21.2
290	-1.398422	0.000000	120.290417	0.002272	17.4
291	-1.378741	0.000000	120.290417	0.001814	17.6
292	-1.390476	0.000000	120.290417	0.001809	19.8
293	-1.414361	0.000000	120.290417	0.002413	17.4
294	-1.397306	0.000000	120.290417	0.002033	20.5
295	-1.405071	0.000000	120.290417	0.002537	18.3
296	-1.388519	0.000000	120.290417	0.001682	21.5
297	-1.413274	0.000000	120.290417	0.002170	20.0
298	-1.399782	0.000000	120.290417	0.001684	18.3
299	-1.404320	0.000000	120.290417	0.001699	24.6
300	-1.391419	0.000000	120.290417	0.002600	17.9
301	-1.402863	0.000000	120.290417	0.002074	18.0
302	-1.397416	0.000000	120.290417	0.001921	21.6
303	-1.395634	0.000000	120.290417	0.001910	18.3
304	-1.396483	0.000000	120.290417	0.001747	20.4
305	-1.379216	0.000000	120.290417	0.001762	34.4
306	-1.396852	0.000000	120.290417	0.001885	32.5
307	-1.424515	0.000000	120.290417	0.002710	45.6
308	-1.368731	0.000000	120.290417	0.001969	65.2
309	-1.409696	0.000000	120.290417	0.001531	23.0
310	-1.405345	0.000000	120.290417	0.001506	19.8
311	-1.409110	0.000000	120.290417	0.001729	20.0
312	-1.397214	0.000000	120.290417	0.001892	18.4
313	-1.386129	0.000000	120.290417	0.001843	21.1
314	-1.406167	0.000000	120.290417	0.001895	17.5
315	-1.390300	0.000000	120.290417	0.001907	17.6
316	-1.404128	0.000000	120.290417	0.001745	21.4
317	-1.388528	0.000000	120.290417	0.001694	17.6
318	-1.413794	0.000000	120.290417	0.001560	17.8
319	-1.398000	0.000000	120.290417	0.001614	18.4
320	-1.371027	0.000000	120.290417	0.001735	17.9
321	-1.405183	0.000000	120.290417	0.002677	17.8
322	-1.408041	0.000000	120.290417	0.001617	18.9
323	-1.397596	0.000000	120.290417	0.001803	17.4
324	-1.403637	0.000000	120.290417	0.002484	18.2
325	-1.419431	0.000000	120.290417	0.003114	19.4
326	-1.393592	0.726748	116.266767	0.001606	18.2
327	-1.394489	0.706605	116.374661	0.001539	17.8
328	-1.418290	0.469362	117.660634	0.001726	18.3
329	-1.406976	0.236047	118.953344	0.002412	17.9
330	-1.395033	0.001388	120.282466	0.001656	18.0
331	-1.412672	0.000000	120.290417	0.001730	18.5
332	-1.377330	0.000000	120.290417	0.001614	17.8
333	-1.392555	0.000000	120.290417	0.001757	18.0
334	-1.400316	0.000000	120.290417	0.002585	20.8
335	-1.423763	0.000000	120.290417	0.001707	17.8
336	-1.408372	0.000000	120.290417	0.001669	17.5
337	-1.425362	0.000000	120.290417	0.001743	21.8
338	-1.419483	0.000000	120.290417	0.001530	18.0
339	-1.407648	0.000000	120.290417	0.002234	17.2
340	-1.418207	0.000000	120.290417	0.002291	21.3
341	-1.415760	0.000000	120.290417	0.002023	17.0
342	-1.405832	0.000000	120.290417	0.001845	17.7
343	-1.412794	0.000000	120.290417	0.001644	19.9
344	-1.405627	0.000000	120.290417	0.001834	18.4
345	-1.410604	0.000000	120.290417	0.001745	20.7
346	-1.406549	0.000000	120.290417	0.001983	18.3
347	-1.414008	0.000000	120.290417	0.002184	17.6
348	-1.395875	0.000000	120.290417	0.001851	22.1
349	-1.403776	0.000000	120.290417	0.002176	17.4
350	-1.404269	0.024523	120.150111	0.001968	17.5
351	-1.410847	0.000000	120.290417	0.001667	21.2
352	-1.413124	0.000000	120.290417	0.002260	18.0
353	-1.418531	0.000000	120.290417	0.001625	17.7
354	-1.417334	0.000000	120.290417	0.001891	21.0
355	-1.417851	0.000000	120.290417	0.001478	17.7
356	-1.399554	0.000000	120.290417	0.001660	20.4
357	-1.439061	0.000000	120.290417	0.001784	18.1
358	-1.394345	0.000000	120.290417	0.001338	18.0
359	-1.404907	0.000000	120.290417	0.002018	21.7
360	-1.423460	0.000000	120.290417	0.001972	17.6
361	-1.418177	0.000000	120.290417	0.001790	18.0
362	-1.378247	0.000000	120.290417	0.002423	21.9
363	-1.423489	0.000000	120.290417	0.001585	17.6
364	-1.420737	0.000000	120.290417	0.002448	17.6
365	-1.399045	0.000000	120.290417	0.001608	22.4
366	-1.407608	0.000000	120.290417	0.001590	17.5
367	-1.401652	0.000000	120.290417	0.001694	19.3
368	-1.417037	0.000000	120.290417	0.002136	17.9
369	-1.422779	0.000000	120.290417	0.001984	17.4
370	-1.380571	0.000000	120.290417	0.002191	19.6
371	-1.411978	0.000000	120.290417	0.001359	17.8
372	-1.414173	0.000000	120.290417	0.001839	17.7
373	-1.407878	0.000000	120.290417	0.001896	20.2
374	-1.417855	0.000000	120.290417	0.001694	17.9
375	-1.382855	0.000000	120.290417	0.001396	18.6
376	-1.414044	0.000000	120.290417	0.001412	22.4
377	-1.425035	0.000000	120.290417	0.001519	17.4
378	-1.410590	0.000000	120.290417	0.001656	17.7
379	-1.393307	0.000000	120.290417	0.001828	21.7
380	-1.413960	0.000000	120.290417	0.001587	17.7
381	-1.391116	0.000000	120.290417	0.002269	20.5
382	-1.394814	0.000000	120.290417	0.001683	18.8
383	-1.426153	0.000000	120.290417	0.001903	17.7
384	-1.419299	0.000000	120.290417	0.001538	21.1
385	-1.433784	0.000000	120.290417	0.002465	17.4
386	-1.400499	0.000000	120.290417	0.002061	18.3
387	-1.403056	0.350657	118.314804	0.001400	21.6
388	-1.399769	0.178192	119.278301	0.001544	17.6
389	-1.427373	0.011112	120.226799	0.001721	33.3
390	-1.412425	0.000000	120.290417	0.001719	18.8
391	-1.400556	0.000000	120.290417	0.001721	18.1
392	-1.434556	0.000000	120.290417	0.001539	25.0
393	-1.411818	0.000000	120.290417	0.001503	20.2
394	-1.401972	0.000000	120.290417	0.001520	19.1
395	-1.410654	0.000000	120.290417	0.001923	18.4
396	-1.396714	0.000000	120.290417	0.001689	20.2
397	-1.410647	0.000000	120.290417	0.001305	21.8
398	-1.387681	0.000000	120.290417	0.003015	17.6
399	-1.399514	0.000000	120.290417	0.001327	18.0
400	-1.390887	0.000000	120.290417	0.002391	19.6
401	-1.404545	0.000000	120.290417	0.001353	18.0
402	-1.422186	0.000000	120.290417	0.001389	18.2
403	-1.401713	0.000000	120.290417	0.001814	21.7
404	-1.423083	0.000000	120.290417	0.002236	17.5
405	-1.402405	0.000000	120.290417	0.002794	18.2
406	-1.416109	0.837477	115.677225	0.001938	19.2
407	-1.410950	1.134004	114.127512	0.001717	17.8
408	-1.415442	0.908819	115.300546	0.001862	20.3
409	-1.401803	0.677537	116.530709	0.001474	18.2
410	-1.398496	0.498803	117.499508	0.001865	17.8
411	-1.435378	0.320757	118.480727	0.003150	20.9
412	-1.408337	0.946773	115.101149	0.001774	17.6
413	-1.428007	1.280582	113.376697	0.001366	17.9
414	-1.419877	1.056028	114.530990	0.002090	21.3
415	-1.418219	0.818386	115.778441	0.001680	18.7
416	-1.423061	0.598118	116.959206	0.001314	17.6
417	-1.409019	0.423550	117.912239	0.002264	18.4
418	-1.431560	0.219503	119.046088	0.002342	17.9
419	-1.419576	0.947178	115.099025	0.001459	17.6
420	-1.404414	0.998954	114.828131	0.001777	17.8
421	-1.400552	0.775902	116.004325	0.001263	18.7
422	-1.408820	0.575745	117.080487	0.001598	17.8
423	-1.426358	0.395128	118.068880	0.001748	17.8
424	-1.403560	0.271231	118.756586	0.001623	19.1
425	-1.414105	0.080647	119.830227	0.001451	19.2
426	-1.409636	0.000000	120.290417	0.001865	20.5
427	-1.424251	0.000000	120.290417	0.001441	18.1
428	-1.391516	0.000000	120.290417	0.001780	18.1
429	-1.395701	0.000000	120.290417	0.001520	19.5
430	-1.405502	0.000000	120.290417	0.001520	19.9
431	-1.427266	0.000000	120.290417	0.001353	17.7
432	-1.395654	0.000000	120.290417	0.002022	20.8
433	-1.396774	0.000000	120.290417	0.001702	17.8
434	-1.424327	0.000000	120.290417	0.002819	17.6
435	-1.416224	0.014886	120.205212	0.001862	21.4
436	-1.421155	0.028389	120.128019	0.002209	17.6
437	-1.416600	0.000000	120.290417	0.002121	17.4
438	-1.415972	0.070295	119.889104	0.001365	22.3
439	-1.434344	0.000000	120.290417	0.001847	18.0
440	-1.417257	0.000000	120.290417	0.001226	18.9
441	-1.418709	0.000000	120.290417	0.002703	18.6
442	-1.419193	0.000000	120.290417	0.001836	17.9
443	-1.419439	0.026347	120.139689	0.001277	20.2
444	-1.417337	0.000000	120.290417	0.001379	17.7
445	-1.416313	0.000000	120.290417	0.001421	17.4
446	-1.415081	0.000000	120.290417	0.001738	20.2
447	-1.431060	0.000000	120.290417	0.001585	17.9
448	-1.407156	0.000000	120.290417	0.002265	18.4
449	-1.416114	0.000000	120.290417	0.001428	21.2
450	-1.424932	0.000000	120.290417	0.001733	18.5
451	-1.413478	0.000000	120.290417	0.002202	18.6
452	-1.400710	0.000000	120.290417	0.002314	20.9
453	-1.439952	0.586450	117.022429	0.001592	17.4
454	-1.412027	0.465077	117.684124	0.001462	17.2
455	-1.399782	0.309632	118.542583	0.001572	22.7
456	-1.426576	0.083989	119.811233	0.001586	17.4
457	-1.401286	0.000000	120.290417	0.001531	20.0
458	-1.423611	0.000000	120.290417	0.001371	17.2
459	-1.438549	0.000000	120.290417	0.001566	18.0
460	-1.438008	0.000000	120.290417	0.001709	22.5
461	-1.433922	0.000000	120.290417	0.002143	18.5
462	-1.396399	0.000000	120.290417	0.001726	18.7
463	-1.421903	0.000000	120.290417	0.001757	21.9
464	-1.443274	0.000000	120.290417	0.001372	21.6
465	-1.398492	0.000000	120.290417	0.001805	25.2
466	-1.439455	0.000000	120.290417	0.001433	23.3
467	-1.426520	0.000000	120.290417	0.001586	21.3
468	-1.410367	0.000000	120.290417	0.001683	37.3
469	-1.424884	0.000000	120.290417	0.001560	29.6
470	-1.426630	0.000000	120.290417	0.001514	18.6
471	-1.440083	0.000000	120.290417	0.002127	18.7
472	-1.416374	0.000000	120.290417	0.002030	19.6
473	-1.429458	0.000000	120.290417	0.002274	17.1
474	-1.447018	0.257240	118.834749	0.001808	17.4
475	-1.423914	0.361110	118.256904	0.001618	19.6
476	-1.460908	0.113865	119.641704	0.002924	17.2
477	-1.429583	0.641586	116.724288	0.001471	17.9
478	-1.425977	1.103419	114.285432	0.001477	19.5
479	-1.423120	0.891750	115.390444	0.001544	18.2
480	-1.421751	0.722144	116.291408	0.001647	23.2
481	-1.434924	0.547098	117.236150	0.001848	19.7
482	-1.411486	0.485781	117.570721	0.001697	19.7
483	-1.416121	0.504540	117.468163	0.001381	26.0
484	-1.417301	0.303445	118.577010	0.002067	22.3
485	-1.421912	0.197231	119.171170	0.001543	27.1
486	-1.415526	0.098570	119.728432	0.001975	36.8
487	-1.417407	0.000000	120.290417	0.001932	30.6
488	-1.433901	0.000000	120.290417	0.001658	31.3
489	-1.414664	0.000000	120.290417	0.001937	25.8
490	-1.415903	0.000000	120.290417	0.001867	29.3
491	-1.447701	0.000000	120.290417	0.001919	28.9
492	-1.415320	0.275548	118.732488	0.002187	33.3
493	-1.407604	0.715576	116.326583	0.001353	28.4
494	-1.415937	0.583172	117.040200	0.001683	31.2
495	-1.422698	0.349350	118.322044	0.001520	25.7
496	-1.416311	0.249054	118.880530	0.002323	30.2
497	-1.427324	0.072948	119.874011	0.001824	30.1
498	-1.415455	0.149379	119.440803	0.001279	19.9
499	-1.426591	0.000000	120.290417	0.001266	24.2
500	-1.427160	0.000000	120.290417	0.001544	23.6
501	-1.415780	0.000000	120.290417	0.001399	46.1
502	-1.423899	0.000000	120.290417	0.001348	45.7
503	-1.396107	0.000000	120.290417	0.002000	36.3
504	-1.425084	0.000000	120.290417	0.001565	31.1
505	-1.411937	0.000000	120.290417	0.001367	23.8
506	-1.417015	0.000000	120.290417	0.001551	26.7
507	-1.458365	0.000000	120.290417	0.001765	19.8
508	-1.438872	0.000000	120.290417	0.002010	26.5
509	-1.430511	0.000000	120.290417	0.001712	18.2
510	-1.450114	0.300410	118.593903	0.001286	24.5
511	-1.442239	0.098885	119.726649	0.001464	21.7
512	-1.402952	0.000000	120.290417	0.001336	21.2
513	-1.412162	0.000000	120.290417	0.001564	23.3
514	-1.414401	0.000000	120.290417	0.001333	22.3
515	-1.434870	0.000000	120.290417	0.001497	23.6
516	-1.408442	0.000000	120.290417	0.001343	23.1
517	-1.412425	0.000000	120.290417	0.002029	19.9
518	-1.420171	0.000000	120.290417	0.001325	25.7
519	-1.416028	0.000000	120.290417	0.002632	18.8
520	-1.445438	0.000000	120.290417	0.002099	22.0
521	-1.420585	0.788746	115.935943	0.001238	24.8
522	-1.430803	0.553186	117.203033	0.001507	19.5
523	-1.425990	0.457570	117.725296	0.001488	26.2
524	-1.421471	0.394537	118.072139	0.001721	24.0
525	-1.420456	0.164457	119.355707	0.001447	17.3
526	-1.428841	0.031386	120.110902	0.002466	17.2
527	-1.431239	0.000000	120.290417	0.001406	21.9
528	-1.433124	0.000000	120.290417	0.001806	26.5
529	-1.432593	0.000000	120.290417	0.002265	26.4
530	-1.418014	0.119914	119.607436	0.002605	17.2
531	-1.432680	0.000000	120.290417	0.001411	27.2
532	-1.430215	0.000000	120.290417	0.001417	27.2
533	-1.442731	0.000000	120.290417	0.001420	20.9
534	-1.426247	0.000000	120.290417	0.002390	26.4
535	-1.439419	0.000000	120.290417	0.001545	21.0
536	-1.435421	0.134459	119.525121	0.001733	23.1
537	-1.433320	0.000000	120.290417	0.001935	24.1
538	-1.431943	0.044570	120.035656	0.002086	40.0
539	-1.417410	0.000000	120.290417	0.001224	38.2
540	-1.418177	0.000000	120.290417	0.001910	31.2
541	-1.419609	0.000000	120.290417	0.002004	35.3
542	-1.422607	0.324123	118.462025	0.001518	35.3
543	-1.432133	0.076614	119.853161	0.001302	34.5
544	-1.427747	0.000000	120.290417	0.002515	33.9
545	-1.419514	0.000000	120.290417	0.001544	24.4
546	-1.406593	0.000000	120.290417	0.002491	20.7
547	-1.410078	0.044859	120.034006	0.001211	20.3
548	-1.431304	0.000000	120.290417	0.001114	26.0
549	-1.439741	0.000000	120.290417	0.001192	18.7
550	-1.419436	0.000000	120.290417	0.001716	23.7
551	-1.442355	0.000000	120.290417	0.001429	23.6
552	-1.441969	0.000000	120.290417	0.001238	21.1
553	-1.430844	0.000000	120.290417	0.001408	21.4
554	-1.424641	0.000000	120.290417	0.001948	23.2
555	-1.437012	0.000000	120.290417	0.002027	24.2
556	-1.407406	0.366659	118.226192	0.001404	20.5
557	-1.425381	0.309958	118.540765	0.001337	22.8
558	-1.448948	0.162474	119.366894	0.001787	21.7
559	-1.418993	0.129055	119.555694	0.001947	22.2
560	-1.435824	0.307864	118.552414	0.001604	17.2
561	-1.430900	0.055848	119.971363	0.001591	17.3
562	-1.439892	0.009577	120.235584	0.001605	23.7
563	-1.420324	0.000000	120.290417	0.002077	26.4
564	-1.413371	0.181723	119.258417	0.001282	29.5
565	-1.442946	0.125176	119.577646	0.001537	26.3
566	-1.449664	0.012776	120.217281	0.001833	27.8
567	-1.426242	0.000000	120.290417	0.001625	26.7
568	-1.430419	0.000000	120.290417	0.001629	26.9
569	-1.416679	0.141858	119.483290	0.001434	26.4
570	-1.445139	0.141505	119.485287	0.002382	28.1
571	-1.456731	0.180128	119.267401	0.002590	26.9
572	-1.417505	0.000000	120.290417	0.001960	27.3
573	-1.429072	0.000000	120.290417	0.001426	26.5
574	-1.439947	0.000000	120.290417	0.001587	26.9
575	-1.416296	0.000000	120.290417	0.001396	26.0
576	-1.444466	0.000000	120.290417	0.001590	27.8
577	-1.417850	0.000000	120.290417	0.002025	28.5
578	-1.435332	0.144880	119.466216	0.001206	26.1
579	-1.419111	0.063227	119.929335	0.001307	27.9
580	-1.411616	0.000000	120.290417	0.001253	26.5
581	-1.437026	0.000000	120.290417	0.001616	27.4
582	-1.457048	0.000000	120.290417	0.001579	26.2
583	-1.432597	0.037425	120.076422	0.001790	27.7
584	-1.435083	0.000000	120.290417	0.002355	26.3
585	-1.430271	0.490917	117.542621	0.001864	26.6
586	-1.435017	0.855107	115.583911	0.001535	17.8
587	-1.449832	0.634740	116.761227	0.002662	17.2
588	-1.438993	0.764481	116.065196	0.001484	29.7
589	-1.430768	0.507361	117.452755	0.001514	20.8
590	-1.435491	0.346361	118.338612	0.001350	22.5
591	-1.438283	0.122733	119.591472	0.001263	24.2
592	-1.433295	0.000000	120.290417	0.001844	26.1
593	-1.443781	0.000000	120.290417	0.001706	21.4
594	-1.413543	0.000000	120.290417	0.002173	26.6
595	-1.425813	0.000000	120.290417	0.002251	21.7
596	-1.425879	0.663960	116.603741	0.001505	22.1
597	-1.438821	0.792692	115.914947	0.001451	20.7
598	-1.456184	0.832932	115.701305	0.002432	22.2
599	-1.419825	1.194187	113.818036	0.001849	25.3
600	-1.425826	1.788174	110.851302	0.002506	19.0
601	-1.431032	1.516352	112.189524	0.001416	24.1
602	-1.450638	1.271052	113.425210	0.002022	25.2
603	-1.449611	1.140405	114.094515	0.001656	21.3
604	-1.432383	0.923132	115.225270	0.001440	22.5
605	-1.422611	0.820574	115.766833	0.001630	21.5
606	-1.416875	0.662961	116.609115	0.001325	17.4
607	-1.440796	0.606793	116.912250	0.001448	24.0
608	-1.425760	0.458107	117.722349	0.001437	26.4
609	-1.446072	0.234682	118.960990	0.002433	21.0
610	-1.426499	0.003899	120.268088	0.001523	22.4
611	-1.430112	0.000000	120.290417	0.002205	20.4
612	-1.442278	0.000000	120.290417	0.001414	21.4
613	-1.423324	0.000000	120.290417	0.001574	28.1
614	-1.439097	0.000000	120.290417	0.001456	27.1
615	-1.439727	0.000000	120.290417	0.002184	23.9
616	-1.434097	0.000000	120.290417	0.001681	22.5
617	-1.427549	0.000000	120.290417	0.001690	21.2
618	-1.453505	0.000000	120.290417	0.001359	25.7
619	-1.440657	0.000000	120.290417	0.001845	21.5
620	-1.436855	0.090301	119.775380	0.001898	21.9
621	-1.436605	0.464640	117.686520	0.001596	24.8
622	-1.430495	0.227884	118.999085	0.001151	23.7
623	-1.431569	0.026937	120.136316	0.001621	25.8
624	-1.450573	0.000000	120.290417	0.001311	25.6
625	-1.465325	0.000000	120.290417	0.001415	27.0
626	-1.433872	0.000000	120.290417	0.001307	25.0
627	-1.430856	0.000000	120.290417	0.001430	21.6
628	-1.440715	0.000000	120.290417	0.001142	26.6
629	-1.427612	0.000000	120.290417	0.001438	23.2
630	-1.437605	0.000000	120.290417	0.001540	22.8
631	-1.414254	0.000000	120.290417	0.001824	24.6
632	-1.439626	0.050687	120.000778	0.001231	21.7
633	-1.430892	0.000000	120.290417	0.001360	21.8
634	-1.431017	0.000000	120.290417	0.001739	21.6
635	-1.446320	0.000000	120.290417	0.001791	28.3
636	-1.466382	0.087010	119.794073	0.002087	23.6
637	-1.455175	0.000000	120.290417	0.002332	23.5
638	-1.433086	0.642718	116.718185	0.001374	25.2
639	-1.461668	0.448358	117.775859	0.001326	21.7
640	-1.437699	0.322538	118.470827	0.002112	26.5
641	-1.431569	0.378800	118.159051	0.002875	21.5
642	-1.442831	1.233314	113.617735	0.001286	27.0
643	-1.434185	1.008664	114.777468	0.001437	20.2
644	-1.417133	0.789863	115.929999	0.001758	23.6
645	-1.444801	0.592246	116.991014	0.002924	24.7
646	-1.448767	0.937398	115.150338	0.001258	27.3
647	-1.422170	1.154093	114.024022	0.001428	22.1
648	-1.440374	0.962532	115.018558	0.001171	23.6
649	-1.417870	0.776681	116.000172	0.001109	23.7
650	-1.420422	0.595358	116.974157	0.002086	25.1
651	-1.440876	0.388181	118.107228	0.001329	20.0
652	-1.447966	0.142498	119.479674	0.002375	21.4
653	-1.457279	0.154480	119.412000	0.001243	24.4
654	-1.438899	0.000000	120.290417	0.001672	18.5
655	-1.429718	0.000000	120.290417	0.001558	22.5
656	-1.431407	0.000000	120.290417	0.001309	25.5
657	-1.435730	0.000000	120.290417	0.001587	17.5
658	-1.445714	0.000000	120.290417	0.002235	17.8
659	-1.415048	0.370770	118.203449	0.001708	18.9
660	-1.420238	0.167390	119.339168	0.002310	17.7
661	-1.416290	0.569356	117.115166	0.001438	19.1
662	-1.440391	0.332134	118.417535	0.001753	17.5
663	-1.443754	0.262776	118.803810	0.001731	17.9
664	-1.431260	0.491774	117.537939	0.001602	21.3
665	-1.460522	0.247816	118.887456	0.001136	22.3
666	-1.436574	0.051913	119.993787	0.001602	22.6
667	-1.429423	0.000000	120.290417	0.001451	20.3
668	-1.438911	0.000000	120.290417	0.001515	28.3
669	-1.454081	0.000000	120.290417	0.002263	26.1
670	-1.419031	0.000000	120.290417	0.001560	21.6
671	-1.439281	0.000000	120.290417	0.001107	23.0
672	-1.456584	0.000000	120.290417	0.001704	19.9
673	-1.443435	0.000000	120.290417	0.001526	28.5
674	-1.433652	0.156734	119.399277	0.001224	21.2
675	-1.441071	0.000000	120.290417	0.002201	20.9
676	-1.446837	0.000000	120.290417	0.001725	27.8
677	-1.425418	0.000000	120.290417	0.001196	19.3
678	-1.449485	0.000000	120.290417	0.002006	20.5
679	-1.426916	0.000000	120.290417	0.001429	20.9
680	-1.409432	0.214979	119.071474	0.001385	28.0
681	-1.448090	0.000000	120.290417	0.002173	20.9
682	-1.447990	0.000000	120.290417	0.001612	22.2
683	-1.442231	0.152428	119.423582	0.001296	23.5
684	-1.459425	0.000000	120.290417	0.001769	22.1
685	-1.442978	0.075211	119.861138	0.001778	27.7
686	-1.454845	0.000000	120.290417	0.001588	24.9
687	-1.451980	0.135009	119.522010	0.001236	21.2
688	-1.438927	0.041493	120.053211	0.001147	20.3
689	-1.435618	0.000000	120.290417	0.001445	22.5
690	-1.447301	0.000000	120.290417	0.001852	26.8
691	-1.434432	0.000000	120.290417	0.001372	18.0
692	-1.432175	0.000000	120.290417	0.001658	25.1
693	-1.441363	0.000000	120.290417	0.001804	24.1
694	-1.457987	0.018015	120.187316	0.002203	27.5
695	-1.441671	0.000000	120.290417	0.001108	26.4
696	-1.456098	0.000000	120.290417	0.001765	23.5
697	-1.442355	0.000000	120.290417	0.001465	19.3
698	-1.440293	0.000000	120.290417	0.001414	24.9
699	-1.436711	0.000000	120.290417	0.002099	20.0
700	-1.431661	0.000000	120.290417	0.002005	21.6
701	-1.450424	0.504600	117.467831	0.002040	22.8
702	-1.457432	0.259335	118.823039	0.003152	20.4
703	-1.447870	1.098993	114.308323	0.001665	26.8
704	-1.449254	1.837914	110.609873	0.001241	22.8
705	-1.441686	1.639765	111.577960	0.001437	27.8
706	-1.437964	1.598651	111.780952	0.001023	21.6
707	-1.446625	1.486882	112.336549	0.001761	22.9
708	-1.424499	1.349683	113.026156	0.002865	22.2
709	-1.413868	1.580811	111.869268	0.001541	18.9
710	-1.471310	1.704475	111.259952	0.001458	30.2
711	-1.438556	1.548939	112.027391	0.002050	26.6
712	-1.436186	1.357227	112.988018	0.001336	26.9
713	-1.443817	1.210149	113.736237	0.001511	19.7
714	-1.434640	1.190444	113.837234	0.002345	25.5
715	-1.457045	1.086539	114.372773	0.001420	20.7
716	-1.463636	0.943094	115.120446	0.001763	17.2
717	-1.449622	0.817623	115.782490	0.001067	23.5
718	-1.438042	0.697105	116.425612	0.001579	21.8
719	-1.429593	0.603833	116.928269	0.001561	25.6
720	-1.431393	0.635946	116.754718	0.001191	21.7
721	-1.455027	0.445838	117.789696	0.001177	24.5
722	-1.439025	0.329262	118.433481	0.001471	26.4
723	-1.451325	0.140326	119.491948	0.001457	24.3
724	-1.444516	0.238813	118.937848	0.001590	22.9
725	-1.457039	0.360973	118.257666	0.002088	24.4
726	-1.459833	0.712521	116.342951	0.001807	25.9
727	-1.427979	1.041212	114.607980	0.002728	22.3
728	-1.442175	1.714309	111.211783	0.002373	28.7
729	-1.435342	2.653067	106.797937	0.001483	22.1
730	-1.467567	2.917525	105.617064	0.001893	35.3
731	-1.452268	2.667764	106.731618	0.001706	39.6
732	-1.416120	2.454748	107.700954	0.001177	31.3
733	-1.439190	2.364067	108.118964	0.002329	35.1
734	-1.465428	2.159675	109.073153	0.001183	26.9
735	-1.442083	2.180206	108.976546	0.001749	31.5
736	-1.469349	1.977539	109.937743	0.001911	31.2
737	-1.434759	2.370007	108.091484	0.002541	30.4
738	-1.435808	2.200432	108.881539	0.002473	37.2
739	-1.449685	2.478123	107.593727	0.001987	35.0
740	-1.445501	2.876770	105.797342	0.001356	30.5
741	-1.439765	2.822138	106.039967	0.001431	30.8
742	-1.442144	2.647727	106.822053	0.001329	20.5
743	-1.447658	2.628969	106.906855	0.001747	31.0
744	-1.450013	2.591034	107.078766	0.001357	29.1
745	-1.454288	2.684424	106.656542	0.001762	33.8
746	-1.439769	2.441926	107.759865	0.001962	37.2
747	-1.442870	2.765412	106.293077	0.001238	30.6
748	-1.454547	2.736126	106.424221	0.001990	34.8
749	-1.451620	2.766110	106.289953	0.001406	30.0
750	-1.434044	3.043340	105.064388	0.001388	29.5
751	-1.458071	2.856001	105.889449	0.002192	28.9
752	-1.453463	2.996542	105.269282	0.001768	28.3
753	-1.436424	3.504824	103.085776	0.001793	21.4
754	-1.431774	3.336746	103.797720	0.001904	20.7
755	-1.445869	3.739829	102.106555	0.001966	25.7
756	-1.449810	3.478497	103.196647	0.001950	23.0
757	-1.464048	3.946554	101.260431	0.001271	36.7
758	-1.421678	3.722768	102.177019	0.001140	28.6
759	-1.444387	3.594853	102.708432	0.002501	31.0
760	-1.444349	3.431833	103.393748	0.001548	33.0
761	-1.451427	3.170811	104.510302	0.001440	35.4
762	-1.458306	3.140936	104.639638	0.002177	30.1
763	-1.458529	2.896782	105.708744	0.001583	27.6
764	-1.455783	2.665148	106.743418	0.001290	33.3
765	-1.457242	2.578169	107.137188	0.001295	33.5
766	-1.441364	2.454795	107.700738	0.001656	25.3
767	-1.437503	2.269391	108.558870	0.001725	26.9
768	-1.423215	2.320867	108.319248	0.001820	27.7
769	-1.426631	2.409969	107.906967	0.001203	22.4
770	-1.463686	2.266445	108.572614	0.002763	23.3
771	-1.444787	2.147469	109.130668	0.001454	18.4
772	-1.443422	2.092754	109.389240	0.001627	27.5
773	-1.466101	1.902685	110.297056	0.001183	21.6
774	-1.443903	1.701249	111.275760	0.002270	28.2
775	-1.446432	1.511239	112.215003	0.001354	30.0
776	-1.451435	1.535775	112.092827	0.001253	30.6
777	-1.465371	1.412453	112.709606	0.001413	28.9
778	-1.459431	1.288608	113.335870	0.001296	24.3
779	-1.461063	1.283061	113.364085	0.003111	25.7
780	-1.467102	1.665405	111.451736	0.002578	22.6
781	-1.435261	2.655597	106.786517	0.001403	20.4
782	-1.439547	2.529464	107.358958	0.001517	21.1
783	-1.454352	2.374273	108.071757	0.001179	22.0
784	-1.448736	2.264209	108.583049	0.002093	25.2
785	-1.442316	2.107878	109.317643	0.001228	22.8
786	-1.444094	1.943877	110.099038	0.001599	23.1
787	-1.438998	1.912667	110.249005	0.002093	23.9
788	-1.455946	1.739447	111.088841	0.001314	22.1
789	-1.444134	1.615811	111.696139	0.001200	25.5
790	-1.437649	1.474179	112.400044	0.001063	19.4
791	-1.437703	1.400544	112.769527	0.001299	22.7
792	-1.453118	1.301721	113.269228	0.001485	29.2
793	-1.465348	1.097166	114.317772	0.002208	23.1
794	-1.480335	1.027772	114.677908	0.001809	24.2
795	-1.469842	0.762747	116.074447	0.001426	25.5
796	-1.470889	1.110796	114.247301	0.001733	23.2
797	-1.449310	0.886126	115.420098	0.001435	73.8
798	-1.439357	0.868055	115.515477	0.001241	33.5
799	-1.461129	0.811278	115.816172	0.001571	22.0
800	-1.449674	0.725978	116.270889	0.001902	24.1
801	-1.446780	1.083754	114.387201	0.002129	26.5
802	-1.458774	1.547919	112.032456	0.001417	19.3
803	-1.480704	1.882172	110.395936	0.001337	21.4
804	-1.461688	1.711060	111.227689	0.001724	23.1
805	-1.445770	1.818482	110.704069	0.001328	25.4
806	-1.457088	1.852164	110.540898	0.000912	20.1
807	-1.441092	1.706809	111.248514	0.001553	22.9
808	-1.463696	1.638527	111.584061	0.001955	22.1
809	-1.467891	1.693718	111.312691	0.001936	23.4
810	-1.456089	2.200934	108.879182	0.002097	23.2
811	-1.438798	2.192061	108.920841	0.001849	20.2
812	-1.439341	2.630428	106.900256	0.002127	20.9
813	-1.461130	2.365337	108.113088	0.002213	23.6
814	-1.444651	3.229231	104.258313	0.001806	22.0
815	-1.431362	3.929515	101.329640	0.001563	24.8
816	-1.430389	3.830916	101.732001	0.001321	22.8
817	-1.446912	3.748894	102.069157	0.001445	25.7
818	-1.453539	3.644584	102.501172	0.001638	25.0
819	-1.445320	3.876837	101.544211	0.001283	29.1
820	-1.444599	3.659724	102.438240	0.001754	22.3
821	-1.447296	3.504332	103.087845	0.002650	32.1
822	-1.464311	4.174500	100.343554	0.001055	23.2
823	-1.483269	4.105985	100.617395	0.001259	21.3
824	-1.457297	3.951966	101.238466	0.001776	23.9
825	-1.455958	3.849716	101.655037	0.001752	25.8
826	-1.452401	4.042524	100.872371	0.001304	20.0
827	-1.449097	3.999154	101.047370	0.001733	28.1
828	-1.446102	3.934685	101.308629	0.002471	21.4
829	-1.472701	4.601944	98.668242	0.001941	17.4
830	-1.450698	4.956712	97.319673	0.001209	17.3
831	-1.430136	4.760942	98.059253	0.001371	24.3
832	-1.435696	4.599966	98.675865	0.001297	26.4
833	-1.454128	4.617091	98.609901	0.001302	21.9
834	-1.431543	4.420008	99.374429	0.001052	17.7
835	-1.449862	4.289334	99.887910	0.001138	24.7
836	-1.438888	4.148544	100.447118	0.001161	22.2
837	-1.455766	4.035170	100.902003	0.001792	24.9
838	-1.439191	3.897557	101.459703	0.001204	25.4
839	-1.452602	3.919501	101.370361	0.001669	27.1
840	-1.449765	3.763483	102.009027	0.001812	26.0
841	-1.428246	3.941075	101.282676	0.001814	21.1
842	-1.447688	4.251394	100.037994	0.001819	24.9
843	-1.453396	4.605476	98.654632	0.001175	21.7
844	-1.416396	4.557719	98.838977	0.001265	25.4
845	-1.450175	4.410247	99.412603	0.001020	18.6
846	-1.451862	4.267471	99.974343	0.001585	28.8
847	-1.459844	4.221456	100.156740	0.001908	27.5
848	-1.464274	4.050359	100.840821	0.001340	28.1
849	-1.454253	4.136535	100.495107	0.001272	27.3
850	-1.453036	3.939159	101.290457	0.001306	27.5
851	-1.468429	3.745339	102.083821	0.001320	26.6
852	-1.449568	3.551156	102.891237	0.001673	23.7
853	-1.447600	3.343583	103.768569	0.000935	22.4
854	-1.439671	3.258911	104.130755	0.001224	22.7
855	-1.462836	3.131669	104.679822	0.002300	24.9
856	-1.465213	3.085927	104.878620	0.001724	22.7
857	-1.456836	2.819338	106.052432	0.001881	22.0
858	-1.448312	3.269140	104.086869	0.002160	19.4
859	-1.442964	3.000822	105.250509	0.001705	24.9
860	-1.460052	3.463225	103.261068	0.001487	23.6
861	-1.478953	3.470555	103.230139	0.001549	22.6
862	-1.432718	3.334880	103.805681	0.001361	22.0
863	-1.470875	3.126666	104.701528	0.001307	24.5
864	-1.456986	3.146489	104.615571	0.001139	22.1
865	-1.456861	2.985008	105.319905	0.001524	19.0
866	-1.461214	2.788944	106.187932	0.001859	24.5
867	-1.461209	2.688881	106.636476	0.002075	23.1
868	-1.464363	2.861460	105.865223	0.001446	19.6
869	-1.454599	2.704983	106.564040	0.001416	26.7
870	-1.446451	2.520233	107.401096	0.001072	17.4
871	-1.450068	2.452176	107.712768	0.001867	20.4
872	-1.435860	2.318319	108.331081	0.002595	26.4
873	-1.450776	3.114307	104.755187	0.001356	26.5
874	-1.471064	2.899495	105.696743	0.001310	22.5
875	-1.466608	2.746018	106.379891	0.001054	22.4
876	-1.440633	2.602011	107.028962	0.001534	22.4
877	-1.467391	2.543852	107.293350	0.001445	26.8
878	-1.451435	2.354964	108.161108	0.001173	20.7
879	-1.449113	2.182913	108.963820	0.001602	26.5
880	-1.454752	2.083543	109.432888	0.001665	22.1
881	-1.458472	1.967300	109.986753	0.001808	23.0
882	-1.459998	1.770669	110.936519	0.002468	21.7
883	-1.455566	2.434396	107.794489	0.001180	17.3
884	-1.454558	2.475700	107.604833	0.001307	22.8
885	-1.446787	2.293002	108.448830	0.002645	24.9
886	-1.448369	2.319633	108.324979	0.001500	17.2
887	-1.431293	2.236686	108.711661	0.001345	17.4
888	-1.462931	2.092239	109.391676	0.001528	23.3
889	-1.443481	1.871058	110.449581	0.001547	26.4
890	-1.433653	1.762408	110.976780	0.001969	26.6
891	-1.469875	1.893981	110.338993	0.001129	21.2
892	-1.451366	1.947951	110.079489	0.000904	26.3
893	-1.446457	1.863080	110.488120	0.002150	19.3
894	-1.497046	1.779685	110.892610	0.001350	23.6
895	-1.458751	1.610517	111.722292	0.002030	23.3
896	-1.461888	1.628274	111.634618	0.001219	17.4
897	-1.454042	1.452707	112.507539	0.001777	23.1
898	-1.454067	1.247321	113.546202	0.001875	26.7
899	-1.434752	1.476868	112.386600	0.001580	20.3
900	-1.458653	1.241960	113.573571	0.001677	24.1
901	-1.449242	1.560913	111.967933	0.001523	22.8
902	-1.459712	1.685621	111.352416	0.001234	21.9
903	-1.437871	1.607799	111.735723	0.000985	24.2
904	-1.466687	1.460637	112.467813	0.001320	24.3
905	-1.449100	1.377124	112.887552	0.001581	17.2
906	-1.439177	1.553575	112.004361	0.001076	23.5
907	-1.451888	1.538828	112.077644	0.001714	23.3
908	-1.437065	1.488038	112.330776	0.001483	20.4
909	-1.447187	1.366823	112.939543	0.002915	21.9
910	-1.464987	1.300800	113.273906	0.002169	23.7
911	-1.450046	2.264509	108.581651	0.002365	26.1
912	-1.479437	2.448897	107.727827	0.002763	21.7
913	-1.463414	3.303708	103.938820	0.001766	20.4
914	-1.452829	3.962848	101.194334	0.002067	17.3
915	-1.456364	3.697383	102.282042	0.003708	18.1
916	-1.455396	4.325505	99.745247	0.001265	21.7
917	-1.455943	4.110363	100.599852	0.001420	26.5
918	-1.447034	4.041547	100.876305	0.001118	26.5
919	-1.466852	4.001676	101.037178	0.001068	26.4
920	-1.481084	3.891182	101.485691	0.001040	26.5
921	-1.460381	3.787917	101.908473	0.001928	26.3
922	-1.452389	3.612338	102.635466	0.001695	27.0
923	-1.432377	3.983568	101.110408	0.001165	24.1
924	-1.470641	3.893711	101.475381	0.001647	25.2
925	-1.440773	3.734771	102.127437	0.002321	19.4
926	-1.475323	4.178588	100.327261	0.002229	24.5
927	-1.469689	3.914572	101.390413	0.000937	21.3
928	-1.451063	3.813659	101.802753	0.001548	18.9
929	-1.467644	3.706986	102.242286	0.001050	22.7
930	-1.451372	3.620257	102.602451	0.001377	24.5
931	-1.467682	3.486985	103.160873	0.001406	21.9
932	-1.460451	3.310400	103.910210	0.001736	21.2
933	-1.467514	3.237772	104.221573	0.001148	22.7
934	-1.467988	3.184874	104.449530	0.001650	22.6
935	-1.462910	2.994338	105.278954	0.001390	23.7
936	-1.447389	2.881474	105.776500	0.001368	22.0
937	-1.449118	2.730531	106.449316	0.001963	24.1
938	-1.460991	2.488395	107.546676	0.001363	25.7
939	-1.451033	2.245166	108.672003	0.002187	24.5
940	-1.470357	2.344063	108.211615	0.001726	20.9
941	-1.474935	2.173709	109.007099	0.002335	26.9
942	-1.432302	2.567824	107.184216	0.001862	25.7
943	-1.454641	3.261554	104.119414	0.001601	22.4
944	-1.463639	3.026951	105.136053	0.001161	21.2
945	-1.463981	2.956654	105.444559	0.001189	21.4
946	-1.449104	2.825361	106.025623	0.002057	25.5
947	-1.459110	2.646629	106.827016	0.001420	23.8
948	-1.464264	3.046706	105.049678	0.001831	22.3
949	-1.463009	2.837405	105.972056	0.002508	19.8
950	-1.448095	3.473858	103.216208	0.001134	25.6
951	-1.463707	3.325690	103.844897	0.001773	19.1
952	-1.479820	3.202181	104.374839	0.001823	25.6
953	-1.465621	2.968858	105.390871	0.002459	21.3
954	-1.454480	3.763402	102.009358	0.000989	20.1
955	-1.472286	3.758144	102.031025	0.001032	24.4
956	-1.453508	3.645911	102.495653	0.001841	21.0
957	-1.463607	3.566905	102.825273	0.002180	23.9
958	-1.463083	4.241353	100.077788	0.001431	21.7
959	-1.467908	4.472835	99.168342	0.000928	17.3
960	-1.467926	4.356230	99.624385	0.001841	17.1
961	-1.446230	4.227196	100.133951	0.001950	23.5
962	-1.442237	4.175893	100.338002	0.001752	26.4
963	-1.440396	3.957520	101.215939	0.001437	22.3
964	-1.464784	4.063225	100.789057	0.000934	21.0
965	-1.468561	3.897944	101.458128	0.001624	19.7
966	-1.439426	3.797717	101.868198	0.001593	27.2
967	-1.475720	3.595165	102.707129	0.001284	22.2
968	-1.452110	3.468885	103.237185	0.001520	19.9
969	-1.438742	3.341187	103.778783	0.001331	17.3
970	-1.451825	3.166559	104.528691	0.001921	17.4
971	-1.459676	3.083998	104.887020	0.001496	19.1
972	-1.457665	2.932846	105.549450	0.001734	17.2
973	-1.453296	2.789893	106.183694	0.001155	17.3
974	-1.438619	2.725349	106.472565	0.001507	22.4
975	-1.463910	2.535408	107.331846	0.002234	18.6
976	-1.460734	3.110425	104.772056	0.001404	25.1
977	-1.445901	2.874344	105.808091	0.001290	25.8
978	-1.461926	2.687378	106.643243	0.000943	21.9
979	-1.450718	2.596788	107.052652	0.001182	19.8
980	-1.462270	2.491048	107.534530	0.002136	24.4
981	-1.452281	2.337526	108.241926	0.001464	21.9
982	-1.456486	2.513727	107.430811	0.001090	23.7
983	-1.455649	2.368768	108.097214	0.001131	25.3
984	-1.446420	2.314279	108.349856	0.001215	17.8
985	-1.442186	2.326905	108.291208	0.002138	24.8
986	-1.452173	2.124341	109.239817	0.001365	24.9
987	-1.448519	2.079452	109.452286	0.002795	23.4
988	-1.452857	2.209526	108.838878	0.001357	23.8
989	-1.457374	2.010964	109.778052	0.001277	26.8
990	-1.456378	1.834953	110.624216	0.002580	20.5
991	-1.446012	2.134385	109.192388	0.000952	28.5
992	-1.467257	1.980737	109.922442	0.001150	22.4
993	-1.466158	1.883211	110.390924	0.000983	23.7
994	-1.466535	1.816781	110.712318	0.002030	26.8
995	-1.458576	1.724660	111.161123	0.001558	21.1
996	-1.442074	1.545415	112.044898	0.001774	27.4
997	-1.467241	1.355565	112.996416	0.001235	23.9
998	-1.452277	1.240022	113.583466	0.001883	22.9
999	-1.448258	1.208323	113.745588	0.001972	22.4
1000	-1.478167	1.002681	114.808679	0.004629	23.1
1001	-1.443359	1.981145	109.920492	0.001353	24.0
1002	-1.436739	2.762996	106.303885	0.001388	22.1
1003	-1.464072	2.586699	107.098444	0.001594	24.6
1004	-1.468727	2.679764	106.677531	0.001305	26.4
1005	-1.458394	2.756096	106.334762	0.001709	22.5
1006	-1.441137	2.581641	107.121414	0.001021	20.8
1007	-1.454951	2.440339	107.767161	0.001424	24.8
1008	-1.461346	2.355722	108.157597	0.001276	22.4
1009	-1.461632	2.327527	108.288321	0.001325	26.8
1010	-1.456381	2.359996	108.137810	0.001323	17.9
1011	-1.465731	2.192115	108.920588	0.001681	23.1
1012	-1.465494	2.169680	109.026055	0.001425	26.9
1013	-1.460491	2.074905	109.473851	0.001733	24.1
1014	-1.442669	2.039756	109.640863	0.001626	23.5
1015	-1.475916	2.138765	109.171719	0.001425	23.6
1016	-1.484114	1.904615	110.287764	0.001369	19.0
1017	-1.442318	1.840878	110.595521	0.001060	21.6
1018	-1.466368	1.698700	111.288260	0.001215	24.6
1019	-1.484627	1.638103	111.586150	0.001114	25.2
1020	-1.469898	1.520091	112.170897	0.001348	17.2
1021	-1.453478	1.363985	112.953878	0.001541	22.4
1022	-1.453824	1.298934	113.283385	0.001697	27.4
1023	-1.455518	1.472542	112.408233	0.001925	18.0
1024	-1.467555	1.826855	110.663459	0.002128	19.9
1025	-1.450657	2.588057	107.092280	0.001982	19.6
1026	-1.482406	2.868950	105.832002	0.001118	23.8
1027	-1.450304	2.882709	105.771032	0.001881	17.4
1028	-1.454591	2.870815	105.823732	0.001221	20.6
1029	-1.468444	2.988140	105.306152	0.001573	24.6
1030	-1.461679	2.904218	105.675861	0.002083	20.6
1031	-1.445779	2.693066	106.617638	0.001575	26.1
1032	-1.465220	2.915076	105.627881	0.001218	21.9
1033	-1.492861	3.016525	105.181693	0.001238	22.7
1034	-1.465824	2.931894	105.553649	0.001278	19.9
1035	-1.453547	2.955260	105.450692	0.001771	24.8
1036	-1.451015	2.830501	106.002756	0.001723	21.3
1037	-1.464162	2.689581	106.633323	0.001404	22.5
1038	-1.478432	2.612265	106.982483	0.002073	22.5
1039	-1.462330	2.879324	105.786025	0.001567	26.0
1040	-1.447725	2.740116	106.406337	0.001350	17.3
1041	-1.455892	2.629541	106.904269	0.001996	23.7
1042	-1.455515	3.000777	105.250708	0.001573	24.1
1043	-1.463187	2.746273	106.378747	0.002574	26.3
1044	-1.437864	3.400167	103.527928	0.001709	21.9
1045	-1.475513	3.188388	104.434357	0.001992	24.4
1046	-1.458638	3.765503	102.000705	0.001445	17.3
1047	-1.471176	3.609656	102.646651	0.001289	17.4
1048	-1.444966	3.604250	102.669206	0.001371	23.5
1049	-1.474494	3.632337	102.552135	0.001582	26.3
1050	-1.487582	3.485371	103.167674	0.001297	23.6
1051	-1.452356	3.300524	103.952439	0.001632	23.7
1052	-1.480151	3.426899	103.414634	0.001204	21.7
1053	-1.453758	3.283277	104.026272	0.001721	22.9
1054	-1.469335	3.188767	104.432722	0.001417	23.0
1055	-1.453406	3.001361	105.248147	0.002293	23.2
1056	-1.468913	2.961679	105.422443	0.000895	18.7
1057	-1.452468	2.962163	105.420314	0.001696	25.3
1058	-1.453711	2.878500	105.789676	0.001349	24.5
1059	-1.442502	2.671825	106.713307	0.001837	22.3
1060	-1.459090	2.470990	107.626425	0.001670	18.9
1061	-1.461445	2.614083	106.974250	0.001314	21.5
1062	-1.435698	2.607161	107.005616	0.000933	21.2
1063	-1.469277	2.501393	107.487193	0.001601	19.1
1064	-1.452373	2.357360	108.150012	0.001158	28.2
1065	-1.454846	2.305479	108.390769	0.001305	22.2
1066	-1.482724	2.164321	109.051276	0.001648	26.8
1067	-1.473942	2.042313	109.628699	0.001715	26.6
1068	-1.475193	1.824754	110.673648	0.001247	24.8
1069	-1.477067	1.956135	110.040245	0.001434	23.0
1070	-1.463943	1.766338	110.957625	0.001362	23.0
1071	-1.452312	1.688395	111.338804	0.001969	23.8
1072	-1.473227	1.856938	110.517810	0.002049	23.3
1073	-1.472593	2.487603	107.550300	0.001327	23.0
1074	-1.447985	2.300501	108.413923	0.001658	27.5
1075	-1.464882	2.109784	109.308626	0.002353	21.2
1076	-1.467095	1.953885	110.051032	0.002732	21.1
1077	-1.456044	2.406028	107.925135	0.001823	23.0
1078	-1.445872	3.208249	104.348676	0.001031	22.6
1079	-1.482201	3.230251	104.253924	0.001097	22.2
1080	-1.465352	3.105831	104.792021	0.001757	23.7
1081	-1.460430	2.997570	105.264772	0.001531	18.3
1082	-1.463303	3.333965	103.809585	0.001162	24.8
1083	-1.485687	3.179664	104.472037	0.001390	25.0
1084	-1.468924	3.064478	104.972097	0.002347	24.6
1085	-1.459065	2.919583	105.607975	0.001262	22.7
1086	-1.454246	3.273783	104.066957	0.002131	24.4
1087	-1.467369	3.058331	104.998918	0.002221	26.6
1088	-1.456161	3.868714	101.577377	0.001172	25.1
1089	-1.465308	3.626211	102.577645	0.001339	23.0
1090	-1.459511	3.655724	102.454862	0.001408	22.5
1091	-1.454905	3.559310	102.857072	0.001762	24.7
1092	-1.464302	3.472778	103.220762	0.002573	22.2
1093	-1.483561	4.218534	100.168342	0.001576	23.4
1094	-1.483251	4.860817	97.680547	0.002019	18.1
1095	-1.455932	4.608398	98.643373	0.001797	23.4
1096	-1.460256	4.917247	97.467866	0.001216	22.1
1097	-1.472395	4.764966	98.043939	0.001384	26.8
1098	-1.469741	4.635478	98.539171	0.001267	20.6
1099	-1.458617	4.663187	98.432777	0.001463	24.1
1100	-1.489877	4.695076	98.310617	0.001314	26.1
1101	-1.470880	4.523211	98.972610	0.002304	20.5
1102	-1.475109	4.737826	98.147325	0.001112	24.3
1103	-1.482671	4.969020	97.273550	0.001316	22.0
1104	-1.470644	4.848438	97.727329	0.001219	20.6
1105	-1.499098	4.700200	98.291016	0.001285	26.8
1106	-1.454412	4.547776	98.877443	0.001108	17.8
1107	-1.463084	4.499036	99.066441	0.002270	19.4
1108	-1.446180	4.326881	99.739829	0.001757	17.9
1109	-1.486608	4.174325	100.344249	0.001361	27.2
1110	-1.472153	4.296298	99.860414	0.001373	26.8
1111	-1.481579	4.110603	100.598887	0.001652	26.9
1112	-1.478182	4.282362	99.915456	0.001368	27.2
1113	-1.458092	4.477156	99.151523	0.001379	27.2
1114	-1.469970	4.633410	98.547121	0.000961	27.4
1115	-1.453977	4.510069	99.023597	0.002811	27.5
1116	-1.450631	4.507498	99.033579	0.001234	21.2
1117	-1.445490	4.306746	99.819185	0.001627	26.4
1118	-1.461300	4.174606	100.343131	0.001225	23.6
1119	-1.478526	4.153524	100.427232	0.001305	20.7
1120	-1.458411	4.170563	100.359246	0.001565	23.8
1121	-1.489296	4.105129	100.620825	0.001985	18.0
1122	-1.467960	3.865966	101.588605	0.002168	20.5
1123	-1.462533	4.617001	98.610245	0.001717	18.0
1124	-1.457582	5.129603	96.675741	0.001797	18.5
1125	-1.429574	4.897785	97.541112	0.002283	22.1
1126	-1.458081	5.183188	96.477892	0.001287	22.5
1127	-1.474318	5.324158	95.961237	0.001555	31.5
1128	-1.464490	5.233897	96.291405	0.001027	18.6
1129	-1.483991	5.066749	96.908853	0.002051	26.6
1130	-1.457179	5.080962	96.856043	0.002253	20.3
1131	-1.451502	5.682635	94.672011	0.001762	28.4
1132	-1.456762	5.991187	93.589762	0.001858	18.6
1133	-1.483375	6.254561	92.685358	0.001444	31.4
1134	-1.462117	6.103645	93.201440	0.001517	24.0
1135	-1.479440	5.997398	93.568230	0.001031	22.3
1136	-1.453833	5.899207	93.909785	0.001502	22.8
1137	-1.468694	5.840053	94.116759	0.002181	23.2
1138	-1.457784	5.735289	94.485561	0.001632	20.4
1139	-1.468399	6.014986	93.507313	0.001314	21.3
1140	-1.473073	6.084167	93.268469	0.002004	27.9
1141	-1.487435	6.235187	92.751290	0.002516	17.8
1142	-1.485387	6.600469	91.523763	0.002851	27.3
1143	-1.477665	7.587192	88.364704	0.001852	24.3
1144	-1.459447	8.011066	87.073627	0.001051	23.7
1145	-1.463040	7.995267	87.121071	0.001546	23.1
1146	-1.458103	7.858754	87.533190	0.001507	22.5
1147	-1.474104	7.905791	87.390751	0.001135	24.3
1148	-1.486533	7.833649	87.609403	0.001171	31.3
1149	-1.491494	7.687037	88.057150	0.001450	38.4
1150	-1.481446	7.646235	88.182576	0.001313	36.1
1151	-1.486600	7.471796	88.722845	0.002073	28.9
1152	-1.467111	7.420887	88.881772	0.002008	25.5
1153	-1.477115	7.684939	88.063593	0.001487	27.7
1154	-1.479054	7.486842	88.675986	0.001031	20.6
1155	-1.461560	7.487298	88.674567	0.001455	23.1
1156	-1.481406	7.382884	89.000779	0.002544	24.7
1157	-1.485672	7.146116	89.749462	0.002516	26.4
1158	-1.482318	7.803414	87.701366	0.001080	23.0
1159	-1.460353	7.972989	87.188063	0.001092	28.8
1160	-1.461252	7.837672	87.597180	0.001678	23.0
1161	-1.453494	7.809417	87.683091	0.001306	20.0
1162	-1.464384	7.950047	87.257157	0.001271	28.8
1163	-1.489752	7.783560	87.761861	0.001492	22.4
1164	-1.470489	7.716809	87.965860	0.001188	24.6
1165	-1.476252	7.537646	88.518119	0.002215	20.2
1166	-1.461575	7.434832	88.838182	0.001595	21.5
1167	-1.466810	7.909070	87.380837	0.001227	27.8
1168	-1.470410	7.927507	87.325145	0.001050	29.2
1169	-1.457892	7.912220	87.371318	0.001878	24.5
1170	-1.471604	7.713492	87.976019	0.001535	24.7
1171	-1.461920	7.943339	87.277380	0.001073	25.2
1172	-1.459930	7.943152	87.277944	0.001269	21.8
1173	-1.465042	7.801347	87.707662	0.001127	23.5
1174	-1.487399	7.712612	87.978716	0.001265	27.1
1175	-1.470669	7.694337	88.034750	0.001735	21.0
1176	-1.466705	7.563883	88.436812	0.001916	26.7
1177	-1.454865	7.305917	89.242781	0.001288	22.4
1178	-1.446599	7.392531	88.970539	0.002124	24.0
1179	-1.472692	7.157588	89.712895	0.002340	19.9
1180	-1.469950	8.079532	86.868617	0.001464	28.8
1181	-1.455297	8.448220	85.781034	0.001750	21.7
1182	-1.463597	8.341005	86.094487	0.001254	42.7
1183	-1.474998	8.261777	86.327594	0.001208	34.0
1184	-1.487266	8.108637	86.781761	0.001864	39.1
1185	-1.457600	8.231833	86.416024	0.001487	30.2
1186	-1.459078	8.205947	86.492617	0.001522	32.8
1187	-1.459206	8.421670	85.858441	0.001317	22.2
1188	-1.473877	8.478712	85.692305	0.001204	29.1
1189	-1.466241	8.507140	85.609746	0.001634	26.2
1190	-1.473101	8.411789	85.887288	0.002461	29.1
1191	-1.458165	8.247745	86.369008	0.001120	20.2
1192	-1.470005	8.533319	85.533861	0.002403	25.1
1193	-1.473280	8.290409	86.243207	0.001505	29.0
1194	-1.475508	8.205441	86.494115	0.001263	31.4
1195	-1.483925	8.044325	86.973920	0.001839	25.0
1196	-1.457617	7.824728	87.636518	0.001666	25.7
1197	-1.470396	7.624763	88.248723	0.001429	21.6
1198	-1.471526	7.504301	88.621672	0.002788	27.6
1199	-1.473155	8.025891	87.029155	0.002438	24.1
1200	-1.479754	9.006500	84.185052	0.001389	24.0
1201	-1.483185	9.285999	83.408138	0.002321	31.6
1202	-1.493858	9.086605	83.960912	0.002180	23.9
1203	-1.485023	9.944672	81.632753	0.001045	29.0
1204	-1.441230	9.800087	82.015962	0.001033	22.8
1205	-1.461602	9.707721	82.262658	0.001435	25.8
1206	-1.482230	9.594995	82.565752	0.000940	23.7
1207	-1.453438	9.466363	82.914352	0.001649	22.0
1208	-1.459531	9.462453	82.924995	0.000974	28.4
1209	-1.488520	9.299110	83.372046	0.003385	27.0
1210	-1.467936	9.517292	82.775981	0.001794	19.8
1211	-1.467602	9.243402	83.525615	0.001271	22.4
1212	-1.455311	9.227113	83.570626	0.001080	25.9
1213	-1.472438	9.201916	83.640348	0.002652	23.4
1214	-1.458851	9.507907	82.801444	0.001258	18.7
1215	-1.461895	9.275703	83.436502	0.001325	19.6
1216	-1.474265	9.179744	83.701794	0.001253	27.8
1217	-1.478358	9.023464	84.137486	0.002418	22.1
1218	-1.461390	9.198274	83.650436	0.001049	29.3
1219	-1.468413	9.088843	83.954667	0.001248	23.5
1220	-1.455786	9.012933	84.167007	0.002226	31.4
1221	-1.476454	8.787543	84.803864	0.001603	23.5
1222	-1.455158	9.170983	83.726101	0.001313	20.2
1223	-1.479330	9.216861	83.598980	0.003368	28.1
1224	-1.455962	9.328233	83.291987	0.001161	28.2
1225	-1.471602	9.235016	83.548782	0.001333	22.7
1226	-1.460240	9.171532	83.724578	0.001125	29.2
1227	-1.438251	9.222247	83.584083	0.001648	21.8
1228	-1.462357	9.300932	83.367031	0.001535	34.7
1229	-1.485963	9.339160	83.261987	0.001671	27.2
1230	-1.495859	9.102755	83.915866	0.001330	28.7
1231	-1.476402	8.954114	84.332281	0.002940	20.6
1232	-1.464455	9.203065	83.637167	0.002590	27.9
1233	-1.446073	10.195400	80.976642	0.001438	21.8
1234	-1.475291	10.521309	80.139399	0.002734	27.6
1235	-1.484930	10.888792	79.215882	0.001959	24.7
1236	-1.466478	10.636775	79.846912	0.001276	21.4
1237	-1.464840	10.513037	80.160436	0.000928	27.3
1238	-1.473987	10.484507	80.233074	0.002403	23.7
1239	-1.456795	10.375670	80.511389	0.001549	19.5
1240	-1.458378	10.449420	80.322586	0.001420	27.5
1241	-1.477418	10.290742	80.729909	0.001716	26.7
1242	-1.466619	10.165676	81.053873	0.001844	30.1
1243	-1.489612	10.041867	81.377154	0.001675	24.9
1244	-1.452330	9.926955	81.679519	0.002014	27.9
1245	-1.441488	10.048358	81.360140	0.002561	22.8
1246	-1.447822	9.839433	81.911323	0.001744	24.2
1247	-1.486064	10.075749	81.288428	0.001363	28.5
1248	-1.471200	10.101240	81.221803	0.001198	25.4
1249	-1.476979	10.011471	81.456914	0.002458	25.8
1250	-1.465586	9.768036	82.101398	0.001953	22.0
1251	-1.480067	9.505918	82.806842	0.001107	17.5
1252	-1.491121	9.426495	83.022996	0.001227	22.5
1253	-1.439694	9.306163	83.352643	0.001579	26.4
1254	-1.464877	9.181663	83.696474	0.001089	22.5
1255	-1.473634	9.021407	84.143249	0.002140	31.4
1256	-1.455673	8.824505	84.698765	0.001364	24.6
1257	-1.478198	8.954657	84.330751	0.001363	27.6
1258	-1.461914	8.911988	84.451049	0.001393	24.6
1259	-1.464659	9.110115	83.895353	0.001570	26.9
1260	-1.481092	9.014148	84.163602	0.001231	24.1
1261	-1.454890	8.793263	84.787584	0.001056	26.9
1262	-1.469307	8.712825	85.017119	0.001844	24.5
1263	-1.473616	8.614391	85.299702	0.001248	27.1
1264	-1.438148	8.416084	85.874748	0.001168	24.1
1265	-1.470608	8.292087	86.238266	0.001786	32.3
1266	-1.463875	8.404416	85.908824	0.001334	27.0
1267	-1.446596	8.169871	86.599587	0.001504	20.7
1268	-1.476390	8.033289	87.006980	0.001679	29.8
1269	-1.461398	7.809020	87.684302	0.002008	28.0
1270	-1.464298	7.826598	87.630831	0.001662	19.9
1271	-1.458083	7.579387	88.388836	0.001241	24.0
1272	-1.469630	7.398011	88.953370	0.001118	27.7
1273	-1.471458	7.261331	89.383574	0.001219	28.3
1274	-1.486166	7.217429	89.522641	0.001361	24.1
1275	-1.494808	7.178172	89.647363	0.001159	27.2
1276	-1.465349	7.068681	89.997062	0.001550	23.7
1277	-1.474098	7.058626	90.029310	0.001482	27.1
1278	-1.482778	7.255779	89.401138	0.001462	23.7
1279	-1.485692	7.282004	89.318237	0.001426	27.0
1280	-1.472973	7.402250	88.940093	0.001308	24.3
1281	-1.464473	7.357510	89.080415	0.001060	27.0
1282	-1.441071	7.253585	89.408079	0.001641	23.8
1283	-1.467256	7.142265	89.761743	0.001234	22.1
1284	-1.471118	7.096803	89.906984	0.002715	28.3
1285	-1.479955	6.950665	90.377054	0.001313	28.7
1286	-1.453245	7.031884	90.115198	0.002389	22.9
1287	-1.482769	6.920345	90.475198	0.001128	27.6
1288	-1.458313	6.734861	91.080275	0.001126	23.1
1289	-1.461649	6.730560	91.094402	0.001552	21.3
1290	-1.463866	6.604897	91.509081	0.001022	26.3
1291	-1.484028	6.525703	91.772362	0.001289	26.0
1292	-1.475020	6.371600	92.289043	0.002203	24.5
1293	-1.476406	6.590883	91.555560	0.001302	20.7
1294	-1.489406	6.432939	92.082688	0.000889	27.0
1295	-1.460344	6.300186	92.530459	0.001678	24.7
1296	-1.480785	6.159536	93.009642	0.001317	27.6
1297	-1.479046	6.177662	92.947610	0.001039	22.9
1298	-1.475777	6.170538	92.971980	0.002064	27.2
1299	-1.476020	5.945544	93.748294	0.001626	21.8
1300	-1.475721	6.358082	92.334643	0.001593	20.9
1301	-1.475829	6.230366	92.767714	0.001931	27.8
1302	-1.493298	6.634116	91.412324	0.001731	29.3
1303	-1.464395	6.420370	92.124897	0.002796	18.7
1304	-1.490561	7.287313	89.301474	0.001516	23.5
1305	-1.482206	7.158495	89.710008	0.000976	26.3
1306	-1.475711	7.075147	89.976333	0.003429	27.4
1307	-1.480700	7.172116	89.666633	0.001604	23.1
1308	-1.485848	6.957609	90.354608	0.002299	25.5
1309	-1.460087	7.300609	89.259519	0.001518	24.0
1310	-1.461481	7.915910	87.360168	0.001409	26.6
1311	-1.469070	7.737900	87.901300	0.002596	23.3
1312	-1.479092	7.472373	88.721048	0.000909	24.5
1313	-1.469478	7.556684	88.459108	0.001378	25.4
1314	-1.465294	7.541404	88.506465	0.001926	24.6
1315	-1.476891	7.359073	89.075504	0.001307	26.6
1316	-1.458764	7.197882	89.584697	0.002208	23.9
1317	-1.482528	6.998457	90.222787	0.001928	23.8
1318	-1.451387	6.726296	91.108412	0.001858	27.2
1319	-1.481389	7.320302	89.197452	0.002670	28.3
1320	-1.472413	8.152080	86.652436	0.001307	20.9
1321	-1.448664	8.609403	85.314073	0.001374	24.3
1322	-1.459553	8.459077	85.749419	0.001947	24.4
1323	-1.463976	8.314745	86.171609	0.002020	28.6
1324	-1.487387	8.620458	85.282233	0.001345	18.9
1325	-1.471468	8.488226	85.664656	0.001421	28.2
1326	-1.458317	8.329329	86.128761	0.001214	20.7
1327	-1.466141	8.285351	86.258100	0.001202	27.0
1328	-1.484092	8.128844	86.721560	0.001216	22.7
1329	-1.468248	8.057894	86.933305	0.001190	22.5
1330	-1.472742	7.982241	87.160229	0.001092	23.1
1331	-1.493940	7.866762	87.508906	0.002257	24.9
1332	-1.480749	7.743163	87.885206	0.001642	25.6
1333	-1.471108	8.350846	86.065619	0.000965	23.5
1334	-1.476314	8.367360	86.017223	0.002098	28.0
1335	-1.476309	8.344140	86.085288	0.001171	20.2
1336	-1.479405	8.286784	86.253882	0.001739	22.6
1337	-1.465243	8.215953	86.462995	0.000938	29.6
1338	-1.474324	8.051539	86.952321	0.001062	27.3
1339	-1.469064	7.976285	87.178143	0.002921	23.6
1340	-1.484617	8.348747	86.071775	0.001263	21.3
1341	-1.455484	8.236053	86.403549	0.001109	22.6
1342	-1.488181	8.120981	86.744974	0.003018	27.8
1343	-1.469698	8.041052	86.983720	0.001063	23.7
1344	-1.465895	8.411194	85.889025	0.002298	20.9
1345	-1.454860	8.189651	86.540904	0.002372	19.2
1346	-1.486913	9.076404	83.989388	0.001523	23.1
1347	-1.470832	9.800292	82.015415	0.001225	29.4
1348	-1.477011	9.902166	81.745040	0.001009	24.4
1349	-1.476073	9.859040	81.859280	0.001979	21.0
1350	-1.465052	9.863183	81.848291	0.002554	23.2
1351	-1.469457	10.779489	79.488337	0.000957	25.9
1352	-1.481252	10.729685	79.613106	0.001778	28.7
1353	-1.471571	10.560886	80.038904	0.001907	20.3
1354	-1.485070	10.975634	79.000741	0.001177	18.5
1355	-1.483805	10.832283	79.356506	0.001565	29.5
1356	-1.491719	10.614206	79.903913	0.001873	24.7
1357	-1.486757	10.856697	79.295689	0.001170	27.0
1358	-1.495409	10.795863	79.447403	0.001337	23.0
1359	-1.492534	10.664915	79.775953	0.001205	28.2
1360	-1.489859	10.606601	79.923139	0.001553	28.1
1361	-1.470611	10.440590	80.345146	0.001576	23.0
1362	-1.455582	10.501135	80.190723	0.001236	24.5
1363	-1.491717	10.384561	80.488581	0.001906	27.4
1364	-1.478686	10.305167	80.692711	0.001361	28.1
1365	-1.461787	10.068906	81.306331	0.001821	22.7
1366	-1.483665	10.350225	80.576735	0.001268	22.3
1367	-1.470677	10.619791	79.889800	0.001932	22.8
1368	-1.478337	10.905571	79.174221	0.001289	24.3
1369	-1.479496	10.706063	79.672419	0.001755	22.2
1370	-1.487554	11.049971	78.817505	0.001400	27.8
1371	-1.485524	10.899427	79.189471	0.001376	30.0
1372	-1.464657	10.708495	79.666309	0.001141	22.7
1373	-1.473898	10.554791	80.054366	0.001801	24.9
1374	-1.482533	10.418702	80.401117	0.001687	36.1
1375	-1.462044	10.715889	79.647735	0.001641	23.6
1376	-1.487925	10.749588	79.563199	0.001751	21.2
1377	-1.464570	10.693737	79.703406	0.001268	22.7
1378	-1.486254	10.884742	79.225943	0.001830	28.7
1379	-1.461827	10.742001	79.582216	0.001588	23.4
1380	-1.458780	10.784496	79.475817	0.001266	24.4
1381	-1.468079	10.734864	79.600113	0.001430	18.3
1382	-1.472971	10.598458	79.943735	0.001663	25.3
1383	-1.464986	10.776312	79.496284	0.001011	28.3
1384	-1.467271	10.655252	79.800306	0.001612	23.9
1385	-1.475832	10.693496	79.704012	0.000915	23.0
1386	-1.505192	10.657626	79.794321	0.001307	28.0
1387	-1.477295	10.613781	79.904988	0.001596	28.3
1388	-1.484494	10.423609	80.388564	0.002202	23.4
1389	-1.462654	10.962685	79.032747	0.001517	24.5
1390	-1.476349	10.789175	79.464118	0.001035	27.5
1391	-1.471737	10.660571	79.786900	0.000999	28.3
1392	-1.475021	10.582210	79.984864	0.001067	22.4
1393	-1.468062	10.465291	80.282073	0.002442	28.1
1394	-1.457372	10.419089	80.400127	0.001175	25.5
1395	-1.487623	10.472420	80.263886	0.001912	26.2
1396	-1.471985	10.339011	80.605568	0.001209	23.3
1397	-1.473000	10.341487	80.599199	0.001165	22.0
1398	-1.465407	10.287561	80.738116	0.001537	27.7
1399	-1.485775	10.253054	80.827261	0.001708	29.0
1400	-1.438246	10.698013	79.692654	0.001492	22.6
1401	-1.478666	10.581852	79.985770	0.001302	21.7
1402	-1.474545	10.395046	80.461699	0.001355	28.5
1403	-1.460827	10.211262	80.935491	0.001975	28.1
1404	-1.475335	10.424496	80.386293	0.001124	24.1
1405	-1.452382	10.239201	80.863104	0.001457	23.5
1406	-1.458667	10.280735	80.755736	0.000916	28.2
1407	-1.483877	10.194534	80.978891	0.001702	26.3
1408	-1.488362	10.093485	81.242059	0.001616	23.2
1409	-1.484682	10.346476	80.586372	0.001427	26.7
1410	-1.474352	10.115017	81.185838	0.001374	23.6
1411	-1.465512	10.154235	81.083640	0.001600	26.9
1412	-1.478356	10.156963	81.076540	0.001205	24.3
1413	-1.473005	10.073491	81.294334	0.001125	27.0
1414	-1.477621	9.977056	81.547411	0.001225	23.5
1415	-1.484126	9.937485	81.651716	0.000983	26.2
1416	-1.458398	9.813659	81.979838	0.001045	26.2
1417	-1.471104	9.761117	82.119866	0.001180	26.4
1418	-1.485109	9.766284	82.106073	0.001173	27.8
1419	-1.483810	9.691638	82.305766	0.001507	21.1
1420	-1.481324	9.600115	82.551937	0.001535	27.5
1421	-1.454683	9.790634	82.041142	0.001285	27.0
1422	-1.485086	9.895605	81.762399	0.001068	25.6
1423	-1.480175	9.853076	81.875102	0.001859	24.7
1424	-1.473628	9.775919	82.080369	0.001178	27.3
1425	-1.484857	9.747001	82.157567	0.001679	24.4
1426	-1.454680	9.561392	82.656534	0.002258	27.3
1427	-1.472911	9.305461	83.354574	0.002012	23.3
1428	-1.475607	9.098645	83.927325	0.001084	27.9
1429	-1.486543	9.142021	83.806548	0.001781	23.5
1430	-1.480164	8.994383	84.219062	0.001708	23.1
1431	-1.473409	8.881437	84.537393	0.000952	29.0
1432	-1.460652	8.780378	84.824267	0.002100	28.9
1433	-1.462114	8.772263	84.847389	0.001052	21.8
1434	-1.490478	8.697075	85.062207	0.001517	25.4
1435	-1.498384	8.561264	85.453002	0.001262	28.2
1436	-1.453956	8.382761	85.972137	0.001580	21.6
1437	-1.461874	8.211956	86.474824	0.001474	26.1
1438	-1.477924	8.078924	86.870435	0.001202	27.2
1439	-1.467962	7.985709	87.149802	0.001807	20.2
1440	-1.474333	8.183407	86.559419	0.001315	22.1
1441	-1.499587	8.250496	86.360885	0.001536	27.4
1442	-1.458224	8.262043	86.326809	0.000928	21.9
1443	-1.460369	8.149627	86.659730	0.001346	19.1
1444	-1.455407	8.057707	86.933865	0.001468	23.2
1445	-1.458081	7.906839	87.387582	0.001057	29.3
1446	-1.489607	7.737451	87.902673	0.002323	30.4
1447	-1.467004	8.024660	87.032847	0.001046	18.6
1448	-1.474168	7.861042	87.526250	0.002271	25.0
1449	-1.483302	8.048038	86.962801	0.001396	26.0
1450	-1.481140	8.674300	85.127493	0.002383	28.0
1451	-1.465228	9.035907	84.102629	0.001434	24.1
1452	-1.461568	9.624834	82.485304	0.001396	25.7
1453	-1.482574	9.734632	82.190631	0.001305	24.7
1454	-1.480490	9.649702	82.418379	0.000978	23.9
1455	-1.476878	9.543600	82.704684	0.001673	20.9
1456	-1.480525	9.550208	82.686794	0.001104	21.5
1457	-1.477320	9.747376	82.156563	0.003022	24.4
1458	-1.479776	10.100010	81.225015	0.001481	21.9
1459	-1.475167	10.431462	80.368478	0.001304	27.8
1460	-1.485867	10.509137	80.170358	0.001201	27.5
1461	-1.470902	10.411793	80.418801	0.001323	23.5
1462	-1.453239	10.349377	80.578913	0.002118	26.1
1463	-1.485252	10.549694	80.067299	0.002567	19.8
1464	-1.506128	11.452622	77.839590	0.002463	18.8
1465	-1.479401	11.177493	78.505146	0.001175	27.0
1466	-1.470468	11.033421	78.858227	0.001352	26.8
1467	-1.472549	10.900662	79.186406	0.001611	23.2
1468	-1.467404	10.753851	79.552516	0.001227	21.6
1469	-1.474166	10.556665	80.049611	0.001221	28.3
1470	-1.494632	10.483704	80.235120	0.001781	24.0
1471	-1.479504	10.358770	80.554777	0.001068	26.5
1472	-1.481640	10.258019	80.814422	0.001810	24.1
1473	-1.488723	10.089163	81.253355	0.001192	26.7
1474	-1.450351	10.114775	81.186470	0.001228	24.8
1475	-1.456242	10.133466	81.137729	0.001686	26.2
1476	-1.514671	10.168088	81.047601	0.001608	26.0
1477	-1.485527	10.439565	80.347766	0.002376	25.6
1478	-1.486651	10.434113	80.361701	0.001385	23.3
1479	-1.497921	10.204717	80.952465	0.001122	22.8
1480	-1.469796	10.205110	80.951446	0.001635	27.5
1481	-1.493310	10.196237	80.974470	0.001056	27.9
1482	-1.470101	10.189608	80.991681	0.001876	22.7
1483	-1.475851	10.057465	81.336282	0.001820	23.8
1484	-1.487459	9.803848	82.005947	0.001707	23.1
1485	-1.473515	9.685824	82.321361	0.002367	29.0
1486	-1.488852	9.431125	83.010364	0.001811	18.6
1487	-1.458038	9.825787	81.947584	0.001425	27.7
1488	-1.471859	9.931235	81.668217	0.002137	22.8
1489	-1.504466	9.929505	81.672785	0.001906	26.1
1490	-1.481846	9.659008	82.393362	0.001172	23.0
1491	-1.484842	9.551043	82.684535	0.001258	24.7
1492	-1.469892	9.641688	82.439934	0.000979	23.9
1493	-1.482017	9.506112	82.806317	0.000978	21.3
1494	-1.494666	9.411514	83.063894	0.001104	23.4
1495	-1.491009	9.304776	83.356458	0.001806	22.8
1496	-1.484056	9.390174	83.122222	0.001695	30.1
1497	-1.474734	9.530783	82.739404	0.001702	22.7
1498	-1.494702	9.351760	83.227424	0.001599	23.6
1499	-1.462309	9.252814	83.499631	0.000976	28.2
1500	-1.499920	9.102692	83.916041	0.001278	30.4
1501	-1.479483	8.963920	84.304682	0.001744	20.1
1502	-1.466268	8.774142	84.842035	0.001163	23.3
1503	-1.481113	8.730113	84.967680	0.002335	28.0
1504	-1.492622	8.522168	85.566168	0.002569	28.0
1505	-1.497530	9.316999	83.322850	0.001286	23.4
1506	-1.464430	9.747973	82.154968	0.001429	23.7
1507	-1.498653	9.597200	82.559803	0.001163	27.6
1508	-1.491710	9.432881	83.005573	0.001326	27.5
1509	-1.493896	9.289758	83.397788	0.001189	23.6
1510	-1.478625	9.108986	83.898501	0.001035	24.5
1511	-1.469497	9.072117	84.001361	0.001896	25.5
1512	-1.493774	8.892927	84.504899	0.001742	28.0
1513	-1.469237	9.446007	82.969789	0.002044	24.0
1514	-1.487793	10.064030	81.319093	0.001643	28.3
1515	-1.466516	9.851484	81.879329	0.001859	21.3
1516	-1.454217	10.173281	81.034101	0.001446	27.0
1517	-1.494029	10.166829	81.050874	0.001266	23.7
1518	-1.513044	10.028155	81.413116	0.002232	27.4
1519	-1.467717	10.561333	80.037773	0.002681	22.0
1520	-1.466787	11.497898	77.731144	0.001078	26.2
1521	-1.485736	11.371743	78.034067	0.001007	23.8
1522	-1.490856	11.274671	78.268768	0.001400	25.6
1523	-1.478603	11.181202	78.496097	0.001487	24.3
1524	-1.479035	11.208677	78.429138	0.002551	22.4
1525	-1.475034	11.602225	77.482405	0.001542	24.9
1526	-1.469253	12.283962	75.895375	0.001371	28.4
1527	-1.488928	12.187964	76.114907	0.001114	26.5
1528	-1.474477	12.179108	76.135222	0.001081	22.6
1529	-1.478617	12.141302	76.222073	0.002393	28.4
1530	-1.486445	12.055424	76.420100	0.001620	24.2
1531	-1.473027	12.416521	75.594307	0.001005	26.6
1532	-1.466290	12.247278	75.979116	0.001208	22.8
1533	-1.471210	12.236385	76.004018	0.001133	28.5
1534	-1.475100	12.186390	76.118516	0.001275	23.3
1535	-1.474458	12.139263	76.226764	0.001333	28.3
1536	-1.482900	12.034608	76.468254	0.001267	21.2
1537	-1.463023	11.955337	76.652190	0.001585	20.0
1538	-1.493798	11.850144	76.897646	0.001351	29.6
1539	-1.476838	11.787452	77.044681	0.001203	29.5
1540	-1.494671	11.834578	76.934101	0.001042	21.9
1541	-1.488400	11.797271	77.021615	0.001263	21.3
1542	-1.494244	11.706397	77.235617	0.001199	27.5
1543	-1.477807	11.644445	77.382194	0.001443	29.4
1544	-1.476754	11.573235	77.551363	0.001100	19.9
1545	-1.461246	11.602435	77.481906	0.002089	18.1
1546	-1.477421	11.391871	77.985577	0.000832	21.8
1547	-1.490508	11.259583	78.305377	0.002078	21.1
1548	-1.487991	11.274951	78.268090	0.001411	24.2
1549	-1.469695	11.235477	78.363933	0.000906	29.5
1550	-1.482524	11.092320	78.713498	0.001494	22.6
1551	-1.448107	10.954307	79.053467	0.002006	28.0
1552	-1.480393	11.454108	77.836026	0.001595	17.7
1553	-1.464773	11.537053	77.637602	0.001478	24.0
1554	-1.479284	11.536808	77.638186	0.001176	26.4
1555	-1.471786	11.404313	77.955633	0.001047	22.0
1556	-1.482371	11.409797	77.942444	0.001459	28.9
1557	-1.493758	11.353221	78.078740	0.001080	23.6
1558	-1.471728	11.188743	78.477709	0.001579	24.9
1559	-1.485763	11.323069	78.151576	0.001666	27.1
1560	-1.477414	11.156748	78.555790	0.001597	23.0
1561	-1.492634	10.918547	79.142036	0.001671	27.6
1562	-1.461027	11.278820	78.258708	0.001827	22.0
1563	-1.464323	11.455499	77.832689	0.001364	22.9
1564	-1.489265	11.612782	77.457322	0.001120	24.5
1565	-1.456682	11.515205	77.689770	0.001385	28.2
1566	-1.485380	11.392647	77.983709	0.000954	21.1
1567	-1.476885	11.274892	78.268232	0.001355	28.1
1568	-1.485587	11.138500	78.600394	0.002022	21.3
1569	-1.480534	11.567344	77.565391	0.001161	27.2
1570	-1.479081	11.919419	76.735826	0.001825	23.6
1571	-1.472887	12.143841	76.216235	0.001490	27.2
1572	-1.453077	11.899299	76.782754	0.001681	22.6
1573	-1.484676	11.693836	77.265290	0.001654	27.6
1574	-1.476746	11.896672	76.788885	0.001035	23.2
1575	-1.484244	11.873181	76.843757	0.001094	27.4
1576	-1.471357	11.735299	77.167425	0.001817	22.7
1577	-1.477565	11.583142	77.527782	0.001782	22.3
1578	-1.484717	12.203286	76.079781	0.001170	26.0
1579	-1.469311	12.220648	76.040020	0.001749	30.0
1580	-1.459889	12.255136	75.961163	0.001260	24.2
1581	-1.455321	12.117281	76.277360	0.001425	21.5
1582	-1.493983	11.920378	76.733588	0.001107	27.6
1583	-1.484088	11.937609	76.693447	0.001220	24.8
1584	-1.459465	11.874760	76.840067	0.003152	27.9
1585	-1.484001	11.870779	76.849373	0.001679	23.8
1586	-1.480260	11.748379	77.136604	0.001412	27.6
1587	-1.495947	11.539503	77.631755	0.000931	22.7
1588	-1.480478	11.582203	77.530018	0.001679	23.9
1589	-1.474939	11.493051	77.742739	0.001116	28.1
1590	-1.471378	11.586358	77.520131	0.001551	28.5
1591	-1.510467	11.524749	77.666971	0.001304	21.5
1592	-1.495090	11.337056	78.117772	0.001420	28.7
1593	-1.450932	11.211484	78.422304	0.001856	21.0
1594	-1.465536	11.325383	78.145980	0.001580	26.9
1595	-1.478415	11.245932	78.338525	0.001239	22.2
1596	-1.477264	11.143152	78.589019	0.001565	27.4
1597	-1.480256	10.997252	78.947367	0.001966	22.7
1598	-1.496198	10.761199	79.534111	0.001212	22.2
1599	-1.469368	11.179007	78.501451	0.001121	27.9
1600	-1.473134	11.208346	78.429944	0.001102	28.0
1601	-1.475035	11.113888	78.660634	0.001005	23.0
1602	-1.481811	11.053621	78.808529	0.001591	27.3
1603	-1.468414	11.164355	78.537213	0.001909	22.9
1604	-1.485915	10.940779	79.086948	0.003081	28.2
1605	-1.468070	11.902463	76.775370	0.001333	22.4
1606	-1.497690	11.769633	77.086574	0.001542	28.5
1607	-1.490936	11.688026	77.279024	0.001280	28.2
1608	-1.486380	11.507689	77.707730	0.002752	28.0
1609	-1.487645	11.624602	77.429258	0.002212	23.9
1610	-1.488321	12.569166	75.250568	0.001542	28.5
1611	-1.469624	12.880561	74.558942	0.001899	23.2
1612	-1.470026	12.771312	74.800138	0.001557	27.8
1613	-1.481696	13.217107	73.825609	0.001192	22.9
1614	-1.482486	13.111833	74.053445	0.001154	23.7
1615	-1.497549	13.054313	74.178528	0.001161	28.2
1616	-1.470235	12.938258	74.432186	0.001512	29.2
1617	-1.492686	12.880679	74.558682	0.001174	22.9
1618	-1.475877	12.789916	74.758953	0.001461	25.2
1619	-1.487766	12.877594	74.565471	0.001358	29.0
1620	-1.514047	12.736866	74.876509	0.001371	26.8
1621	-1.483838	12.616367	75.144906	0.001118	24.6
1622	-1.478093	12.516059	75.369803	0.001714	27.5
1623	-1.495142	12.327543	75.796131	0.000999	24.5
1624	-1.500801	12.259708	75.950719	0.001463	28.8
1625	-1.486052	12.111723	76.290165	0.001112	19.6
1626	-1.478698	12.092244	76.335070	0.001574	29.1
1627	-1.472215	11.989642	76.572481	0.001002	20.2
1628	-1.471324	12.051965	76.428097	0.002347	27.8
1629	-1.459904	11.861121	76.871960	0.000985	20.3
1630	-1.482549	11.886262	76.813193	0.001435	26.3
1631	-1.465940	11.830115	76.944560	0.001718	25.3
1632	-1.492241	12.145151	76.213222	0.001147	20.8
1633	-1.495784	11.962158	76.636330	0.002151	26.3
1634	-1.461969	11.769831	77.086109	0.001287	26.5
1635	-1.482622	12.122355	76.265675	0.001440	27.0
1636	-1.485377	11.925250	76.722234	0.001988	22.3
1637	-1.477565	11.675388	77.308913	0.001573	28.3
1638	-1.486787	12.305863	75.845467	0.001446	20.9
1639	-1.482200	12.691076	74.978276	0.001502	25.6
1640	-1.463471	12.609061	75.161242	0.002176	21.3
1641	-1.467952	13.128350	74.017606	0.001294	28.2
1642	-1.477971	12.951747	74.402615	0.001430	21.1
1643	-1.502308	12.877580	74.565502	0.001399	22.5
1644	-1.482780	13.005456	74.285101	0.001442	28.9
1645	-1.455129	12.777146	74.787217	0.001758	27.7
1646	-1.469614	13.122916	74.029392	0.001091	22.3
1647	-1.472472	13.012148	74.270485	0.001292	24.7
1648	-1.480248	12.962552	74.378944	0.001616	28.0
1649	-1.464015	12.767588	74.808386	0.001004	28.8
1650	-1.476399	12.685840	74.989930	0.001799	21.5
1651	-1.467422	12.519633	75.361768	0.003178	25.3
1652	-1.483145	13.477496	73.268046	0.002461	27.6
1653	-1.475781	14.468368	71.221173	0.001319	27.9
1654	-1.492228	14.330241	71.499619	0.001693	25.4
1655	-1.465024	14.148840	71.868624	0.001276	28.5
1656	-1.486803	14.026013	72.120649	0.001536	21.5
1657	-1.507669	14.275204	71.611174	0.001772	27.5
1658	-1.498115	14.304773	71.551196	0.001251	23.6
1659	-1.467594	14.105742	71.956855	0.001193	27.4
1660	-1.468841	14.109455	71.949245	0.001390	23.2
1661	-1.496711	14.011514	72.150515	0.001139	27.6
1662	-1.479465	13.849618	72.485695	0.001015	23.1
1663	-1.473879	13.758061	72.676631	0.001766	22.4
1664	-1.466274	13.626728	72.952281	0.001757	28.9
1665	-1.470439	14.074046	72.021880	0.001190	27.9
1666	-1.481077	13.884264	72.413703	0.001985	22.5
1667	-1.477651	13.907388	72.365734	0.001736	24.6
1668	-1.475471	13.698390	72.801614	0.001869	27.8
1669	-1.499172	13.467743	73.288778	0.000995	29.2
1670	-1.455896	13.318269	73.607990	0.002050	21.5
1671	-1.490319	13.418041	73.394612	0.001758	26.2
1672	-1.485071	13.166087	73.935853	0.001614	27.4
1673	-1.480342	13.080319	74.121922	0.001770	24.4
1674	-1.497660	12.928890	74.452738	0.001128	24.8
1675	-1.480085	12.900846	74.514329	0.001260	27.3
1676	-1.479764	12.797278	74.742670	0.001459	24.2
1677	-1.489805	12.742837	74.863260	0.001730	27.3
1678	-1.461182	12.492104	75.423712	0.001734	26.9
1679	-1.491780	12.723427	74.906349	0.001130	29.5
1680	-1.484490	12.600016	75.181475	0.001525	22.5
1681	-1.492231	12.461388	75.492947	0.001184	20.0
1682	-1.502041	12.493463	75.420651	0.001419	28.7
1683	-1.469789	12.542983	75.309307	0.001024	28.7
1684	-1.491631	12.566482	75.256585	0.001216	23.8
1685	-1.491515	12.437417	75.547066	0.001358	26.1
1686	-1.477162	12.429192	75.565654	0.002261	23.1
1687	-1.475433	12.611017	75.156867	0.002079	25.7
1688	-1.438993	13.503186	73.213493	0.001228	26.6
1689	-1.480234	13.539081	73.137404	0.001342	27.3
1690	-1.471972	13.438248	73.351548	0.002269	23.0
1691	-1.477107	13.872211	72.438732	0.001505	27.2
1692	-1.473987	14.411800	71.334944	0.001178	24.7
1693	-1.477085	14.595695	70.966413	0.001582	28.5
1694	-1.483564	14.516126	71.125402	0.001923	22.7
1695	-1.481357	14.340005	71.479864	0.001502	20.5
1696	-1.457621	14.244178	71.674215	0.001243	23.7
1697	-1.488865	14.137858	71.891085	0.001240	28.3
1698	-1.468128	14.224103	71.715064	0.001518	29.5
1699	-1.461736	14.253384	71.655497	0.001186	22.5
1700	-1.475726	14.372910	71.413372	0.002183	24.4
1701	-1.472405	14.141422	71.883794	0.001075	21.4
1702	-1.478287	14.068080	72.034133	0.001303	23.2
1703	-1.499634	13.935516	72.307469	0.001249	28.4
1704	-1.484901	14.035655	72.100800	0.001160	28.1
1705	-1.494975	14.049674	72.071962	0.001366	20.4
1706	-1.496132	13.987905	72.199201	0.001964	22.2
1707	-1.494261	14.157181	71.851572	0.002593	28.3
1708	-1.481561	14.795675	70.569943	0.001660	28.7
1709	-1.491217	14.771391	70.617851	0.002372	23.3
1710	-1.491047	14.506650	71.144384	0.001130	23.5
1711	-1.481434	14.380795	71.397457	0.002609	27.8
1712	-1.488833	14.318309	71.523775	0.001697	27.7
1713	-1.460369	15.206541	69.769126	0.001547	23.3
1714	-1.487718	15.076416	70.020779	0.001173	27.0
1715	-1.471127	14.941416	70.283785	0.000962	25.8
1716	-1.479740	14.844480	70.473857	0.001562	28.0
1717	-1.458085	14.835847	70.490834	0.001771	22.3
1718	-1.476920	14.657269	70.843866	0.001758	28.0
1719	-1.465037	15.292803	69.603297	0.001346	23.6
1720	-1.488873	15.341948	69.509173	0.001283	25.2
1721	-1.481560	15.185454	69.809786	0.001188	25.5
1722	-1.484141	15.276340	69.634884	0.001238	21.3
1723	-1.479155	15.203175	69.775615	0.000978	26.8
1724	-1.477316	15.146290	69.885423	0.002542	27.2
1725	-1.485596	15.056292	70.059859	0.001132	26.4
1726	-1.461689	14.843013	70.476742	0.001052	20.6
1727	-1.491849	14.822507	70.517086	0.001536	28.0
1728	-1.482044	14.673783	70.811071	0.001413	26.7
1729	-1.506006	14.455370	71.247283	0.000874	26.8
1730	-1.495734	14.371351	71.416519	0.001324	24.8
1731	-1.490544	14.371673	71.415869	0.001191	27.3
1732	-1.485034	14.263714	71.634507	0.002537	24.9
1733	-1.474152	14.105696	71.956949	0.001629	23.0
1734	-1.480288	14.861461	70.440486	0.001217	29.9
1735	-1.471170	15.080135	70.013562	0.003020	27.1
1736	-1.485472	15.697843	68.835074	0.001130	23.3
1737	-1.492453	15.515814	69.178213	0.001907	25.5
1738	-1.485819	15.344667	69.503974	0.002571	28.4
1739	-1.491076	16.233835	67.844173	0.002719	28.3
1740	-1.486346	15.959380	68.347974	0.002049	23.2
1741	-1.486454	16.863461	66.716003	0.001372	28.1
1742	-1.479187	16.653437	67.088132	0.002152	25.1
1743	-1.479144	17.025977	66.430870	0.001292	27.4
1744	-1.490051	17.565463	65.501580	0.000948	21.9
1745	-1.498034	17.503762	65.606544	0.001382	17.4
1746	-1.490557	17.414226	65.759460	0.001448	22.3
1747	-1.511115	17.538119	65.548055	0.001109	29.3
1748	-1.464847	17.419560	65.750331	0.001213	28.8
1749	-1.478703	17.427193	65.737270	0.002578	28.5
1750	-1.485952	17.213040	66.105673	0.001440	23.0
1751	-1.487800	16.951002	66.562110	0.001478	22.6
1752	-1.512868	17.009333	66.459961	0.000911	29.1
1753	-1.494926	16.983748	66.504726	0.001735	25.7
1754	-1.491748	16.901073	66.649796	0.001201	23.8
1755	-1.505961	16.742104	66.930523	0.002390	20.6
1756	-1.496274	17.104375	66.294192	0.001241	23.4
1757	-1.487158	16.879384	66.687957	0.001078	28.0
1758	-1.489367	16.865636	66.712170	0.001375	24.7
1759	-1.494105	16.770391	66.880398	0.001563	28.6
1760	-1.503519	16.918008	66.620029	0.001536	25.7
1761	-1.501358	16.744860	66.925636	0.002229	24.7
1762	-1.477093	16.572626	67.232425	0.001424	26.1
1763	-1.469623	17.146182	66.221536	0.002032	23.8
1764	-1.506485	17.280443	65.989278	0.001967	27.6
1765	-1.472500	17.833442	65.049572	0.002496	24.3
1766	-1.475990	17.566228	65.500280	0.001418	28.5
1767	-1.497014	17.891466	64.952521	0.001181	25.2
1768	-1.456483	17.937077	64.876436	0.001400	27.2
1769	-1.484043	17.790597	65.121420	0.001797	24.5
1770	-1.487863	17.756157	65.179289	0.002520	27.9
1771	-1.500619	18.358156	64.182346	0.001767	23.5
1772	-1.492401	18.228742	64.394080	0.002253	24.9
1773	-1.494116	19.071834	63.039261	0.001166	29.7
1774	-1.448868	18.896123	63.316898	0.001593	23.0
1775	-1.478635	19.028142	63.108069	0.001201	22.2
1776	-1.495159	19.073653	63.036398	0.001348	22.7
1777	-1.458758	19.037524	63.093282	0.001569	26.5
1778	-1.493210	19.181139	62.867774	0.001237	23.8
1779	-1.479859	19.042083	63.086097	0.001523	28.0
1780	-1.474798	18.878408	63.345025	0.001852	24.0
1781	-1.505907	18.626797	63.747236	0.001105	28.6
1782	-1.475258	18.637523	63.729985	0.001623	25.2
1783	-1.499219	18.681374	63.659559	0.002466	25.8
1784	-1.490054	18.603476	63.784774	0.001241	17.2
1785	-1.471587	18.493770	63.961956	0.001227	22.4
1786	-1.468852	18.503442	63.946296	0.001802	21.1
1787	-1.479660	18.623183	63.753049	0.001122	23.0
1788	-1.486552	18.566298	63.844708	0.001048	24.7
1789	-1.500327	18.539987	63.887192	0.000912	19.5
1790	-1.488370	18.513070	63.930713	0.001483	26.0
1791	-1.468863	18.539579	63.887852	0.001139	31.2
1792	-1.499536	18.356060	64.185763	0.001598	31.5
1793	-1.470433	18.542883	63.882513	0.001982	22.3
1794	-1.500811	18.377167	64.151358	0.001460	26.2
1795	-1.475260	18.369460	64.163917	0.000970	27.8
1796	-1.480352	18.290647	64.292624	0.001481	21.2
1797	-1.472203	18.274922	64.318365	0.001258	22.8
1798	-1.475383	18.205725	64.431885	0.001611	25.5
1799	-1.475882	18.414347	64.090843	0.001285	27.5
1800	-1.486654	18.271564	64.323864	0.001634	23.1
1801	-1.480917	18.459180	64.018025	0.001649	27.4
1802	-1.480299	18.338533	64.214361	0.001325	22.9
1803	-1.461946	18.135155	64.548071	0.001037	26.2
1804	-1.472269	18.120129	64.572865	0.001370	22.8
1805	-1.463483	18.079078	64.640696	0.001238	20.9
1806	-1.491091	17.970990	64.819980	0.001353	22.6
1807	-1.487905	17.926128	64.894684	0.002027	29.1
1808	-1.488727	17.690448	65.289985	0.002062	27.7
1809	-1.454089	17.420003	65.749572	0.001119	22.2
1810	-1.474162	17.579094	65.478436	0.001967	23.0
1811	-1.506551	17.382707	65.813460	0.000973	26.9
1812	-1.487459	17.314619	65.930416	0.001425	28.2
1813	-1.492484	17.277303	65.994690	0.001074	19.2
1814	-1.491333	17.125592	66.257299	0.001832	23.6
1815	-1.496469	17.037870	66.410101	0.000921	22.7
1816	-1.479592	16.854633	66.731562	0.001717	28.2
1817	-1.480270	16.935072	66.590060	0.001282	22.4
1818	-1.497278	16.997541	66.480585	0.001170	26.2
1819	-1.485533	16.951315	66.561562	0.001272	22.6
1820	-1.489449	16.808706	66.812622	0.001275	23.3
1821	-1.469992	16.794426	66.837865	0.001452	25.1
1822	-1.474068	16.601922	67.180043	0.001447	27.7
1823	-1.468295	16.436725	67.476489	0.001122	27.4
1824	-1.494007	16.262142	67.792635	0.001332	22.7
1825	-1.493598	16.380971	67.577130	0.000988	27.7
1826	-1.480275	16.271436	67.775730	0.001069	22.8
1827	-1.482760	16.160536	67.977996	0.001614	27.9
1828	-1.481022	16.067637	68.148362	0.001464	21.1
1829	-1.482341	16.305960	67.713009	0.001709	23.1
1830	-1.490077	16.113700	68.063781	0.001353	23.6
1831	-1.502555	16.078111	68.129112	0.002523	22.4
1832	-1.497223	15.905409	68.447928	0.001279	21.7
1833	-1.497243	16.312176	67.701728	0.002091	28.8
1834	-1.490109	16.245945	67.822114	0.002248	27.4
1835	-1.479027	16.874190	66.697104	0.001639	21.3
1836	-1.471204	17.377730	65.821996	0.001210	29.4
1837	-1.485471	17.186708	66.151258	0.001495	25.9
1838	-1.510490	17.288763	65.974937	0.001025	23.9
1839	-1.502822	17.151429	66.212429	0.000950	22.3
1840	-1.483446	17.146776	66.220505	0.001123	27.9
1841	-1.488344	17.025030	66.432526	0.001002	24.4
1842	-1.494123	16.926595	66.604945	0.002000	27.2
1843	-1.471092	16.812374	66.806141	0.001322	24.4
1844	-1.510534	16.718585	66.972258	0.001473	26.4
1845	-1.478058	16.722769	66.964829	0.001256	23.2
1846	-1.491748	16.962053	66.542734	0.001167	22.2
1847	-1.472581	16.849773	66.740129	0.001518	28.8
1848	-1.494251	16.738574	66.936783	0.001432	28.4
1849	-1.488564	16.697378	67.009933	0.001500	19.9
1850	-1.472721	16.548311	67.275963	0.001405	23.4
1851	-1.480244	16.504671	67.354244	0.001035	24.1
1852	-1.490987	16.375998	67.586122	0.000908	28.1
1853	-1.481838	16.265514	67.786500	0.001349	22.6
1854	-1.470238	16.240670	67.831721	0.002119	27.2
1855	-1.467183	16.669030	67.060361	0.000996	23.1
1856	-1.489009	16.500251	67.362182	0.001361	22.1
1857	-1.488910	16.527920	67.312517	0.001119	25.3
1858	-1.483561	16.384252	67.571201	0.001561	29.3
1859	-1.489569	16.433804	67.481754	0.003793	24.4
1860	-1.487857	16.168484	67.963459	0.001393	20.3
1861	-1.487153	16.889576	66.670019	0.000847	26.1
1862	-1.469693	16.838833	66.759426	0.001240	27.9
1863	-1.501739	16.874515	66.696532	0.002447	28.4
1864	-1.462945	16.628708	67.132221	0.001366	22.2
1865	-1.481799	16.438353	67.473555	0.001324	27.7
1866	-1.474816	16.248404	67.817637	0.001462	23.9
1867	-1.489812	16.245518	67.822893	0.001457	28.0
1868	-1.489306	16.055485	68.170712	0.001644	19.4
1869	-1.461678	16.316085	67.694635	0.001287	20.8
1870	-1.488050	16.416739	67.512532	0.001298	27.6
1871	-1.479390	16.334787	67.660724	0.001605	28.7
1872	-1.496972	16.374078	67.589594	0.001165	23.2
1873	-1.498264	16.251106	67.812719	0.001552	27.2
1874	-1.488021	16.443956	67.463458	0.001123	23.2
1875	-1.503119	16.701222	67.003101	0.001581	26.7
1876	-1.482660	16.521087	67.324775	0.001417	25.5
1877	-1.503936	16.773991	66.874023	0.001045	28.9
1878	-1.465936	16.762784	66.893870	0.001676	20.4
1879	-1.454560	16.743474	66.928093	0.001394	27.6
1880	-1.507178	16.526126	67.315736	0.002138	22.8
1881	-1.487687	16.926206	66.605628	0.001104	26.7
1882	-1.486278	16.721041	66.967896	0.001279	24.2
1883	-1.496376	16.701151	67.003227	0.001595	21.3
1884	-1.483399	16.943042	66.576073	0.001465	24.7
1885	-1.501604	17.113941	66.277553	0.001526	29.3
1886	-1.468696	17.074221	66.346696	0.001154	26.1
1887	-1.489109	16.897091	66.656799	0.002095	21.1
1888	-1.481562	16.846661	66.745617	0.002057	26.1
1889	-1.502539	16.576052	67.226295	0.001129	25.5
1890	-1.463826	16.943525	66.575227	0.001442	29.9
1891	-1.476646	16.975707	66.518807	0.001320	22.0
1892	-1.491432	16.949543	66.564668	0.001609	28.3
1893	-1.464629	17.114740	66.276163	0.002558	22.0
1894	-1.498700	17.628536	65.394629	0.002000	18.8
1895	-1.473644	18.543325	63.881799	0.001564	29.5
1896	-1.490374	18.287546	64.297698	0.001638	28.2
1897	-1.489832	18.368811	64.164974	0.001054	19.9
1898	-1.515497	18.558045	63.858029	0.001382	23.5
1899	-1.500332	18.424272	64.074709	0.001425	19.1
1900	-1.492553	18.662260	63.690238	0.002173	22.2
1901	-1.474434	18.418019	64.084873	0.001876	26.9
1902	-1.490378	18.240502	64.374783	0.001214	21.0
1903	-1.476588	18.503492	63.946214	0.001836	25.0
1904	-1.496586	18.301888	64.274234	0.001351	23.2
1905	-1.457402	18.544006	63.880699	0.001149	25.6
1906	-1.481253	18.403719	64.108130	0.002899	17.7
1907	-1.500140	18.722987	63.592870	0.001118	19.8
1908	-1.484887	18.496586	63.957395	0.001665	17.6
1909	-1.501767	18.349720	64.196106	0.001125	26.8
1910	-1.470890	18.299527	64.278097	0.001289	32.0
1911	-1.494472	18.271294	64.324307	0.001865	33.8
1912	-1.486770	18.163141	64.501945	0.001660	26.3
1913	-1.499097	17.994433	64.781010	0.001084	23.0
1914	-1.493437	17.910152	64.921329	0.001926	19.1
1915	-1.492473	18.134268	64.549534	0.001162	28.3
1916	-1.487075	18.019896	64.738737	0.001926	28.5
1917	-1.495555	18.067319	64.660151	0.002130	21.6
1918	-1.496739	18.034345	64.714772	0.001297	23.0
1919	-1.487481	17.998016	64.775059	0.001441	27.8
1920	-1.473798	17.873525	64.982498	0.001451	27.7
1921	-1.471910	17.745804	65.196706	0.001251	23.7
1922	-1.489634	17.645468	65.365976	0.001136	27.2
1923	-1.511451	17.558140	65.514021	0.000963	23.5
1924	-1.483569	17.560139	65.510625	0.001617	27.2
1925	-1.462786	17.638513	65.377742	0.001387	22.4
1926	-1.486707	17.472529	65.659806	0.001540	27.7
1927	-1.484176	17.432422	65.728327	0.001207	23.4
1928	-1.489386	17.400689	65.782641	0.001031	26.0
1929	-1.493313	17.312531	65.934009	0.001210	25.6
1930	-1.519181	17.196519	66.134267	0.001605	29.0
1931	-1.497403	17.095151	66.310244	0.001544	22.5
1932	-1.477721	16.851672	66.736781	0.001282	22.9
1933	-1.482002	16.690065	67.022935	0.002115	28.0
1934	-1.495651	16.846994	66.745031	0.001287	28.2
1935	-1.486745	17.383124	65.812745	0.001456	23.9
1936	-1.506920	17.223485	66.087610	0.000860	20.5
1937	-1.485817	17.205824	66.118160	0.001229	28.4
1938	-1.467890	17.070725	66.352788	0.001147	27.1
1939	-1.475924	17.021358	66.438940	0.001197	24.5
1940	-1.468692	17.009603	66.459489	0.000972	27.3
1941	-1.498366	16.925619	66.606658	0.001280	24.0
1942	-1.487793	16.865093	66.713127	0.000984	26.1
1943	-1.486893	16.922318	66.612458	0.001085	24.2
1944	-1.458991	16.840360	66.756732	0.000997	21.5
1945	-1.488338	16.714439	66.979619	0.001123	17.5
1946	-1.478268	16.664029	67.069266	0.001122	22.3
1947	-1.469013	16.560158	67.254742	0.001008	22.2
1948	-1.480167	16.509415	67.345725	0.001968	27.2
1949	-1.491239	16.381216	67.576688	0.001937	25.3
1950	-1.468542	17.096856	66.307277	0.001958	22.4
1951	-1.484549	16.987044	66.498956	0.002089	29.9
1952	-1.502922	16.741730	66.931186	0.001547	21.1
1953	-1.491617	16.897462	66.656146	0.001137	26.4
1954	-1.491100	16.841280	66.755109	0.001382	28.9
1955	-1.482730	16.678537	67.043441	0.003190	22.2
1956	-1.505464	16.539173	67.292339	0.001118	28.0
1957	-1.474390	16.359162	67.616580	0.002020	22.6
1958	-1.473171	16.305004	67.714743	0.001064	19.3
1959	-1.470296	16.398662	67.545164	0.001966	25.2
1960	-1.504058	16.456965	67.440028	0.000985	24.2
1961	-1.488704	16.407169	67.529804	0.002453	21.0
1962	-1.484346	16.343823	67.644354	0.001032	29.7
1963	-1.509296	16.236586	67.839161	0.001009	28.4
1964	-1.502247	16.234882	67.842267	0.001686	19.4
1965	-1.471008	16.152020	67.993579	0.001622	27.3
1966	-1.493842	15.998758	68.275232	0.001456	29.3
1967	-1.493763	16.010984	68.252678	0.002451	19.0
1968	-1.504092	15.771871	68.696499	0.002215	25.7
1969	-1.491066	16.727073	66.957189	0.001332	23.0
1970	-1.479879	16.520272	67.326237	0.001121	27.0
1971	-1.493870	16.463162	67.428873	0.002264	24.1
1972	-1.489589	16.535274	67.299329	0.001922	24.4
1973	-1.476275	17.399128	65.785316	0.001302	24.2
1974	-1.471188	17.493819	65.623490	0.000949	21.3
1975	-1.492372	17.496539	65.618855	0.001746	21.3
1976	-1.497073	17.387691	65.804915	0.001955	24.7
1977	-1.524669	17.963512	64.832419	0.000977	29.7
1978	-1.474421	17.818386	65.074802	0.000931	18.5
1979	-1.508353	17.732342	65.219366	0.001205	24.8
1980	-1.486494	17.625188	65.400296	0.001637	25.6
1981	-1.479289	17.564986	65.502390	0.001537	28.1
1982	-1.488612	17.330886	65.902437	0.001458	22.9
1983	-1.490853	17.161493	66.194967	0.001433	29.0
1984	-1.482657	17.382702	65.813469	0.001362	20.9
1985	-1.489567	17.680023	65.307582	0.002300	21.8
1986	-1.496893	18.261494	64.340363	0.002145	28.1
1987	-1.498392	17.990750	64.787129	0.001349	27.7
1988	-1.488039	17.946631	64.860520	0.002983	22.6
1989	-1.496038	17.866291	64.994592	0.000993	21.9
1990	-1.490284	18.122116	64.569584	0.001587	29.1
1991	-1.490351	17.958780	64.840294	0.001986	22.3
1992	-1.476354	17.750526	65.188761	0.002388	29.0
1993	-1.503365	18.564219	63.848063	0.001320	24.8
1994	-1.481761	19.175357	62.876822	0.001373	25.6
1995	-1.478001	19.029195	63.106410	0.001148	23.6
1996	-1.481560	19.037192	63.093804	0.001006	27.4
1997	-1.512236	18.995070	63.160254	0.000898	22.4
1998	-1.480170	18.912119	63.291522	0.002300	21.1
1999	-1.466669	18.874480	63.351265	0.002434	26.5
