1:ItNr	2:Metric	3a:Time	3b:StepSize	4:||Gradient||	Time[ms]
0	-0.700121	0.000000	383.910119	0.005744	336.1
1	-0.721435	0.000000	383.910119	0.004241	32.5
2	-0.771974	0.000000	383.910119	0.004287	40.8
3	-0.729715	0.000000	383.910119	0.003312	43.7
4	-0.745917	0.000000	383.910119	0.003633	48.8
5	-0.733190	0.000000	383.910119	0.004515	34.4
6	-0.730877	0.367737	377.303058	0.002972	39.9
7	-0.740584	0.032645	383.314253	0.003136	34.5
8	-0.761663	0.000000	383.910119	0.003170	35.4
9	-0.736308	0.000000	383.910119	0.002524	46.1
10	-0.738613	0.000000	383.910119	0.002924	33.7
11	-0.755575	0.000000	383.910119	0.002909	34.1
12	-0.737495	0.000000	383.910119	0.003446	33.5
13	-0.770453	0.992910	366.577796	0.003071	64.7
14	-0.772393	1.992909	350.634736	0.002675	75.3
15	-0.771266	1.648117	355.972743	0.003043	31.5
16	-0.772330	1.303329	361.475750	0.003118	27.3
17	-0.762944	0.967676	366.998880	0.003050	27.3
18	-0.769186	1.197971	363.191413	0.003882	47.5
19	-0.762912	1.912725	351.861791	0.002364	59.6
20	-0.769668	1.567934	357.237510	0.002476	41.1
21	-0.763404	1.223165	362.779677	0.002787	44.6
22	-0.781259	1.632607	356.216690	0.003198	39.6
23	-0.783523	1.292236	361.655623	0.002588	37.5
24	-0.801006	0.947445	367.337184	0.003163	34.8
25	-0.777262	0.602653	373.200106	0.002365	37.4
26	-0.805724	0.505334	374.888970	0.002262	37.6
27	-0.765690	0.160640	380.995679	0.002171	37.8
28	-0.774935	0.000000	383.910119	0.002413	36.2
29	-0.790933	0.000000	383.910119	0.002548	28.8
30	-0.789529	0.000000	383.910119	0.003185	102.5
31	-0.812170	0.000000	383.910119	0.002724	43.1
32	-0.806924	0.992891	366.578119	0.002466	72.4
33	-0.792393	0.648099	372.416644	0.002480	41.4
34	-0.790982	0.304374	378.425223	0.002213	49.3
35	-0.816015	0.000000	383.910119	0.002284	42.5
36	-0.802169	0.000000	383.910119	0.003081	56.4
37	-0.816297	0.490242	375.152237	0.002084	35.6
38	-0.798401	0.154163	381.112342	0.002404	30.0
39	-0.820950	0.000000	383.910119	0.002884	33.6
40	-0.788470	0.000000	383.910119	0.002944	30.9
41	-0.775287	0.999998	366.459687	0.002280	35.1
42	-0.812892	0.655213	372.294300	0.002841	45.8
43	-0.792520	0.310423	378.317807	0.002919	31.8
44	-0.804758	0.000000	383.910119	0.003404	30.6
45	-0.823481	1.000000	366.459659	0.003145	23.3
46	-0.823489	2.000000	350.526631	0.002367	37.8
47	-0.809145	2.785253	338.954251	0.002903	30.3
48	-0.816062	2.445980	343.859054	0.002142	28.8
49	-0.809676	2.101193	348.991180	0.002901	27.1
50	-0.811371	1.982397	350.795118	0.002933	39.3
51	-0.813829	2.977168	336.241227	0.002273	33.6
52	-0.811115	3.126230	334.163796	0.001932	45.6
53	-0.825320	2.783688	338.976551	0.002290	38.6
54	-0.817705	2.582376	341.870242	0.002963	50.6
55	-0.798521	2.252853	346.714987	0.002538	55.8
56	-0.828953	3.050920	335.210144	0.002446	45.3
57	-0.820317	2.706255	340.083771	0.003007	33.1
58	-0.818971	2.362483	345.088006	0.002554	30.8
59	-0.811937	3.362481	330.923296	0.002702	28.2
60	-0.826236	3.023792	335.588674	0.002346	27.4
61	-0.823388	2.738438	339.622709	0.002078	30.3
62	-0.851513	2.434782	344.023356	0.002428	32.7
63	-0.836855	2.094948	349.085541	0.002670	40.3
64	-0.824018	1.750380	354.372645	0.002147	47.8
65	-0.812930	1.421533	359.570085	0.002397	39.0
66	-0.808096	1.076915	365.182927	0.003270	42.7
67	-0.830734	2.076834	349.359550	0.002338	34.9
68	-0.829710	3.073908	334.890058	0.002439	40.2
69	-0.808780	2.729137	339.755822	0.002238	56.7
70	-0.826058	2.478174	343.387550	0.002737	53.3
71	-0.849283	2.371737	344.951361	0.002805	40.5
72	-0.815056	3.264104	332.264993	0.002270	50.3
73	-0.845000	2.919313	337.054515	0.002191	50.7
74	-0.834732	2.575303	341.972799	0.002549	40.4
75	-0.844228	2.254468	346.690900	0.002611	36.5
76	-0.810755	1.909692	351.908370	0.002559	43.3
77	-0.829558	1.564902	357.285511	0.003035	60.1
78	-0.857299	2.564897	342.123810	0.002571	29.5
79	-0.829056	3.564891	328.196549	0.002072	36.3
80	-0.821957	3.422058	330.116021	0.002589	44.0
81	-0.836153	3.590491	327.854886	0.002885	36.0
82	-0.809574	3.990287	322.609845	0.002096	32.3
83	-0.836820	4.986003	310.248275	0.002740	30.9
84	-0.838816	5.536698	303.809940	0.002700	28.0
85	-0.864392	5.191910	307.809259	0.002489	28.1
86	-0.826861	4.978977	310.332182	0.002858	26.6
87	-0.836148	5.978956	298.829669	0.002478	34.3
88	-0.868003	6.978536	288.153476	0.002289	28.3
89	-0.829456	6.640285	291.679791	0.002786	34.7
90	-0.809809	6.379438	294.458651	0.002390	35.0
91	-0.827529	7.179478	286.098713	0.003466	41.8
92	-0.847952	6.834687	289.642649	0.003101	45.0
93	-0.840120	7.834686	279.597722	0.002385	35.2
94	-0.833569	8.819755	270.361455	0.002668	41.9
95	-0.828083	9.399861	265.202284	0.001999	43.4
96	-0.827084	10.357116	257.106315	0.001691	56.3
97	-0.798682	10.017596	259.920611	0.002224	29.5
98	-0.844365	9.709839	262.525392	0.004104	35.4
99	-0.831196	9.365222	265.504806	0.002673	26.7
100	-0.864434	10.365222	257.039864	0.002549	23.8
101	-0.867515	10.020439	259.896792	0.002934	28.2
102	-0.846909	10.427958	256.526764	0.003170	23.6
103	-0.837281	11.427958	248.616100	0.001937	30.2
104	-0.855394	11.205661	250.332156	0.002295	28.6
105	-0.836416	10.884628	252.852647	0.002317	25.4
106	-0.833582	10.540388	255.612343	0.002772	27.8
107	-0.829087	10.293840	257.626180	0.002182	19.1
108	-0.820427	9.963647	260.373482	0.001971	32.4
109	-0.818522	9.619555	263.299464	0.002109	29.2
110	-0.846876	10.302754	257.552816	0.002068	33.9
111	-0.849448	9.957969	260.421233	0.002426	33.4
112	-0.843432	10.937636	252.432977	0.001779	45.2
113	-0.846199	10.607417	255.070275	0.002205	38.5
114	-0.864761	11.465433	248.329124	0.001744	33.9
115	-0.838208	11.122476	250.980420	0.002439	40.1
116	-0.855942	10.783006	253.661111	0.002140	27.7
117	-0.864684	10.438321	256.442213	0.003931	32.7
118	-0.869844	11.437641	248.541889	0.002116	33.9
119	-0.858374	12.437641	241.108892	0.002694	31.3
120	-0.860647	12.092851	243.620970	0.002658	37.1
121	-0.855803	13.092803	236.475494	0.002752	35.8
122	-0.824672	12.748012	238.891478	0.003369	33.2
123	-0.863467	12.403222	241.357330	0.002327	24.4
124	-0.868762	13.397235	234.382574	0.002493	37.7
125	-0.856429	13.052463	236.755633	0.002864	39.8
126	-0.849181	14.052463	230.001311	0.001919	27.8
127	-0.836411	15.048198	223.648142	0.002456	33.5
128	-0.844619	14.703408	225.807923	0.001977	19.2
129	-0.866929	14.358733	228.009091	0.002789	22.8
130	-0.856428	15.334287	221.887182	0.002426	28.6
131	-0.840874	15.004283	223.920926	0.003201	20.6
132	-0.849662	15.939536	218.251593	0.002310	25.2
133	-0.848608	15.594772	220.307770	0.003537	26.3
134	-0.843188	16.594771	214.447709	0.002062	24.3
135	-0.849394	17.594770	208.891319	0.002965	20.5
136	-0.838330	17.250035	210.773992	0.002400	30.2
137	-0.872193	16.905244	212.691218	0.002380	25.7
138	-0.856516	17.903340	207.234457	0.001778	28.8
139	-0.875521	17.933280	207.075090	0.001998	36.4
140	-0.846970	17.594594	208.892275	0.002261	21.7
141	-0.863214	17.464143	209.600730	0.002263	26.2
142	-0.855353	17.119462	211.495968	0.002546	31.2
143	-0.855724	16.778099	213.407048	0.002470	23.3
144	-0.837372	16.493258	215.028327	0.002403	30.3
145	-0.828681	17.493098	209.443065	0.002308	24.3
146	-0.867602	17.247880	210.785867	0.002303	27.3
147	-0.864345	18.162709	205.861969	0.002225	28.0
148	-0.858698	17.818160	207.689196	0.002611	31.5
149	-0.864138	17.476521	209.533301	0.002347	26.3
150	-0.857259	18.459389	204.314172	0.002308	28.1
151	-0.851581	18.118946	206.092273	0.002135	30.6
152	-0.871828	17.781499	207.885532	0.002616	24.2
153	-0.854519	17.492596	209.445798	0.002121	29.6
154	-0.854030	18.256815	205.368484	0.002402	30.1
155	-0.885267	18.142915	205.966076	0.002029	30.2
156	-0.852183	19.099232	201.054036	0.002778	21.5
157	-0.856640	18.754441	202.797783	0.001649	40.3
158	-0.865674	18.426558	204.484309	0.002630	34.1
159	-0.869445	18.158923	205.881875	0.002693	30.4
160	-0.860354	17.814212	207.710322	0.002427	36.3
161	-0.858441	17.469424	209.571958	0.002103	25.5
162	-0.848178	18.416299	204.537533	0.001774	32.0
163	-0.856919	18.347619	204.894544	0.002489	32.0
164	-0.881180	18.006538	206.686184	0.002330	32.2
165	-0.852152	17.777717	207.905808	0.001998	28.5
166	-0.852668	17.511511	209.342926	0.002587	24.7
167	-0.858805	17.168192	211.225946	0.002642	27.1
168	-0.873356	17.994359	206.750736	0.002420	29.7
169	-0.854840	18.596001	203.609263	0.002653	32.3
170	-0.837205	18.251241	205.397647	0.003405	24.7
171	-0.849045	19.251207	200.294927	0.002628	24.4
172	-0.865860	20.251207	195.439434	0.003054	25.1
173	-0.861323	19.953149	196.861844	0.002255	35.3
174	-0.863297	19.645248	198.353137	0.002649	24.8
175	-0.853927	19.303758	200.033764	0.003205	26.0
176	-0.874983	18.977219	201.667666	0.003165	30.8
177	-0.875997	19.977219	196.746208	0.002592	30.1
178	-0.875106	20.976782	192.061234	0.002932	26.2
179	-0.854887	20.676499	193.445050	0.001754	26.9
180	-0.854512	20.331786	195.058413	0.002516	26.4
181	-0.852292	20.104889	196.135123	0.002400	23.3
182	-0.855666	20.164795	195.849694	0.002593	29.5
183	-0.864911	19.823238	197.488316	0.002228	31.1
184	-0.853173	19.570388	198.719139	0.002405	23.7
185	-0.865542	19.421006	199.453536	0.001915	31.0
186	-0.835078	19.870609	197.259416	0.002180	25.7
187	-0.860694	19.526160	198.936007	0.002477	29.8
188	-0.846024	19.197797	200.561053	0.002491	22.5
189	-0.858822	18.855883	202.281618	0.002151	25.6
190	-0.861417	18.511196	204.046277	0.003098	31.0
191	-0.849065	18.341538	204.926215	0.002767	30.0
192	-0.871728	17.996791	206.737846	0.003259	27.5
193	-0.859944	18.996534	201.570280	0.002659	23.9
194	-0.885079	18.651742	203.323033	0.003359	33.0
195	-0.856923	18.306956	205.106507	0.002898	32.4
196	-0.850672	19.306643	200.019448	0.002029	24.0
197	-0.856509	20.194844	195.706836	0.002929	28.1
198	-0.872473	19.850056	197.358666	0.002464	42.5
199	-0.864531	19.505893	199.035545	0.002785	41.5
200	-0.873008	19.162164	200.738999	0.004451	42.0
201	-0.869615	20.162164	195.862214	0.002350	41.8
202	-0.873726	20.573300	193.925248	0.003851	41.7
203	-0.883712	21.570811	189.381231	0.002237	36.1
204	-0.864604	21.233132	190.895445	0.002397	34.5
205	-0.857123	22.109054	187.016686	0.002337	32.5
206	-0.851989	21.764266	188.524516	0.003112	42.1
207	-0.869968	21.419928	190.054835	0.003101	48.5
208	-0.866529	22.419874	185.677934	0.002378	28.2
209	-0.867150	22.077211	187.154931	0.002261	26.7
210	-0.890391	22.145922	186.856884	0.003071	29.8
211	-0.874152	23.106845	182.785971	0.003066	22.6
212	-0.866445	23.053472	183.007423	0.003065	26.6
213	-0.865351	22.765153	184.213056	0.002679	27.2
214	-0.862127	23.760907	180.115039	0.002318	24.9
215	-0.880504	23.503815	181.155538	0.002468	29.0
216	-0.852344	23.168408	182.531198	0.002266	25.9
217	-0.877673	23.762819	180.107345	0.002815	30.6
218	-0.879271	23.528701	181.054293	0.003396	31.8
219	-0.866428	23.186524	182.456362	0.003433	27.0
220	-0.878333	24.186524	178.418513	0.001948	30.2
221	-0.864847	25.184664	174.562545	0.002768	25.9
222	-0.846692	26.107806	171.141754	0.002266	32.8
223	-0.885754	27.100642	167.609250	0.002492	26.4
224	-0.868954	28.100618	164.195743	0.002385	31.1
225	-0.866847	27.790837	165.238251	0.003147	26.2
226	-0.870565	28.790659	161.920180	0.002827	29.7
227	-0.875616	29.221504	160.531084	0.002163	23.0
228	-0.889389	28.898024	161.571779	0.001780	28.8
229	-0.875217	29.147975	160.766461	0.002350	36.7
230	-0.891202	30.135948	157.660371	0.002264	40.4
231	-0.860939	29.814397	158.658036	0.002282	30.7
232	-0.881575	29.472259	159.733537	0.002359	30.7
233	-0.858786	29.638782	159.208264	0.001793	25.4
234	-0.855897	29.295030	160.296404	0.002361	21.9
235	-0.870669	29.907050	158.369272	0.002447	18.8
236	-0.884320	30.836046	155.531007	0.003503	30.0
237	-0.861604	31.836046	152.587353	0.003267	30.8
238	-0.874560	32.836046	149.753056	0.002100	28.8
239	-0.874710	32.491260	150.718315	0.002807	28.5
240	-0.883291	32.149393	151.687761	0.003168	28.0
241	-0.867321	33.149326	148.886665	0.003035	27.8
242	-0.879290	34.149325	146.186965	0.002407	22.4
243	-0.853479	34.663286	144.837165	0.002276	27.8
244	-0.877276	34.336665	145.692057	0.003024	75.9
245	-0.857072	33.991877	146.605515	0.001877	38.0
246	-0.864701	33.658643	147.499318	0.002755	35.1
247	-0.890647	33.740333	147.279201	0.002357	44.1
248	-0.859208	33.420878	148.143741	0.002522	42.6
249	-0.865495	33.245722	148.622087	0.002681	36.4
250	-0.875284	32.900931	149.572787	0.002479	34.4
251	-0.883719	32.556155	150.535685	0.003842	34.9
252	-0.871322	32.211372	151.511080	0.002869	43.4
253	-0.891810	33.132278	148.933553	0.003205	34.9
254	-0.864880	32.801198	149.850056	0.003366	33.1
255	-0.830868	32.456407	150.816582	0.002197	34.3
256	-0.878241	32.256164	151.383649	0.002664	36.1
257	-0.866789	33.231312	148.661578	0.002555	33.1
258	-0.869000	33.383624	148.245223	0.002951	35.4
259	-0.875319	33.038989	149.190661	0.002143	44.5
260	-0.874153	32.694228	150.148589	0.002617	58.8
261	-0.873912	33.666676	147.477641	0.002683	36.4
262	-0.866786	33.321885	148.413710	0.002605	34.9
263	-0.860172	34.320943	145.733461	0.002435	34.9
264	-0.890804	33.977252	146.644516	0.001900	36.9
265	-0.869944	34.657808	144.851421	0.002592	31.4
266	-0.874761	34.467816	145.347575	0.001998	31.5
267	-0.872621	34.124581	146.252585	0.002261	33.0
268	-0.873216	35.043162	143.855419	0.003035	26.9
269	-0.842584	34.698375	144.745920	0.001932	25.9
270	-0.869649	34.839481	144.380147	0.002861	34.6
271	-0.871453	34.518881	145.213886	0.002124	25.0
272	-0.884414	34.187145	146.086783	0.002167	28.4
273	-0.861239	35.149025	143.584195	0.002612	32.5
274	-0.877832	35.941712	141.585355	0.002293	29.0
275	-0.869211	35.597291	142.446968	0.002174	30.7
276	-0.879634	35.287768	143.230275	0.001853	25.5
277	-0.873552	35.160879	143.553886	0.002812	19.0
278	-0.850199	36.144928	141.081856	0.002194	35.0
279	-0.870608	35.800137	141.938258	0.002568	33.6
280	-0.846007	36.317799	140.656352	0.002711	26.0
281	-0.892112	37.317787	138.244485	0.001752	26.4
282	-0.868873	37.237081	138.436068	0.002170	24.7
283	-0.878862	36.892468	139.260127	0.002214	30.8
284	-0.861935	36.547992	140.093723	0.003321	27.2
285	-0.888737	36.203215	140.938101	0.002601	28.3
286	-0.857856	37.203197	138.516660	0.002175	24.0
287	-0.885875	37.091771	138.782350	0.002118	29.2
288	-0.881739	36.793543	139.498499	0.002205	20.3
289	-0.883922	37.792131	137.129108	0.002460	31.1
290	-0.869875	37.895507	136.888413	0.003045	19.4
291	-0.849038	38.882242	134.632776	0.002065	29.9
292	-0.860557	39.862759	132.463803	0.002668	25.4
293	-0.861274	39.517968	133.218493	0.001869	24.6
294	-0.859009	39.560552	133.124819	0.002509	29.0
295	-0.852876	39.552406	133.142727	0.002461	30.1
296	-0.863893	39.922580	132.333734	0.002008	22.8
297	-0.843786	39.609436	133.017449	0.002080	27.1
298	-0.883453	40.582210	130.916258	0.002124	29.3
299	-0.855459	40.241870	131.643799	0.002462	27.5
300	-0.878785	39.918433	132.342742	0.003210	28.4
301	-0.860441	39.573642	133.096049	0.002174	25.5
302	-0.863902	39.228851	133.857983	0.002316	22.4
303	-0.879859	40.224140	131.681924	0.002909	32.6
304	-0.863459	39.890255	132.403986	0.002359	28.6
305	-0.861159	39.545498	133.157918	0.001818	30.3
306	-0.880461	39.202308	133.917000	0.001929	18.5
307	-0.874340	38.947694	134.485782	0.002142	26.1
308	-0.867977	38.729580	134.976882	0.002376	26.1
309	-0.876097	38.389149	135.750599	0.002447	30.7
310	-0.862833	39.374025	133.536110	0.002470	29.8
311	-0.873747	40.367976	131.373284	0.002832	30.7
312	-0.902652	40.087188	131.977142	0.002784	25.7
313	-0.874817	41.081052	129.864302	0.001935	21.3
314	-0.903016	40.773304	130.511272	0.002444	22.5
315	-0.860644	40.929283	130.182558	0.002176	31.7
316	-0.865996	40.597336	130.884110	0.002654	31.6
317	-0.894483	41.597039	128.793832	0.002721	21.4
318	-0.868385	41.255639	129.500116	0.001887	27.5
319	-0.868369	40.915580	130.211370	0.002255	28.2
320	-0.852742	40.572523	130.936854	0.002514	21.5
321	-0.865864	41.556460	128.877378	0.002483	26.0
322	-0.889623	41.229011	129.555529	0.002010	33.2
323	-0.873250	40.887395	130.270672	0.002105	29.4
324	-0.873668	41.871228	128.232146	0.002335	27.3
325	-0.869484	42.691001	126.581657	0.002637	31.2
326	-0.884743	43.687416	124.631852	0.002083	25.2
327	-0.890357	44.607291	122.884398	0.002792	23.2
328	-0.896812	45.602395	121.048388	0.002658	28.1
329	-0.876558	46.602394	119.257796	0.002578	31.7
330	-0.857708	46.280790	119.827852	0.002375	26.4
331	-0.881054	46.782290	118.941282	0.002616	28.8
332	-0.892043	47.441027	117.796486	0.002112	21.7
333	-0.870345	48.176722	116.543719	0.002193	31.4
334	-0.879155	48.055497	116.748309	0.003168	30.2
335	-0.887017	47.734319	117.293845	0.002327	26.9
336	-0.861473	47.440660	117.797118	0.002724	28.1
337	-0.878946	47.948561	116.929380	0.002244	26.8
338	-0.898238	47.609483	117.507262	0.002138	26.7
339	-0.880955	47.265328	118.099667	0.002234	25.4
340	-0.875090	46.968037	118.616232	0.002518	32.4
341	-0.890557	47.124715	118.343430	0.002674	24.1
342	-0.854678	46.784789	118.936897	0.002217	30.1
343	-0.877174	46.446405	119.533613	0.002577	21.7
344	-0.871224	46.615529	119.234629	0.002115	23.8
345	-0.842037	47.044685	118.482619	0.002603	27.2
346	-0.884668	46.700612	119.084781	0.002313	23.3
347	-0.869972	46.355823	119.694365	0.002608	25.2
348	-0.873890	46.087002	120.173986	0.002277	28.6
349	-0.895678	45.742211	120.794806	0.002019	20.5
350	-0.895148	45.407314	121.403985	0.002130	27.7
351	-0.885448	45.605086	121.043497	0.003206	25.0
352	-0.870326	45.262602	121.669120	0.002273	29.3
353	-0.870322	46.260328	119.864306	0.001874	20.4
354	-0.878121	45.915728	120.481578	0.002455	28.9
355	-0.876487	45.571575	121.104428	0.002576	22.7
356	-0.880573	45.250079	121.692119	0.003083	29.8
357	-0.905372	44.906287	122.326910	0.003328	21.3
358	-0.894814	44.869417	122.395383	0.002230	23.0
359	-0.885400	44.524632	123.039416	0.001799	29.9
360	-0.857313	45.295968	121.607885	0.002873	30.9
361	-0.881377	45.265864	121.663130	0.002109	22.6
362	-0.882256	46.262186	119.860994	0.002149	21.0
363	-0.866325	45.917442	120.478493	0.002309	30.2
364	-0.884447	46.150010	120.061226	0.002052	27.5
365	-0.878714	45.988356	120.350954	0.002320	27.2
366	-0.889334	45.755482	120.770793	0.002060	29.3
367	-0.863230	45.410804	121.397605	0.002140	20.8
368	-0.862156	45.113380	121.943735	0.002224	29.9
369	-0.895917	44.772891	122.575007	0.002944	21.6
370	-0.854656	45.550061	121.143578	0.002715	21.9
371	-0.879867	45.331630	121.542505	0.002301	29.3
372	-0.883805	45.387433	121.440341	0.003460	22.5
373	-0.869075	46.186722	119.995623	0.002518	28.6
374	-0.860045	47.186426	118.236326	0.001815	25.3
375	-0.887717	48.142644	116.601161	0.001968	27.8
376	-0.851402	47.801080	117.180028	0.002068	22.8
377	-0.865616	47.517110	117.665683	0.002616	19.4
378	-0.859461	47.172319	118.260794	0.002668	22.3
379	-0.873028	48.172318	116.551140	0.002043	25.8
380	-0.876439	47.827546	117.134969	0.003660	27.9
381	-0.881210	48.827540	115.457489	0.002937	22.1
382	-0.871022	49.827540	113.827368	0.002853	28.7
383	-0.865737	50.539205	112.695025	0.002211	24.6
384	-0.851849	51.538881	111.141947	0.002419	21.9
385	-0.884993	51.194164	111.672635	0.003249	23.1
386	-0.874111	50.849382	112.208516	0.002632	30.5
387	-0.883089	50.504591	112.749579	0.001977	32.1
388	-0.878051	51.501577	111.199133	0.002167	23.7
389	-0.889286	51.191445	111.676841	0.003148	25.5
390	-0.886265	50.846717	112.212678	0.002548	27.7
391	-0.898921	50.502548	112.752800	0.002659	23.5
392	-0.884849	50.160914	113.294112	0.003483	28.8
393	-0.899491	51.160914	111.724091	0.002400	27.0
394	-0.879109	52.160871	110.197055	0.003256	20.2
395	-0.899963	51.816247	110.718594	0.002392	21.0
396	-0.853840	52.758328	109.304437	0.002141	29.4
397	-0.892906	53.748305	107.856793	0.002389	29.1
398	-0.862895	53.403594	108.356493	0.002677	24.5
399	-0.869963	53.108991	108.787239	0.002555	26.1
400	-0.895732	52.769800	109.287439	0.002224	28.3
401	-0.895820	53.760538	107.839145	0.002327	29.7
402	-0.889859	53.453741	108.283511	0.001817	20.7
403	-0.875840	53.132142	108.753265	0.002524	28.5
404	-0.878089	52.842453	109.179911	0.002219	23.6
405	-0.883836	52.501268	109.686713	0.001913	27.9
406	-0.861438	52.156513	110.203619	0.001934	22.2
407	-0.890795	52.188058	110.156119	0.002246	28.2
408	-0.890086	52.433166	109.788437	0.002511	23.1
409	-0.907575	52.088526	110.306131	0.002029	23.2
410	-0.861716	53.088316	108.817597	0.002009	29.4
411	-0.888763	53.737364	107.872583	0.002770	29.8
412	-0.871376	53.544237	108.152056	0.002388	21.1
413	-0.886026	54.523892	106.749166	0.001971	25.2
414	-0.887354	54.716334	106.477851	0.002537	28.1
415	-0.889984	55.714070	105.093010	0.002347	29.5
416	-0.876532	55.369662	105.566953	0.002667	20.8
417	-0.904618	56.369652	104.202517	0.001962	28.9
418	-0.859173	56.507465	104.017239	0.002680	24.7
419	-0.869081	56.162785	104.481875	0.001914	28.5
420	-0.887714	55.887282	104.856256	0.003312	24.8
421	-0.883894	56.887225	103.510075	0.002052	30.5
422	-0.897367	57.887046	102.198180	0.002083	25.7
423	-0.870857	58.705887	101.148269	0.002149	30.5
424	-0.911076	58.770204	101.066715	0.002253	23.9
425	-0.885670	58.437462	101.490056	0.002431	23.8
426	-0.861074	59.057256	100.704332	0.002852	31.5
427	-0.905768	60.055013	99.464699	0.002285	31.0
428	-0.873526	61.027586	98.285381	0.002636	26.0
429	-0.890828	60.682818	98.700225	0.002354	29.8
430	-0.890381	60.338027	99.118614	0.002837	26.7
431	-0.867376	61.323598	97.931974	0.002269	24.0
432	-0.860421	62.322457	96.757979	0.002687	29.1
433	-0.880617	61.977666	97.160029	0.002039	29.5
434	-0.891816	62.957341	96.026297	0.004647	25.4
435	-0.876699	63.905824	94.953587	0.002744	29.6
436	-0.870022	64.905824	93.848265	0.002403	28.6
437	-0.869087	65.897340	92.777437	0.001929	26.7
438	-0.906363	66.695026	91.933521	0.002547	31.1
439	-0.886811	66.486604	92.152537	0.002475	27.2
440	-0.871796	66.560271	92.075006	0.002722	29.2
441	-0.854307	67.497501	91.099889	0.002724	27.2
442	-0.874784	68.497497	90.081988	0.002783	25.1
443	-0.895139	69.497458	89.086619	0.003080	34.5
444	-0.869364	70.497456	88.112969	0.002049	29.1
445	-0.894566	71.463640	87.192247	0.001937	29.3
446	-0.870001	72.131091	86.567358	0.002069	26.5
447	-0.881635	73.035303	85.734955	0.002704	33.5
448	-0.912901	72.690523	86.050459	0.002176	23.5
449	-0.872585	73.689978	85.142194	0.003374	31.4
450	-0.879880	73.345187	85.453353	0.002450	25.3
451	-0.863381	74.345187	84.557100	0.002083	28.3
452	-0.863240	74.010266	84.855172	0.002856	26.6
453	-0.904390	75.010065	83.971535	0.001953	30.0
454	-0.893991	75.731422	83.345332	0.001865	33.0
455	-0.871517	75.426728	83.608691	0.002281	25.2
456	-0.876135	76.078246	83.047571	0.003308	32.6
457	-0.850830	75.734195	83.342943	0.002039	30.1
458	-0.887951	75.411841	83.621601	0.001956	29.5
459	-0.851736	75.108966	83.885124	0.002433	29.4
460	-0.886646	74.768797	84.183082	0.002722	30.1
461	-0.897687	75.768797	83.313142	0.002523	29.1
462	-0.891487	75.424006	83.611051	0.002051	22.2
463	-0.866392	76.423712	82.753083	0.002571	26.8
464	-0.879306	76.120292	83.011617	0.003068	33.2
465	-0.891253	75.781012	83.302627	0.002942	31.6
466	-0.887434	76.781012	82.450696	0.002030	24.3
467	-0.879867	76.436230	82.742451	0.001908	31.5
468	-0.872351	76.226631	82.920826	0.002547	30.0
469	-0.885969	76.274705	82.879845	0.002530	31.3
470	-0.894009	75.929914	83.174658	0.002986	31.1
471	-0.850243	75.585133	83.471568	0.002324	30.1
472	-0.871142	76.467760	82.715685	0.002792	25.6
473	-0.890462	77.467634	81.875761	0.002263	26.8
474	-0.891856	77.128924	82.158370	0.002144	28.6
475	-0.872203	76.848524	82.393808	0.002460	24.8
476	-0.891949	76.568146	82.630580	0.003447	30.0
477	-0.886690	76.223662	82.923358	0.002700	30.5
478	-0.871696	77.223662	82.079128	0.001783	25.6
479	-0.903408	76.903074	82.347899	0.002132	24.5
480	-0.890574	77.143456	82.146205	0.003340	30.9
481	-0.902685	78.143456	81.317646	0.002276	30.7
482	-0.876478	77.800097	81.600249	0.002284	25.2
483	-0.889370	77.874565	81.538791	0.002042	22.3
484	-0.915895	78.858063	80.735719	0.002016	27.9
485	-0.882369	78.594806	80.949126	0.002364	30.0
486	-0.901978	78.281602	81.204497	0.002508	24.3
487	-0.866711	78.875444	80.721668	0.002546	24.5
488	-0.870486	79.875419	79.921477	0.001951	31.2
489	-0.878435	80.814362	79.184433	0.002034	24.9
490	-0.878572	80.498691	79.430704	0.002736	29.9
491	-0.903321	81.498629	78.655808	0.002296	29.2
492	-0.892322	81.632378	78.553305	0.002683	26.6
493	-0.869642	81.287681	78.818020	0.002252	30.2
494	-0.887105	82.287667	78.054939	0.002031	30.1
495	-0.881078	81.947186	78.313092	0.002880	27.5
496	-0.869576	82.947185	77.559700	0.002608	51.6
497	-0.878822	82.602714	77.817580	0.002474	44.7
498	-0.860234	83.291313	77.303778	0.003740	45.2
499	-0.882369	84.265389	76.588445	0.002942	35.1
500	-0.887458	83.920598	76.840131	0.003559	35.9
501	-0.873123	84.920598	76.114681	0.002516	30.5
502	-0.878110	84.575807	76.363257	0.002321	31.4
503	-0.885359	84.231042	76.613443	0.002934	36.1
504	-0.902183	85.231040	75.892248	0.002257	37.4
505	-0.903616	84.896543	76.131970	0.002485	29.7
506	-0.877654	84.707449	76.268158	0.002277	35.8
507	-0.880898	85.702283	75.557076	0.002523	39.0
508	-0.872318	86.201406	75.205287	0.001999	36.7
509	-0.867436	86.385828	75.076131	0.002263	36.1
510	-0.871537	87.383310	74.385184	0.002544	37.3
511	-0.874091	87.044754	74.618269	0.002513	36.0
512	-0.878039	88.044750	73.933981	0.002395	38.5
513	-0.879932	89.041665	73.264181	0.002215	45.7
514	-0.906681	88.697049	73.494343	0.002261	36.3
515	-0.884753	88.925517	73.341593	0.002702	30.4
516	-0.898651	89.923814	72.681530	0.002492	25.4
517	-0.877938	89.579023	72.908155	0.002465	18.4
518	-0.874223	90.579019	72.254735	0.001669	32.3
519	-0.886682	90.257566	72.463499	0.002999	28.9
520	-0.887658	89.963561	72.655496	0.002151	23.2
521	-0.885625	90.307066	72.431273	0.002130	23.4
522	-0.889186	91.142246	71.891841	0.002587	28.1
523	-0.875405	91.015976	71.972881	0.002576	29.9
524	-0.878864	90.671202	72.195090	0.002733	21.5
525	-0.900655	91.671201	71.554332	0.002066	26.6
526	-0.896793	92.259103	71.182910	0.002057	26.1
527	-0.892405	91.917699	71.398130	0.002273	29.7
528	-0.890176	91.573457	71.616460	0.002039	20.5
529	-0.897975	91.240767	71.828737	0.002837	28.9
530	-0.885397	92.206289	71.216118	0.003079	21.5
531	-0.876945	92.820729	70.831672	0.001903	23.5
532	-0.904606	93.068644	70.677727	0.002178	28.3
533	-0.862788	92.725118	70.891221	0.001741	30.9
534	-0.899722	92.380788	71.106513	0.001912	21.9
535	-0.892380	92.065611	71.304727	0.002681	26.9
536	-0.868725	91.723810	71.520937	0.003742	25.1
537	-0.880809	91.379019	71.740371	0.002560	30.3
538	-0.917731	92.379019	71.107623	0.002810	25.9
539	-0.887779	92.034228	71.324524	0.002616	29.6
540	-0.869736	91.689438	71.542752	0.001664	20.7
541	-0.908608	91.389760	71.733515	0.002591	29.8
542	-0.909277	91.096372	71.921262	0.002346	21.5
543	-0.890865	90.751581	72.143163	0.003021	21.6
544	-0.909731	91.751581	71.503321	0.003138	30.1
545	-0.880022	91.406790	71.722647	0.002468	29.9
546	-0.871731	91.408836	71.721342	0.002652	26.8
547	-0.881138	91.064735	71.941566	0.002365	27.7
548	-0.872449	90.719962	72.163581	0.002058	26.8
549	-0.877550	90.378399	72.384884	0.002382	29.6
550	-0.892908	90.033710	72.609593	0.002437	21.8
551	-0.902158	90.959666	72.009080	0.002701	20.8
552	-0.894428	90.632984	72.219806	0.002048	30.0
553	-0.891119	90.735095	72.153807	0.001851	29.3
554	-0.889179	90.687082	72.184825	0.003100	24.7
555	-0.906954	90.344088	72.407190	0.002829	39.6
556	-0.890230	91.340272	71.765115	0.002918	30.5
557	-0.908776	92.340271	71.131932	0.002455	26.9
558	-0.890918	93.337337	70.511634	0.002238	28.0
559	-0.889634	93.244468	70.568953	0.001779	25.2
560	-0.876955	92.999201	70.720780	0.002081	26.7
561	-0.886940	92.684564	70.916510	0.001572	26.4
562	-0.893732	92.345991	71.128342	0.002228	28.1
563	-0.919992	92.002998	71.344235	0.002481	25.7
564	-0.902830	91.678784	71.549516	0.002392	23.4
565	-0.899751	91.335990	71.767850	0.002423	30.2
566	-0.881956	92.332718	71.136673	0.002304	30.5
567	-0.873689	91.998529	71.347057	0.002798	22.3
568	-0.887632	92.292162	71.162138	0.002316	24.7
569	-0.922530	91.947371	71.379373	0.002462	28.3
570	-0.911649	91.612732	71.591483	0.003082	30.3
571	-0.894319	91.834189	71.450972	0.003022	24.6
572	-0.884678	92.834188	70.823297	0.002719	30.8
573	-0.877571	92.489397	71.038465	0.002500	21.6
574	-0.892594	93.428063	70.455728	0.002716	31.6
575	-0.889613	94.427756	69.845528	0.003168	23.3
576	-0.886506	94.110985	70.037734	0.002175	19.4
577	-0.914031	93.770589	70.245457	0.002394	29.9
578	-0.885100	94.514684	69.792967	0.002687	32.0
579	-0.883777	94.588509	69.748391	0.002199	41.2
580	-0.865482	94.243718	69.957067	0.002384	30.2
581	-0.887327	93.899025	70.166936	0.002119	48.2
582	-0.908767	94.792929	69.625257	0.002301	35.9
583	-0.875897	94.449703	69.832250	0.001919	28.2
584	-0.903886	94.127776	70.027519	0.002161	35.8
585	-0.902592	93.785663	70.236232	0.001929	36.0
586	-0.885440	93.684699	70.298066	0.002201	48.2
587	-0.884499	94.170699	70.001420	0.001862	30.1
588	-0.897338	93.827024	70.210933	0.002204	32.1
589	-0.910625	94.665940	69.701698	0.003071	27.3
590	-0.919395	94.321628	69.909805	0.002679	22.7
591	-0.881818	95.321622	69.308804	0.002329	29.7
592	-0.880688	94.977003	69.514751	0.002254	29.7
593	-0.888089	95.304302	69.319125	0.002004	24.4
594	-0.900901	96.179538	68.801368	0.002155	24.2
595	-0.914042	95.834778	69.004389	0.002793	26.7
596	-0.906108	96.517401	68.603564	0.002617	29.2
597	-0.910172	96.172625	68.805427	0.002600	23.4
598	-0.867066	96.457387	68.638616	0.002004	31.0
599	-0.906854	96.115536	68.838967	0.001997	22.9
600	-0.872831	96.503137	68.611892	0.002049	29.2
601	-0.888302	96.158727	68.813589	0.002237	21.7
602	-0.888949	97.157727	68.231784	0.001956	29.4
603	-0.905308	98.148430	67.664446	0.002585	24.9
604	-0.911352	97.804450	67.860358	0.002010	25.1
605	-0.917612	97.978105	67.761312	0.002724	28.5
606	-0.885759	97.669573	67.937486	0.002786	30.0
607	-0.876663	98.664247	67.372776	0.002710	23.5
608	-0.897806	98.576048	67.422470	0.002097	30.6
609	-0.914340	98.448835	67.494275	0.002491	22.8
610	-0.888098	98.107122	67.687913	0.002339	28.9
611	-0.886017	98.977206	67.197035	0.002597	21.5
612	-0.852168	99.126662	67.113431	0.002933	21.1
613	-0.892629	98.781879	67.306612	0.002815	24.0
614	-0.901105	99.781877	66.749356	0.003373	27.3
615	-0.889047	100.267169	66.482236	0.002418	32.2
616	-0.889904	101.260430	65.942125	0.001833	27.9
617	-0.894785	100.937262	66.116890	0.002260	24.5
618	-0.889667	100.707632	66.241634	0.003416	28.7
619	-0.895542	100.604996	66.297543	0.002458	24.5
620	-0.899996	100.267963	66.481800	0.002572	29.8
621	-0.864050	101.171125	65.990327	0.002332	22.9
622	-0.880647	102.078804	65.503663	0.002735	29.5
623	-0.891357	101.734012	65.687680	0.002210	21.4
624	-0.902154	102.734011	65.156802	0.002215	22.5
625	-0.881136	102.428825	65.317907	0.001865	30.7
626	-0.888041	102.445753	65.308950	0.003476	33.0
627	-0.875569	102.101045	65.491828	0.002544	28.2
628	-0.886028	102.181666	65.448965	0.002466	29.5
629	-0.885531	101.839358	65.631347	0.002319	23.8
630	-0.898838	102.164778	65.457939	0.003337	25.9
631	-0.882866	101.819996	65.641693	0.002127	28.1
632	-0.879477	102.723463	65.162357	0.002396	31.7
633	-0.898939	102.381950	65.342722	0.002562	24.4
634	-0.894440	102.054419	65.516643	0.002117	23.8
635	-0.890342	101.714973	65.697871	0.002604	28.8
636	-0.887724	101.370499	65.882811	0.002009	31.2
637	-0.883382	101.095552	66.031173	0.003357	22.5
638	-0.892675	100.917670	66.127515	0.002772	29.5
639	-0.876725	100.572879	66.315058	0.002232	23.0
640	-0.910074	100.333347	66.445975	0.002289	29.6
641	-0.883664	100.025664	66.614900	0.002167	24.0
642	-0.878611	99.707313	66.790589	0.002779	29.5
643	-0.871292	100.391058	66.414385	0.002532	24.3
644	-0.898420	100.046653	66.603349	0.002172	24.4
645	-0.873298	99.712911	66.787492	0.003460	29.8
646	-0.873109	99.964873	66.648377	0.002202	29.5
647	-0.892229	99.821757	66.727324	0.002499	22.8
648	-0.891832	99.476993	66.918275	0.002816	29.1
649	-0.896543	100.476993	66.367403	0.002742	22.3
650	-0.882665	100.132206	66.556309	0.002063	23.7
651	-0.861486	99.788997	66.745421	0.002566	26.8
652	-0.899296	99.621716	66.837985	0.002506	23.8
653	-0.910680	99.276925	67.029586	0.003119	25.1
654	-0.904918	100.276858	66.476924	0.002150	23.8
655	-0.871061	100.928086	66.121865	0.002682	29.9
656	-0.906149	100.583358	66.309342	0.002110	28.4
657	-0.896656	100.271781	66.479707	0.003444	23.4
658	-0.899023	101.271779	65.936004	0.001957	27.6
659	-0.877289	100.927936	66.121947	0.002347	24.6
660	-0.898249	100.587613	66.307022	0.002207	28.3
661	-0.885255	100.242890	66.495549	0.002318	34.3
662	-0.895074	99.944733	66.659476	0.002894	28.9
663	-0.906606	99.613371	66.842610	0.003179	30.0
664	-0.888542	100.613371	66.292978	0.002149	22.1
665	-0.899437	101.613143	65.752433	0.002213	25.2
666	-0.913969	102.444708	65.309503	0.002291	27.5
667	-0.873649	102.607066	65.223719	0.002579	25.0
668	-0.915538	103.522614	64.744163	0.002741	26.6
669	-0.895250	104.521949	64.228707	0.002454	28.5
670	-0.879081	105.521451	63.721309	0.001839	22.9
671	-0.884758	105.177341	63.895089	0.002830	20.1
672	-0.910764	106.177279	63.392711	0.002585	28.9
673	-0.893431	105.834295	63.564137	0.002419	31.1
674	-0.893548	105.489504	63.737403	0.002121	21.8
675	-0.887840	105.145480	63.911228	0.003019	22.2
676	-0.921063	105.935291	63.513562	0.002897	23.9
677	-0.902790	105.590500	63.686552	0.002294	28.4
678	-0.895895	106.590455	63.187426	0.002340	23.8
679	-0.900436	107.580946	62.700678	0.002612	24.4
680	-0.906081	107.236155	62.869263	0.003042	23.5
681	-0.899673	108.234673	62.383510	0.002568	28.7
682	-0.902210	109.234673	61.904502	0.002137	22.9
683	-0.927231	110.152692	61.471193	0.002980	27.6
684	-0.892377	111.152651	61.006060	0.001958	22.1
685	-0.911408	111.995502	60.619437	0.002405	26.7
686	-0.911437	111.651715	60.776542	0.002761	23.3
687	-0.897749	111.306923	60.934925	0.002687	24.4
688	-0.881460	110.962149	61.094129	0.001809	31.9
689	-0.892727	111.505753	60.843490	0.002375	34.9
690	-0.905858	111.161538	61.001957	0.002571	30.1
691	-0.896181	111.028739	61.063315	0.002297	30.0
692	-0.893854	112.028731	60.604295	0.001712	24.1
693	-0.894415	111.683957	60.761773	0.002617	29.3
694	-0.896617	112.256757	60.500591	0.001726	25.8
695	-0.872649	111.912832	60.657142	0.002109	27.1
696	-0.919097	112.140683	60.553336	0.002173	23.6
697	-0.889087	111.817307	60.700768	0.002333	23.0
698	-0.907780	111.601776	60.799431	0.002693	26.2
699	-0.891017	111.259772	60.956649	0.002840	30.1
700	-0.877705	112.259314	60.499430	0.002723	21.3
701	-0.870337	111.978424	60.627223	0.002081	24.0
702	-0.881821	111.633636	60.784826	0.003365	23.8
703	-0.900505	111.288846	60.943252	0.002055	29.9
704	-0.885239	112.288846	60.486025	0.002942	19.6
705	-0.886821	111.944177	60.642840	0.002777	29.6
706	-0.908107	111.599396	60.800522	0.002220	20.5
707	-0.891039	112.003542	60.615773	0.004148	22.9
708	-0.898164	113.003542	60.163428	0.003089	26.6
709	-0.891907	114.003542	59.717785	0.002625	28.8
710	-0.903678	113.658831	59.870656	0.002360	24.7
711	-0.898480	113.318479	60.022363	0.002522	22.3
712	-0.906386	112.973688	60.176835	0.003287	30.2
713	-0.895881	112.628897	60.332104	0.002061	22.4
714	-0.889992	112.284130	60.488165	0.003076	29.4
715	-0.897387	111.939339	60.645047	0.002174	23.3
716	-0.898411	111.594548	60.802745	0.001813	18.3
717	-0.917322	111.535534	60.829819	0.002471	18.2
718	-0.905938	111.229677	60.970522	0.003199	29.6
719	-0.872152	112.229677	60.512888	0.002116	18.3
720	-0.877946	111.884897	60.669893	0.001862	31.4
721	-0.904353	112.579458	60.354434	0.003374	21.8
722	-0.889504	112.234760	60.510579	0.001947	28.9
723	-0.884935	111.889970	60.667577	0.002278	26.5
724	-0.930281	111.553265	60.821682	0.002023	26.8
725	-0.893409	111.480747	60.854975	0.002161	23.0
726	-0.883644	112.463906	60.406688	0.002335	27.2
727	-0.909430	113.460244	59.959080	0.002030	23.4
728	-0.882742	113.167654	60.089837	0.002082	28.5
729	-0.900824	112.822875	60.244651	0.002575	24.2
730	-0.897314	113.423021	59.975683	0.002037	26.3
731	-0.884948	113.078255	60.129903	0.003524	27.4
732	-0.892191	114.078255	59.684755	0.002589	29.5
733	-0.899136	115.046619	59.259926	0.002148	20.0
734	-0.883641	114.893119	59.326863	0.002305	21.4
735	-0.913790	115.867347	58.904572	0.002183	27.3
736	-0.868525	115.522565	59.053333	0.002974	30.2
737	-0.912987	116.517217	58.626204	0.002613	24.1
738	-0.892791	116.183930	58.768637	0.001924	28.9
739	-0.903930	117.164977	58.351347	0.001812	21.3
740	-0.895754	116.820853	58.497044	0.002636	23.3
741	-0.912851	116.476669	58.643496	0.001947	29.3
742	-0.909173	116.577865	58.600361	0.002468	28.7
743	-0.866957	116.233306	58.747491	0.002632	23.7
744	-0.921193	115.888811	58.895336	0.002627	25.0
745	-0.892305	115.544084	59.044026	0.002107	27.3
746	-0.885835	116.543661	58.614933	0.001867	29.3
747	-0.899145	116.258846	58.736560	0.002404	21.3
748	-0.902328	116.289443	58.723470	0.002824	29.0
749	-0.896373	116.048192	58.826843	0.001700	20.9
750	-0.899286	115.703597	58.975131	0.002334	28.6
751	-0.898050	116.009961	58.843258	0.002677	24.7
752	-0.902680	116.601093	58.590468	0.002983	27.7
753	-0.899715	117.601093	58.167741	0.002696	23.8
754	-0.903920	118.590733	57.755356	0.002996	22.0
755	-0.889696	118.246566	57.898106	0.003238	29.5
756	-0.904907	117.901779	58.041823	0.002066	29.5
757	-0.883199	118.309096	57.872119	0.002391	22.4
758	-0.902966	118.127344	57.947721	0.003147	22.1
759	-0.882158	119.127333	57.534189	0.003116	29.2
760	-0.887721	118.782543	57.676104	0.002576	29.0
761	-0.888678	118.437758	57.818718	0.002728	22.0
762	-0.886989	118.241643	57.900154	0.002123	24.3
763	-0.883217	117.896869	58.043875	0.003437	28.0
764	-0.897886	118.751551	57.688895	0.002167	30.1
765	-0.893037	119.751120	57.279207	0.002188	23.9
766	-0.865089	119.409165	57.418705	0.002448	29.1
767	-0.888044	119.075157	57.555620	0.002741	20.6
768	-0.860292	118.732540	57.696744	0.002366	27.9
769	-0.871282	119.426933	57.411440	0.001784	24.6
770	-0.894391	119.414708	57.416439	0.002016	22.9
771	-0.901649	119.108731	57.541828	0.002484	29.5
772	-0.890518	120.100451	57.137397	0.003286	29.5
773	-0.907928	120.062636	57.152714	0.002842	23.8
774	-0.890185	121.062535	56.750448	0.002613	23.0
775	-0.892058	120.717744	56.888519	0.002426	28.7
776	-0.919390	121.693576	56.499478	0.002401	28.4
777	-0.887214	121.552200	56.555511	0.002507	24.0
778	-0.913482	122.550908	56.162044	0.002537	28.4
779	-0.862456	123.500476	55.792982	0.001751	21.9
780	-0.877152	124.409545	55.444177	0.002074	28.9
781	-0.891771	124.078260	55.570783	0.002127	24.6
782	-0.891222	123.810657	55.673475	0.002502	29.2
783	-0.890965	123.466063	55.806272	0.002769	23.5
784	-0.886417	124.465882	55.422704	0.002174	29.0
785	-0.886864	124.722752	55.325009	0.002346	21.1
786	-0.898573	124.850387	55.276593	0.003028	20.7
787	-0.884848	125.850387	54.900179	0.002330	23.3
788	-0.887158	126.849036	54.529354	0.002385	32.4
789	-0.898374	126.504492	54.656725	0.002126	24.9
790	-0.885993	126.174748	54.779183	0.002006	22.1
791	-0.914168	126.459600	54.673365	0.003463	29.6
792	-0.896016	127.414245	54.321689	0.002396	26.9
793	-0.906591	127.069454	54.448182	0.001947	26.9
794	-0.873661	126.725016	54.575134	0.002480	27.4
795	-0.896285	126.424813	54.686266	0.002582	24.2
796	-0.903877	126.091678	54.810120	0.002276	29.2
797	-0.899629	125.751482	54.937180	0.002113	24.0
798	-0.888255	125.662700	54.970436	0.002363	22.6
799	-0.874093	125.317914	55.099969	0.001901	28.9
800	-0.903213	125.192264	55.147326	0.002147	29.4
801	-0.883129	124.901028	55.257407	0.002529	24.6
802	-0.912730	124.556335	55.388263	0.003503	21.7
803	-0.900379	125.556324	55.010335	0.003273	29.0
804	-0.895541	126.556324	54.637526	0.002323	28.8
805	-0.888148	126.212992	54.764952	0.003772	23.9
806	-0.884350	127.212947	54.395467	0.002886	28.1
807	-0.912775	128.209462	54.032180	0.002431	23.6
808	-0.910972	128.606529	53.888775	0.002313	28.4
809	-0.888352	128.262476	54.012989	0.002133	23.3
810	-0.884771	128.473213	53.936838	0.002484	29.6
811	-0.893679	129.062919	53.724881	0.002306	37.9
812	-0.893673	129.602650	53.532342	0.002862	23.8
813	-0.910449	129.259459	53.654609	0.002415	30.2
814	-0.882227	128.915350	53.777765	0.002007	22.7
815	-0.890171	129.027208	53.737669	0.003189	27.9
816	-0.886643	129.945930	53.410599	0.002197	29.8
817	-0.923108	129.601417	53.532780	0.002484	24.6
818	-0.906505	130.597989	53.180867	0.002684	30.4
819	-0.913924	131.597986	52.832365	0.002323	23.3
820	-0.908988	132.156739	52.639620	0.002682	17.9
821	-0.911893	133.144129	52.302430	0.002664	22.6
822	-0.893800	134.144125	51.965310	0.002247	30.4
823	-0.897271	135.100982	51.646776	0.002938	29.6
824	-0.859429	135.919763	51.377292	0.002840	27.7
825	-0.905108	136.919763	51.051954	0.002558	22.5
826	-0.882506	137.919760	50.730711	0.002152	29.7
827	-0.902286	138.913155	50.415568	0.002279	23.9
828	-0.861319	139.333860	50.283281	0.002666	20.0
829	-0.874170	138.989074	50.391644	0.003354	23.5
830	-0.890217	138.644283	50.500477	0.001901	32.8
831	-0.929048	139.641014	50.187137	0.002062	28.3
832	-0.921737	139.685485	50.173247	0.002581	32.5
833	-0.889008	139.720278	50.162385	0.002967	26.3
834	-0.943282	140.322056	49.975265	0.002573	26.5
835	-0.911468	139.977265	50.082305	0.002318	24.1
836	-0.900122	139.729654	50.159459	0.002132	21.5
837	-0.922008	139.454271	50.245546	0.003149	29.1
838	-0.915562	139.112354	50.352845	0.002017	29.9
839	-0.888641	138.831971	50.441176	0.002429	24.6
840	-0.898966	138.489106	50.549613	0.002316	23.0
841	-0.882734	138.144315	50.659130	0.002432	29.0
842	-0.895642	137.800075	50.768946	0.002786	29.4
843	-0.883585	137.455332	50.879402	0.002749	20.7
844	-0.885377	138.455295	50.560331	0.003226	27.1
845	-0.862774	138.179862	50.647817	0.001898	23.4
846	-0.896533	139.175551	50.332978	0.002285	29.9
847	-0.899307	138.848623	50.435921	0.001923	20.6
848	-0.881630	139.589210	50.203326	0.001895	28.8
849	-0.917353	139.424399	50.254902	0.001976	20.2
850	-0.885867	139.093244	50.358855	0.002276	28.4
851	-0.879547	139.577815	50.206889	0.002300	22.3
852	-0.898717	139.233051	50.314916	0.002889	27.0
853	-0.888431	140.231582	50.003308	0.002427	22.4
854	-0.898999	141.230348	49.695464	0.002534	23.7
855	-0.907848	141.292546	49.676419	0.002277	29.7
856	-0.895412	140.961284	49.778023	0.003020	25.5
857	-0.895109	140.618827	49.883498	0.002509	24.9
858	-0.876976	140.401621	49.950629	0.002378	23.1
859	-0.898188	140.056934	50.057531	0.003256	28.8
860	-0.898441	139.712142	50.164925	0.002306	24.8
861	-0.900129	140.712142	49.854713	0.002567	28.3
862	-0.903939	141.711786	49.548424	0.002108	24.4
863	-0.919094	141.366995	49.653641	0.002446	24.8
864	-0.913571	141.599524	49.582633	0.002926	22.9
865	-0.888498	141.254752	49.687990	0.001860	27.1
866	-0.887325	140.912381	49.793057	0.002103	28.8
867	-0.906783	140.568577	49.899013	0.002866	27.9
868	-0.908462	141.049179	49.751023	0.001985	24.0
869	-0.885271	141.959418	49.473130	0.002643	29.6
870	-0.875150	142.935672	49.178512	0.002373	24.6
871	-0.877250	142.600757	49.279188	0.002356	27.7
872	-0.887600	143.600361	48.979920	0.002438	24.5
873	-0.911923	143.541959	48.997305	0.002392	26.5
874	-0.883484	143.299939	49.069479	0.002395	18.2
875	-0.919821	142.955161	49.172667	0.002309	22.8
876	-0.925675	142.616549	49.274432	0.002561	28.1
877	-0.895553	142.350908	49.354562	0.002684	30.1
878	-0.886159	142.018471	49.455209	0.002612	20.1
879	-0.884046	143.017499	49.153978	0.002969	28.7
880	-0.898629	142.672751	49.257512	0.002225	21.5
881	-0.880775	143.671154	48.958863	0.002238	29.6
882	-0.882064	143.832621	48.910904	0.002275	22.3
883	-0.872723	144.099659	48.831794	0.002387	22.5
884	-0.907119	143.755986	48.933655	0.002525	29.5
885	-0.905080	144.749142	48.640448	0.002118	30.0
886	-0.904916	144.404384	48.741831	0.002097	21.1
887	-0.893236	145.399942	48.450212	0.001914	23.7
888	-0.875613	146.349241	48.175375	0.003443	28.7
889	-0.889819	147.348808	47.889335	0.002392	30.5
890	-0.913349	148.343939	47.607919	0.002564	20.3
891	-0.887869	149.237679	47.357979	0.002312	26.6
892	-0.891599	150.234081	47.082406	0.002886	25.5
893	-0.886781	149.890275	47.177129	0.002964	28.8
894	-0.879108	149.545483	47.272507	0.002816	22.7
895	-0.887908	150.545056	46.997055	0.001995	29.6
896	-0.884298	151.540599	46.725887	0.002809	21.0
897	-0.898896	151.196044	46.819383	0.002886	28.7
898	-0.899793	150.856656	46.911843	0.002156	22.1
899	-0.880233	150.538759	46.998780	0.002289	28.3
900	-0.892121	150.194027	47.093422	0.002314	21.7
901	-0.916446	149.876248	47.181001	0.003031	22.6
902	-0.893968	149.531541	47.276372	0.001984	29.1
903	-0.872001	150.458289	47.020838	0.002278	28.5
904	-0.888850	150.115510	47.115031	0.002411	23.2
905	-0.934989	151.088911	46.848530	0.003165	22.6
906	-0.902645	151.931495	46.620267	0.002330	29.0
907	-0.919116	152.757469	46.398653	0.002097	29.2
908	-0.891106	152.781501	46.392236	0.002580	21.7
909	-0.913315	152.524269	46.461008	0.003084	27.2
910	-0.910151	152.179478	46.553510	0.002736	26.7
911	-0.881997	151.834695	46.646378	0.003611	29.0
912	-0.920627	151.490070	46.739575	0.002913	22.1
913	-0.906764	151.145392	46.833159	0.002111	29.5
914	-0.909646	150.805945	46.925690	0.002572	22.0
915	-0.901944	150.484777	47.013575	0.002527	28.6
916	-0.900637	150.139988	47.108292	0.002392	22.6
917	-0.898235	150.674191	46.961704	0.002618	28.2
918	-0.904639	150.329566	47.056166	0.002215	21.3
919	-0.886478	149.984792	47.151050	0.002329	22.4
920	-0.890931	149.759493	47.213261	0.002444	29.2
921	-0.919552	149.418451	47.307744	0.002194	28.9
922	-0.917392	149.073663	47.403651	0.002028	23.3
923	-0.888727	148.729363	47.499810	0.002217	24.3
924	-0.891082	149.678239	47.235738	0.003143	28.5
925	-0.916525	150.677191	46.960883	0.002433	28.8
926	-0.893982	151.566666	46.718829	0.002784	21.5
927	-0.905613	152.566562	46.449687	0.001703	26.9
928	-0.899783	152.222310	46.541998	0.003643	27.1
929	-0.907693	153.126602	46.300292	0.002789	30.6
930	-0.852242	154.126601	46.035910	0.002150	20.3
931	-0.911084	154.999164	45.807675	0.002635	28.7
932	-0.903150	154.716816	45.881280	0.002408	23.0
933	-0.886526	155.716668	45.621687	0.002288	27.7
934	-0.898486	155.935556	45.565248	0.002545	23.8
935	-0.917276	155.592182	45.653847	0.002141	22.2
936	-0.876916	155.329393	45.721887	0.002585	29.4
937	-0.887413	154.984601	45.811466	0.002920	28.7
938	-0.894056	155.505705	45.676215	0.002093	23.1
939	-0.884802	156.306854	45.469830	0.002888	25.6
940	-0.908672	156.917426	45.313788	0.002962	29.2
941	-0.875249	157.413323	45.187839	0.002168	29.2
942	-0.874284	157.068532	45.275335	0.002538	20.7
943	-0.888483	157.351192	45.203581	0.002308	23.9
944	-0.912455	157.043382	45.281731	0.001645	27.8
945	-0.897114	156.698843	45.369527	0.002673	28.4
946	-0.894676	156.485930	45.423953	0.002182	22.5
947	-0.908422	156.162637	45.506844	0.002308	28.3
948	-0.928613	155.868321	45.582569	0.002757	23.8
949	-0.904196	156.675243	45.375553	0.002492	28.0
950	-0.923836	156.378651	45.451425	0.002429	23.0
951	-0.895303	156.033991	45.539913	0.002557	22.1
952	-0.897942	157.008870	45.290510	0.002595	29.5
953	-0.897705	158.008868	45.037503	0.002914	28.9
954	-0.902141	158.347462	44.952476	0.002250	23.0
955	-0.926222	158.336852	44.955136	0.003041	26.2
956	-0.925063	159.336830	44.705857	0.002366	29.4
957	-0.894572	159.028153	44.782510	0.002181	29.8
958	-0.893205	159.709614	44.613634	0.002478	25.7
959	-0.873085	160.680387	44.375249	0.003323	26.0
960	-0.892019	161.680387	44.132337	0.002352	24.7
961	-0.932379	162.680387	43.892071	0.003687	29.3
962	-0.890597	163.676923	43.655224	0.002167	24.1
963	-0.887324	163.332233	43.736857	0.001895	19.6
964	-0.861217	162.990202	43.818162	0.001765	30.2
965	-0.890787	162.747649	43.876004	0.002227	28.3
966	-0.892940	162.853929	43.850640	0.002687	25.7
967	-0.880479	163.850935	43.614129	0.002624	23.3
968	-0.925698	163.601093	43.673157	0.002593	29.2
969	-0.898336	163.256305	43.754880	0.003043	28.2
970	-0.926251	162.911930	43.836811	0.002323	25.6
971	-0.888691	163.911815	43.599769	0.002127	28.8
972	-0.877346	164.904277	43.367009	0.001918	22.3
973	-0.929963	164.626914	43.431808	0.002549	28.2
974	-0.904476	164.956600	43.354807	0.002737	24.0
975	-0.894214	165.954161	43.123472	0.001767	29.5
976	-0.894296	165.718425	43.177916	0.002121	19.9
977	-0.883606	165.470856	43.235241	0.002659	23.5
978	-0.896541	165.126079	43.315330	0.002704	30.5
979	-0.903417	164.947611	43.356903	0.002117	28.0
980	-0.879661	164.602878	43.437433	0.003775	24.3
981	-0.904483	164.267383	43.516092	0.002145	28.8
982	-0.905953	163.924389	43.596805	0.002398	24.3
983	-0.891283	164.924356	43.362326	0.002408	28.5
984	-0.914895	164.579597	43.442882	0.003367	22.4
985	-0.892914	165.579597	43.210043	0.002447	28.3
986	-0.889305	165.812551	43.156161	0.002168	21.7
987	-0.910892	166.812524	42.926384	0.002774	28.2
988	-0.900635	167.740341	42.715365	0.002952	23.4
989	-0.883612	168.740336	42.490240	0.002227	20.7
990	-0.890581	168.395546	42.567593	0.002284	28.3
991	-0.893334	169.066398	42.417348	0.001967	30.8
992	-0.922410	168.724420	42.493805	0.002079	24.3
993	-0.892465	168.403558	42.565792	0.002739	24.9
994	-0.892828	168.083869	42.637759	0.002468	28.7
995	-0.911994	169.051277	42.420723	0.002534	29.5
996	-0.909720	168.834429	42.469180	0.002663	23.1
997	-0.896135	168.489637	42.546456	0.004000	28.2
998	-0.903990	169.489637	42.323103	0.002072	24.1
999	-0.899699	170.379481	42.126316	0.003034	29.1
1000	-0.903429	171.372423	41.908878	0.002443	22.9
1001	-0.904817	172.334540	41.700322	0.002275	22.9
1002	-0.920650	171.994209	41.773857	0.002886	30.0
1003	-0.915043	171.649421	41.848620	0.002342	28.2
1004	-0.893369	171.311432	41.922170	0.002291	24.6
1005	-0.899470	172.265536	41.715210	0.002939	25.3
1006	-0.895551	173.250792	41.503628	0.002866	28.2
1007	-0.898463	172.906000	41.577427	0.002907	30.1
1008	-0.921233	173.906000	41.364106	0.002387	25.9
1009	-0.894384	173.561212	41.437409	0.002789	29.3
1010	-0.900644	173.216430	41.510971	0.002117	20.1
1011	-0.913355	174.216280	41.298361	0.003053	28.4
1012	-0.884602	173.871492	41.371431	0.002080	20.7
1013	-0.879320	174.171887	41.307755	0.002010	22.9
1014	-0.900630	173.855814	41.374760	0.003999	29.0
1015	-0.901326	173.916062	41.361971	0.001844	30.0
1016	-0.885814	173.571275	41.435266	0.002382	22.2
1017	-0.863794	173.572333	41.435040	0.002925	23.3
1018	-0.917394	173.227543	41.508595	0.002070	27.7
1019	-0.891871	172.882760	41.582410	0.002732	30.0
1020	-0.914589	172.537977	41.656488	0.002760	19.3
1021	-0.924735	172.193186	41.730833	0.002461	27.3
1022	-0.909941	171.850445	41.804998	0.002752	24.4
1023	-0.913748	172.850388	41.589354	0.001978	30.0
1024	-0.900789	172.507846	41.662975	0.002414	21.9
1025	-0.891578	172.163055	41.737342	0.002223	30.9
1026	-0.900762	172.064382	41.758674	0.002889	19.8
1027	-0.893737	173.029748	41.550909	0.002345	30.0
1028	-0.885897	174.002714	41.343591	0.002141	19.5
1029	-0.898343	174.383024	41.263117	0.002559	28.8
1030	-0.910916	174.040593	41.335562	0.002767	21.4
1031	-0.894554	175.040578	41.124713	0.003028	24.7
1032	-0.916906	176.038560	40.916420	0.002676	29.1
1033	-0.911426	177.038560	40.709812	0.002190	28.7
1034	-0.896580	177.385336	40.638651	0.003178	23.2
1035	-0.916765	178.383585	40.435187	0.002103	24.7
1036	-0.907742	179.383521	40.233411	0.003530	28.7
1037	-0.896687	179.061417	40.298187	0.003027	30.8
1038	-0.917361	180.060840	40.097875	0.002643	20.4
1039	-0.896694	179.716129	40.166740	0.002282	23.0
1040	-0.882127	180.715950	39.967650	0.003144	26.2
1041	-0.907874	181.715949	39.770489	0.003317	27.2
1042	-0.890070	182.715949	39.575264	0.002281	21.6
1043	-0.901366	183.645827	39.395440	0.002485	19.2
1044	-0.890769	183.922188	39.342311	0.001897	25.7
1045	-0.883106	184.922140	39.151266	0.002258	28.0
1046	-0.887218	184.693839	39.194720	0.002486	30.4
1047	-0.890981	185.493842	39.042871	0.002355	20.4
1048	-0.900286	185.153815	39.107268	0.002250	30.5
1049	-0.917911	184.809044	39.172780	0.003015	19.4
1050	-0.919265	184.465121	39.238351	0.002161	26.8
1051	-0.905292	185.460445	39.049187	0.002619	23.8
1052	-0.889126	185.698579	39.004199	0.003764	28.8
1053	-0.906209	185.377821	39.064820	0.003006	20.3
1054	-0.907400	186.377562	38.876494	0.002403	22.7
1055	-0.893547	187.322378	38.700175	0.002219	29.4
1056	-0.916523	188.226797	38.532887	0.003008	29.3
1057	-0.897351	187.985452	38.577386	0.002282	22.3
1058	-0.896360	187.640672	38.641136	0.002836	22.2
1059	-0.867260	188.640669	38.456815	0.002263	21.3
1060	-0.900617	188.433583	38.494841	0.002813	22.6
1061	-0.927463	188.089788	38.558136	0.001871	19.9
1062	-0.919663	187.745436	38.621743	0.003135	19.3
1063	-0.893258	188.745426	38.437608	0.003235	19.9
1064	-0.873270	188.400635	38.500898	0.002567	28.9
1065	-0.910025	189.400635	38.317910	0.002922	22.9
1066	-0.890216	190.400634	38.136652	0.002317	30.6
1067	-0.894098	190.055864	38.198950	0.002895	27.9
1068	-0.876947	189.719390	38.259946	0.002313	26.0
1069	-0.902468	189.374614	38.322649	0.002506	25.8
1070	-0.909722	190.362761	38.143486	0.002230	24.3
1071	-0.897621	191.318278	37.971825	0.002705	23.7
1072	-0.883776	190.973487	38.033589	0.002000	28.9
1073	-0.875905	190.628746	38.095545	0.002341	29.9
1074	-0.881330	191.479788	37.942962	0.001961	23.2
1075	-0.906590	191.199894	37.993009	0.002484	24.4
1076	-0.937556	192.194893	37.815692	0.003090	27.5
1077	-0.913173	191.850214	37.876929	0.002137	28.8
1078	-0.899615	192.850140	37.699823	0.002592	23.9
1079	-0.912689	192.505823	37.760621	0.002053	26.5
1080	-0.865320	192.162278	37.821478	0.002011	24.8
1081	-0.917386	191.820000	37.882307	0.003222	26.3
1082	-0.887881	191.475210	37.943779	0.002458	24.9
1083	-0.889544	192.474997	37.766074	0.001967	28.1
1084	-0.900102	192.827843	37.703755	0.002683	23.1
1085	-0.885416	193.012875	37.671157	0.002093	28.9
1086	-0.895658	192.738038	37.719596	0.003528	22.4
1087	-0.902981	193.454125	37.593646	0.002087	23.7
1088	-0.913587	193.109334	37.654185	0.001790	28.7
1089	-0.900978	193.817990	37.529969	0.002143	30.5
1090	-0.886043	193.492317	37.586952	0.001514	25.6
1091	-0.909290	193.417345	37.600095	0.002109	22.1
1092	-0.877990	193.270902	37.625793	0.002156	28.3
1093	-0.906300	192.960035	37.680460	0.003070	23.3
1094	-0.888378	192.615570	37.741221	0.002515	18.6
1095	-0.898600	193.596397	37.568722	0.002003	27.1
1096	-0.914794	194.293274	37.447117	0.002311	29.7
1097	-0.918182	194.630533	37.388548	0.002343	28.6
1098	-0.883576	195.450170	37.246968	0.002852	24.1
1099	-0.897112	195.134852	37.301307	0.002770	26.6
1100	-0.890741	196.134852	37.129518	0.001667	24.6
1101	-0.879070	197.034401	36.976332	0.002345	28.3
1102	-0.891879	196.730011	37.028026	0.002559	21.4
1103	-0.904994	196.391187	37.085737	0.001984	22.2
1104	-0.903039	197.090358	36.966845	0.001759	29.0
1105	-0.917147	196.865137	37.005060	0.002190	29.0
1106	-0.888924	196.528879	37.062263	0.002000	22.9
1107	-0.895367	196.194526	37.119317	0.002072	23.3
1108	-0.897776	195.851142	37.178096	0.004037	29.3
1109	-0.919357	195.506723	37.237239	0.003694	29.0
1110	-0.885073	196.506723	37.066038	0.002093	24.4
1111	-0.890103	197.506723	36.896405	0.002726	23.9
1112	-0.916652	198.366639	36.751771	0.002723	28.7
1113	-0.911849	198.021882	36.809621	0.002365	28.8
1114	-0.892994	197.677091	36.867659	0.002184	21.6
1115	-0.898752	197.967681	36.818733	0.002649	29.4
1116	-0.930208	197.622975	36.876785	0.002722	24.0
1117	-0.876651	198.412369	36.744111	0.002742	28.9
1118	-0.903093	198.076794	36.800395	0.002161	22.5
1119	-0.902662	199.076737	36.633188	0.002418	22.3
1120	-0.898412	198.732006	36.690661	0.002303	29.1
1121	-0.881586	198.719030	36.692828	0.002106	27.5
1122	-0.887195	198.449931	36.737822	0.001985	27.2
1123	-0.907957	198.105580	36.795560	0.002258	28.8
1124	-0.873989	199.044054	36.638629	0.002054	21.3
1125	-0.910317	198.708197	36.694637	0.002439	23.1
1126	-0.911080	198.371276	36.750994	0.002325	28.1
1127	-0.906808	198.027819	36.808623	0.002678	29.5
1128	-0.893224	197.718094	36.860748	0.002258	24.4
1129	-0.896495	197.380530	36.917726	0.001925	23.3
1130	-0.909106	197.036186	36.976030	0.002111	25.6
1131	-0.915836	196.963492	36.988362	0.003248	22.1
1132	-0.882082	197.749066	36.855529	0.001912	28.2
1133	-0.900105	197.474962	36.901769	0.001659	30.5
1134	-0.909508	198.467769	36.734836	0.002870	23.1
1135	-0.886620	199.261907	36.602391	0.002270	23.6
1136	-0.899541	198.917117	36.659777	0.002485	28.8
1137	-0.909752	199.906930	36.495516	0.002894	29.3
1138	-0.888078	200.860225	36.338701	0.002140	24.6
1139	-0.882594	201.844792	36.178151	0.002256	23.2
1140	-0.926870	201.500025	36.234209	0.003304	28.2
1141	-0.873657	201.579326	36.221300	0.002310	24.9
1142	-0.928151	201.234536	36.277496	0.002180	27.4
1143	-0.921706	200.905221	36.331333	0.002652	29.2
1144	-0.888417	200.603248	36.380841	0.002673	23.9
1145	-0.889452	201.545268	36.226843	0.002261	26.7
1146	-0.903885	202.545263	36.064788	0.002305	23.7
1147	-0.905895	203.523004	35.907735	0.002520	21.9
1148	-0.904704	204.440024	35.761673	0.002814	29.6
1149	-0.898975	204.095233	35.816451	0.002518	29.5
1150	-0.880456	205.001453	35.672835	0.002451	23.3
1151	-0.924118	206.001406	35.515694	0.001939	26.0
1152	-0.903291	205.790050	35.548793	0.002318	28.7
1153	-0.908241	205.482695	35.597035	0.002590	28.4
1154	-0.901159	205.137910	35.651309	0.003356	25.0
1155	-0.920349	204.793121	35.705749	0.002539	28.7
1156	-0.901530	205.774591	35.551216	0.001936	24.3
1157	-0.911049	206.756539	35.397941	0.002108	27.5
1158	-0.890046	206.424129	35.449680	0.002670	23.3
1159	-0.916350	206.080771	35.503281	0.002114	28.4
1160	-0.901261	205.736481	35.557192	0.002260	21.9
1161	-0.898256	205.402391	35.609661	0.001708	23.6
1162	-0.897819	205.057798	35.663943	0.002332	30.8
1163	-0.880569	204.881400	35.691794	0.002730	28.6
1164	-0.888111	205.057363	35.664012	0.003469	24.1
1165	-0.908866	204.712579	35.718490	0.003402	22.6
1166	-0.903344	205.712579	35.560940	0.002078	28.9
1167	-0.894811	206.709574	35.405242	0.001882	20.2
1168	-0.935536	206.937488	35.369840	0.002806	22.8
1169	-0.892303	206.897275	35.376081	0.002324	27.8
1170	-0.897269	206.611202	35.420544	0.002646	29.1
1171	-0.867917	207.451321	35.290286	0.002419	29.1
1172	-0.906285	207.320234	35.310548	0.002744	23.3
1173	-0.909896	207.172075	35.333476	0.002553	30.5
1174	-0.887393	206.827289	35.386948	0.002185	19.5
1175	-0.902705	207.825144	35.232634	0.002126	23.4
1176	-0.922538	207.486356	35.284875	0.002628	29.5
1177	-0.897745	207.141568	35.338201	0.002734	29.5
1178	-0.892229	208.131720	35.185493	0.002032	20.1
1179	-0.909755	209.116418	35.034929	0.002194	24.3
1180	-0.893104	208.998392	35.052908	0.002503	29.6
1181	-0.906439	208.654084	35.105461	0.002971	30.7
1182	-0.913511	209.606561	34.960464	0.002551	19.8
1183	-0.895610	209.322964	35.003511	0.003860	25.1
1184	-0.897405	208.978176	35.055989	0.002221	25.7
1185	-0.902197	208.633391	35.108624	0.002098	29.9
1186	-0.908440	208.292575	35.160809	0.002318	21.5
1187	-0.906150	209.271533	35.011329	0.002182	26.6
1188	-0.893434	208.926747	35.063831	0.003583	24.2
1189	-0.900437	208.599943	35.113739	0.002417	29.7
1190	-0.894602	209.593146	34.962498	0.002173	20.4
1191	-0.886376	209.255082	35.013831	0.002612	28.7
1192	-0.889523	209.467944	34.981492	0.002120	20.7
1193	-0.896435	209.129382	35.032956	0.002257	28.8
1194	-0.913250	208.825695	35.079248	0.002862	23.5
1195	-0.889581	209.803368	34.930654	0.002047	26.0
1196	-0.870235	210.691930	34.796691	0.002057	24.0
1197	-0.889321	211.318862	34.702789	0.002361	22.0
1198	-0.906123	212.250102	34.564240	0.001886	28.1
1199	-0.892940	211.905712	34.615349	0.002827	25.6
1200	-0.886493	212.503163	34.526781	0.002072	24.8
1201	-0.904383	213.502501	34.379644	0.003021	23.8
1202	-0.888437	214.484619	34.236259	0.002983	29.6
1203	-0.902501	215.484619	34.091488	0.002585	24.3
1204	-0.895575	216.483881	33.948041	0.002525	27.2
1205	-0.894169	216.139725	33.997309	0.002414	24.4
1206	-0.872592	216.681700	33.919786	0.002792	26.9
1207	-0.904637	217.681665	33.777678	0.002820	24.0
1208	-0.890235	218.681665	33.636751	0.002272	28.0
1209	-0.905250	218.336874	33.685208	0.001781	23.2
1210	-0.901317	218.830281	33.615907	0.002404	23.8
1211	-0.899335	218.486043	33.664227	0.001896	29.5
1212	-0.919672	218.141886	33.712674	0.002357	27.5
1213	-0.906615	219.117925	33.575638	0.002612	23.2
1214	-0.913605	219.972486	33.456569	0.003424	29.6
1215	-0.886273	220.972483	33.318303	0.001782	25.4
1216	-0.901583	221.437705	33.254367	0.002030	27.5
1217	-0.885153	221.790910	33.205990	0.002251	24.6
1218	-0.892745	222.788528	33.070106	0.001674	27.1
1219	-0.901799	222.687296	33.083844	0.002346	24.4
1220	-0.913798	222.373307	33.126527	0.001889	27.7
1221	-0.899212	222.410184	33.121509	0.002021	23.7
1222	-0.893765	222.199934	33.150143	0.002215	26.8
1223	-0.905832	222.809358	33.067281	0.003135	24.0
1224	-0.909062	222.464589	33.114107	0.002372	24.4
1225	-0.875660	222.201367	33.149947	0.002646	28.6
1226	-0.901951	223.083866	33.030092	0.002395	29.0
1227	-0.914291	224.083832	32.895326	0.002951	22.8
1228	-0.900120	223.739050	32.941668	0.002222	29.2
1229	-0.919517	224.710969	32.811366	0.002888	25.1
1230	-0.904284	225.653345	32.686005	0.001759	27.8
1231	-0.904793	225.308561	32.731759	0.002151	24.7
1232	-0.894967	225.392884	32.720557	0.002514	26.9
1233	-0.913389	225.048241	32.766389	0.002279	18.6
1234	-0.898384	224.827252	32.795845	0.002285	21.3
1235	-0.918430	224.563736	32.831039	0.002903	28.5
1236	-0.887389	225.481368	32.708811	0.002690	27.2
1237	-0.890205	225.136661	32.754619	0.002161	24.6
1238	-0.913694	226.134963	32.622306	0.002610	28.7
1239	-0.905208	227.095800	32.495965	0.002933	21.2
1240	-0.892188	228.094185	32.365719	0.002645	28.2
1241	-0.919008	228.017321	32.375710	0.002117	23.1
1242	-0.899650	227.672530	32.420600	0.002513	28.2
1243	-0.885414	228.348915	32.332655	0.001898	21.3
1244	-0.889050	228.981740	32.250806	0.003071	28.6
1245	-0.895351	229.965128	32.124433	0.002232	23.0
1246	-0.887211	230.952773	31.998507	0.003311	23.0
1247	-0.902587	231.952765	31.872008	0.002704	29.1
1248	-0.909278	232.952731	31.746508	0.002908	28.0
1249	-0.902190	233.949016	31.622450	0.002227	24.8
1250	-0.904600	233.604249	31.665271	0.002641	22.0
1251	-0.915607	234.041562	31.610975	0.002365	29.3
1252	-0.894650	234.535252	31.549903	0.001985	26.3
1253	-0.900264	234.190929	31.592473	0.002755	28.3
1254	-0.894078	233.849232	31.634831	0.002359	26.7
1255	-0.874917	233.504681	31.677659	0.002843	27.3
1256	-0.903272	233.403812	31.690219	0.002250	22.2
1257	-0.885996	233.631270	31.661911	0.003280	26.4
1258	-0.921347	233.286533	31.704835	0.002755	28.3
1259	-0.892773	232.948717	31.747010	0.002613	26.9
1260	-0.900571	232.810966	31.764240	0.002253	23.7
1261	-0.874484	232.466175	31.807449	0.002625	29.1
1262	-0.895230	233.465095	31.682587	0.001922	27.3
1263	-0.900147	233.220424	31.713079	0.003517	25.1
1264	-0.891614	234.220423	31.588822	0.001793	27.6
1265	-0.898273	235.212847	31.466465	0.002925	24.4
1266	-0.881913	236.212701	31.344146	0.002234	27.0
1267	-0.899276	235.914399	31.380540	0.002309	24.3
1268	-0.874532	235.571863	31.422434	0.002107	21.1
1269	-0.881436	235.295490	31.456318	0.002208	29.1
1270	-0.887955	235.446581	31.437785	0.002455	27.1
1271	-0.932324	236.389481	31.322618	0.002413	25.2
1272	-0.895939	236.061404	31.362594	0.002559	26.4
1273	-0.922057	237.061355	31.241069	0.003141	26.0
1274	-0.912507	238.057891	31.120891	0.002563	26.9
1275	-0.913559	239.057891	31.001222	0.001829	24.9
1276	-0.919689	239.935326	30.896976	0.002512	25.0
1277	-0.919780	239.590699	30.937837	0.002894	28.7
1278	-0.939441	239.251054	30.978213	0.002547	26.4
1279	-0.922944	238.914164	31.018365	0.003055	26.9
1280	-0.883175	238.569373	31.059568	0.002203	21.3
1281	-0.902963	238.225739	31.100741	0.002665	17.9
1282	-0.917709	239.225052	30.981308	0.002352	25.2
1283	-0.883189	238.880272	31.022411	0.002252	17.9
1284	-0.905174	238.622883	31.053166	0.003020	23.1
1285	-0.911514	238.278093	31.094461	0.002730	24.2
1286	-0.859807	237.933302	31.135866	0.002304	24.7
1287	-0.901432	237.943699	31.134615	0.002247	25.5
1288	-0.908622	237.940703	31.134976	0.001665	27.9
1289	-0.878458	238.010645	31.126568	0.003088	32.0
1290	-0.868085	237.830070	31.148284	0.002285	20.6
1291	-0.902351	237.485286	31.189831	0.002724	30.3
1292	-0.882112	238.481213	31.070120	0.002501	22.9
1293	-0.899615	238.136489	31.111452	0.002509	31.8
1294	-0.910670	238.802710	31.031672	0.001705	25.0
1295	-0.887427	239.178348	30.986869	0.001867	26.4
1296	-0.913372	238.834102	31.027923	0.002465	18.5
1297	-0.882721	238.521923	31.065246	0.002827	22.5
1298	-0.898972	239.515141	30.946810	0.002757	22.0
1299	-0.871588	240.515138	30.828473	0.003262	20.4
1300	-0.924578	240.170481	30.869157	0.001988	18.5
1301	-0.908446	239.826113	30.909913	0.002494	18.1
1302	-0.878400	239.683764	30.926792	0.002298	28.8
1303	-0.906820	240.683547	30.808634	0.002075	25.4
1304	-0.907305	241.662211	30.693842	0.002691	25.2
1305	-0.901360	242.623102	30.581965	0.001801	28.3
1306	-0.907771	242.279036	30.621931	0.002090	24.2
1307	-0.926972	242.058696	30.647580	0.002162	25.4
1308	-0.926858	241.713915	30.687802	0.002355	30.6
1309	-0.920669	241.382190	30.726600	0.002964	26.0
1310	-0.902378	242.381913	30.609970	0.001503	22.2
1311	-0.861825	242.258648	30.624303	0.002762	28.8
1312	-0.907732	241.922227	30.663488	0.002236	23.6
1313	-0.896894	241.579868	30.703468	0.002369	19.8
1314	-0.911852	241.235975	30.743732	0.003020	31.4
1315	-0.889680	242.235958	30.626942	0.002464	25.3
1316	-0.904384	241.961227	30.658940	0.002630	25.8
1317	-0.862988	242.291717	30.620456	0.002833	22.8
1318	-0.886993	243.291717	30.504598	0.002449	29.5
1319	-0.895212	244.242835	30.395213	0.002361	29.3
1320	-0.905668	243.900187	30.434529	0.003172	21.4
1321	-0.878189	243.555396	30.474194	0.003039	28.5
1322	-0.900912	244.555395	30.359438	0.002181	23.1
1323	-0.920794	244.210635	30.398904	0.001928	29.6
1324	-0.866146	243.876135	30.437293	0.002477	20.4
1325	-0.886840	243.555562	30.474175	0.001934	28.8
1326	-0.896531	243.219494	30.512936	0.002616	22.6
1327	-0.891506	244.209632	30.399018	0.002565	22.5
1328	-0.895786	244.030399	30.419576	0.002981	29.1
1329	-0.882384	243.685616	30.459201	0.003073	29.3
1330	-0.900529	244.685616	30.344558	0.002404	24.5
1331	-0.906603	244.340824	30.383988	0.003059	22.9
1332	-0.883636	245.340809	30.269911	0.001854	28.5
1333	-0.914463	244.996019	30.309147	0.001919	29.3
1334	-0.924589	245.044906	30.303578	0.001849	26.1
1335	-0.942210	244.700434	30.342865	0.002564	28.7
1336	-0.900886	244.356027	30.382247	0.002983	21.7
1337	-0.924544	245.278458	30.276999	0.001992	29.4
1338	-0.877334	244.934643	30.316142	0.002336	23.6
1339	-0.903897	245.893051	30.207278	0.002183	24.1
1340	-0.907738	245.549658	30.246193	0.002373	32.2
1341	-0.926707	246.546332	30.133519	0.002479	33.0
1342	-0.895292	246.218746	30.170460	0.002856	24.3
1343	-0.908082	245.873991	30.209435	0.002407	27.7
1344	-0.923934	245.531948	30.248203	0.002453	30.1
1345	-0.928856	246.520712	30.136405	0.002519	25.7
1346	-0.903182	246.175923	30.175296	0.002304	34.3
1347	-0.907390	245.833347	30.214037	0.002191	35.7
1348	-0.879080	245.490922	30.252860	0.003087	31.5
1349	-0.888901	245.148249	30.291811	0.002001	24.4
1350	-0.902826	246.067784	30.187514	0.002601	22.5
1351	-0.933151	245.918441	30.204404	0.002736	26.6
1352	-0.907930	246.426307	30.147043	0.002572	24.9
1353	-0.903348	246.081669	30.185945	0.001847	23.9
1354	-0.908013	246.453309	30.144000	0.002905	27.9
1355	-0.894575	246.282622	30.163250	0.002505	23.6
1356	-0.887996	246.913180	30.092258	0.003215	31.8
1357	-0.918546	247.913121	29.980361	0.002341	19.6
1358	-0.915731	247.568367	30.018846	0.001893	29.6
1359	-0.911923	248.185285	29.950049	0.002751	22.7
1360	-0.906463	247.840494	29.988460	0.002098	29.1
1361	-0.886039	248.802013	29.881588	0.002032	21.9
1362	-0.894657	248.690197	29.893977	0.002474	22.7
1363	-0.890309	248.348468	29.931904	0.002301	30.9
1364	-0.878968	248.003688	29.970268	0.001847	31.3
1365	-0.891807	247.659192	30.008698	0.003216	24.1
1366	-0.915401	248.554580	29.909017	0.002739	22.4
1367	-0.894328	249.540055	29.800070	0.002126	30.9
1368	-0.894413	250.539961	29.690335	0.002693	30.4
1369	-0.894889	251.036025	29.636194	0.002878	23.7
1370	-0.891895	250.691234	29.673804	0.003328	30.8
1371	-0.905979	250.346443	29.711510	0.002532	26.9
1372	-0.895274	251.345414	29.602527	0.002032	23.8
1373	-0.889041	252.337596	29.495074	0.002481	31.8
1374	-0.881817	253.323462	29.389074	0.002344	31.2
1375	-0.889782	252.979074	29.426016	0.002503	24.0
1376	-0.884842	253.220424	29.400117	0.002145	29.9
1377	-0.893910	252.876062	29.437084	0.002189	25.1
1378	-0.921803	252.542195	29.473012	0.001806	27.5
1379	-0.890757	253.342494	29.387035	0.001849	26.0
1380	-0.891371	253.006542	29.423066	0.002094	24.7
1381	-0.890474	252.743280	29.451362	0.002630	30.8
1382	-0.910755	252.398628	29.488489	0.002909	30.3
1383	-0.886746	252.053843	29.525724	0.002991	22.5
1384	-0.916016	251.743255	29.559347	0.002268	30.0
1385	-0.929590	251.416839	29.594766	0.002090	28.5
1386	-0.894276	252.257945	29.503671	0.002872	27.6
1387	-0.874831	253.257790	29.396111	0.001920	31.5
1388	-0.892399	254.257145	29.289385	0.002921	25.1
1389	-0.917726	253.912378	29.326117	0.003321	24.8
1390	-0.892946	253.567586	29.362943	0.002866	30.6
1391	-0.909182	253.222796	29.399863	0.002402	30.3
1392	-0.911255	254.222795	29.293041	0.003415	23.1
1393	-0.904060	254.653887	29.247229	0.002754	27.7
1394	-0.885731	254.653090	29.247314	0.002916	25.9
1395	-0.891201	255.646888	29.142249	0.002707	30.6
1396	-0.903867	256.646886	29.037288	0.002623	22.1
1397	-0.900429	257.614737	28.936418	0.002543	30.3
1398	-0.909829	257.281038	28.971117	0.002698	20.7
1399	-0.896864	258.269552	28.868570	0.002539	29.0
1400	-0.906838	259.212577	28.771416	0.002553	22.1
1401	-0.882987	259.056360	28.787464	0.002265	31.0
1402	-0.873155	260.054443	28.685234	0.002075	19.8
1403	-0.892676	260.908702	28.598310	0.002941	24.0
1404	-0.889397	260.563911	28.633330	0.003319	29.3
1405	-0.894228	260.219119	28.668437	0.002967	30.8
1406	-0.896983	259.874330	28.703629	0.002762	20.8
1407	-0.918034	260.871486	28.602086	0.003312	29.8
1408	-0.908706	261.871486	28.500973	0.002462	21.5
1409	-0.883545	262.559284	28.431841	0.001803	28.5
1410	-0.906786	263.140702	28.373663	0.002279	22.8
1411	-0.893609	262.795945	28.408131	0.002357	28.6
1412	-0.907903	262.451162	28.442686	0.002346	23.4
1413	-0.916727	263.451156	28.342696	0.002777	28.5
1414	-0.900200	264.448337	28.243683	0.002081	25.3
1415	-0.903207	264.104442	28.277751	0.002024	20.3
1416	-0.900452	263.873292	28.300696	0.003312	29.9
1417	-0.893813	263.528500	28.334991	0.002599	29.2
1418	-0.914379	263.218283	28.365918	0.002875	25.8
1419	-0.909870	264.217998	28.266493	0.002333	22.7
1420	-0.912305	265.174721	28.171994	0.002655	30.7
1421	-0.907537	266.174065	28.073957	0.001810	30.0
1422	-0.910263	265.830676	28.107567	0.002809	20.4
1423	-0.899334	266.808869	28.012036	0.002737	31.0
1424	-0.874353	266.464391	28.045604	0.002402	21.2
1425	-0.905859	266.206912	28.070747	0.002137	29.4
1426	-0.887987	265.863422	28.104359	0.002344	24.1
1427	-0.907742	265.518775	28.138165	0.002340	20.9
1428	-0.919348	265.242314	28.165341	0.001889	30.2
1429	-0.931306	264.992936	28.189901	0.002325	29.5
1430	-0.910126	264.927857	28.196317	0.002540	33.6
1431	-0.898762	265.914177	28.099387	0.001389	31.1
1432	-0.907307	265.595006	28.130680	0.002692	25.5
1433	-0.884300	265.250394	28.164546	0.002349	29.3
1434	-0.892564	264.906912	28.198383	0.002577	28.5
1435	-0.882122	264.598926	28.228791	0.002793	25.9
1436	-0.918913	264.259426	28.262388	0.002408	23.5
1437	-0.927637	265.230924	28.166462	0.002332	27.7
1438	-0.918062	264.886140	28.200431	0.002533	30.9
1439	-0.881880	264.590353	28.229639	0.002392	25.0
1440	-0.910858	265.589268	28.131244	0.002526	24.9
1441	-0.945097	266.589202	28.033433	0.002074	30.1
1442	-0.929584	266.532506	28.038960	0.002454	31.1
1443	-0.905699	266.187717	28.072623	0.001807	23.5
1444	-0.925652	266.805198	28.012394	0.001901	24.3
1445	-0.894629	266.472311	28.044831	0.002635	27.0
1446	-0.879145	267.101764	27.983558	0.003068	30.0
1447	-0.900958	266.756973	28.017088	0.002514	21.4
1448	-0.883057	267.756292	27.920127	0.002831	29.7
1449	-0.919373	267.411531	27.953503	0.003172	22.0
1450	-0.894760	267.066739	27.986961	0.002328	23.1
1451	-0.906039	268.066665	27.890150	0.002602	30.6
1452	-0.928080	268.132436	27.883805	0.001916	29.5
1453	-0.883756	267.790130	27.916856	0.003162	24.1
1454	-0.887362	267.591735	27.936048	0.002480	21.9
1455	-0.914907	267.246956	27.969463	0.002086	28.8
1456	-0.906057	268.161842	27.880970	0.002753	30.2
1457	-0.904607	267.817074	27.914252	0.002498	23.9
1458	-0.895373	268.448445	27.853363	0.002660	29.2
1459	-0.915759	268.103659	27.886581	0.002353	24.5
1460	-0.908467	269.102015	27.790612	0.002393	22.4
1461	-0.903069	268.757924	27.823614	0.002537	29.4
1462	-0.924528	268.413244	27.856750	0.002788	29.5
1463	-0.909482	269.404867	27.761630	0.001816	26.0
1464	-0.878127	269.134149	27.787534	0.001953	23.8
1465	-0.889439	269.047968	27.795790	0.002717	29.4
1466	-0.898070	268.703237	27.828866	0.002707	29.0
1467	-0.909740	269.703235	27.733136	0.002099	26.0
1468	-0.917513	269.358450	27.766068	0.002788	28.9
1469	-0.909200	270.358445	27.670770	0.002565	22.5
1470	-0.905598	270.020287	27.702923	0.002460	20.4
1471	-0.896164	271.016537	27.608411	0.002594	29.6
1472	-0.882380	270.671746	27.641047	0.002351	30.6
1473	-0.892015	270.673769	27.640855	0.002854	24.5
1474	-0.912970	271.673626	27.546426	0.002338	32.3
1475	-0.889901	272.663474	27.453576	0.001974	23.8
1476	-0.915244	273.660067	27.360723	0.002436	28.5
1477	-0.916088	273.318171	27.392507	0.001986	23.4
1478	-0.924728	272.974465	27.424533	0.001999	28.0
1479	-0.898937	272.629686	27.456735	0.001877	22.8
1480	-0.901486	273.215777	27.402040	0.001980	20.8
1481	-0.904210	273.238490	27.399925	0.002296	26.7
1482	-0.915675	274.085914	27.321238	0.002682	30.6
1483	-0.895396	274.896729	27.246372	0.002937	24.7
1484	-0.901385	275.896725	27.154602	0.002358	28.5
1485	-0.888307	276.896725	27.063448	0.002016	24.4
1486	-0.893523	276.552281	27.094776	0.002125	29.8
1487	-0.884634	276.213582	27.125653	0.001658	25.7
1488	-0.925275	277.155678	27.039943	0.002397	28.6
1489	-0.894228	277.299039	27.026948	0.001880	22.1
1490	-0.912065	278.238376	26.942107	0.002464	29.0
1491	-0.910015	278.589278	26.910551	0.002103	24.8
1492	-0.881421	278.553237	26.913789	0.002395	29.6
1493	-0.857258	278.216616	26.944067	0.003147	21.2
1494	-0.907270	279.216616	26.854318	0.002323	24.1
1495	-0.910327	278.871878	26.885190	0.001837	30.5
1496	-0.885443	278.528868	26.915978	0.002055	29.6
1497	-0.902497	278.184893	26.946924	0.002521	22.7
1498	-0.926048	279.184803	26.857164	0.002416	30.1
1499	-0.910235	280.178832	26.768523	0.002520	24.7
1500	-0.886194	280.538908	26.736558	0.003258	29.1
1501	-0.889247	281.537684	26.648292	0.003766	23.2
1502	-0.906854	282.537684	26.560499	0.002309	29.8
1503	-0.893532	282.274977	26.583507	0.002781	20.5
1504	-0.897992	281.930466	26.613739	0.002596	20.8
1505	-0.903369	282.929787	26.526234	0.004343	29.9
1506	-0.893470	283.012039	26.519057	0.002417	29.8
1507	-0.880054	284.012039	26.432112	0.002874	21.8
1508	-0.915370	285.011530	26.345780	0.002124	20.3
1509	-0.904048	285.995590	26.261330	0.002138	30.4
1510	-0.915521	285.659187	26.290138	0.002134	23.3
1511	-0.903848	285.314571	26.319716	0.002550	24.7
1512	-0.918285	284.974204	26.348994	0.002249	25.3
1513	-0.885238	284.629412	26.378719	0.002265	19.6
1514	-0.912171	284.889867	26.356259	0.003296	32.7
1515	-0.896098	285.673189	26.288938	0.002031	26.0
1516	-0.913244	285.887996	26.270537	0.003121	29.6
1517	-0.892261	285.616176	26.293826	0.002702	21.3
1518	-0.893803	286.616176	26.208350	0.002934	29.5
1519	-0.892060	287.616176	26.123428	0.002265	22.4
1520	-0.897542	288.616067	26.039064	0.002207	25.7
1521	-0.919603	288.472221	26.051167	0.002729	29.6
1522	-0.894995	289.468223	25.967593	0.002484	33.3
1523	-0.896904	290.467721	25.884263	0.002416	21.4
1524	-0.908450	290.122947	25.912947	0.002403	23.1
1525	-0.914366	291.056987	25.835385	0.002673	25.7
1526	-0.900417	291.399968	25.807021	0.002213	29.5
1527	-0.904642	292.300631	25.732832	0.002727	21.8
1528	-0.896617	291.955973	25.761171	0.002280	30.6
1529	-0.898013	291.614290	25.789328	0.002227	23.7
1530	-0.912437	291.498245	25.798905	0.002500	30.2
1531	-0.894370	291.159328	25.826915	0.002284	22.2
1532	-0.911460	291.651374	25.786269	0.002217	30.8
1533	-0.880117	291.306590	25.814737	0.001766	20.5
1534	-0.909194	290.962139	25.843240	0.003103	21.8
1535	-0.899812	291.961746	25.760696	0.002661	29.5
1536	-0.905594	292.480713	25.718050	0.001986	31.2
1537	-0.877215	292.155437	25.744763	0.002118	25.0
1538	-0.915082	291.898744	25.765883	0.002011	22.3
1539	-0.925683	291.608997	25.789765	0.002419	27.7
1540	-0.896529	291.330643	25.812749	0.002390	31.6
1541	-0.898659	292.254196	25.736646	0.001998	20.6
1542	-0.917337	293.145208	25.663649	0.001983	30.3
1543	-0.927392	293.584762	25.627791	0.003006	19.9
1544	-0.869788	293.280038	25.652639	0.002701	30.3
1545	-0.917042	293.053444	25.671148	0.003570	19.4
1546	-0.921930	294.053444	25.589666	0.002123	30.7
1547	-0.887196	295.026369	25.510885	0.002897	20.9
1548	-0.912818	295.542384	25.469299	0.002236	24.5
1549	-0.891056	295.212139	25.495898	0.002625	30.2
1550	-0.903155	294.868264	25.523655	0.002486	31.2
1551	-0.888798	294.526411	25.551308	0.002397	23.5
1552	-0.908553	295.442987	25.477299	0.002217	18.7
1553	-0.901338	295.456585	25.476204	0.002561	24.2
1554	-0.923426	295.148493	25.501031	0.001964	25.6
1555	-0.896733	295.978585	25.434250	0.002768	29.0
1556	-0.898235	295.633853	25.461941	0.002633	25.7
1557	-0.915441	296.633853	25.381780	0.002652	25.8
1558	-0.900886	297.633853	25.302122	0.001781	28.6
1559	-0.900264	297.289084	25.329529	0.002619	25.7
1560	-0.907869	298.288535	25.250241	0.002415	24.4
1561	-0.896553	297.943772	25.277535	0.002512	29.4
1562	-0.896756	298.928498	25.199732	0.002635	28.6
1563	-0.902145	298.583722	25.226918	0.002200	26.5
1564	-0.910019	299.581050	25.148438	0.003419	25.1
1565	-0.893986	300.470434	25.078862	0.002624	27.5
1566	-0.879020	301.470434	25.001090	0.002798	29.2
1567	-0.893687	302.118540	24.950944	0.001949	22.7
1568	-0.909980	301.774638	24.977528	0.002791	30.3
1569	-0.905103	302.773780	24.900449	0.001908	21.1
1570	-0.911704	303.773706	24.823785	0.002805	24.3
1571	-0.914318	303.428916	24.850166	0.003009	33.9
1572	-0.895782	303.119638	24.873879	0.002462	30.9
1573	-0.897709	303.089385	24.876200	0.002837	21.0
1574	-0.916074	302.744607	24.902693	0.002215	23.1
1575	-0.914919	302.399892	24.929237	0.002264	29.1
1576	-0.885534	303.360790	24.855386	0.002784	28.5
1577	-0.913740	303.016600	24.881788	0.002125	22.4
1578	-0.915833	302.673263	24.908182	0.002553	30.1
1579	-0.899953	303.671094	24.831630	0.002151	20.7
1580	-0.906231	303.329472	24.857786	0.002476	29.4
1581	-0.898232	302.984704	24.884238	0.002896	21.1
1582	-0.873940	302.643420	24.910479	0.002289	28.8
1583	-0.909051	302.312160	24.936001	0.002423	25.5
1584	-0.888246	303.116954	24.874084	0.002393	22.4
1585	-0.913202	302.772166	24.900573	0.002379	29.7
1586	-0.910325	303.772166	24.823902	0.002602	29.4
1587	-0.894135	303.607279	24.836512	0.002265	24.7
1588	-0.901586	304.605452	24.760373	0.002159	27.7
1589	-0.908080	304.281397	24.785040	0.002348	24.8
1590	-0.908622	304.503816	24.768104	0.002690	30.2
1591	-0.906068	305.503810	24.692246	0.003257	23.7
1592	-0.917193	305.159019	24.718349	0.002718	22.9
1593	-0.878900	304.814228	24.744507	0.002942	29.7
1594	-0.895773	305.814227	24.668793	0.002072	29.1
1595	-0.896698	306.684996	24.603240	0.002456	24.3
1596	-0.905373	306.344765	24.628811	0.002420	24.3
1597	-0.903700	307.329604	24.554936	0.002223	31.4
1598	-0.875742	308.329213	24.480405	0.002080	30.8
1599	-0.880504	309.261835	24.411275	0.002478	23.0
1600	-0.898224	310.261400	24.337615	0.002604	25.7
1601	-0.928532	309.921442	24.362617	0.002550	28.1
1602	-0.906365	309.716642	24.377704	0.002419	30.2
1603	-0.927748	309.820884	24.370023	0.002544	21.5
1604	-0.903569	310.804712	24.297764	0.003097	20.5
1605	-0.900574	310.459920	24.323039	0.002143	29.9
1606	-0.928369	311.459665	24.249897	0.002600	30.9
1607	-0.924742	311.118762	24.274788	0.002257	22.2
1608	-0.918693	310.783901	24.299288	0.001853	22.5
1609	-0.898371	310.561670	24.315575	0.002388	28.8
1610	-0.909982	311.376239	24.255983	0.002057	30.2
1611	-0.899510	312.357589	24.184578	0.002610	21.7
1612	-0.912341	312.013268	24.209583	0.001799	28.9
1613	-0.895630	312.987925	24.138934	0.001433	25.1
1614	-0.898962	313.784887	24.081471	0.003124	27.7
1615	-0.915479	313.532381	24.099648	0.002736	27.1
1616	-0.886597	313.187644	24.124508	0.002173	20.6
1617	-0.910472	312.842901	24.149420	0.001864	31.6
1618	-0.898051	312.955981	24.141243	0.001785	31.2
1619	-0.907041	313.477639	24.103592	0.002615	23.8
1620	-0.894034	313.134756	24.128327	0.002231	25.1
1621	-0.892962	312.789970	24.153250	0.003395	29.1
1622	-0.888298	312.445253	24.178219	0.002345	30.6
1623	-0.894570	312.100465	24.203246	0.003396	22.9
1624	-0.915473	311.755674	24.228325	0.002155	29.1
1625	-0.898914	312.755673	24.155732	0.002048	23.3
1626	-0.882154	312.994526	24.138457	0.002412	21.5
1627	-0.916716	313.993928	24.066444	0.002573	29.8
1628	-0.877329	313.649137	24.091239	0.002193	30.4
1629	-0.899091	314.600053	24.022977	0.002207	23.8
1630	-0.882323	314.666512	24.018221	0.002951	25.0
1631	-0.900285	315.634088	23.949186	0.003205	28.5
1632	-0.886616	315.289308	23.973740	0.002752	29.8
1633	-0.901183	316.289308	23.902662	0.002164	23.7
1634	-0.906077	317.119565	23.843969	0.002155	29.7
1635	-0.884818	317.752144	23.799443	0.002317	25.0
1636	-0.875746	317.412646	23.823319	0.002262	28.4
1637	-0.915209	317.366158	23.826592	0.002336	24.3
1638	-0.906414	318.253234	23.764291	0.002154	24.3
1639	-0.912722	318.045635	23.778842	0.002386	30.8
1640	-0.898020	317.700858	23.803047	0.002226	28.6
1641	-0.889345	317.357991	23.827167	0.002466	23.1
1642	-0.902899	317.041866	23.849450	0.001906	29.5
1643	-0.883995	316.747572	23.870231	0.002713	28.1
1644	-0.899461	317.305563	23.830860	0.002131	24.9
1645	-0.905743	316.962477	23.855052	0.002566	28.7
1646	-0.883404	316.617699	23.879413	0.003020	24.7
1647	-0.891130	317.610753	23.809381	0.002218	28.4
1648	-0.896252	317.265982	23.833648	0.001441	21.9
1649	-0.890223	316.973871	23.854248	0.002772	23.8
1650	-0.895572	316.630128	23.878534	0.003292	29.2
1651	-0.911465	316.289854	23.902624	0.002546	22.4
1652	-0.909247	315.945063	23.927083	0.002605	31.2
1653	-0.892201	316.455318	23.890904	0.001836	29.1
1654	-0.919010	317.450749	23.820637	0.003132	25.4
1655	-0.920916	317.107368	23.844829	0.002548	24.3
1656	-0.890095	316.762846	23.869151	0.002655	19.0
1657	-0.908331	316.435771	23.892288	0.002897	20.2
1658	-0.903986	316.091832	23.916665	0.001788	24.3
1659	-0.893697	315.895931	23.930572	0.002443	30.3
1660	-0.902474	316.873658	23.861323	0.002470	25.4
1661	-0.911004	317.821053	23.794603	0.002545	30.8
1662	-0.915920	318.730250	23.730923	0.002701	27.6
1663	-0.884090	319.730124	23.661285	0.002155	26.7
1664	-0.925797	319.804719	23.656106	0.002219	28.1
1665	-0.904283	320.257763	23.624701	0.002270	26.9
1666	-0.895795	321.257457	23.555696	0.002117	27.2
1667	-0.904366	322.144172	23.494826	0.003300	26.3
1668	-0.941326	323.143901	23.426574	0.002604	25.5
1669	-0.895532	322.799109	23.450068	0.002528	26.0
1670	-0.879982	322.545034	23.467411	0.002905	25.3
1671	-0.929202	322.200243	23.490987	0.004140	22.4
1672	-0.906700	323.200243	23.422739	0.002182	24.6
1673	-0.917813	322.856322	23.446166	0.002273	26.4
1674	-0.906577	323.846304	23.378857	0.002156	18.6
1675	-0.904619	324.079061	23.363088	0.004066	18.8
1676	-0.918656	325.079061	23.295580	0.002222	28.2
1677	-0.903551	324.734283	23.318811	0.002357	30.7
1678	-0.919252	325.159881	23.290141	0.002168	27.2
1679	-0.898249	326.159781	23.223060	0.002135	21.8
1680	-0.910236	327.066745	23.162547	0.001995	29.4
1681	-0.912198	327.906390	23.106807	0.002883	22.7
1682	-0.907714	327.613909	23.126193	0.002697	27.4
1683	-0.910083	327.269193	23.149083	0.002394	22.7
1684	-0.898954	326.924436	23.172021	0.002152	29.7
1685	-0.901511	327.349215	23.143765	0.002344	19.6
1686	-0.879599	327.335072	23.144705	0.002220	22.4
1687	-0.872630	328.263611	23.083173	0.002301	29.4
1688	-0.899945	327.962006	23.103124	0.002569	30.7
1689	-0.912810	328.961977	23.037110	0.002907	20.8
1690	-0.889364	329.394591	23.008667	0.002279	24.1
1691	-0.901954	329.063168	23.030451	0.002361	28.5
1692	-0.928889	328.718385	23.053156	0.001963	28.1
1693	-0.915125	328.421285	23.072757	0.002605	20.4
1694	-0.898887	328.076511	23.095546	0.002794	28.2
1695	-0.926915	329.076447	23.029577	0.002846	25.9
1696	-0.923028	328.768155	23.049876	0.002177	29.2
1697	-0.921824	328.771200	23.049675	0.002522	20.8
1698	-0.929764	328.443735	23.071275	0.002352	28.4
1699	-0.921085	328.148201	23.090803	0.002232	23.2
1700	-0.888304	328.813563	23.046884	0.002690	28.6
1701	-0.901469	329.794674	22.982426	0.001975	21.3
1702	-0.893938	330.632560	22.927662	0.002982	24.3
1703	-0.922467	330.288051	22.950147	0.002212	29.8
1704	-0.924773	329.943267	22.972695	0.002828	29.4
1705	-0.901486	330.184194	22.956934	0.002040	21.3
1706	-0.878536	331.184184	22.891751	0.002600	23.5
1707	-0.881656	330.879083	22.911599	0.003083	29.0
1708	-0.919107	331.873212	22.847052	0.002393	29.9
1709	-0.924421	331.528451	22.869395	0.002361	19.9
1710	-0.898366	331.187141	22.891558	0.002901	27.0
1711	-0.940592	332.034477	22.836615	0.002340	27.2
1712	-0.913284	333.027853	22.772537	0.001860	29.7
1713	-0.891201	332.690368	22.794266	0.002271	20.9
1714	-0.906982	333.006183	22.773931	0.002281	24.9
1715	-0.915233	332.663178	22.796019	0.003222	25.1
1716	-0.904635	333.646602	22.732806	0.002129	29.3
1717	-0.897547	334.642779	22.669130	0.003270	21.2
1718	-0.901927	335.642203	22.605604	0.002917	28.3
1719	-0.917027	336.642200	22.542397	0.002439	22.1
1720	-0.909693	337.635472	22.479964	0.002545	28.5
1721	-0.892497	337.290680	22.501597	0.002225	23.9
1722	-0.908863	338.290644	22.438971	0.003135	28.8
1723	-0.892573	337.956358	22.459868	0.002233	21.6
1724	-0.917361	338.325237	22.436811	0.002718	22.6
1725	-0.910466	339.321866	22.374752	0.003150	29.6
1726	-0.873591	338.977176	22.396177	0.002829	28.4
1727	-0.903407	338.632575	22.417637	0.002166	23.4
1728	-0.880090	338.287785	22.439150	0.001964	24.8
1729	-0.908240	339.285340	22.377021	0.002809	29.1
1730	-0.912553	340.285312	22.315085	0.002022	29.6
1731	-0.906128	339.941775	22.336324	0.003159	22.3
1732	-0.927847	340.941579	22.274624	0.003203	25.8
1733	-0.905914	340.596788	22.295863	0.002464	24.6
1734	-0.895282	341.596788	22.234374	0.002228	21.3
1735	-0.885306	341.446271	22.243607	0.002303	18.0
1736	-0.895690	342.446105	22.182415	0.002228	29.8
1737	-0.901489	342.510579	22.178481	0.002349	25.5
1738	-0.909026	342.166525	22.199492	0.002256	26.9
1739	-0.920210	342.107951	22.203073	0.002859	27.2
1740	-0.923888	342.289827	22.191958	0.002579	24.4
1741	-0.891423	341.945082	22.213037	0.002268	29.3
1742	-0.897159	341.600761	22.234130	0.003273	20.2
1743	-0.909341	342.598633	22.173110	0.002185	28.1
1744	-0.896577	343.583912	22.113188	0.002132	20.3
1745	-0.905299	343.239128	22.134120	0.003051	21.4
1746	-0.921389	344.237275	22.073630	0.002852	29.3
1747	-0.909448	344.138385	22.079608	0.001912	29.4
1748	-0.908284	343.801917	22.099973	0.003033	24.5
1749	-0.920454	344.693560	22.046088	0.002842	21.7
1750	-0.891671	344.348795	22.066892	0.001926	28.3
1751	-0.898069	345.345901	22.006831	0.002273	29.1
1752	-0.911787	346.319690	21.948490	0.001958	23.4
1753	-0.905639	345.996989	21.967789	0.003544	27.3
1754	-0.888569	346.973725	21.909479	0.003659	24.4
1755	-0.896975	347.973725	21.850099	0.002312	29.7
1756	-0.886784	347.857927	21.856959	0.002409	23.8
1757	-0.888551	347.513165	21.877407	0.002600	28.3
1758	-0.902040	348.400238	21.824871	0.002639	23.7
1759	-0.905833	348.723526	21.805787	0.001799	28.7
1760	-0.871420	348.752287	21.804091	0.002535	20.7
1761	-0.907991	349.333052	21.769897	0.001985	21.7
1762	-0.887390	349.021964	21.788200	0.002088	29.7
1763	-0.904351	350.007899	21.730299	0.002508	28.5
1764	-0.910467	350.999831	21.672355	0.002970	24.6
1765	-0.885703	351.546333	21.640563	0.002582	25.0
1766	-0.918215	352.546333	21.582631	0.002582	28.4
1767	-0.891876	352.202279	21.602527	0.002592	28.6
1768	-0.923168	351.860183	21.622348	0.003337	22.9
1769	-0.902410	351.515391	21.642361	0.002458	30.3
1770	-0.901992	352.515388	21.584419	0.002290	19.9
1771	-0.914140	352.196498	21.602862	0.002480	29.6
1772	-0.899139	352.418289	21.590031	0.002999	24.1
1773	-0.925852	353.160465	21.547206	0.003749	29.0
1774	-0.893727	354.160465	21.489771	0.002936	20.9
1775	-0.886009	353.815674	21.509539	0.001895	20.5
1776	-0.905538	354.815673	21.452305	0.002786	28.2
1777	-0.911462	355.815590	21.395379	0.002254	29.2
1778	-0.895631	356.808861	21.339130	0.001615	24.2
1779	-0.903356	357.374892	21.307208	0.002954	23.4
1780	-0.925403	358.036899	21.269994	0.002749	29.2
1781	-0.900240	357.698240	21.289015	0.002801	29.0
1782	-0.929447	358.698238	21.232947	0.002448	24.1
1783	-0.922501	358.358975	21.251936	0.002035	22.3
1784	-0.907486	358.417829	21.248639	0.002320	28.3
1785	-0.906986	358.073476	21.267941	0.002298	29.4
1786	-0.885460	357.728702	21.287303	0.002355	22.3
1787	-0.891162	358.725533	21.231421	0.002180	29.2
1788	-0.916274	358.386517	21.250393	0.002288	23.9
1789	-0.911171	358.161772	21.262989	0.002528	28.4
1790	-0.916394	357.822002	21.282060	0.002033	24.6
1791	-0.892276	357.494361	21.300482	0.002510	26.8
1792	-0.900065	358.362107	21.251760	0.002453	25.0
1793	-0.916939	358.023223	21.270761	0.002653	29.5
1794	-0.902652	359.023046	21.214799	0.001958	24.3
1795	-0.910994	360.023014	21.159122	0.002667	28.6
1796	-0.905635	359.983667	21.161307	0.003302	23.1
1797	-0.899633	360.283140	21.144687	0.002762	23.6
1798	-0.878109	359.980901	21.161461	0.002447	28.7
1799	-0.903158	360.980848	21.106065	0.002900	31.7
1800	-0.920568	360.636060	21.125133	0.002167	19.8
1801	-0.887995	360.916135	21.109641	0.002685	29.2
1802	-0.884993	360.977224	21.106265	0.002158	23.4
1803	-0.913157	360.632442	21.125333	0.002174	28.0
1804	-0.886071	361.009790	21.104466	0.002197	23.0
1805	-0.897936	360.830239	21.114390	0.003025	28.5
1806	-0.900785	360.485451	21.133473	0.002296	24.4
1807	-0.917529	360.140660	21.152591	0.002540	30.6
1808	-0.914833	359.956868	21.162796	0.002279	30.4
1809	-0.899963	359.618640	21.181602	0.002970	29.9
1810	-0.927386	359.274005	21.200798	0.002872	26.1
1811	-0.896667	360.085235	21.155667	0.002622	28.6
1812	-0.891527	359.740517	21.174822	0.002352	30.1
1813	-0.908292	359.395905	21.194004	0.002237	24.0
1814	-0.893178	359.373445	21.195256	0.002800	28.1
1815	-0.893141	360.279492	21.144889	0.002102	23.8
1816	-0.882456	360.330021	21.142087	0.002730	22.0
1817	-0.904586	359.986297	21.161161	0.002908	26.0
1818	-0.911342	359.641512	21.180329	0.001904	31.0
1819	-0.920873	359.324062	21.198008	0.002532	28.3
1820	-0.923378	359.013782	21.215316	0.004034	26.6
1821	-0.890246	360.009312	21.159883	0.002686	29.1
1822	-0.904266	360.997781	21.105129	0.002386	29.7
1823	-0.921170	360.665145	21.123523	0.002226	22.4
1824	-0.922146	360.321018	21.142586	0.002319	29.1
1825	-0.894026	361.120655	21.098343	0.002213	24.8
1826	-0.908643	362.090162	21.044948	0.002475	28.4
1827	-0.896720	363.090094	20.990160	0.003108	24.7
1828	-0.906511	362.745324	21.009018	0.002801	23.7
1829	-0.898819	363.745324	20.954413	0.002418	29.2
1830	-0.951197	363.400533	20.973208	0.003168	28.8
1831	-0.903309	364.400533	20.918789	0.002358	23.9
1832	-0.904692	364.167249	20.931459	0.002853	28.8
1833	-0.911353	365.131272	20.879201	0.001945	21.2
1834	-0.895783	364.786519	20.897860	0.002535	23.1
1835	-0.904837	364.492506	20.913798	0.003467	23.9
1836	-0.911188	364.147721	20.932520	0.002142	28.2
1837	-0.927073	363.900110	20.945986	0.003458	24.0
1838	-0.891704	364.311813	20.923606	0.002617	27.5
1839	-0.891362	364.433215	20.917015	0.002104	23.1
1840	-0.912096	365.431627	20.862973	0.002674	28.3
1841	-0.930861	366.431519	20.809129	0.002894	22.4
1842	-0.917762	366.086728	20.827664	0.002131	26.5
1843	-0.917676	365.741954	20.846232	0.001959	23.4
1844	-0.907189	365.771268	20.844652	0.002599	21.6
1845	-0.902137	365.885350	20.838506	0.001945	25.5
1846	-0.913292	365.541046	20.857067	0.002035	27.2
1847	-0.918786	365.196792	20.875659	0.003470	28.4
1848	-0.899250	364.895570	20.891954	0.002315	23.0
1849	-0.908534	365.214950	20.874677	0.002466	29.2
1850	-0.924116	364.984610	20.887135	0.002243	24.7
1851	-0.906808	365.977005	20.833570	0.001819	26.8
1852	-0.918877	366.974757	20.779992	0.001950	23.4
1853	-0.896425	366.715624	20.793881	0.002488	22.2
1854	-0.896716	367.654178	20.743666	0.002433	29.4
1855	-0.907244	367.850238	20.733207	0.002151	28.3
1856	-0.915015	368.822758	20.681482	0.002399	28.4
1857	-0.927901	368.495495	20.698859	0.002307	23.6
1858	-0.910453	368.151041	20.717181	0.002631	23.9
1859	-0.939769	369.150913	20.664087	0.002194	26.7
1860	-0.896505	370.137263	20.611978	0.002731	35.5
1861	-0.917896	369.792540	20.630160	0.002355	24.9
1862	-0.890945	369.538435	20.643583	0.001768	31.4
1863	-0.898801	370.534853	20.591047	0.002529	21.7
1864	-0.899345	371.109772	20.560856	0.002971	21.7
1865	-0.907287	372.109771	20.508553	0.002445	27.4
1866	-0.895090	372.168363	20.505496	0.002598	29.5
1867	-0.888870	371.823572	20.523495	0.002654	21.4
1868	-0.878717	371.478781	20.541525	0.001862	27.7
1869	-0.900384	371.134009	20.559585	0.002264	23.4
1870	-0.890715	370.794061	20.577424	0.002149	30.4
1871	-0.916642	370.449337	20.595545	0.001979	21.1
1872	-0.953929	370.832247	20.575419	0.002569	29.5
1873	-0.912339	370.487664	20.593529	0.002554	20.0
1874	-0.915788	370.142872	20.611682	0.001971	28.9
1875	-0.904579	369.798113	20.629865	0.002868	23.8
1876	-0.921786	369.526098	20.644235	0.002846	22.3
1877	-0.906386	369.181569	20.662464	0.002545	28.9
1878	-0.908651	370.181569	20.609643	0.002603	29.2
1879	-0.916311	371.181563	20.557092	0.002511	22.0
1880	-0.910596	370.885524	20.572621	0.002361	21.3
1881	-0.919086	370.542640	20.590637	0.002092	29.6
1882	-0.887692	371.383357	20.546520	0.002072	30.7
1883	-0.895667	371.039045	20.564565	0.001694	20.3
1884	-0.901754	370.697018	20.582522	0.002127	24.8
1885	-0.904603	370.871572	20.573354	0.002865	27.7
1886	-0.893471	371.245332	20.553750	0.002340	28.9
1887	-0.874517	372.245329	20.501483	0.001814	25.7
1888	-0.887984	372.583082	20.483890	0.002749	28.5
1889	-0.897840	372.585560	20.483761	0.002161	20.4
1890	-0.899790	372.267242	20.500341	0.002624	28.5
1891	-0.885978	371.979350	20.515359	0.002184	22.8
1892	-0.905818	371.901478	20.519425	0.003072	28.1
1893	-0.874012	371.556687	20.537448	0.002525	23.5
1894	-0.913727	371.211897	20.555502	0.002351	28.7
1895	-0.923170	370.916670	20.570986	0.002539	22.3
1896	-0.891861	371.535376	20.538563	0.002870	21.6
1897	-0.917222	371.190584	20.556619	0.001657	29.4
1898	-0.875423	371.561844	20.537178	0.002275	28.9
1899	-0.895727	372.529226	20.486693	0.002642	23.2
1900	-0.889517	372.184505	20.504655	0.002584	22.9
1901	-0.907976	373.184389	20.452643	0.002904	28.3
1902	-0.886198	372.839597	20.470548	0.002461	28.8
1903	-0.919912	372.494826	20.488484	0.002191	24.9
1904	-0.886330	372.479159	20.489300	0.002685	26.0
1905	-0.913281	373.476421	20.437502	0.001870	23.9
1906	-0.915878	374.190325	20.400582	0.002531	29.2
1907	-0.895266	375.189540	20.349130	0.002542	21.1
1908	-0.899677	376.133770	20.300748	0.002918	29.0
1909	-0.928324	375.790614	20.318304	0.002906	20.8
1910	-0.946937	376.790613	20.267227	0.002571	29.2
1911	-0.910204	376.445822	20.284809	0.001993	24.0
1912	-0.882517	377.196301	20.246578	0.002608	28.3
1913	-0.875927	377.833797	20.214216	0.002954	22.6
1914	-0.912041	378.833797	20.163659	0.003340	22.7
1915	-0.900059	379.833797	20.113355	0.002116	29.3
1916	-0.906639	379.812325	20.114433	0.003108	29.3
1917	-0.902971	380.806906	20.064644	0.002624	22.5
1918	-0.882996	380.475082	20.081228	0.001925	23.6
1919	-0.910420	380.134189	20.098293	0.002692	30.5
1920	-0.901388	379.792059	20.115450	0.002474	28.6
1921	-0.896169	379.451665	20.132548	0.002044	22.6
1922	-0.891906	379.115667	20.149455	0.002464	27.1
1923	-0.908508	379.287732	20.140793	0.002154	23.9
1924	-0.889904	378.944723	20.158067	0.002351	29.3
1925	-0.913822	378.601429	20.175385	0.002469	23.6
1926	-0.915020	379.599249	20.125131	0.002557	30.5
1927	-0.928999	379.254458	20.142468	0.001945	23.6
1928	-0.921233	378.909667	20.159834	0.003250	23.2
1929	-0.912667	379.899813	20.110043	0.002558	29.1
1930	-0.931189	380.899126	20.060040	0.002107	28.8
1931	-0.914503	380.554787	20.077242	0.003250	24.3
1932	-0.905705	381.554293	20.027392	0.002816	23.3
1933	-0.905905	381.209502	20.044560	0.002441	27.4
1934	-0.885639	380.864712	20.061758	0.002181	29.2
1935	-0.909980	380.572219	20.076370	0.003778	23.8
1936	-0.880907	380.304023	20.089787	0.001736	29.6
1937	-0.904375	381.303945	20.039854	0.002590	40.4
1938	-0.892379	381.088010	20.050617	0.002237	33.4
1939	-0.926327	380.743357	20.067818	0.002343	29.3
1940	-0.920053	381.010365	20.054489	0.002112	29.9
1941	-0.887591	380.705680	20.069700	0.002137	30.1
1942	-0.916573	381.663992	20.021936	0.002602	24.2
1943	-0.881005	381.332087	20.038453	0.002538	26.1
1944	-0.899950	381.423076	20.033922	0.002584	28.3
1945	-0.890166	382.423051	19.984263	0.001811	18.6
1946	-0.917290	383.422648	19.934869	0.001872	29.3
1947	-0.932573	384.384633	19.887563	0.002076	30.0
1948	-0.917393	384.253909	19.893978	0.001417	20.3
1949	-0.902968	383.917318	19.910515	0.002071	19.7
1950	-0.902926	384.330374	19.890225	0.002961	29.3
1951	-0.900496	385.330374	19.841275	0.001958	29.1
1952	-0.890273	384.985586	19.858125	0.001641	25.3
1953	-0.915426	385.476980	19.834118	0.003146	21.9
1954	-0.924724	385.132524	19.850940	0.003193	22.1
1955	-0.933390	384.787732	19.867807	0.002985	29.2
1956	-0.914385	384.442941	19.884703	0.002014	29.0
1957	-0.908759	384.534120	19.880232	0.001781	29.0
1958	-0.885241	384.223966	19.895448	0.001900	23.1
1959	-0.900373	384.098285	19.901621	0.003792	29.2
1960	-0.900721	385.059787	19.854496	0.002070	23.0
1961	-0.898423	384.717831	19.871230	0.002166	24.5
1962	-0.900828	384.374276	19.888071	0.002703	29.5
1963	-0.902404	385.364552	19.839606	0.002959	29.5
1964	-0.907171	385.561779	19.829981	0.001937	24.9
1965	-0.919959	386.512698	19.783709	0.002600	22.4
1966	-0.925180	386.168895	19.800414	0.002446	27.5
1967	-0.911626	385.824205	19.817190	0.003161	28.9
1968	-0.902660	386.824205	19.768597	0.002121	24.6
1969	-0.895380	386.479428	19.785324	0.002673	28.2
1970	-0.917006	386.139674	19.801835	0.002381	22.6
1971	-0.893829	385.794884	19.818618	0.002697	28.3
1972	-0.885577	385.555217	19.830301	0.002832	21.0
1973	-0.907862	385.210507	19.847129	0.001981	22.3
1974	-0.882737	386.203271	19.798742	0.001921	28.9
1975	-0.897776	386.214020	19.798219	0.002807	28.9
1976	-0.923853	386.427567	19.787842	0.001947	25.1
1977	-0.936685	387.426428	19.739449	0.003126	21.6
1978	-0.901558	387.082869	19.756067	0.001913	29.3
1979	-0.928289	386.835025	19.768073	0.002765	29.4
1980	-0.912060	387.755014	19.723581	0.001996	28.6
1981	-0.906190	388.753628	19.675512	0.001999	29.3
1982	-0.926269	388.520969	19.686690	0.002764	22.0
1983	-0.891884	388.962051	19.665509	0.002777	29.1
1984	-0.912606	388.617264	19.682062	0.001645	22.1
1985	-0.909791	388.273792	19.698580	0.002549	28.3
1986	-0.939187	388.240601	19.700178	0.002423	19.4
1987	-0.895373	387.986663	19.712409	0.002892	23.8
1988	-0.891397	388.973640	19.664953	0.002818	30.9
1989	-0.916836	388.628849	19.681506	0.002021	26.7
1990	-0.922087	389.575163	19.636143	0.001948	25.5
1991	-0.874632	389.750097	19.627780	0.002042	25.8
1992	-0.906505	390.399821	19.596782	0.003776	25.6
1993	-0.921911	390.060528	19.612957	0.002684	28.1
1994	-0.907256	391.060528	19.565360	0.002255	22.5
1995	-0.884588	391.461693	19.546330	0.002869	29.2
1996	-0.905987	391.279623	19.554962	0.002430	23.1
1997	-0.907286	391.126846	19.562211	0.002921	21.5
1998	-0.897497	390.782212	19.578584	0.002450	27.3
1999	-0.899473	391.782212	19.531153	0.002630	32.1
