1:ItNr	2:Metric	3a:Time	3b:StepSize	4:||Gradient||	Time[ms]
0	-1.040605	0.000000	3.277382	0.029255	353.2
1	-1.039330	0.000000	3.277382	0.037145	4.0
2	-1.021609	1.000000	3.128410	0.027544	4.2
3	-1.030322	1.999962	2.992397	0.025034	3.8
4	-1.012267	1.432736	3.068061	0.048193	3.9
5	-0.997949	1.465206	3.063627	0.035723	4.4
6	-1.027642	2.465206	2.933067	0.034984	4.2
7	-1.056006	1.894227	3.006217	0.044290	6.2
8	-1.020145	2.894227	2.880403	0.032915	5.9
9	-1.021489	3.894227	2.764698	0.045138	6.3
10	-1.057655	4.894227	2.657929	0.045654	6.3
11	-1.056667	5.894227	2.559100	0.031620	5.7
12	-1.005418	6.894227	2.467357	0.038652	7.2
13	-1.061346	6.330815	2.518220	0.041656	5.9
14	-1.064505	7.330815	2.429334	0.041691	4.4
15	-1.033185	8.330815	2.346509	0.041778	8.1
16	-1.121905	9.330815	2.269145	0.043883	6.1
17	-1.035627	10.330815	2.196720	0.048741	5.8
18	-1.044731	11.330815	2.128774	0.024906	6.0
19	-1.034269	12.330810	2.064907	0.011281	5.9
20	-1.066950	13.056945	2.020880	0.026306	6.3
21	-1.051775	12.583023	2.049399	0.034796	7.7
22	-1.049738	13.577430	1.990461	0.047024	4.9
23	-1.076546	14.577389	1.934516	0.039008	6.7
24	-1.029429	15.577389	1.881627	0.019120	6.3
25	-0.995894	16.533578	1.833692	0.043575	6.1
26	-1.043363	16.759502	1.822720	0.035501	6.1
27	-1.035633	17.759502	1.775694	0.035851	5.9
28	-1.019096	18.316575	1.750534	0.034545	6.2
29	-1.044564	19.316575	1.707115	0.024031	7.6
30	-1.004197	20.206040	1.670265	0.032861	4.2
31	-1.063140	19.710376	1.690601	0.029019	4.9
32	-1.038071	20.595062	1.654644	0.043366	6.0
33	-1.011649	21.595062	1.615798	0.023308	10.7
34	-1.043569	22.595061	1.578734	0.023770	9.0
35	-1.061561	23.531014	1.545552	0.024219	7.9
36	-1.048956	22.961618	1.565571	0.036493	5.9
37	-1.049122	22.390661	1.586171	0.057638	7.4
38	-1.053003	23.390661	1.550439	0.031641	8.2
39	-1.054120	24.390661	1.516281	0.040182	6.9
40	-1.080527	25.310134	1.486176	0.022187	5.7
41	-1.025331	24.741425	1.504654	0.038049	6.4
42	-1.045447	24.341575	1.517923	0.037480	5.6
43	-1.056639	25.341575	1.485168	0.025692	5.7
44	-1.023766	26.341575	1.453796	0.025901	8.6
45	-1.054742	25.781673	1.471196	0.040530	3.9
46	-1.033991	26.781646	1.440407	0.056949	5.6
47	-1.018264	27.781646	1.410879	0.035973	7.1
48	-1.010134	28.781646	1.382538	0.028548	5.9
49	-1.010070	28.210669	1.398579	0.055610	5.8
50	-1.045153	29.210669	1.370725	0.031348	5.8
51	-1.055827	30.210669	1.343958	0.049574	4.1
52	-1.057437	29.639690	1.359112	0.025489	4.7
53	-1.031104	30.639690	1.332793	0.029138	6.9
54	-1.053972	30.068939	1.347688	0.018620	5.5
55	-1.055286	31.068904	1.321806	0.040239	7.9
56	-1.023825	30.684601	1.331635	0.046534	6.1
57	-1.044510	31.684601	1.306359	0.033669	4.5
58	-1.061350	32.684601	1.282025	0.026898	5.2
59	-1.012878	32.113622	1.295807	0.033240	5.3
60	-1.062901	33.113612	1.271861	0.061361	3.9
61	-1.007292	32.542703	1.285423	0.030380	4.7
62	-1.101871	33.542703	1.261856	0.040701	4.0
63	-1.056432	32.971808	1.275203	0.053946	4.2
64	-1.028273	33.971808	1.252006	0.048491	4.1
65	-1.049912	34.971808	1.229637	0.033045	6.0
66	-1.038949	34.400839	1.242310	0.022955	7.5
67	-1.050333	33.864000	1.254466	0.033738	6.9
68	-1.076861	34.863985	1.232010	0.034753	4.0
69	-1.035948	35.340497	1.221590	0.048954	4.0
70	-1.092284	36.340488	1.200286	0.038270	4.0
71	-1.040922	37.339203	1.179739	0.035850	7.5
72	-1.059278	38.263201	1.161345	0.030105	6.1
73	-1.043461	37.692230	1.172643	0.042428	8.0
74	-1.054040	38.676730	1.153297	0.042499	10.0
75	-1.071465	39.676729	1.134290	0.022980	5.8
76	-1.032220	40.676729	1.115899	0.030270	6.4
77	-1.033509	41.676725	1.098095	0.054215	4.1
78	-1.028767	42.676725	1.080850	0.046121	5.2
79	-1.049556	43.676725	1.064139	0.047788	11.3
80	-1.034363	44.676725	1.047936	0.041269	11.8
81	-1.036104	44.105746	1.057127	0.026308	7.3
82	-1.012372	45.105746	1.041135	0.030028	5.9
83	-1.059867	44.889408	1.044554	0.024356	4.6
84	-1.037437	44.653468	1.048307	0.031939	4.2
85	-1.015641	44.082679	1.057501	0.028624	4.4
86	-1.035405	45.082676	1.041499	0.060302	3.9
87	-1.028452	46.082676	1.025973	0.028628	7.4
88	-1.077713	47.079124	1.010956	0.013620	14.3
89	-1.020095	47.922867	0.998580	0.022186	22.0
90	-1.031828	47.357474	1.006840	0.043871	11.4
91	-1.062374	48.357463	0.992323	0.041823	13.9
92	-1.041819	49.357463	0.978219	0.031234	12.0
93	-1.045625	48.786490	0.986223	0.019908	16.9
94	-1.008259	48.745045	0.986809	0.021184	24.3
95	-1.071790	49.553537	0.975501	0.027241	12.2
96	-1.007630	49.930637	0.970314	0.026659	10.2
97	-1.057817	50.930596	0.956825	0.032637	10.6
98	-1.048027	51.930591	0.943706	0.033653	27.0
99	-1.025576	52.930591	0.930941	0.024182	13.0
100	-1.040299	52.368953	0.938067	0.031527	10.5
101	-1.062098	53.368651	0.925457	0.029030	5.6
102	-1.011224	54.280383	0.914249	0.021770	13.7
103	-1.046966	54.668160	0.909564	0.031819	6.6
104	-1.018338	55.520455	0.899433	0.029758	7.1
105	-1.055298	54.950638	0.906181	0.051905	5.8
106	-1.069170	55.950638	0.894405	0.027879	6.6
107	-1.038339	55.379690	0.901090	0.028752	8.4
108	-1.049359	56.379532	0.889447	0.041635	6.2
109	-1.082775	55.808569	0.896059	0.033360	8.6
110	-1.090787	55.268008	0.902410	0.033962	7.0
111	-1.024992	56.230798	0.891160	0.024283	8.8
112	-1.064958	55.661778	0.897775	0.028946	5.6
113	-1.046260	55.307039	0.901948	0.023478	11.8
114	-1.045645	55.417173	0.900649	0.024790	7.4
115	-1.072826	54.846230	0.907428	0.020426	12.0
116	-1.015610	55.343367	0.901519	0.031442	5.8
117	-1.081704	54.776931	0.908258	0.036078	6.8
118	-1.056525	55.776930	0.896428	0.033896	7.6
119	-1.028130	56.776930	0.884903	0.028223	6.9
120	-1.046406	56.209984	0.891400	0.016975	8.9
121	-1.053872	57.121626	0.880998	0.027720	5.6
122	-1.060963	58.002703	0.871173	0.040552	6.0
123	-1.011140	57.431761	0.877515	0.027761	6.3
124	-1.070425	58.431761	0.866467	0.035883	6.5
125	-1.088864	57.860805	0.872740	0.015514	6.3
126	-1.012771	58.215189	0.868836	0.029590	6.1
127	-1.080182	57.972811	0.871503	0.053954	7.0
128	-1.026150	58.972811	0.860605	0.037199	6.7
129	-1.077848	58.402226	0.866789	0.040219	4.5
130	-1.049931	57.831279	0.873067	0.009369	5.8
131	-1.046807	57.896368	0.872347	0.028147	6.2
132	-1.073964	57.849203	0.872869	0.016704	7.1
133	-1.080354	58.704649	0.863501	0.032048	4.1
134	-1.055820	59.703862	0.852809	0.028860	4.3
135	-1.037774	59.132963	0.858885	0.035037	3.9
136	-1.035936	60.120888	0.848425	0.024335	6.3
137	-1.060054	59.823830	0.851544	0.033216	4.7
138	-1.084676	60.792666	0.841457	0.025404	3.9
139	-1.016376	60.228829	0.847298	0.039832	5.0
140	-1.065161	61.228829	0.836994	0.027360	9.6
141	-1.032724	61.239097	0.836889	0.037464	5.0
142	-1.054033	62.239032	0.826836	0.032539	5.9
143	-1.062477	63.208859	0.817313	0.027682	4.7
144	-1.045039	64.203365	0.807773	0.044565	4.0
145	-1.065035	65.203365	0.798403	0.035030	4.9
146	-1.018121	66.199982	0.789278	0.040642	6.0
147	-1.021018	67.199979	0.780329	0.028696	5.8
148	-1.045377	66.647357	0.785249	0.033780	11.5
149	-1.048601	66.076378	0.790398	0.027706	6.6
150	-1.048466	67.075528	0.781432	0.034656	7.0
151	-1.030283	68.075528	0.772659	0.019452	5.7
152	-1.040465	69.060260	0.764211	0.022494	6.1
153	-1.033236	70.044870	0.755946	0.026279	7.4
154	-1.046961	71.011605	0.748004	0.030348	4.0
155	-1.015675	70.440667	0.752674	0.024273	7.1
156	-1.108566	70.553176	0.751749	0.034664	5.9
157	-1.049037	70.066441	0.755767	0.030678	6.2
158	-1.007364	69.495466	0.760535	0.027257	6.0
159	-1.050545	69.172975	0.763255	0.028923	6.0
160	-1.052656	70.172910	0.754884	0.025947	5.8
161	-1.049526	71.014882	0.747977	0.017892	6.2
162	-1.024795	70.487943	0.752285	0.033797	3.9
163	-1.053081	70.160770	0.754985	0.032394	5.5
164	-1.064257	69.589847	0.759743	0.040511	6.3
165	-1.049308	70.589845	0.751448	0.043752	4.5
166	-1.063342	71.584935	0.743372	0.037938	3.9
167	-1.051995	71.014755	0.747978	0.035198	4.0
168	-1.078523	70.443792	0.752648	0.037812	6.0
169	-1.025463	71.443681	0.744507	0.041876	5.7
170	-1.069096	72.443681	0.736540	0.017825	6.1
171	-1.075803	73.039669	0.731872	0.026759	6.1
172	-1.070257	73.286114	0.729959	0.042970	8.2
173	-1.039361	72.715138	0.734407	0.035332	6.1
174	-1.044591	73.715138	0.726653	0.047772	7.4
175	-1.053079	74.715138	0.719061	0.026800	6.0
176	-1.079435	75.630071	0.712253	0.029867	5.6
177	-1.050258	75.059744	0.716481	0.026405	6.2
178	-1.016816	76.059711	0.709100	0.033629	7.4
179	-1.071377	75.489029	0.713294	0.028712	6.1
180	-1.083734	76.341087	0.707050	0.035531	5.4
181	-1.062889	77.340488	0.699864	0.035851	4.9
182	-1.069976	76.769562	0.703951	0.037883	3.9
183	-1.038908	77.766532	0.696845	0.031504	4.0
184	-1.030386	78.766532	0.689861	0.019135	5.3
185	-1.105451	78.195622	0.693831	0.055359	5.7
186	-1.053195	79.195622	0.686906	0.033295	6.0
187	-1.070331	80.195551	0.680119	0.039865	6.0
188	-1.022830	81.195515	0.673464	0.044349	6.9
189	-1.065110	82.195512	0.666938	0.039791	6.5
190	-1.015533	83.195512	0.660537	0.027677	6.3
191	-1.000589	84.195483	0.654258	0.020976	7.3
192	-1.090424	83.651609	0.657658	0.027904	5.7
193	-1.023382	84.316056	0.653509	0.020657	5.7
194	-1.026567	83.813256	0.656644	0.026089	6.1
195	-1.053643	84.810815	0.650453	0.021183	7.6
196	-1.021468	84.299930	0.653609	0.017984	3.8
197	-1.001240	83.765132	0.656946	0.025439	4.2
198	-1.095137	83.233848	0.660294	0.027140	5.1
199	-1.015880	82.662870	0.663931	0.023394	10.5
200	-1.033511	82.266896	0.666477	0.035915	5.7
201	-1.027685	81.695919	0.670183	0.029194	7.5
202	-1.045871	81.714269	0.670063	0.046873	6.0
203	-1.049942	82.714268	0.663602	0.037035	5.6
204	-1.053816	82.469252	0.665174	0.042966	8.6
205	-1.039847	82.791797	0.663106	0.047649	3.9
206	-1.028708	83.791797	0.656779	0.031112	7.8
207	-1.048408	84.791797	0.650570	0.012643	5.7
208	-1.013516	84.774166	0.650679	0.047465	4.8
209	-1.040675	84.203199	0.654210	0.042391	4.0
210	-1.011727	85.203199	0.648050	0.040685	4.7
211	-1.068752	86.203198	0.642005	0.030205	4.7
212	-1.024572	85.632226	0.645443	0.027419	4.0
213	-1.038014	86.630532	0.639456	0.041067	4.4
214	-1.059913	86.062888	0.642847	0.044488	4.4
215	-1.012367	87.060535	0.636912	0.029216	4.5
216	-1.059221	88.060535	0.631072	0.010607	15.6
217	-1.055047	88.672913	0.627548	0.026414	23.8
218	-1.047987	89.497307	0.622866	0.030581	9.4
219	-1.050262	88.942381	0.626010	0.045476	14.1
220	-1.044906	88.371412	0.629278	0.068206	10.7
221	-1.000352	89.371412	0.623576	0.035603	10.1
222	-1.034632	90.371389	0.617977	0.050856	11.1
223	-1.072935	89.800607	0.621161	0.020654	11.4
224	-1.051424	90.800592	0.615605	0.022064	29.7
225	-1.028037	90.511672	0.617200	0.034166	12.0
226	-1.023759	89.944905	0.620353	0.031733	7.9
227	-1.031350	89.374265	0.623560	0.035724	6.9
228	-1.038356	88.920719	0.626133	0.022636	6.2
229	-1.045611	89.920514	0.620489	0.042818	9.5
230	-1.007286	90.920113	0.614948	0.032982	5.6
231	-1.006298	91.914074	0.609534	0.053301	6.4
232	-1.033609	92.914074	0.604184	0.021230	6.3
233	-1.051121	93.913879	0.598927	0.033725	8.1
234	-1.052159	94.911852	0.593770	0.037295	8.3
235	-1.041500	95.911852	0.588691	0.021436	5.0
236	-1.027752	95.340902	0.591581	0.040160	5.2
237	-1.000635	96.340897	0.586539	0.024603	6.4
238	-1.040458	97.161262	0.582467	0.029651	7.8
239	-1.088115	98.154637	0.577611	0.022136	5.6
240	-1.055236	97.583684	0.580392	0.049317	6.0
241	-1.065995	98.421070	0.576322	0.040561	14.6
242	-1.037486	97.850091	0.579091	0.053727	6.6
243	-1.022490	98.850091	0.574259	0.035103	5.8
244	-1.070815	99.834104	0.569583	0.049436	7.2
245	-1.048176	100.834104	0.564908	0.017484	6.0
246	-1.051438	101.830045	0.560327	0.025645	8.8
247	-1.056370	101.425059	0.562181	0.029873	6.1
248	-1.043061	100.854081	0.564815	0.039259	9.7
249	-1.068886	101.854081	0.560218	0.037841	14.2
250	-1.030780	101.283102	0.562833	0.022035	9.2
251	-1.065020	102.281727	0.558274	0.046879	11.8
252	-1.057181	103.278911	0.553795	0.013370	11.6
253	-1.055634	104.274399	0.549394	0.020415	13.1
254	-1.071451	105.132462	0.545657	0.031106	19.8
255	-1.017731	106.089565	0.541547	0.032480	12.9
256	-1.037735	107.082044	0.537351	0.026986	17.9
257	-1.050942	108.080910	0.533193	0.039991	9.0
258	-1.074406	109.080759	0.529094	0.032866	12.9
259	-1.034162	109.945459	0.525601	0.038069	13.6
260	-1.034800	109.374677	0.527902	0.020318	4.1
261	-1.088056	109.906736	0.525756	0.035822	7.9
262	-1.021242	110.906507	0.521771	0.026476	5.8
263	-1.084407	111.638620	0.518891	0.026178	3.9
264	-1.022210	112.540841	0.515385	0.023160	6.6
265	-1.049719	111.971098	0.517594	0.032788	4.4
266	-1.057914	112.415193	0.515871	0.033530	3.9
267	-1.033124	113.317754	0.512404	0.045878	5.2
268	-1.035378	114.317754	0.508618	0.030078	4.2
269	-1.035955	115.317754	0.504887	0.031663	4.2
270	-1.026743	116.317718	0.501210	0.049498	5.8
271	-1.053250	117.317718	0.497586	0.041816	8.6
272	-1.005061	118.317718	0.494015	0.023070	4.4
273	-1.044623	119.317710	0.490494	0.034320	8.2
274	-1.042904	118.746738	0.492498	0.039974	6.0
275	-1.071631	119.746738	0.488999	0.016270	6.9
276	-1.033744	119.287482	0.490600	0.035896	9.5
277	-1.058416	119.224075	0.490822	0.054411	9.0
278	-1.030832	120.224075	0.487346	0.036122	6.7
279	-1.026330	120.773517	0.485457	0.034679	12.5
280	-1.036006	121.773517	0.482057	0.040080	6.8
281	-1.056211	122.748649	0.478787	0.043366	6.1
282	-1.092850	123.748649	0.475479	0.016739	5.3
283	-1.061529	123.179851	0.477355	0.027572	4.0
284	-1.033532	123.665225	0.475754	0.027103	5.9
285	-1.058764	124.665218	0.472488	0.032176	4.2
286	-1.082773	124.094239	0.474347	0.034113	3.9
287	-0.999933	125.094125	0.471100	0.032538	3.9
288	-1.023902	124.559176	0.472832	0.030071	4.2
289	-1.007787	124.524898	0.472943	0.024314	4.2
290	-1.018891	124.071233	0.474422	0.039900	7.1
291	-1.046527	123.736058	0.475521	0.041173	6.2
292	-1.021972	124.736058	0.472258	0.039069	4.1
293	-1.086067	124.165079	0.474115	0.027645	3.9
294	-1.011555	125.165075	0.470872	0.039174	8.0
295	-1.077372	125.956086	0.468337	0.023240	6.2
296	-1.058608	126.955562	0.465174	0.025568	7.8
297	-1.023024	126.416754	0.466874	0.030998	8.9
298	-1.024502	126.891722	0.465374	0.046831	9.1
299	-1.051732	127.835672	0.462423	0.022876	5.7
300	-1.031032	128.834615	0.459340	0.013835	8.2
301	-1.051860	128.514061	0.460325	0.031836	5.0
302	-1.045215	128.583068	0.460112	0.041018	4.0
303	-1.032772	129.582418	0.457059	0.024188	11.9
304	-1.058546	130.582398	0.454044	0.019392	4.1
305	-1.061050	131.552890	0.451155	0.026190	7.6
306	-1.036155	132.531639	0.448279	0.052700	4.3
307	-1.046644	133.531639	0.445378	0.029241	7.5
308	-1.043454	134.496289	0.442615	0.023606	6.0
309	-1.006070	133.925517	0.444246	0.026123	4.6
310	-1.030322	134.851134	0.441607	0.036023	5.3
311	-1.078399	135.851084	0.438792	0.035018	5.0
312	-1.015027	135.280104	0.440395	0.028325	4.1
313	-1.053770	136.279436	0.437597	0.033675	4.1
314	-1.021745	137.279436	0.434832	0.036301	4.2
315	-1.017902	136.708500	0.436406	0.024848	6.6
316	-1.051457	137.680246	0.433734	0.038166	9.1
317	-1.056422	137.109267	0.435300	0.044025	6.5
318	-1.017441	136.539377	0.436875	0.009751	5.8
319	-1.016899	135.968844	0.438463	0.038000	8.1
320	-1.075008	135.810790	0.438905	0.024614	12.1
321	-1.019359	135.239816	0.440509	0.025730	5.8
322	-1.039305	135.140669	0.440789	0.033411	5.9
323	-1.017197	136.140665	0.437983	0.032116	7.7
324	-1.048809	137.140003	0.435216	0.030345	9.7
325	-1.076438	138.139932	0.432481	0.022334	8.1
326	-1.086023	137.670238	0.433761	0.028548	6.0
327	-1.036105	138.668293	0.431050	0.025983	5.7
328	-0.997900	138.829375	0.430616	0.036947	6.4
329	-1.045763	139.807575	0.427996	0.032133	8.0
330	-1.031138	140.807565	0.425351	0.056049	5.2
331	-1.041000	141.807500	0.422739	0.028677	4.3
332	-1.008338	141.241193	0.424214	0.041634	8.9
333	-1.022295	142.099348	0.421982	0.016886	6.6
334	-1.068331	141.529985	0.423460	0.028951	7.1
335	-1.035197	142.529293	0.420873	0.048716	5.8
336	-1.041326	141.965846	0.422328	0.026139	6.0
337	-1.058902	141.607726	0.423258	0.025842	7.3
338	-1.035692	141.451280	0.423666	0.040673	4.3
339	-1.057049	142.451275	0.421074	0.026631	11.4
340	-1.072868	141.880297	0.422550	0.036712	9.3
341	-1.056918	142.878624	0.419976	0.053946	8.0
342	-1.096367	143.828073	0.417556	0.039066	5.9
343	-1.068898	144.828073	0.415038	0.040888	5.9
344	-1.067839	144.257094	0.416472	0.024125	7.1
345	-1.082701	144.228791	0.416544	0.066335	6.2
346	-1.050342	143.658004	0.417988	0.026646	7.6
347	-1.049986	143.087025	0.419442	0.040938	5.7
348	-1.011090	144.087024	0.416901	0.029043	5.7
349	-1.006884	143.516045	0.418348	0.029369	5.9
350	-1.059008	142.945438	0.419804	0.028296	6.5
351	-1.027829	143.945410	0.417259	0.027575	6.0
352	-1.040791	144.943418	0.414750	0.052818	3.8
353	-1.029019	145.288056	0.413890	0.032285	4.1
354	-1.040826	144.717077	0.415316	0.041111	4.7
355	-1.058085	144.146339	0.416752	0.026466	9.8
356	-1.051173	143.757232	0.417736	0.027403	5.9
357	-1.040093	144.699553	0.415360	0.035462	5.5
358	-1.048644	145.698976	0.412870	0.018387	8.1
359	-1.037102	145.128033	0.414289	0.037186	7.6
360	-1.033899	146.128014	0.411810	0.022186	8.0
361	-1.044355	147.127997	0.409361	0.040530	6.4
362	-1.057031	146.557267	0.410755	0.028067	6.7
363	-1.060188	145.986288	0.412160	0.026958	3.8
364	-1.098837	145.494471	0.413377	0.022978	3.7
365	-1.029695	144.952755	0.414727	0.020797	4.0
366	-1.055508	144.605521	0.415596	0.040911	8.1
367	-1.059415	145.605511	0.413102	0.020730	7.0
368	-1.045964	146.605444	0.410637	0.026995	4.5
369	-1.052801	147.605004	0.408203	0.040606	5.2
370	-1.065298	148.604988	0.405796	0.019657	6.3
371	-1.035001	149.603653	0.403421	0.030614	7.1
372	-1.037943	150.305396	0.401768	0.029222	8.8
373	-1.072176	149.734435	0.403111	0.025702	5.8
374	-1.052140	150.732923	0.400768	0.034545	5.7
375	-1.041027	151.607193	0.398738	0.034261	6.9
376	-1.018180	152.607189	0.396441	0.035577	7.6
377	-1.065036	153.607189	0.394171	0.032698	5.2
378	-1.022441	154.461668	0.392251	0.041802	6.8
379	-1.037982	155.461202	0.390029	0.039650	5.9
380	-1.036532	156.461150	0.387831	0.041387	7.0
381	-1.026166	155.890171	0.389083	0.024687	5.7
382	-1.034468	156.864941	0.386951	0.044443	5.7
383	-1.081870	156.526010	0.387690	0.031434	7.2
384	-1.069296	157.525967	0.385518	0.028349	3.9
385	-1.016104	156.955019	0.386755	0.024104	5.5
386	-1.059466	156.389316	0.387988	0.029753	5.7
387	-1.083490	155.839098	0.389196	0.029580	4.1
388	-1.035209	155.268122	0.390456	0.040687	3.9
389	-1.038740	154.698432	0.391722	0.033052	3.9
390	-1.043275	154.127453	0.393000	0.047433	4.9
391	-1.052849	155.127453	0.390768	0.037111	8.8
392	-1.068834	154.556477	0.392039	0.058368	6.0
393	-1.058629	155.554788	0.389822	0.030908	5.7
394	-1.061106	156.554788	0.387627	0.032447	7.8
395	-1.039464	156.026339	0.388784	0.012243	9.2
396	-1.031731	155.812023	0.389255	0.020929	7.5
397	-1.033893	155.331212	0.390317	0.024504	5.6
398	-1.046719	154.863958	0.391354	0.015872	5.7
399	-1.060531	155.840350	0.389193	0.027149	6.1
400	-1.025999	156.407595	0.387949	0.041762	6.7
401	-1.083884	156.971063	0.386720	0.027198	5.7
402	-1.026547	156.415379	0.387931	0.020892	4.5
403	-1.084393	157.121497	0.386394	0.039068	5.7
404	-1.048074	157.417566	0.385752	0.030045	7.2
405	-1.051539	156.914563	0.386843	0.022433	5.9
406	-1.064938	156.447515	0.387861	0.016181	5.9
407	-1.033155	156.197659	0.388408	0.029967	5.7
408	-1.091961	156.897619	0.386880	0.023506	7.8
409	-1.060367	157.619058	0.385317	0.026684	5.5
410	-1.054677	157.333908	0.385933	0.033124	4.4
411	-1.063353	157.131559	0.386372	0.009363	5.6
412	-1.076705	157.807636	0.384911	0.035699	4.0
413	-1.036308	158.580579	0.383254	0.032997	6.1
414	-1.089308	158.876505	0.382624	0.019033	9.3
415	-1.072845	158.313524	0.383825	0.033876	9.7
416	-1.058043	157.757778	0.385018	0.027305	10.2
417	-0.995099	158.447399	0.383539	0.033562	10.9
418	-1.069796	157.876789	0.384762	0.031783	9.1
419	-1.052361	157.351645	0.385895	0.051911	9.3
420	-1.017283	158.351217	0.383744	0.041678	8.4
421	-1.036903	157.780238	0.384970	0.031649	11.3
422	-1.057277	158.779953	0.382829	0.028289	25.3
423	-1.054532	159.280699	0.381766	0.039810	14.1
424	-1.064793	158.709721	0.382979	0.017601	10.4
425	-1.037567	159.700401	0.380879	0.027381	11.6
426	-1.048659	159.143042	0.382058	0.016966	10.8
427	-1.040208	158.592529	0.383229	0.025289	10.3
428	-1.027211	159.383544	0.381548	0.022632	9.9
429	-1.057742	158.817764	0.382749	0.023614	6.3
430	-1.058105	159.018069	0.382323	0.044319	6.1
431	-1.047619	158.452483	0.383528	0.046196	8.5
432	-1.049865	159.452483	0.381402	0.033263	6.3
433	-1.044473	158.886559	0.382602	0.033776	8.3
434	-1.052966	159.886548	0.380487	0.037124	5.5
435	-1.047077	160.886543	0.378395	0.028260	6.7
436	-1.042042	160.315564	0.379587	0.026776	7.0
437	-1.058087	161.312037	0.377512	0.033730	5.1
438	-1.071280	160.748297	0.378683	0.034387	5.5
439	-1.041071	161.748297	0.376611	0.043921	6.2
440	-1.025718	161.177318	0.377791	0.020189	4.0
441	-1.026089	160.661514	0.378864	0.014695	4.2
442	-1.056435	161.386968	0.377357	0.036024	4.5
443	-1.033141	162.386343	0.375301	0.032825	7.3
444	-1.066403	163.301580	0.373437	0.035010	7.0
445	-1.039853	164.301579	0.371422	0.029780	6.5
446	-1.031551	165.294599	0.369442	0.024345	5.8
447	-1.046965	166.223793	0.367608	0.011606	8.8
448	-1.029783	166.334973	0.367390	0.031295	6.0
449	-1.049513	167.313956	0.365480	0.034711	10.2
450	-1.075022	168.238689	0.363694	0.034664	10.4
451	-1.055169	167.667804	0.364795	0.026766	10.2
452	-0.995542	168.667355	0.362872	0.026779	21.8
453	-1.083924	168.178350	0.363810	0.037926	14.4
454	-1.042490	169.177964	0.361898	0.025686	14.4
455	-1.024596	170.176724	0.360007	0.019307	10.4
456	-1.004149	170.545988	0.359313	0.018637	14.4
457	-1.066242	169.992387	0.360355	0.020006	26.5
458	-1.031055	170.833902	0.358774	0.024089	8.1
459	-1.015255	171.807079	0.356963	0.028321	11.8
460	-1.034719	171.798311	0.356979	0.028016	6.2
461	-1.031149	171.309629	0.357886	0.036016	9.8
462	-1.039802	170.739246	0.358951	0.039142	5.6
463	-1.072141	171.739246	0.357089	0.038000	7.8
464	-1.068584	171.207861	0.358076	0.043963	5.3
465	-1.074875	170.677628	0.359066	0.025795	5.9
466	-1.082541	171.669794	0.357217	0.019609	11.9
467	-1.050832	172.645812	0.355417	0.028162	9.5
468	-1.085068	173.645750	0.353591	0.040649	8.3
469	-1.048747	174.645428	0.351784	0.039154	6.5
470	-1.106110	174.074449	0.352814	0.047954	5.9
471	-1.032792	175.073631	0.351016	0.019010	7.2
472	-1.041871	176.068609	0.349244	0.024736	8.2
473	-1.030053	177.022499	0.347562	0.033284	7.3
474	-1.044573	178.006955	0.345842	0.028864	6.1
475	-1.068624	179.006016	0.344115	0.027862	5.7
476	-1.030270	178.457465	0.345061	0.036292	7.9
477	-1.070466	179.457465	0.343340	0.032682	3.7
478	-1.019942	180.454840	0.341640	0.024710	5.5
479	-0.999385	181.364335	0.340104	0.038074	4.5
480	-1.070360	182.364330	0.338432	0.018822	6.0
481	-1.057556	183.364165	0.336776	0.032239	4.0
482	-1.033544	184.218052	0.335375	0.011749	3.8
483	-1.043627	183.670953	0.336272	0.047853	4.1
484	-1.079760	183.227834	0.337001	0.023455	4.6
485	-1.047134	184.227746	0.335359	0.018534	5.9
486	-1.012374	183.746749	0.336147	0.027681	5.2
487	-1.063710	183.575030	0.336429	0.026381	5.1
488	-1.026962	183.846692	0.335983	0.034018	5.1
489	-1.072131	184.810067	0.334410	0.030498	6.9
490	-1.042141	185.810067	0.332793	0.032758	7.1
491	-1.047912	185.239442	0.333714	0.031398	6.1
492	-1.055351	184.700748	0.334588	0.048452	5.2
493	-1.032397	185.700378	0.332970	0.028304	4.0
494	-1.023284	185.738915	0.332908	0.043143	4.0
495	-1.006605	186.737880	0.331307	0.026170	5.0
496	-1.047813	187.737880	0.329720	0.030044	3.8
497	-1.027143	187.168435	0.330622	0.033628	4.0
498	-1.022824	188.168312	0.329041	0.026745	5.9
499	-1.043239	189.168312	0.327476	0.046970	7.4
500	-1.048497	190.141205	0.325967	0.019043	6.3
501	-1.053656	189.592269	0.326816	0.032800	4.4
502	-1.057518	190.216754	0.325850	0.047617	5.2
503	-1.056104	191.216754	0.324315	0.033474	7.4
504	-1.077818	192.216754	0.322794	0.021806	4.5
505	-1.051276	192.618771	0.322186	0.025720	5.7
506	-1.078816	193.616112	0.320689	0.037460	5.5
507	-1.068448	193.807264	0.320404	0.035390	4.9
508	-1.045569	194.806847	0.318920	0.045899	4.5
509	-1.046775	195.806847	0.317449	0.023692	7.0
510	-1.050759	196.806837	0.315991	0.030061	6.1
511	-1.034687	197.806245	0.314548	0.054735	6.8
512	-1.055603	197.235382	0.315371	0.019080	5.7
513	-1.066959	196.664484	0.316198	0.016641	5.7
514	-1.039692	197.540296	0.314931	0.019018	4.3
515	-1.068267	197.126661	0.315528	0.020907	5.0
516	-1.042219	197.957862	0.314330	0.029181	6.3
517	-1.083718	197.670145	0.314744	0.030105	4.3
518	-0.993658	198.662163	0.313322	0.022041	5.8
519	-1.074241	199.024276	0.312806	0.054852	4.9
520	-1.039715	198.453297	0.313620	0.023338	3.7
521	-1.072692	199.155032	0.312621	0.023899	3.8
522	-1.030236	198.585832	0.313431	0.031913	4.0
523	-1.025299	198.426456	0.313659	0.029264	5.4
524	-1.026548	199.310367	0.312400	0.032947	4.3
525	-1.047005	200.276408	0.311036	0.029662	5.6
526	-1.016752	199.816080	0.311685	0.033501	5.9
527	-1.033940	200.774885	0.310337	0.045455	5.0
528	-1.032611	201.419340	0.309438	0.035589	5.6
529	-1.041230	200.851435	0.310230	0.036249	7.9
530	-1.011249	201.851433	0.308838	0.029869	10.2
531	-1.062854	202.844036	0.307469	0.019274	5.0
532	-1.044355	202.278983	0.308247	0.044745	6.9
533	-1.062437	203.278567	0.306873	0.027732	7.4
534	-1.008713	204.278566	0.305511	0.031999	6.2
535	-0.965737	203.713350	0.306279	0.026673	6.7
536	-1.041793	204.689280	0.304955	0.026277	6.3
537	-1.045482	205.688574	0.303610	0.016775	7.0
538	-1.046952	206.516823	0.302505	0.027230	6.2
539	-1.068431	205.946636	0.303265	0.050503	5.8
540	-1.014358	206.668740	0.302303	0.035040	5.9
541	-1.035024	207.663068	0.300989	0.029938	4.7
542	-1.039448	208.660621	0.299681	0.045704	7.5
543	-1.044290	209.659440	0.298384	0.016873	3.8
544	-1.076395	210.659429	0.297096	0.027146	4.0
545	-1.096045	211.369514	0.296188	0.040192	4.6
546	-1.042182	210.967932	0.296701	0.042906	7.4
547	-1.012333	211.967919	0.295427	0.024526	5.9
548	-1.060623	211.593663	0.295902	0.028888	5.0
549	-1.060003	211.032445	0.296618	0.039208	5.8
550	-1.065741	210.843561	0.296860	0.031363	3.9
551	-1.065805	210.272581	0.297593	0.027124	6.3
552	-1.054312	211.272397	0.296312	0.029519	16.4
553	-1.078285	212.266329	0.295049	0.050676	15.9
554	-1.045140	212.479193	0.294780	0.027948	9.0
555	-1.024900	213.479192	0.293523	0.021329	9.8
556	-1.054764	214.473991	0.292283	0.020280	9.4
557	-1.049763	214.900984	0.291754	0.031977	12.2
558	-1.018722	215.849142	0.290586	0.029773	11.6
559	-1.022505	216.834006	0.289383	0.016391	9.8
560	-1.069368	216.637717	0.289622	0.030642	13.0
561	-1.052273	217.616740	0.288433	0.031572	24.0
562	-1.051527	218.593737	0.287257	0.024536	11.8
563	-1.012801	218.032165	0.287932	0.022988	12.7
564	-1.053542	217.572960	0.288486	0.021964	8.2
565	-1.031987	217.008578	0.289170	0.019530	9.9
566	-1.025186	216.439167	0.289864	0.042899	7.9
567	-1.048392	217.438788	0.288649	0.014265	7.1
568	-1.023876	217.434880	0.288653	0.042084	7.2
569	-1.057115	218.433394	0.287450	0.025262	5.9
570	-1.055849	217.922528	0.288064	0.023804	7.2
571	-1.017317	217.437033	0.288651	0.037087	5.2
572	-1.031681	218.436964	0.287445	0.030225	6.7
573	-1.070776	219.436946	0.286250	0.020519	6.7
574	-1.095429	218.871442	0.286925	0.033147	4.7
575	-1.065961	218.301110	0.287608	0.033850	4.5
576	-1.054874	219.298063	0.286415	0.038114	3.9
577	-1.060878	220.297680	0.285229	0.028079	4.2
578	-1.037707	219.726701	0.285905	0.025800	4.2
579	-1.046023	219.910844	0.285687	0.031620	4.4
580	-1.045722	219.340372	0.286365	0.021508	4.7
581	-1.009365	220.340043	0.285179	0.038130	5.6
582	-1.070162	221.316671	0.284029	0.014417	7.5
583	-1.059487	220.747287	0.284698	0.036666	8.7
584	-1.044091	220.392661	0.285116	0.046290	6.5
585	-1.035875	221.392621	0.283940	0.022138	6.4
586	-1.042877	220.823056	0.284609	0.032294	5.0
587	-1.075458	221.823031	0.283437	0.024063	3.9
588	-0.998201	222.662544	0.282460	0.028818	5.9
589	-1.065158	222.152444	0.283053	0.047811	8.5
590	-1.021691	223.144625	0.281903	0.039494	5.1
591	-1.024723	224.144240	0.280753	0.022754	4.0
592	-1.043515	223.579317	0.281402	0.026928	5.7
593	-1.067686	223.012307	0.282055	0.040845	9.3
594	-1.033201	224.012307	0.280904	0.044264	6.6
595	-1.070827	223.441328	0.281560	0.026817	6.6
596	-1.048240	224.429896	0.280426	0.034241	6.2
597	-1.042693	223.859072	0.281080	0.024116	8.7
598	-1.059465	224.836833	0.279962	0.037114	4.2
599	-1.037306	225.815076	0.278853	0.025859	6.0
600	-1.015374	225.244100	0.279499	0.025233	7.3
601	-1.027061	224.675227	0.280146	0.028914	6.0
602	-1.044137	225.672219	0.279014	0.032821	5.9
603	-1.078166	225.102428	0.279660	0.017900	7.8
604	-1.063248	225.176130	0.279576	0.033703	4.0
605	-1.012854	226.176104	0.278445	0.038559	6.2
606	-1.027533	225.605125	0.279090	0.022821	6.1
607	-1.058988	226.602967	0.277965	0.028559	5.9
608	-1.048444	226.032215	0.278607	0.030529	5.6
609	-1.078920	226.612066	0.277955	0.032875	6.5
610	-1.061251	227.612066	0.276837	0.040043	7.0
611	-1.044526	227.041088	0.277474	0.023695	3.9
612	-1.063269	226.779548	0.277767	0.022757	3.9
613	-1.094574	226.211842	0.278405	0.046716	3.8
614	-1.009812	225.642409	0.279048	0.032464	5.3
615	-1.081897	225.074939	0.279691	0.038910	6.3
616	-1.029195	224.504344	0.280341	0.031146	10.7
617	-1.075164	225.504212	0.279204	0.050191	15.6
618	-1.066240	224.933233	0.279852	0.027396	10.2
619	-0.997146	225.933233	0.278719	0.033126	25.8
620	-1.059661	225.363178	0.279364	0.026303	17.3
621	-1.058360	225.700480	0.278982	0.046685	14.3
622	-1.043368	226.700381	0.277856	0.019709	11.1
623	-1.016696	226.129402	0.278498	0.021070	12.6
624	-1.027167	226.992792	0.277528	0.023734	7.4
625	-1.022035	226.422963	0.278167	0.030752	5.7
626	-1.048414	227.422576	0.277048	0.026221	8.0
627	-1.049135	228.421458	0.275939	0.040819	7.4
628	-1.043555	227.853446	0.276568	0.028328	12.2
629	-1.047508	227.305607	0.277179	0.013655	9.9
630	-1.059352	227.860086	0.276561	0.037408	6.0
631	-1.070987	228.842433	0.275474	0.028227	5.3
632	-1.032185	229.842433	0.274375	0.021900	5.5
633	-1.083538	230.760653	0.273375	0.043851	5.5
634	-1.012810	231.760651	0.272293	0.038887	9.6
635	-1.095208	232.752264	0.271229	0.024070	5.7
636	-1.033087	233.751114	0.270166	0.030428	5.4
637	-1.011782	233.334435	0.270608	0.039691	10.7
638	-1.049674	234.333727	0.269549	0.017780	6.6
639	-1.049406	235.333564	0.268498	0.033755	7.3
640	-1.041460	236.295327	0.267494	0.026107	7.4
641	-1.032612	235.727348	0.268086	0.030075	6.7
642	-1.024169	236.710441	0.267063	0.019325	7.6
643	-1.028058	236.191311	0.267602	0.025328	5.5
644	-1.032579	235.621551	0.268197	0.030579	8.2
645	-1.044740	236.621218	0.267156	0.023483	6.7
646	-1.070699	237.589039	0.266156	0.016169	6.3
647	-1.023153	237.028142	0.266735	0.038813	7.8
648	-1.006817	238.027942	0.265705	0.043549	14.8
649	-0.994387	238.539608	0.265181	0.027444	9.0
650	-1.017963	238.095043	0.265636	0.024905	6.1
651	-1.049023	238.509964	0.265211	0.026880	5.7
652	-1.050833	238.942012	0.264771	0.032197	4.3
653	-1.031234	238.371312	0.265353	0.031456	4.2
654	-1.067751	237.800354	0.265939	0.023684	4.0
655	-1.055257	237.519396	0.266228	0.027462	5.8
656	-1.028329	236.949189	0.266816	0.028453	10.0
657	-1.055966	237.948998	0.265786	0.022590	6.6
658	-1.058520	238.935747	0.264777	0.025574	5.1
659	-1.073491	238.364986	0.265360	0.032921	5.6
660	-1.052880	239.145633	0.264563	0.022166	4.0
661	-1.050581	239.778252	0.263922	0.063637	4.1
662	-1.036601	239.207273	0.264501	0.015977	4.0
663	-1.037387	238.636294	0.265082	0.033483	5.9
664	-1.037486	239.534719	0.264168	0.020575	10.1
665	-1.020659	240.534282	0.263159	0.026316	8.5
666	-1.006871	239.965359	0.263732	0.017289	6.1
667	-1.052675	239.755379	0.263945	0.031866	7.5
668	-1.058181	240.600716	0.263092	0.029572	4.9
669	-1.031396	241.551867	0.262139	0.039965	4.1
670	-1.043169	240.980893	0.262710	0.028765	3.9
671	-1.061883	241.292718	0.262398	0.043036	11.4
672	-1.031432	240.721739	0.262970	0.025019	10.5
673	-1.016475	240.150760	0.263545	0.044787	5.9
674	-1.077974	239.583388	0.264119	0.038710	3.9
675	-1.006935	240.558628	0.263134	0.030866	3.9
676	-1.031926	241.558628	0.262132	0.038914	3.8
677	-1.054864	242.558628	0.261137	0.014469	4.0
678	-1.035569	241.987728	0.261704	0.038565	6.5
679	-1.047926	242.968853	0.260732	0.030257	3.8
680	-1.021215	243.816782	0.259897	0.030381	4.4
681	-1.051045	243.938639	0.259777	0.031154	6.3
682	-1.095445	244.865210	0.258872	0.019436	7.0
683	-1.026006	244.383677	0.259342	0.034944	6.6
684	-1.067442	245.377142	0.258374	0.039638	7.0
685	-1.053133	246.377136	0.257408	0.028135	7.8
686	-1.063288	245.806157	0.257959	0.017689	6.5
687	-1.029592	246.804405	0.256997	0.028103	6.0
688	-1.050741	246.638738	0.257156	0.034244	10.2
689	-1.014354	247.637625	0.256200	0.022327	7.9
690	-1.067354	248.634413	0.255253	0.053652	6.6
691	-1.066313	248.078424	0.255780	0.033255	7.6
692	-1.031702	249.078424	0.254833	0.022996	9.0
693	-1.009338	248.507445	0.255373	0.031166	7.2
694	-1.058344	249.398526	0.254532	0.021676	5.5
695	-1.042479	248.828441	0.255070	0.030451	10.3
696	-1.012153	248.263241	0.255605	0.034262	9.5
697	-1.018961	249.261435	0.254661	0.019801	5.6
698	-1.080748	249.489577	0.254446	0.033070	5.7
699	-1.048504	250.485592	0.253513	0.015513	6.8
700	-1.047092	249.922251	0.254040	0.041953	8.2
701	-1.049509	249.866315	0.254092	0.029085	6.4
702	-1.078308	250.866299	0.253158	0.028012	9.9
703	-1.105912	250.295826	0.253690	0.029555	8.3
704	-1.079519	251.295791	0.252758	0.038240	7.6
705	-1.073734	252.270728	0.251857	0.028780	5.9
706	-1.046426	253.270728	0.250938	0.025992	5.8
707	-1.031558	252.699776	0.251462	0.032923	6.1
708	-1.014994	252.128797	0.251987	0.022357	5.1
709	-1.026493	251.558134	0.252515	0.020547	7.8
710	-1.037612	252.032372	0.252076	0.032622	6.0
711	-1.093521	252.250261	0.251875	0.039253	7.4
712	-1.073581	251.679911	0.252402	0.027434	5.5
713	-1.076140	252.679858	0.251480	0.027917	3.9
714	-1.073150	253.678019	0.250566	0.048456	8.6
715	-1.045758	254.678019	0.249657	0.062226	8.5
716	-1.030306	254.107040	0.250175	0.024541	6.8
717	-1.048708	255.107040	0.249269	0.043395	5.7
718	-1.061639	256.106960	0.248370	0.037827	7.2
719	-1.022316	257.106384	0.247477	0.025701	5.8
720	-1.020751	258.106384	0.246591	0.023725	4.1
721	-1.029996	257.542030	0.247090	0.032811	6.2
722	-1.039247	258.516072	0.246229	0.028215	7.6
723	-1.083682	257.945480	0.246733	0.045443	5.7
724	-1.041427	258.945479	0.245851	0.031164	5.3
725	-1.048589	258.374500	0.246354	0.014272	5.8
726	-0.988107	258.379511	0.246350	0.020526	5.7
727	-1.045373	259.349879	0.245497	0.027022	5.7
728	-1.062204	258.861497	0.245925	0.034543	5.6
729	-1.076944	259.861494	0.245050	0.025070	6.6
730	-1.018375	259.291024	0.245548	0.039821	5.7
731	-1.053410	260.286549	0.244679	0.030167	4.4
732	-1.061083	261.286422	0.243813	0.024844	5.6
733	-1.034639	262.271282	0.242965	0.037912	5.3
734	-1.058877	261.707361	0.243450	0.019817	4.1
735	-1.034595	261.171305	0.243912	0.030174	4.0
736	-1.044363	261.914137	0.243272	0.027345	5.3
737	-1.040787	262.914137	0.242415	0.041588	9.1
738	-1.062639	262.344686	0.242902	0.033879	4.6
739	-1.061390	263.280807	0.242102	0.027076	5.9
740	-1.068982	262.709830	0.242589	0.033280	5.7
741	-1.035152	262.143280	0.243075	0.049390	6.7
742	-1.048043	262.690940	0.242606	0.021566	10.9
743	-1.065524	263.690899	0.241753	0.030259	4.1
744	-1.015524	264.417098	0.241138	0.022974	5.8
745	-1.039226	265.413814	0.240299	0.020643	7.6
746	-1.048109	266.254014	0.239596	0.018037	5.9
747	-1.056487	267.243460	0.238774	0.026659	5.6
748	-1.038593	266.775053	0.239163	0.029244	6.4
749	-1.037941	266.204514	0.239638	0.035838	8.1
750	-1.055192	265.634233	0.240114	0.016008	11.0
751	-1.040154	266.585380	0.239320	0.023719	10.8
752	-1.044180	267.578183	0.238497	0.029670	6.3
753	-1.023556	267.009852	0.238968	0.034609	5.9
754	-1.046979	267.929532	0.238207	0.028012	7.4
755	-1.031778	267.387507	0.238655	0.020274	8.5
756	-1.052710	268.385261	0.237832	0.032480	7.5
757	-1.053060	268.162066	0.238015	0.024784	5.8
758	-1.077583	267.664333	0.238426	0.025036	5.6
759	-1.049705	268.664317	0.237603	0.019350	5.7
760	-1.024021	268.096018	0.238070	0.014787	5.6
761	-1.066502	267.567976	0.238505	0.041664	6.4
762	-1.052943	266.997416	0.238978	0.028801	6.0
763	-1.042702	266.625259	0.239287	0.029076	3.8
764	-1.027503	267.473810	0.238583	0.022585	7.3
765	-1.028552	266.902853	0.239056	0.017999	6.5
766	-1.057906	266.332675	0.239531	0.026469	5.8
767	-1.064044	267.329171	0.238703	0.047004	5.7
768	-1.015262	266.759342	0.239176	0.033064	5.8
769	-1.060299	266.188363	0.239651	0.021044	6.2
770	-1.066727	266.937750	0.239027	0.034455	7.2
771	-1.034110	267.112261	0.238883	0.034212	3.9
772	-1.056791	268.112013	0.238057	0.032915	7.0
773	-1.039739	267.541034	0.238528	0.033780	5.9
774	-1.065418	268.541034	0.237704	0.028026	5.6
775	-1.059633	269.541021	0.236886	0.057310	5.6
776	-1.049950	270.541017	0.236073	0.035419	6.1
777	-1.058313	269.970038	0.236536	0.040524	6.8
778	-1.064592	270.970038	0.235726	0.030554	4.7
779	-1.067718	270.399059	0.236188	0.042926	3.8
780	-1.048621	271.399059	0.235380	0.036134	4.0
781	-1.071524	272.399059	0.234578	0.039098	6.3
782	-1.024776	273.399050	0.233781	0.028022	6.5
783	-1.044315	274.398887	0.232990	0.022420	6.0
784	-1.054510	273.827956	0.233441	0.025643	4.1
785	-1.046974	273.287702	0.233870	0.034818	4.7
786	-1.064024	274.287702	0.233078	0.024020	6.0
787	-1.039142	273.898790	0.233385	0.036615	7.8
788	-1.061243	273.327812	0.233838	0.020642	4.1
789	-1.027972	272.777703	0.234276	0.043216	4.5
790	-1.046747	273.772319	0.233485	0.022310	5.2
791	-1.068400	274.389462	0.232998	0.022610	9.4
792	-0.990895	274.204874	0.233143	0.033264	3.9
793	-1.061386	273.638100	0.233592	0.009843	4.1
794	-1.027169	273.657116	0.233577	0.031075	5.3
795	-1.011560	274.209739	0.233139	0.039705	7.2
796	-1.045941	275.208788	0.232353	0.027022	4.4
797	-1.048728	275.036525	0.232488	0.040710	5.7
798	-1.046055	274.484864	0.232922	0.043020	5.2
799	-1.054276	274.010721	0.233297	0.033615	9.1
800	-1.041642	275.010672	0.232509	0.028897	6.0
801	-1.046679	275.773273	0.231911	0.051278	5.0
802	-1.040149	276.755891	0.231146	0.015685	4.1
803	-1.021165	277.708476	0.230409	0.031583	5.6
804	-1.034371	277.192247	0.230808	0.029071	4.5
805	-1.047410	278.192246	0.230036	0.023659	5.9
806	-1.065472	279.188651	0.229273	0.019833	8.1
807	-1.025016	279.885757	0.228741	0.033910	3.8
808	-1.054409	279.458826	0.229066	0.027157	4.9
809	-1.056497	278.956932	0.229450	0.032366	5.7
810	-1.034125	279.457754	0.229067	0.022727	6.1
811	-1.070951	278.887162	0.229503	0.030543	4.2
812	-1.064564	278.316185	0.229941	0.030762	7.6
813	-1.048680	279.316157	0.229175	0.047224	4.3
814	-1.066298	279.819418	0.228792	0.015746	3.9
815	-1.011244	280.819189	0.228034	0.026947	4.5
816	-1.017423	280.315541	0.228415	0.023278	5.6
817	-1.059852	280.008467	0.228648	0.016320	4.1
818	-1.033786	279.440069	0.229081	0.047501	6.0
819	-1.043419	280.440068	0.228321	0.050288	4.4
820	-1.042263	281.440056	0.227566	0.035861	4.4
821	-1.034334	281.697185	0.227372	0.034941	7.9
822	-1.068014	281.146393	0.227787	0.034284	4.2
823	-0.996251	280.575414	0.228218	0.029690	4.6
824	-1.081849	281.507963	0.227515	0.042246	3.9
825	-1.054246	282.507653	0.226765	0.031293	5.7
826	-1.020110	281.936673	0.227193	0.016969	5.1
827	-1.064250	282.483775	0.226783	0.036767	4.1
828	-1.049101	282.110569	0.227062	0.025016	5.7
829	-1.056250	281.796850	0.227298	0.024773	3.9
830	-1.045778	281.234519	0.227721	0.022270	4.0
831	-1.036512	280.871696	0.227994	0.026660	3.8
832	-1.020029	280.394943	0.228355	0.025579	3.8
833	-1.019227	279.990814	0.228662	0.037230	3.8
834	-1.022920	279.419857	0.229096	0.036902	5.6
835	-1.062903	278.848878	0.229532	0.017222	8.0
836	-1.042596	278.278008	0.229970	0.042935	4.3
837	-1.063456	278.199342	0.230031	0.026156	4.1
838	-1.078080	279.198692	0.229265	0.025917	11.4
839	-1.048882	280.164658	0.228530	0.024209	5.0
840	-1.030585	281.164647	0.227773	0.034722	5.4
841	-1.031896	282.157318	0.227027	0.026267	4.8
842	-1.024525	283.157150	0.226281	0.031629	4.2
843	-1.055113	284.157132	0.225540	0.025799	4.9
844	-1.034591	285.156089	0.224804	0.019039	6.5
845	-1.017729	286.144394	0.224080	0.033260	8.5
846	-1.087436	287.143871	0.223354	0.028946	9.4
847	-1.049437	286.667161	0.223700	0.033967	6.0
848	-1.076782	287.656038	0.222983	0.026944	4.6
849	-1.021851	288.062230	0.222690	0.028605	4.1
850	-1.104482	287.491251	0.223102	0.017156	5.3
851	-1.071786	287.398024	0.223169	0.033334	8.5
852	-1.064076	286.985451	0.223468	0.045162	5.8
853	-1.057306	287.985428	0.222745	0.026904	4.6
854	-1.072719	287.414452	0.223158	0.035397	3.9
855	-1.081054	286.844366	0.223571	0.028281	7.7
856	-1.054242	286.273468	0.223986	0.033371	4.0
857	-1.041422	287.273468	0.223260	0.038258	3.9
858	-1.067485	286.702911	0.223674	0.055832	3.8
859	-1.041749	287.702911	0.222949	0.030406	4.1
860	-1.046357	287.131943	0.223362	0.032232	3.8
861	-1.033911	288.131857	0.222640	0.050888	4.0
862	-1.024680	287.560878	0.223052	0.017898	3.9
863	-1.068024	287.405242	0.223164	0.035518	4.1
864	-1.042216	287.239372	0.223284	0.023896	4.1
865	-1.019193	288.238570	0.222563	0.027647	5.5
866	-1.052903	289.238137	0.221846	0.028571	8.6
867	-1.014780	290.227192	0.221141	0.029044	4.2
868	-1.098432	291.227171	0.220432	0.028127	3.8
869	-1.013614	290.718789	0.220792	0.029542	7.3
870	-1.034912	290.147811	0.221197	0.026877	3.9
871	-1.067038	291.061550	0.220549	0.025959	3.8
872	-1.033637	292.051235	0.219852	0.030592	4.0
873	-1.040102	293.051224	0.219152	0.036122	4.0
874	-1.046543	294.049672	0.218458	0.020522	3.9
875	-1.029455	295.049645	0.217766	0.026008	3.9
876	-1.025984	294.482383	0.218158	0.023069	6.3
877	-1.033432	293.976871	0.218508	0.027597	7.2
878	-1.063290	294.870190	0.217890	0.036148	7.6
879	-1.047002	294.798280	0.217940	0.017885	5.6
880	-1.067848	295.795200	0.217254	0.024227	5.9
881	-1.026127	295.246870	0.217631	0.013896	7.3
882	-1.011727	296.072238	0.217064	0.024871	6.6
883	-1.061874	295.842170	0.217222	0.021880	6.1
884	-1.005176	295.272153	0.217613	0.030914	5.5
885	-1.044276	294.798710	0.217939	0.017098	5.6
886	-1.016442	295.101468	0.217731	0.016497	6.4
887	-1.032629	294.579193	0.218091	0.026535	7.5
888	-1.013445	294.023883	0.218476	0.019297	4.5
889	-1.047206	294.127494	0.218404	0.030986	4.0
890	-1.024981	295.090812	0.217738	0.047091	4.2
891	-1.039088	296.090812	0.217051	0.040761	4.1
892	-1.085842	297.090812	0.216369	0.025366	9.7
893	-1.063126	296.744435	0.216605	0.026153	8.7
894	-1.031303	297.734377	0.215932	0.028356	4.3
895	-1.056987	298.734352	0.215257	0.035268	6.5
896	-1.049651	299.733749	0.214586	0.032492	5.4
897	-1.052725	300.141501	0.214314	0.031267	5.7
898	-1.017196	299.570605	0.214695	0.036124	6.0
899	-1.059746	300.267113	0.214230	0.026314	6.6
900	-1.049547	301.257843	0.213571	0.039878	5.8
901	-1.035791	300.752442	0.213907	0.017465	4.1
902	-1.064156	300.789144	0.213882	0.025703	5.8
903	-1.029110	300.278742	0.214222	0.017974	7.4
904	-1.046998	301.146148	0.213645	0.019237	5.7
905	-1.038455	300.596441	0.214010	0.026254	5.6
906	-1.032157	301.447657	0.213446	0.048912	5.4
907	-1.003302	300.876678	0.213824	0.021348	5.7
908	-1.035972	301.529094	0.213392	0.022526	6.5
909	-1.055319	300.964388	0.213766	0.024602	5.9
910	-1.040635	301.621691	0.213330	0.028040	4.9
911	-1.051107	302.408686	0.212811	0.034565	10.6
912	-1.066100	303.408686	0.212155	0.033497	3.9
913	-1.056852	303.456461	0.212124	0.028058	3.8
914	-1.017440	302.885939	0.212498	0.026652	5.8
915	-1.041271	302.314961	0.212873	0.038475	3.9
916	-1.070313	303.314853	0.212217	0.032000	4.0
917	-1.072485	302.743875	0.212591	0.027450	5.0
918	-1.065312	303.741477	0.211938	0.029777	6.3
919	-1.029082	304.737934	0.211290	0.017946	5.8
920	-1.069728	304.216876	0.211628	0.027458	7.2
921	-1.010538	305.206028	0.210986	0.041521	9.5
922	-1.061413	304.635049	0.211356	0.021872	6.9
923	-1.050940	305.634926	0.210709	0.047619	9.2
924	-1.050867	305.123049	0.211040	0.020124	6.8
925	-1.025764	306.123044	0.210395	0.020203	4.9
926	-1.078904	305.663973	0.210691	0.030617	7.4
927	-1.059651	305.118674	0.211043	0.033271	12.8
928	-1.038980	304.547702	0.211413	0.027382	7.0
929	-1.074968	305.281281	0.210938	0.040132	5.1
930	-1.033206	305.003120	0.211118	0.029259	5.0
931	-1.044441	306.002917	0.210472	0.022827	4.3
932	-1.003722	305.432118	0.210840	0.037600	4.1
933	-1.065982	306.431746	0.210197	0.038202	3.8
934	-1.048619	305.874213	0.210555	0.024273	3.9
935	-0.992980	305.341283	0.210899	0.031238	3.9
936	-1.030277	305.670330	0.210686	0.014559	5.0
937	-1.068200	305.681585	0.210679	0.028723	6.9
938	-1.085270	305.394483	0.210865	0.020011	8.1
939	-1.022132	304.823533	0.211234	0.018338	5.8
940	-1.003425	304.270639	0.211593	0.021111	6.5
941	-1.043833	304.903671	0.211182	0.033737	8.2
942	-1.064409	305.044595	0.211091	0.041506	7.8
943	-1.048230	306.044595	0.210445	0.029912	6.8
944	-1.058922	307.044580	0.209804	0.022828	5.4
945	-1.048880	306.473983	0.210169	0.026388	7.6
946	-1.044011	307.297489	0.209642	0.029159	5.8
947	-1.051567	306.729272	0.210006	0.048207	5.8
948	-1.049821	307.729272	0.209367	0.021538	7.6
949	-1.021108	307.286418	0.209649	0.031427	3.9
950	-1.050961	308.281786	0.209016	0.020463	3.7
951	-1.052779	307.761386	0.209346	0.035186	6.9
952	-1.029611	307.190409	0.209711	0.035331	4.8
953	-1.050555	308.188766	0.209075	0.038767	3.7
954	-1.095948	309.188766	0.208441	0.055579	3.8
955	-1.058690	309.905744	0.207990	0.021604	5.1
956	-1.043326	310.687422	0.207500	0.033172	5.6
957	-1.038419	310.116472	0.207857	0.024464	5.6
958	-1.065561	311.109226	0.207236	0.018784	5.9
959	-1.052248	311.311685	0.207110	0.040552	7.7
960	-1.058325	310.740718	0.207466	0.031018	5.4
961	-1.105054	310.169739	0.207824	0.036013	6.9
962	-1.039312	309.598771	0.208183	0.028352	7.7
963	-1.045232	309.230782	0.208415	0.022740	5.6
964	-1.061130	310.078001	0.207882	0.050168	5.7
965	-1.060686	309.516509	0.208235	0.033459	7.9
966	-1.056023	310.516509	0.207607	0.052436	5.6
967	-1.071946	310.248343	0.207775	0.033882	3.8
968	-1.039098	311.248343	0.207149	0.032263	6.2
969	-1.072250	311.184811	0.207189	0.027616	5.8
970	-1.064480	311.995573	0.206684	0.034115	3.9
971	-1.055660	312.995257	0.206066	0.025187	4.4
972	-1.048506	313.995257	0.205451	0.024928	5.8
973	-1.050761	314.958644	0.204862	0.023398	5.7
974	-1.054739	314.388250	0.205210	0.026021	6.0
975	-1.068177	315.388098	0.204600	0.042447	6.2
976	-1.041358	314.817122	0.204948	0.024942	6.7
977	-1.012390	314.246144	0.205297	0.037106	4.4
978	-1.022769	313.694603	0.205635	0.034282	6.1
979	-1.009568	314.694603	0.205023	0.032910	5.9
980	-1.070286	314.123624	0.205372	0.018610	7.8
981	-1.024625	313.552866	0.205722	0.025314	4.5
982	-1.034227	313.162796	0.205963	0.039130	6.7
983	-1.071821	312.920251	0.206112	0.022687	3.9
984	-1.064278	312.363900	0.206456	0.013409	4.1
985	-1.042836	312.137170	0.206597	0.022944	4.2
986	-1.015831	311.675506	0.206883	0.033551	7.1
987	-1.011117	311.587557	0.206938	0.030231	9.2
988	-1.054967	311.016587	0.207294	0.042860	4.9
989	-1.051597	312.015663	0.206672	0.030137	3.9
990	-1.062857	311.444768	0.207027	0.045833	4.1
991	-1.078997	310.887743	0.207374	0.035586	4.0
992	-1.041492	310.316764	0.207732	0.022573	4.2
993	-1.053709	309.745788	0.208090	0.041273	4.1
994	-1.040693	309.244491	0.208406	0.022297	3.9
995	-1.045484	310.240211	0.207780	0.015031	4.3
996	-1.069382	310.878685	0.207380	0.025114	4.5
997	-1.079294	311.053148	0.207271	0.034543	5.4
998	-1.062626	312.053018	0.206649	0.027996	4.8
999	-1.053755	311.482040	0.207004	0.037717	5.7
