1:ItNr	2:Metric	3a:Time	3b:StepSize	4:||Gradient||	Time[ms]
0	-1.010856	0.000000	127.652068	0.009031	383.3
1	-1.015872	0.000000	127.652068	0.006936	21.3
2	-1.001052	0.000000	127.652068	0.005387	19.9
3	-1.029712	0.000000	127.652068	0.005127	21.6
4	-1.004490	0.000000	127.652068	0.004878	22.1
5	-1.010686	0.000000	127.652068	0.005121	19.8
6	-1.016777	0.000000	127.652068	0.004150	24.0
7	-1.016505	0.000000	127.652068	0.004943	21.8
8	-1.051159	0.000000	127.652068	0.004788	20.5
9	-1.018579	0.000000	127.652068	0.004233	23.4
10	-1.047190	0.000000	127.652068	0.003481	25.1
11	-1.020716	0.000000	127.652068	0.004036	30.0
12	-1.032680	0.000000	127.652068	0.004580	21.6
13	-1.042364	0.000000	127.652068	0.004030	24.3
14	-1.030401	0.000000	127.652068	0.002644	29.3
15	-1.025925	0.000000	127.652068	0.002981	23.3
16	-1.056179	0.000000	127.652068	0.003262	25.8
17	-1.028885	0.000000	127.652068	0.005179	21.9
18	-1.019310	0.000000	127.652068	0.003756	25.3
19	-1.033450	0.559863	124.337217	0.003672	20.2
20	-1.053287	0.467709	124.870957	0.003165	21.5
21	-1.042043	0.375705	125.408422	0.003055	23.2
22	-1.046413	0.283551	125.951418	0.003888	21.2
23	-1.048532	0.191968	126.495726	0.002805	24.2
24	-1.048275	0.099814	127.048200	0.004217	25.0
25	-1.041659	0.007677	127.605420	0.003429	24.7
26	-1.032946	0.000000	127.652068	0.002289	19.9
27	-1.035469	0.000000	127.652068	0.002653	26.3
28	-1.051845	0.000000	127.652068	0.002808	22.2
29	-1.022317	0.000000	127.652068	0.003483	19.3
30	-1.047646	0.000000	127.652068	0.003477	24.8
31	-1.052495	0.892953	122.445494	0.003365	26.0
32	-1.034062	1.863209	117.249219	0.002754	26.4
33	-1.047462	1.771055	117.723723	0.003886	22.2
34	-1.055718	2.678202	113.213555	0.002540	24.7
35	-1.050019	3.595970	108.989132	0.003825	21.1
36	-1.060055	3.503822	109.398991	0.002976	25.0
37	-1.065831	3.472758	109.537856	0.003292	21.0
38	-1.048800	3.380620	109.951816	0.003221	24.7
39	-1.063371	3.288475	110.368948	0.002735	23.3
40	-1.066151	3.196321	110.789298	0.002577	21.2
41	-1.076442	3.104859	111.209668	0.002086	26.0
42	-1.064859	3.012806	111.635992	0.002084	22.6
43	-1.038192	2.923400	112.053194	0.002907	26.6
44	-1.067874	2.831386	112.485837	0.003280	20.4
45	-1.069722	2.739886	112.919387	0.002841	23.6
46	-1.056434	3.251957	110.535137	0.002204	23.6
47	-1.058116	3.159806	110.956745	0.002844	24.0
48	-1.075266	3.069623	111.372474	0.002782	21.6
49	-1.043508	3.377881	109.964170	0.002819	22.6
50	-1.055552	3.310025	110.271111	0.002252	22.9
51	-1.073418	3.222692	110.668683	0.002694	18.5
52	-1.061232	3.180684	110.860945	0.003113	22.8
53	-1.080040	3.502235	109.406078	0.003196	18.5
54	-1.052586	4.493689	105.151255	0.002830	18.3
55	-1.026729	4.432387	105.404711	0.002763	20.8
56	-1.070340	4.340248	105.787972	0.002631	18.4
57	-1.061350	4.248099	106.174069	0.002948	25.9
58	-1.076242	4.156520	106.560582	0.002265	22.7
59	-1.077704	4.064464	106.951957	0.002664	19.3
60	-1.061281	3.974023	107.339272	0.003055	19.5
61	-1.054841	3.883317	107.730551	0.002908	18.7
62	-1.063054	3.882857	107.732543	0.002452	21.4
63	-1.052786	4.123873	106.699052	0.002838	20.4
64	-1.069252	4.048661	107.019431	0.003156	18.5
65	-1.045803	3.956525	107.414530	0.003302	21.8
66	-1.069368	3.880748	107.741674	0.002205	19.3
67	-1.076726	3.788601	108.142183	0.002751	18.4
68	-1.067929	3.696466	108.545630	0.003298	19.7
69	-1.079006	4.510952	105.080102	0.003088	19.4
70	-1.066794	4.418798	105.461062	0.003238	23.6
71	-1.079203	5.406481	101.516497	0.003167	20.1
72	-1.056433	5.314327	101.872013	0.002279	18.5
73	-1.069385	5.311898	101.881415	0.003221	23.2
74	-1.094614	5.239765	102.161486	0.002632	18.7
75	-1.072864	5.147612	102.521541	0.003134	21.6
76	-1.064269	5.210298	102.276344	0.002129	19.6
77	-1.078205	5.118206	102.636967	0.003319	31.1
78	-1.058105	5.026477	102.998706	0.002850	25.5
79	-1.057342	6.006132	99.262396	0.003500	19.2
80	-1.069847	6.999715	95.740025	0.002084	24.2
81	-1.053920	7.017850	95.678056	0.002950	19.0
82	-1.065354	6.925699	95.993782	0.003129	20.5
83	-1.074609	7.908049	92.731729	0.002529	21.2
84	-1.072239	8.823374	89.885654	0.002333	20.3
85	-1.077196	8.771765	90.041469	0.002714	21.8
86	-1.079353	8.679612	90.321041	0.002122	20.5
87	-1.076064	8.587897	90.601013	0.003258	21.0
88	-1.088974	8.552025	90.710991	0.002056	21.2
89	-1.091207	8.460246	90.993585	0.001935	19.0
90	-1.052540	8.368986	91.276336	0.002654	22.7
91	-1.056846	8.281379	91.549425	0.002195	18.5
92	-1.079653	8.190916	91.833137	0.003046	21.8
93	-1.074926	8.098765	92.123958	0.001835	19.9
94	-1.066967	8.160756	91.928117	0.002830	21.7
95	-1.081262	8.445917	91.037866	0.002434	22.8
96	-1.071630	9.420786	88.120452	0.003332	20.7
97	-1.078946	9.328643	88.388176	0.003481	18.9
98	-1.064015	10.328528	85.567169	0.002572	21.5
99	-1.070649	11.306096	82.977943	0.002661	21.1
100	-1.090477	11.570198	82.305102	0.002722	22.2
101	-1.076812	11.481739	82.529246	0.002295	19.2
102	-1.054936	11.395469	82.749024	0.002437	19.6
103	-1.050483	11.547650	82.362120	0.003102	21.9
104	-1.067872	12.446102	80.149651	0.003610	18.8
105	-1.104528	13.445619	77.823930	0.002597	27.1
106	-1.069727	13.658971	77.344865	0.003219	23.9
107	-1.087490	14.658672	75.176479	0.003169	25.1
108	-1.084875	14.574672	75.353990	0.003382	18.9
109	-1.065189	14.636589	75.223064	0.002403	22.7
110	-1.052850	14.544465	75.418028	0.002902	18.9
111	-1.063857	14.963031	74.540253	0.002678	20.8
112	-1.057466	14.880029	74.712687	0.003260	21.8
113	-1.072422	14.797293	74.885368	0.002935	21.0
114	-1.088624	15.078778	74.301115	0.003072	19.0
115	-1.110020	15.913975	72.620015	0.002652	23.8
116	-1.065828	15.821826	72.801751	0.002247	18.7
117	-1.080838	15.750398	72.943250	0.001895	24.3
118	-1.085664	15.671062	73.101057	0.002007	19.2
119	-1.079958	15.593982	73.255036	0.002953	19.4
120	-1.107467	15.654670	73.133750	0.001669	24.3
121	-1.085886	15.739405	72.965074	0.003158	19.9
122	-1.079238	15.647295	73.148467	0.002107	24.6
123	-1.078113	15.822306	72.800801	0.002304	27.3
124	-1.098784	15.730191	72.983379	0.001882	29.1
125	-1.073320	15.645130	73.152788	0.002222	21.6
126	-1.085184	15.554157	73.334845	0.002541	25.1
127	-1.066207	15.611612	73.219759	0.002522	18.6
128	-1.085680	15.819210	72.806924	0.001215	21.3
129	-1.098516	15.866780	72.712980	0.002015	19.8
130	-1.072112	15.779533	72.885466	0.003416	20.5
131	-1.076435	16.490329	71.503599	0.002587	22.5
132	-1.070786	17.489800	69.646852	0.001901	22.2
133	-1.077273	17.415978	69.780690	0.001996	20.6
134	-1.086676	17.331446	69.934577	0.002614	22.8
135	-1.064907	17.239860	70.102072	0.002387	21.3
136	-1.066238	17.148556	70.269853	0.002434	20.0
137	-1.075795	17.090354	70.377225	0.003453	19.6
138	-1.090856	18.090079	68.577334	0.003174	21.7
139	-1.059846	17.997926	68.739385	0.001953	22.4
140	-1.069288	17.906017	68.901770	0.002550	19.0
141	-1.060156	18.656225	67.598301	0.002642	21.3
142	-1.059276	18.564097	67.755709	0.002114	19.2
143	-1.079420	18.487168	67.887710	0.002031	19.1
144	-1.076352	18.497828	67.869388	0.002076	25.6
145	-1.069420	18.406876	68.026032	0.002252	20.8
146	-1.079653	18.530613	67.813100	0.003255	18.6
147	-1.105455	19.327526	66.473044	0.003331	22.2
148	-1.076555	20.326565	64.866108	0.003040	18.7
149	-1.088645	20.237686	65.005914	0.001980	22.6
150	-1.086862	20.219518	65.034565	0.003343	18.7
151	-1.086686	20.570020	64.486220	0.002298	32.0
152	-1.085261	20.496523	64.600434	0.002226	19.8
153	-1.081759	20.635484	64.384827	0.002679	18.6
154	-1.088115	20.543680	64.527105	0.003519	22.2
155	-1.067470	21.543451	63.010719	0.002778	21.2
156	-1.091488	22.542888	61.564439	0.002914	21.9
157	-1.038824	22.534316	61.576560	0.002521	18.5
158	-1.099116	22.499796	61.625426	0.002285	18.4
159	-1.084972	22.407734	61.756125	0.003356	22.9
160	-1.074935	23.394977	60.382810	0.001771	18.5
161	-1.067293	23.582477	60.128858	0.003013	20.3
162	-1.082771	23.490480	60.253192	0.002411	19.7
163	-1.067348	23.404086	60.370423	0.001879	18.4
164	-1.075141	23.946301	59.642137	0.002545	21.1
165	-1.088660	23.936484	59.655166	0.003603	18.6
166	-1.086658	24.936360	58.356679	0.002429	18.7
167	-1.066686	25.936171	57.113595	0.001748	22.8
168	-1.077038	25.855314	57.212154	0.003205	18.7
169	-1.079565	25.875535	57.187474	0.002842	18.3
170	-1.081339	25.783381	57.300122	0.003584	29.3
171	-1.057146	26.783362	56.100979	0.002677	25.2
172	-1.085617	26.693472	56.206716	0.002741	23.6
173	-1.072726	26.601511	56.315301	0.001885	20.4
174	-1.084531	26.510074	56.423685	0.003008	22.6
175	-1.065798	26.567450	56.355626	0.002968	19.7
176	-1.101849	27.478001	55.297112	0.002751	18.9
177	-1.061272	27.385890	55.402380	0.004249	25.9
178	-1.095718	28.385887	54.280556	0.002346	18.8
179	-1.075924	29.385720	53.203436	0.002982	22.1
180	-1.089629	29.354390	53.236538	0.001729	20.5
181	-1.073123	29.263897	53.332384	0.003547	19.1
182	-1.070496	29.172548	53.429486	0.003212	21.4
183	-1.093767	30.169324	52.388682	0.002704	19.1
184	-1.064839	30.077171	52.483201	0.002086	23.1
185	-1.095102	30.001691	52.560873	0.005176	18.9
186	-1.093345	29.909630	52.655920	0.002792	21.1
187	-1.092896	30.909630	51.641544	0.003332	21.6
188	-1.066372	30.817604	51.733257	0.003383	19.8
189	-1.104499	31.744821	50.823823	0.002973	22.9
190	-1.068272	32.744051	49.878886	0.002335	20.0
191	-1.052571	32.652498	49.964000	0.002477	19.0
192	-1.075130	33.388552	49.287825	0.002311	23.7
193	-1.060220	33.296807	49.371106	0.002167	19.0
194	-1.081570	33.205242	49.454505	0.001745	25.6
195	-1.062919	33.202155	49.457322	0.002109	19.8
196	-1.087560	33.111944	49.539773	0.003193	21.9
197	-1.067263	33.156347	49.499156	0.002623	20.5
198	-1.091218	34.068331	48.679402	0.002391	30.2
199	-1.089261	34.460939	48.334801	0.003292	25.2
200	-1.079229	34.368804	48.415231	0.001847	19.8
201	-1.095628	34.280212	48.492821	0.003327	24.4
202	-1.078547	34.188081	48.573775	0.002309	18.9
203	-1.093466	34.733703	48.098248	0.002454	20.6
204	-1.063102	34.642098	48.177433	0.002358	22.4
205	-1.080798	34.550090	48.257229	0.003729	20.1
206	-1.082801	34.644154	48.175652	0.003029	23.0
207	-1.099389	35.644154	47.325156	0.003226	20.3
208	-1.062886	36.475270	46.640815	0.002443	19.2
209	-1.079562	36.383116	46.715717	0.002958	21.1
210	-1.082292	37.081234	46.154210	0.002905	21.5
211	-1.087090	38.081172	45.373058	0.002804	23.0
212	-1.109601	37.989020	45.443939	0.002671	20.6
213	-1.064316	38.186116	45.292606	0.001952	19.9
214	-1.079204	38.103793	45.355692	0.002425	21.0
215	-1.096472	38.755952	44.860693	0.003100	21.4
216	-1.108439	38.717485	44.889590	0.003888	28.1
217	-1.081065	38.635469	44.951327	0.002507	24.8
218	-1.064210	38.866605	44.777776	0.001901	25.1
219	-1.096680	39.376769	44.399418	0.003322	21.6
220	-1.054474	39.509695	44.301883	0.002513	25.4
221	-1.073923	39.430391	44.360021	0.002212	23.9
222	-1.078584	39.956157	43.977402	0.003057	22.4
223	-1.085930	40.628966	43.497297	0.002648	21.6
224	-1.088302	41.301610	43.027675	0.002236	23.1
225	-1.093210	41.209498	43.091385	0.002357	23.3
226	-1.095634	41.119814	43.153597	0.003610	20.2
227	-1.087011	41.028844	43.216885	0.003257	25.0
228	-1.078283	42.028844	42.531217	0.002144	21.1
229	-1.087590	41.941616	42.590159	0.001981	20.3
230	-1.083486	41.872186	42.637191	0.001818	24.0
231	-1.077006	41.819034	42.673267	0.002143	21.2
232	-1.065874	41.732386	42.732209	0.002758	22.2
233	-1.061725	41.649214	42.788939	0.002641	22.6
234	-1.074927	41.557062	42.851971	0.001774	20.3
235	-1.083331	41.465433	42.914830	0.002145	22.2
236	-1.086056	41.411589	42.951853	0.001731	19.0
237	-1.071806	41.345587	42.997324	0.002273	23.6
238	-1.082885	41.256946	43.058544	0.002763	21.8
239	-1.084774	42.124053	42.467068	0.002412	19.0
240	-1.078396	42.031983	42.529099	0.001967	19.8
241	-1.095154	41.966617	42.573248	0.001925	18.5
242	-1.068837	41.877878	42.633332	0.002693	18.9
243	-1.068681	42.358651	42.309825	0.003825	23.2
244	-1.072648	43.355041	41.654755	0.002178	19.9
245	-1.091746	43.759862	41.394366	0.001886	22.7
246	-1.089533	43.676082	41.447987	0.002002	19.1
247	-1.058435	43.585285	41.506257	0.002926	18.4
248	-1.096737	43.607084	41.492252	0.002626	19.6
249	-1.072579	43.514950	41.551507	0.002131	19.3
250	-1.099711	43.424780	41.609663	0.003198	18.4
251	-1.081114	43.395530	41.628564	0.002030	18.9
252	-1.079303	43.303410	41.688200	0.003501	19.0
253	-1.058730	43.847954	41.338134	0.001801	18.4
254	-1.085531	43.755980	41.396848	0.001801	22.9
255	-1.098793	43.680659	41.445054	0.002976	20.6
256	-1.082666	43.595585	41.499639	0.003601	18.4
257	-1.077662	43.515238	41.551322	0.003106	21.8
258	-1.101427	44.515218	40.917110	0.002428	18.4
259	-1.089478	44.523119	40.912177	0.001683	18.4
260	-1.081705	44.464304	40.948933	0.001980	19.8
261	-1.088814	44.405160	40.985963	0.002581	21.1
262	-1.080669	44.313803	41.043291	0.002841	25.9
263	-1.089636	44.262765	41.075388	0.002819	28.9
264	-1.086590	44.170664	41.133438	0.001930	27.3
265	-1.086041	44.078668	41.191584	0.002513	18.9
266	-1.096315	43.987958	41.249079	0.002539	20.2
267	-1.104460	44.045806	41.212395	0.002163	19.9
268	-1.070607	43.953660	41.270860	0.003504	19.1
269	-1.059763	44.145581	41.149275	0.001984	24.6
270	-1.097109	44.053433	41.207563	0.002802	19.3
271	-1.075400	43.961285	41.266016	0.001881	18.7
272	-1.101726	43.869156	41.324623	0.002843	25.5
273	-1.098233	44.839109	40.715821	0.003018	21.8
274	-1.099192	44.746956	40.772890	0.002689	24.3
275	-1.097762	44.658007	40.828127	0.002153	19.1
276	-1.083672	44.567179	40.884684	0.003016	20.0
277	-1.074785	44.476568	40.941263	0.002760	19.6
278	-1.087982	45.475173	40.326234	0.001929	19.3
279	-1.067676	46.349212	39.802892	0.002244	23.1
280	-1.085285	46.267666	39.851143	0.003013	19.1
281	-1.101060	46.299604	39.832232	0.004258	19.8
282	-1.086118	47.291037	39.253957	0.003208	22.4
283	-1.089678	47.198889	39.306996	0.002434	19.3
284	-1.091188	47.106735	39.360181	0.002365	22.5
285	-1.089004	47.015085	39.413219	0.002021	19.3
286	-1.081843	46.929097	39.463110	0.001790	19.2
287	-1.076165	46.966346	39.441482	0.003153	21.7
288	-1.053431	47.696717	39.022148	0.002180	18.7
289	-1.089817	48.605175	38.512846	0.001795	19.2
290	-1.083601	48.534958	38.551737	0.002139	21.0
291	-1.091758	48.519480	38.560320	0.002315	27.8
292	-1.064964	48.428486	38.610858	0.002258	28.1
293	-1.081595	48.336466	38.662101	0.002342	19.0
294	-1.099593	49.156530	38.210177	0.003557	21.6
295	-1.083182	50.072582	37.717687	0.002605	19.0
296	-1.098703	51.072411	37.194447	0.002319	19.1
297	-1.070190	51.156808	37.150942	0.003688	20.3
298	-1.083168	52.152785	36.645131	0.002270	19.7
299	-1.091728	53.150192	36.152212	0.001395	23.3
300	-1.071250	53.059373	36.196545	0.002400	19.2
301	-1.093113	52.968845	36.240845	0.001953	19.0
302	-1.078562	52.905698	36.271810	0.002032	19.8
303	-1.113527	52.833071	36.307489	0.002519	19.7
304	-1.076312	53.552620	35.957065	0.002360	19.8
305	-1.072694	53.501917	35.981536	0.003592	20.9
306	-1.072878	54.501133	35.505340	0.001801	20.2
307	-1.107208	55.276511	35.144416	0.002298	19.0
308	-1.085297	55.955690	34.834246	0.002231	20.4
309	-1.048347	56.804409	34.454261	0.001944	19.7
310	-1.074249	56.808255	34.452558	0.001669	32.1
311	-1.093159	56.952030	34.389014	0.002642	25.2
312	-1.107565	56.860414	34.429478	0.002317	22.8
313	-1.097944	57.829195	34.006353	0.001792	19.9
314	-1.086477	57.738916	34.045343	0.002169	19.3
315	-1.095370	57.647617	34.084865	0.001940	20.8
316	-1.107223	57.556459	34.124418	0.004643	19.6
317	-1.079413	57.464453	34.164431	0.002624	23.1
318	-1.091272	57.375955	34.203008	0.002816	19.1
319	-1.053416	58.373014	33.773361	0.003533	20.6
320	-1.081696	59.369564	33.354584	0.002997	22.3
321	-1.090865	59.277411	33.392874	0.002027	19.3
322	-1.090133	59.190623	33.429014	0.001483	22.7
323	-1.108693	59.112827	33.461476	0.002480	19.8
324	-1.094065	59.078727	33.475725	0.003182	19.3
325	-1.077567	58.986617	33.514274	0.002513	20.8
326	-1.092867	59.845323	33.158299	0.003473	19.6
327	-1.070691	60.724740	32.801492	0.002166	22.8
328	-1.061058	60.673558	32.822048	0.001958	20.8
329	-1.096171	60.746213	32.792876	0.003124	18.7
330	-1.071417	60.654814	32.829582	0.002074	23.2
331	-1.107514	60.593587	32.854217	0.002679	18.5
332	-1.104311	60.501695	32.891260	0.002045	21.5
333	-1.071228	60.418216	32.924984	0.002402	20.6
334	-1.074376	60.359050	32.948927	0.003346	18.7
335	-1.094957	60.266900	32.986289	0.003078	22.0
336	-1.091203	61.217992	32.604705	0.002833	18.6
337	-1.076898	61.125841	32.641290	0.002371	18.5
338	-1.090121	61.033706	32.677951	0.001891	28.5
339	-1.088481	60.941780	32.714610	0.003028	22.4
340	-1.099378	61.738542	32.399573	0.003257	23.0
341	-1.076436	61.646388	32.435700	0.002208	21.4
342	-1.095662	62.635160	32.052231	0.002312	24.8
343	-1.106127	62.746744	32.009524	0.002680	19.5
344	-1.104394	62.682158	32.034229	0.003386	19.0
345	-1.083394	62.590006	32.069544	0.002613	21.1
346	-1.095891	62.520213	32.096343	0.001932	20.4
347	-1.089897	62.437029	32.128342	0.001693	22.6
348	-1.074454	62.414850	32.136885	0.003720	18.5
349	-1.077455	62.323477	32.172126	0.002601	18.4
350	-1.068451	63.318564	31.792446	0.001766	20.6
351	-1.087313	64.171088	31.474218	0.004355	18.4
352	-1.066620	64.658514	31.295119	0.002649	21.3
353	-1.050235	65.658514	30.933988	0.001485	20.1
354	-1.101057	66.157018	30.757057	0.002388	18.4
355	-1.091301	66.519695	30.629602	0.002399	22.3
356	-1.088360	67.341699	30.344599	0.002301	19.3
357	-1.096126	68.322719	30.011328	0.002922	33.2
358	-1.095438	68.230568	30.042322	0.001709	24.2
359	-1.077738	68.154496	30.067955	0.003588	21.0
360	-1.067611	68.381294	29.991660	0.003503	21.1
361	-1.076514	69.360632	29.666608	0.002460	19.8
362	-1.076961	69.268546	29.696872	0.001723	21.1
363	-1.094492	69.488469	29.624696	0.002024	20.7
364	-1.060677	69.403045	29.652690	0.002073	20.0
365	-1.107212	69.355786	29.668199	0.003047	21.3
366	-1.102980	69.263640	29.698486	0.003570	19.5
367	-1.067465	69.171491	29.728835	0.002035	22.1
368	-1.077145	69.079396	29.759230	0.002118	19.6
369	-1.088228	68.987649	29.789571	0.002489	18.9
370	-1.110487	68.895692	29.820043	0.003312	21.2
371	-1.092546	69.766544	29.533937	0.002947	18.6
372	-1.091150	70.765282	29.212501	0.002788	22.5
373	-1.099702	71.764038	28.897981	0.003143	18.9
374	-1.088685	72.736814	28.598086	0.003331	20.0
375	-1.105162	73.736757	28.296234	0.001440	23.0
376	-1.083061	73.655997	28.320376	0.003265	20.6
377	-1.088011	73.571288	28.345743	0.003138	22.6
378	-1.076943	73.647652	28.322873	0.002490	19.5
379	-1.079591	73.555539	28.350464	0.001857	18.7
380	-1.083115	74.215401	28.153990	0.001677	22.5
381	-1.081083	74.145215	28.174758	0.002082	19.7
382	-1.083686	74.151779	28.172814	0.001711	22.5
383	-1.094289	74.065920	28.198259	0.002969	19.7
384	-1.085273	75.037539	27.912975	0.002438	18.9
385	-1.101087	75.531339	27.770188	0.002376	29.6
386	-1.088449	75.550328	27.764726	0.001862	28.9
387	-1.054602	76.061596	27.618477	0.003088	21.7
388	-1.105574	76.578951	27.472046	0.002517	18.6
389	-1.073955	76.487663	27.497771	0.004838	23.1
390	-1.088577	77.467130	27.224246	0.002456	18.9
391	-1.106844	77.472021	27.222894	0.003096	20.0
392	-1.089425	77.381197	27.248026	0.001829	22.8
393	-1.071155	77.323223	27.264092	0.002543	20.4
394	-1.087538	77.231590	27.289525	0.002395	23.1
395	-1.080226	78.145413	27.037998	0.002451	19.0
396	-1.081600	78.411620	26.965594	0.002142	19.4
397	-1.092760	78.321798	26.989981	0.004232	20.3
398	-1.115098	79.321433	26.721044	0.002108	20.9
399	-1.089093	79.243034	26.741942	0.001947	19.1
400	-1.095844	79.292041	26.728875	0.003012	22.5
401	-1.089833	79.200485	26.753298	0.003379	19.1
402	-1.077884	80.200485	26.488938	0.002992	20.2
403	-1.088716	80.108331	26.513081	0.002272	26.1
404	-1.091352	80.214371	26.485304	0.003053	20.7
405	-1.081554	81.032248	26.273002	0.003615	29.0
406	-1.114440	81.003199	26.280484	0.003878	21.8
407	-1.083420	82.003199	26.025341	0.002633	22.4
408	-1.095982	83.003197	25.775106	0.002465	20.3
409	-1.092657	83.002473	25.775285	0.003660	19.2
410	-1.086708	82.910331	25.798141	0.001834	22.4
411	-1.078195	82.828167	25.818557	0.002457	20.2
412	-1.086775	82.815173	25.821788	0.002095	21.6
413	-1.101229	82.723308	25.844658	0.002073	18.9
414	-1.090646	83.302024	25.701260	0.002296	20.1
415	-1.092119	83.313098	25.698531	0.002295	23.4
416	-1.097033	83.244595	25.715419	0.002681	27.8
417	-1.087014	83.160367	25.736213	0.002669	31.1
418	-1.099319	83.972459	25.537112	0.001414	33.3
419	-1.089173	83.881585	25.559238	0.002229	29.1
420	-1.091533	83.978497	25.535643	0.003102	33.4
421	-1.074907	83.940133	25.544978	0.002291	29.3
422	-1.083105	84.775066	25.343340	0.001920	33.0
423	-1.081196	84.802327	25.336810	0.002865	30.0
424	-1.117641	85.318752	25.213740	0.002782	22.3
425	-1.089516	85.226599	25.235614	0.002294	19.2
426	-1.079124	85.138673	25.256519	0.001323	22.8
427	-1.085608	85.050030	25.277630	0.002456	18.7
428	-1.084173	84.962489	25.298513	0.002276	29.6
429	-1.098110	84.870692	25.320449	0.001707	22.5
430	-1.102339	84.924419	25.307606	0.002454	19.0
431	-1.085022	85.079962	25.270498	0.003392	21.9
432	-1.087227	86.077852	25.034995	0.002814	18.5
433	-1.108826	87.077702	24.803390	0.002161	18.6
434	-1.116265	87.548011	24.695924	0.002857	21.3
435	-1.090497	87.490785	24.708951	0.001978	19.0
436	-1.084462	87.403069	24.728944	0.002160	23.4
437	-1.074804	87.330735	24.745456	0.002298	22.1
438	-1.112912	87.239652	24.766279	0.003013	18.4
439	-1.066942	87.147515	24.787379	0.002458	22.0
440	-1.093210	87.057734	24.807974	0.001817	18.4
441	-1.092615	87.464926	24.714841	0.001881	22.1
442	-1.081194	87.384878	24.733094	0.002902	20.5
443	-1.080383	87.436676	24.721280	0.002116	18.4
444	-1.074331	87.352347	24.740520	0.003479	22.1
445	-1.092708	87.514991	24.703439	0.003207	20.0
446	-1.102831	88.514942	24.477878	0.002836	31.3
447	-1.096974	88.422788	24.498493	0.001767	24.4
448	-1.093110	88.330657	24.519138	0.002293	22.1
449	-1.071910	88.247178	24.537873	0.003067	22.2
450	-1.092295	89.245997	24.315562	0.003341	21.6
451	-1.085244	90.245278	24.097143	0.004064	21.7
452	-1.097741	91.241879	23.883184	0.002076	22.7
453	-1.096762	92.233928	23.673942	0.003294	22.5
454	-1.088774	92.150322	23.691434	0.003106	18.9
455	-1.099263	92.616342	23.594259	0.001895	19.0
456	-1.118805	92.524537	23.613339	0.002851	23.0
457	-1.072199	92.432840	23.632428	0.002987	21.4
458	-1.064719	93.322525	23.448515	0.002039	21.3
459	-1.097554	93.230377	23.467430	0.003023	22.4
460	-1.114680	93.145015	23.484980	0.003474	19.0
461	-1.081855	93.052861	23.503956	0.002117	23.3
462	-1.069688	93.202107	23.473240	0.002973	19.4
463	-1.103161	93.922111	23.326176	0.002945	22.8
464	-1.088579	94.922102	23.124955	0.002535	23.0
465	-1.078262	94.829948	23.143353	0.002992	20.3
466	-1.085116	94.786263	23.152085	0.001680	22.1
467	-1.070940	95.620941	22.986381	0.002311	21.9
468	-1.063060	95.533227	23.003683	0.002479	26.5
469	-1.096522	95.446174	23.020880	0.002718	20.9
470	-1.077019	95.950550	22.921597	0.002484	24.1
471	-1.073298	95.883781	22.934691	0.002415	22.3
472	-1.075158	96.607549	22.793549	0.002505	22.8
473	-1.071145	96.560363	22.802698	0.003828	25.3
474	-1.107326	96.468340	22.820561	0.002925	25.0
475	-1.074250	97.468302	22.627938	0.002090	19.6
476	-1.075789	97.408781	22.639313	0.003226	19.3
477	-1.115904	97.319798	22.656339	0.004538	24.2
478	-1.085930	98.319797	22.466460	0.002246	22.8
479	-1.093556	98.227643	22.483825	0.002024	22.3
480	-1.082210	98.135720	22.501173	0.002125	21.8
481	-1.095326	98.044040	22.518502	0.002726	23.2
482	-1.077627	98.270998	22.475652	0.002535	21.9
483	-1.095619	98.190484	22.490834	0.001854	21.3
484	-1.092434	99.032661	22.333033	0.003749	25.4
485	-1.095952	98.980507	22.342741	0.002910	21.1
486	-1.087347	98.888353	22.359915	0.001758	22.4
487	-1.099737	98.797031	22.376960	0.001801	24.5
488	-1.091521	98.758828	22.384099	0.002457	21.4
489	-1.088677	98.682382	22.398396	0.002161	24.7
490	-1.102803	98.590263	22.415650	0.003038	24.2
491	-1.083765	98.498136	22.432931	0.001884	38.8
492	-1.076669	98.587460	22.416175	0.004202	24.0
493	-1.073282	98.496001	22.433332	0.002486	27.9
494	-1.085680	98.403862	22.450643	0.002406	34.6
495	-1.074623	98.341923	22.462294	0.002594	34.8
496	-1.097826	98.396685	22.451992	0.001925	26.8
497	-1.074135	98.319777	22.466464	0.002633	32.3
498	-1.101725	98.333698	22.463843	0.002448	26.4
499	-1.112068	99.041181	22.331448	0.003956	26.1
500	-1.085125	100.041167	22.146956	0.002696	23.2
501	-1.083401	99.973645	22.159318	0.001621	23.2
502	-1.104577	99.886733	22.175249	0.002491	25.3
503	-1.084887	100.480240	22.066909	0.001936	20.6
504	-1.096325	100.612477	22.042914	0.002401	22.4
505	-1.115526	100.555759	22.053200	0.002347	20.4
506	-1.092033	100.464253	22.069814	0.003666	21.8
507	-1.073252	101.439772	21.893976	0.001776	21.3
508	-1.091490	101.351088	21.909845	0.002456	18.8
509	-1.075954	101.261901	21.925828	0.001290	24.2
510	-1.077846	101.184340	21.939746	0.002233	18.6
511	-1.085890	101.197263	21.937426	0.003387	18.7
512	-1.078197	101.105110	21.953982	0.003012	19.6
513	-1.085710	102.105089	21.775651	0.002806	18.5
514	-1.083484	102.013205	21.791916	0.003131	22.7
515	-1.084412	101.925195	21.807518	0.001635	18.9
516	-1.091204	101.874787	21.816464	0.002315	24.7
517	-1.104965	101.786354	21.832177	0.002458	26.0
518	-1.105042	102.773201	21.658109	0.002051	20.5
519	-1.089121	103.731257	21.491754	0.001653	19.6
520	-1.074014	103.655842	21.504756	0.002448	19.0
521	-1.077088	103.571441	21.519326	0.002281	18.6
522	-1.086390	103.702784	21.496661	0.003064	18.8
523	-1.099187	103.610630	21.512558	0.002775	20.5
524	-1.062064	103.562338	21.520898	0.002988	18.5
525	-1.078861	103.522872	21.527719	0.002553	18.7
526	-1.074412	103.430736	21.543660	0.001541	19.7
527	-1.091200	103.355147	21.556755	0.002103	18.5
528	-1.080361	103.376200	21.553106	0.001759	18.7
529	-1.083645	103.287614	21.568468	0.001919	19.1
530	-1.094211	103.425684	21.544534	0.002516	18.3
531	-1.079878	103.745807	21.489247	0.001719	22.5
532	-1.105141	103.692504	21.498433	0.002497	18.4
533	-1.098630	103.600814	21.514253	0.002177	19.3
534	-1.085800	103.655310	21.504847	0.002530	25.7
535	-1.109421	103.563252	21.520740	0.002642	33.2
536	-1.076920	103.471657	21.536577	0.001716	26.7
537	-1.092191	103.394875	21.549870	0.002771	20.7
538	-1.100302	103.337449	21.559823	0.002321	24.3
539	-1.105071	103.300022	21.566315	0.002814	25.9
540	-1.115599	103.718190	21.494005	0.003250	27.8
541	-1.089786	103.626037	21.509899	0.003515	36.5
542	-1.112941	103.535086	21.525608	0.002077	33.6
543	-1.111096	104.322524	21.390356	0.001614	41.3
544	-1.078770	104.237248	21.404921	0.002424	43.4
545	-1.088522	104.146980	21.420361	0.002594	33.5
546	-1.104092	104.087750	21.430503	0.002115	36.5
547	-1.064430	104.003495	21.444948	0.001924	36.8
548	-1.099429	103.982716	21.448513	0.001812	33.2
549	-1.078466	103.895541	21.463484	0.002243	26.7
550	-1.076083	103.806978	21.478714	0.002107	24.8
551	-1.087439	103.715070	21.494543	0.002974	24.9
552	-1.088440	103.799639	21.479977	0.001792	22.6
553	-1.094237	104.167725	21.416810	0.002688	22.6
554	-1.087188	104.076000	21.432516	0.001924	27.1
555	-1.122469	104.167422	21.416862	0.002719	31.4
556	-1.128903	104.087011	21.430630	0.002337	23.0
557	-1.062594	104.919386	21.288965	0.002631	20.1
558	-1.081855	104.846920	21.301224	0.002088	21.2
559	-1.130047	105.487321	21.193377	0.003529	22.2
560	-1.090426	105.395493	21.208774	0.002084	27.3
561	-1.096067	105.450444	21.199557	0.002485	20.1
562	-1.104884	105.361650	21.214454	0.002926	27.9
563	-1.111322	105.269518	21.229933	0.002442	25.9
564	-1.102997	105.207684	21.240334	0.003317	29.1
565	-1.068754	105.364734	21.213936	0.002216	20.8
566	-1.116500	105.272603	21.229414	0.002777	25.7
567	-1.097640	105.180498	21.244911	0.004520	21.2
568	-1.099065	106.180498	21.077865	0.002366	20.5
569	-1.116024	106.088421	21.093137	0.003198	21.7
570	-1.104262	105.996275	21.108441	0.003884	21.6
571	-1.075086	105.904121	21.123770	0.002402	31.5
572	-1.073510	106.839511	20.969209	0.001498	26.1
573	-1.056311	106.749340	20.984010	0.002414	23.2
574	-1.099866	106.673007	20.996556	0.003163	21.5
575	-1.101069	106.582268	21.011489	0.001680	22.0
576	-1.090261	106.506338	21.024001	0.002280	22.6
577	-1.103891	106.673720	20.996439	0.002316	22.3
578	-1.075735	106.581660	21.011589	0.002688	23.0
579	-1.097306	106.489532	21.026773	0.002448	19.8
580	-1.093107	106.556527	21.015729	0.002627	22.6
581	-1.099352	106.464393	21.030920	0.002502	21.1
582	-1.098360	106.454948	21.032478	0.002560	18.8
583	-1.110863	106.374239	21.045805	0.002203	21.6
584	-1.094866	106.671653	20.996778	0.002334	19.2
585	-1.078485	106.579696	21.011913	0.001965	19.3
586	-1.070098	106.488087	21.027011	0.003949	20.2
587	-1.101734	107.400363	20.877616	0.001944	20.2
588	-1.087576	108.313101	20.730254	0.001832	23.5
589	-1.065800	108.228685	20.743796	0.002050	19.4
590	-1.062135	108.389932	20.717944	0.002099	19.7
591	-1.090778	108.358250	20.723019	0.002713	20.7
592	-1.092803	109.290889	20.574681	0.001687	19.0
593	-1.094765	110.116996	20.445049	0.001704	22.6
594	-1.069923	110.030484	20.458548	0.001808	18.5
595	-1.107090	109.958821	20.469743	0.001990	19.1
596	-1.070545	109.873353	20.483111	0.002487	22.5
597	-1.086875	109.785257	20.496908	0.001957	18.6
598	-1.116772	109.699858	20.510301	0.002229	20.5
599	-1.105520	109.607869	20.524747	0.002560	25.9
600	-1.086908	109.516122	20.539175	0.004111	24.9
601	-1.100106	110.515822	20.383049	0.002592	20.6
602	-1.100864	110.423668	20.397341	0.001880	21.4
603	-1.101612	110.621172	20.366734	0.002528	22.3
604	-1.113225	110.710744	20.352883	0.002630	18.6
605	-1.090996	110.668833	20.359362	0.002502	21.0
606	-1.093209	111.663557	20.206705	0.004270	20.5
607	-1.097216	111.628105	20.212107	0.002009	19.4
608	-1.099846	112.620737	20.061957	0.002840	22.1
609	-1.098861	112.528590	20.075801	0.001859	18.9
610	-1.089503	112.437292	20.089537	0.001837	18.5
611	-1.103128	112.362495	20.100804	0.002317	20.7
612	-1.121345	112.353940	20.102094	0.002722	18.5
613	-1.119767	112.261790	20.115994	0.002900	18.5
614	-1.082336	112.169664	20.129911	0.002136	23.7
615	-1.098237	112.135414	20.135089	0.001770	18.5
616	-1.119509	112.073967	20.144386	0.002474	22.3
617	-1.095892	111.985048	20.157856	0.002138	19.1
618	-1.082422	111.893094	20.171804	0.003709	30.8
619	-1.111053	112.115436	20.138111	0.002389	24.2
620	-1.118919	113.115239	19.987985	0.001924	19.5
621	-1.087474	113.045387	19.998401	0.003830	21.0
622	-1.085753	112.953309	20.012148	0.002405	21.1
623	-1.083390	113.953296	19.863860	0.002097	23.1
624	-1.100533	113.861292	19.877412	0.002113	18.8
625	-1.101426	113.792262	19.887591	0.002331	20.1
626	-1.084002	113.707206	19.900149	0.002104	20.8
627	-1.124674	114.330149	19.808546	0.002009	19.1
628	-1.095186	114.246957	19.820730	0.002802	23.8
629	-1.116786	114.155012	19.834214	0.002853	18.8
630	-1.097935	114.063931	19.847589	0.002291	18.7
631	-1.107403	113.971783	19.861140	0.002556	23.7
632	-1.111971	114.850944	19.732608	0.003224	19.3
633	-1.115481	115.821328	19.592657	0.002026	19.1
634	-1.116627	115.737135	19.604721	0.003376	21.4
635	-1.066766	116.195722	19.539191	0.003588	19.8
636	-1.093486	116.103569	19.552324	0.003692	19.5
637	-1.084548	117.103568	19.410747	0.001876	19.5
638	-1.098972	117.013425	19.423425	0.002984	20.6
639	-1.092797	116.998109	19.425581	0.001947	23.7
640	-1.114037	116.905966	19.438560	0.002800	19.0
641	-1.086110	116.814450	19.451468	0.002299	19.7
642	-1.100907	116.867205	19.444025	0.003005	20.8
643	-1.091081	116.775075	19.457027	0.002194	20.1
644	-1.102348	116.682935	19.470048	0.002730	19.9
645	-1.085719	117.502232	19.354875	0.002435	20.6
646	-1.111270	118.122666	19.268560	0.002295	19.1
647	-1.086433	118.082509	19.274123	0.003139	33.6
648	-1.095533	119.018897	19.145226	0.001680	21.9
649	-1.080051	118.997453	19.148159	0.001988	23.2
650	-1.099277	118.934708	19.156744	0.001921	19.6
651	-1.099564	118.887207	19.163249	0.002976	19.0
652	-1.111371	118.796982	19.175617	0.002572	20.1
653	-1.123553	118.710444	19.187495	0.002764	18.9
654	-1.124368	118.618291	19.200159	0.002503	22.4
655	-1.105909	119.551094	19.072733	0.001789	19.1
656	-1.102428	119.507517	19.078648	0.001619	20.6
657	-1.101488	119.444232	19.087245	0.003026	24.6
658	-1.096059	119.634884	19.061369	0.003487	18.9
659	-1.099300	120.634884	18.926788	0.002133	21.9
660	-1.106925	120.542870	18.939092	0.002318	19.1
661	-1.083650	120.456735	18.950624	0.001881	19.1
662	-1.103823	120.365012	18.962920	0.001575	23.3
663	-1.108440	120.274602	18.975056	0.002279	19.5
664	-1.093477	120.196595	18.985539	0.002870	19.3
665	-1.112664	120.104656	18.997909	0.002280	28.3
666	-1.087033	121.006443	18.877266	0.002201	24.9
667	-1.073708	120.917692	18.889071	0.001884	20.7
668	-1.087737	120.827664	18.901062	0.002367	21.4
669	-1.092017	121.188980	18.853032	0.002339	24.9
670	-1.103336	121.731470	18.781376	0.001717	20.0
671	-1.090951	121.664391	18.790207	0.001889	23.7
672	-1.075038	121.668502	18.789665	0.002877	22.6
673	-1.101932	121.623359	18.795613	0.001926	20.3
674	-1.086842	121.538987	18.806738	0.002705	24.0
675	-1.084408	121.449890	18.818501	0.002343	22.5
676	-1.091608	122.412913	18.692134	0.002265	22.6
677	-1.097382	123.032334	18.611747	0.001573	21.0
678	-1.091408	123.348268	18.571012	0.001614	22.2
679	-1.117515	123.269293	18.581178	0.002615	21.5
680	-1.100582	123.189108	18.591511	0.002946	21.5
681	-1.113679	124.181816	18.464388	0.005726	24.6
682	-1.107936	124.089662	18.476116	0.002317	20.1
683	-1.085271	125.089662	18.349645	0.002442	23.2
684	-1.090244	124.997545	18.361223	0.002386	23.5
685	-1.083225	125.594690	18.286429	0.002099	20.4
686	-1.091288	125.509830	18.297021	0.002786	23.5
687	-1.089851	126.229484	18.207586	0.002574	23.0
688	-1.107244	126.154094	18.216914	0.002681	22.2
689	-1.096272	126.128053	18.220138	0.002421	19.1
690	-1.077420	126.304639	18.198296	0.003080	18.7
691	-1.094855	126.417798	18.184327	0.004268	22.6
692	-1.100118	127.417794	18.061806	0.001802	24.6
693	-1.097881	128.309660	17.953918	0.002245	28.8
694	-1.065822	128.219181	17.964805	0.002035	18.7
695	-1.099040	128.137843	17.974602	0.001941	20.0
696	-1.069340	128.052405	17.984906	0.001823	18.8
697	-1.094077	128.002392	17.990942	0.002521	18.5
698	-1.100511	127.913704	18.001657	0.002075	21.8
699	-1.094599	127.822933	18.012637	0.003456	18.6
700	-1.088050	128.428445	17.939646	0.003390	19.4
701	-1.079167	129.341694	17.830672	0.002953	22.0
702	-1.110495	129.778854	17.778975	0.003090	20.3
703	-1.094894	130.778642	17.661862	0.002910	22.8
704	-1.092251	130.984670	17.637920	0.003180	18.7
705	-1.096803	131.285991	17.603021	0.002418	18.4
706	-1.092614	131.215697	17.611150	0.002901	24.1
707	-1.087551	131.131396	17.620909	0.002682	18.3
708	-1.105931	131.039767	17.631528	0.003011	18.7
709	-1.101702	130.947613	17.642221	0.002722	22.4
710	-1.078839	130.855489	17.652924	0.001572	19.4
711	-1.095836	130.766569	17.663267	0.001929	29.7
712	-1.087559	130.727840	17.667776	0.002127	28.5
713	-1.107595	130.643895	17.677556	0.002950	23.4
714	-1.100392	130.554088	17.688031	0.002133	21.9
715	-1.097733	130.599995	17.682675	0.002505	24.2
716	-1.096931	130.508568	17.693345	0.002437	18.9
717	-1.106012	130.417314	17.704009	0.002102	20.4
718	-1.104724	130.880075	17.650067	0.002569	24.8
719	-1.076105	131.699817	17.555315	0.001841	18.6
720	-1.098204	131.620752	17.564410	0.001995	23.4
721	-1.094992	131.529029	17.574972	0.001832	19.8
722	-1.100766	131.455427	17.583457	0.002550	19.4
723	-1.097822	131.365747	17.593806	0.002100	22.4
724	-1.083456	131.947638	17.526870	0.003699	19.1
725	-1.073698	132.744244	17.436057	0.004037	26.3
726	-1.097894	132.652090	17.446515	0.002446	23.2
727	-1.108010	132.559943	17.456984	0.002188	25.0
728	-1.091850	132.467914	17.467452	0.002685	21.0
729	-1.070254	132.376551	17.477857	0.002500	19.8
730	-1.110999	132.284398	17.488364	0.004220	23.2
731	-1.093116	132.192244	17.498885	0.001985	22.6
732	-1.083529	132.175247	17.500826	0.003228	21.7
733	-1.113603	132.470340	17.467176	0.001508	21.0
734	-1.088481	132.757160	17.434593	0.001988	20.0
735	-1.086731	132.678124	17.443559	0.002021	23.0
736	-1.094854	132.592153	17.453323	0.002004	19.8
737	-1.080344	132.507899	17.462902	0.001939	24.0
738	-1.086222	132.583352	17.454323	0.002826	31.5
739	-1.084520	132.496230	17.464230	0.003041	24.3
740	-1.130091	132.404092	17.474719	0.002147	19.4
741	-1.112349	133.399478	17.362063	0.002731	20.6
742	-1.088781	133.307325	17.372431	0.002596	19.6
743	-1.106979	133.215939	17.382726	0.001890	21.9
744	-1.095010	134.160053	17.276956	0.002426	21.5
745	-1.117119	134.070704	17.286911	0.002786	21.1
746	-1.103958	134.783520	17.207811	0.001952	22.2
747	-1.089977	134.691417	17.217991	0.002749	23.2
748	-1.125584	134.599342	17.228180	0.002533	22.7
749	-1.072122	135.382325	17.141921	0.002196	22.6
750	-1.124887	135.290443	17.151998	0.002255	22.2
751	-1.102637	135.204802	17.161402	0.001945	25.7
752	-1.111030	135.130522	17.169567	0.001871	20.0
753	-1.085538	135.094760	17.173500	0.001975	21.4
754	-1.073628	135.291033	17.151934	0.001713	21.7
755	-1.094775	135.462409	17.133147	0.001880	26.3
756	-1.103253	135.373088	17.142933	0.002663	28.6
757	-1.084149	136.093990	17.064265	0.002234	22.8
758	-1.104393	136.001891	17.074275	0.002219	21.3
759	-1.109696	136.088025	17.064913	0.002663	21.3
760	-1.091413	136.857659	16.981713	0.003530	24.5
761	-1.104059	136.765577	16.991624	0.002706	20.4
762	-1.099783	137.765116	16.884650	0.002763	23.8
763	-1.077228	138.764511	16.779029	0.002728	20.4
764	-1.092496	138.672416	16.788707	0.002558	19.3
765	-1.080240	138.582679	16.798148	0.002064	23.8
766	-1.094365	138.493834	16.807505	0.003484	21.1
767	-1.090563	138.403165	16.817065	0.004003	25.0
768	-1.084054	138.311011	16.826793	0.002202	20.5
769	-1.111089	138.218984	16.836519	0.001917	26.2
770	-1.123407	138.127301	16.846219	0.001915	22.1
771	-1.085445	138.080076	16.851220	0.002728	20.1
772	-1.126311	138.323062	16.825520	0.002801	22.4
773	-1.108314	138.230908	16.835258	0.002754	19.5
774	-1.108740	138.138754	16.845007	0.002412	24.1
775	-1.137096	138.047016	16.854723	0.001721	19.8
776	-1.129034	138.383292	16.819162	0.003316	23.0
777	-1.102828	138.291290	16.828876	0.001794	20.8
778	-1.097699	138.200009	16.838526	0.003004	19.1
779	-1.094179	138.207059	16.837780	0.003467	24.0
780	-1.091594	138.115033	16.847518	0.002013	21.6
781	-1.092515	138.529373	16.803761	0.002572	23.5
782	-1.102885	139.332695	16.719568	0.004071	28.4
783	-1.107251	140.269298	16.622466	0.002120	19.3
784	-1.104604	140.178017	16.631880	0.002611	25.7
785	-1.106370	140.097345	16.640209	0.001838	20.2
786	-1.103625	140.018183	16.648389	0.002872	24.0
787	-1.108850	140.187341	16.630918	0.002193	19.7
788	-1.107286	140.157815	16.633965	0.002298	19.2
789	-1.098047	140.105258	16.639391	0.001941	20.1
790	-1.106620	140.014413	16.648779	0.003966	19.7
791	-1.101242	141.013316	16.546130	0.001980	19.6
792	-1.105477	140.921164	16.555547	0.001945	20.1
793	-1.116500	141.437633	16.502909	0.002636	18.9
794	-1.092666	141.382185	16.508544	0.002550	22.3
795	-1.104462	141.290070	16.517914	0.001268	18.9
796	-1.102180	141.210055	16.526062	0.002688	18.7
797	-1.094248	141.203966	16.526682	0.001510	21.4
798	-1.105105	141.117908	16.535455	0.001963	19.0
799	-1.104958	141.053237	16.542054	0.001649	20.0
800	-1.090441	141.026033	16.544832	0.002644	21.9
801	-1.082582	140.939090	16.553714	0.001530	35.2
802	-1.085617	140.849446	16.562883	0.001716	22.2
803	-1.082036	140.817129	16.566191	0.002763	20.5
804	-1.112771	140.757257	16.572322	0.003229	24.4
805	-1.085828	140.665108	16.581769	0.002329	23.7
806	-1.104861	140.572955	16.591226	0.003008	25.5
807	-1.096185	141.531254	16.493403	0.002112	19.6
808	-1.093615	141.792588	16.466926	0.003969	23.3
809	-1.102191	141.702756	16.476017	0.002380	19.2
810	-1.088853	141.613410	16.485070	0.002708	20.5
811	-1.112665	141.535038	16.493019	0.002006	20.1
812	-1.098960	141.543701	16.492140	0.001995	21.5
813	-1.098723	141.453208	16.501327	0.001956	22.8
814	-1.096796	141.364090	16.510384	0.002434	19.2
815	-1.089994	141.281380	16.518799	0.002797	22.8
816	-1.111496	141.260215	16.520953	0.003729	19.1
817	-1.087435	141.168063	16.530341	0.002291	19.0
818	-1.065144	141.104124	16.536861	0.002724	21.9
819	-1.114385	141.030943	16.544330	0.002130	21.4
820	-1.084706	141.880982	16.457989	0.003141	19.1
821	-1.097450	141.788835	16.467305	0.002497	23.4
822	-1.128054	142.787356	16.366913	0.002987	21.5
823	-1.086193	142.695202	16.376127	0.002147	22.9
824	-1.104712	143.685098	16.277693	0.002374	26.9
825	-1.100890	143.972356	16.249349	0.001831	20.6
826	-1.108382	144.373026	16.209980	0.003984	23.0
827	-1.112290	144.281804	16.218926	0.002295	48.0
828	-1.086708	144.190132	16.227927	0.002150	30.8
829	-1.095279	144.100521	16.236735	0.001938	30.5
830	-1.092338	144.044704	16.242226	0.003552	32.2
831	-1.105793	143.952575	16.251298	0.003471	34.3
832	-1.093078	143.860488	16.260375	0.002236	28.8
833	-1.106177	144.848427	16.163514	0.002133	26.7
834	-1.067344	145.167007	16.132525	0.002185	19.9
835	-1.102332	145.080606	16.140918	0.001834	19.5
836	-1.110984	145.393899	16.110527	0.002206	22.7
837	-1.111902	145.302719	16.119360	0.002775	19.9
838	-1.085812	145.210578	16.128296	0.002270	23.3
839	-1.111748	145.119820	16.137108	0.003047	19.1
840	-1.104217	145.210938	16.128261	0.002315	20.9
841	-1.101533	146.138205	16.038783	0.003021	20.5
842	-1.114740	146.080510	16.044322	0.002763	25.7
843	-1.089096	145.988377	16.053174	0.001599	25.2
844	-1.092590	145.913438	16.060381	0.002715	20.8
845	-1.098061	145.831657	16.068254	0.002500	19.0
846	-1.095079	145.743692	16.076731	0.001968	22.5
847	-1.098105	145.653334	16.085447	0.002084	19.0
848	-1.093634	145.562276	16.094241	0.002158	21.6
849	-1.089817	145.470465	16.103117	0.002815	23.5
850	-1.125151	145.499224	16.100336	0.003720	24.6
851	-1.115017	145.407105	16.109249	0.001705	31.4
852	-1.105651	145.327788	16.116931	0.003027	29.2
853	-1.104106	145.242960	16.125155	0.002223	26.6
854	-1.076758	145.152602	16.133924	0.002635	23.9
855	-1.103350	145.673854	16.083467	0.002695	30.0
856	-1.114222	145.581762	16.092358	0.003115	29.3
857	-1.095707	146.576576	15.996827	0.002150	25.5
858	-1.082204	146.484520	16.005619	0.003442	20.6
859	-1.119679	146.929274	15.963229	0.002461	24.0
860	-1.108031	147.928047	15.868848	0.002662	19.5
861	-1.113953	148.149365	15.848084	0.001989	22.7
862	-1.103628	149.095732	15.759910	0.002287	21.9
863	-1.111083	149.101381	15.759387	0.002782	19.8
864	-1.092462	150.087489	15.668553	0.002411	19.1
865	-1.114496	150.956098	15.589406	0.002424	18.4
866	-1.086931	150.863968	15.597763	0.004685	22.0
867	-1.092186	151.863967	15.507532	0.002234	25.6
868	-1.091914	152.860517	15.418644	0.001924	23.6
869	-1.101248	152.773535	15.426362	0.002449	18.6
870	-1.110586	153.728039	15.342091	0.003429	18.7
871	-1.091660	153.825129	15.333570	0.002621	23.1
872	-1.115754	154.757206	15.252253	0.001845	18.5
873	-1.101214	154.844177	15.244710	0.005073	20.2
874	-1.117669	154.752025	15.252703	0.002007	20.8
875	-1.097910	154.659879	15.260704	0.002164	18.6
876	-1.114168	154.633657	15.262982	0.002732	21.5
877	-1.079453	154.541578	15.270989	0.001737	18.5
878	-1.110551	154.455788	15.278455	0.002820	20.3
879	-1.086988	154.578717	15.267758	0.002286	20.8
880	-1.091623	154.707913	15.256532	0.002249	18.4
881	-1.100983	155.117541	15.221047	0.002284	18.6
882	-1.100469	155.025440	15.229011	0.002440	20.4
883	-1.121363	156.003059	15.144899	0.003021	18.6
884	-1.090681	155.911075	15.152773	0.005071	21.7
885	-1.072801	156.902507	15.068329	0.002089	20.5
886	-1.096742	157.902507	14.984102	0.002792	18.8
887	-1.104309	158.899268	14.901080	0.003115	36.0
888	-1.106494	159.899261	14.818709	0.003538	19.5
889	-1.078364	159.807107	14.826261	0.001972	27.1
890	-1.080038	159.714959	14.833821	0.003297	25.3
891	-1.071212	160.503578	14.769370	0.003235	32.1
892	-1.096211	160.412329	14.776798	0.002322	25.4
893	-1.099464	160.823595	14.743375	0.002219	27.8
894	-1.125683	160.745041	14.749747	0.001993	24.9
895	-1.093994	161.586376	14.681782	0.002041	26.4
896	-1.110930	161.504213	14.688392	0.002135	22.0
897	-1.090817	161.448160	14.692905	0.002482	30.5
898	-1.088408	161.356025	14.700328	0.002015	27.5
899	-1.118513	161.454955	14.692357	0.002251	27.5
900	-1.089881	161.370579	14.699155	0.002423	25.1
901	-1.103585	162.045284	14.644974	0.002542	25.6
902	-1.096492	161.954463	14.652244	0.003089	24.3
903	-1.097928	161.872133	14.658840	0.003576	23.9
904	-1.073491	162.663796	14.595655	0.001977	24.4
905	-1.088549	162.572100	14.602946	0.002554	27.7
906	-1.099250	162.812833	14.583821	0.002984	20.7
907	-1.108459	163.763105	14.508813	0.003133	23.7
908	-1.092145	164.582052	14.444788	0.002456	23.6
909	-1.098622	164.490049	14.451953	0.002193	27.6
910	-1.093352	165.043651	14.408949	0.002150	32.1
911	-1.109682	165.987606	14.336209	0.001967	26.7
912	-1.102136	166.356031	14.308018	0.002775	26.7
913	-1.110741	167.345376	14.232860	0.002864	26.6
914	-1.115812	167.253225	14.239827	0.003540	28.8
915	-1.068982	168.041584	14.180443	0.001534	26.4
916	-1.108253	167.949494	14.187354	0.002046	25.5
917	-1.113048	167.865205	14.193686	0.002120	26.4
918	-1.095415	167.773843	14.200555	0.002492	24.6
919	-1.113010	168.017778	14.182229	0.002849	27.4
920	-1.110325	169.015581	14.107756	0.001505	24.1
921	-1.111819	169.449474	14.075615	0.002056	23.6
922	-1.103512	169.357980	14.082380	0.002277	26.9
923	-1.112157	169.277102	14.088366	0.003279	30.5
924	-1.101881	170.068643	14.030002	0.002186	28.8
925	-1.114930	170.934590	13.966703	0.001989	35.2
926	-1.105526	170.842877	13.973380	0.001965	26.8
927	-1.099847	170.756264	13.979692	0.002062	26.7
928	-1.103562	171.176121	13.949149	0.003921	28.4
929	-1.087995	171.807030	13.903505	0.002449	25.2
930	-1.085152	172.091759	13.883003	0.003614	22.9
931	-1.102725	172.001443	13.889499	0.002116	27.4
932	-1.110025	171.910124	13.896074	0.002929	21.2
933	-1.104513	171.819472	13.902607	0.004277	23.6
934	-1.135521	172.819472	13.830878	0.001630	23.5
935	-1.106784	173.724391	13.766603	0.002754	26.0
936	-1.105211	173.647237	13.772060	0.003017	21.1
937	-1.088988	174.646153	13.701744	0.002052	25.4
938	-1.074162	174.555088	13.708124	0.003140	28.1
939	-1.090757	174.464573	13.714472	0.001942	27.9
940	-1.104195	174.438419	13.716307	0.003420	28.0
941	-1.086098	175.277710	13.657656	0.003101	27.6
942	-1.121767	176.251717	13.590216	0.001971	24.7
943	-1.107268	176.159814	13.596551	0.002985	29.2
944	-1.072499	176.165950	13.596128	0.002962	24.9
945	-1.105889	176.073810	13.602484	0.002062	28.8
946	-1.104355	177.068782	13.534154	0.003794	21.5
947	-1.099850	176.976629	13.540454	0.001968	33.5
948	-1.097025	177.893573	13.478029	0.002020	28.7
949	-1.100870	178.017921	13.469608	0.001921	28.2
950	-1.092570	177.965051	13.473187	0.003103	25.6
951	-1.092254	178.589844	13.431011	0.002970	28.2
952	-1.096499	178.497764	13.437210	0.002673	23.6
953	-1.091286	179.486720	13.370928	0.001598	25.2
954	-1.118296	179.403362	13.376489	0.002811	23.5
955	-1.094340	179.316931	13.382261	0.002246	21.4
956	-1.096840	179.268600	13.385490	0.002047	21.2
957	-1.114549	179.177409	13.391588	0.002685	19.8
958	-1.107746	179.085513	13.397739	0.003057	23.2
959	-1.091204	179.026334	13.401703	0.002375	20.1
960	-1.103216	178.946516	13.407052	0.002417	21.7
961	-1.111739	179.824570	13.348434	0.002231	19.8
962	-1.102504	179.735260	13.354372	0.001980	19.9
963	-1.108726	179.656259	13.359630	0.002655	24.4
964	-1.116762	179.564425	13.365747	0.002647	25.7
965	-1.102668	180.562605	13.299557	0.001831	40.8
966	-1.126425	180.471617	13.305564	0.002739	27.8
967	-1.096686	180.547318	13.300566	0.002155	21.9
968	-1.132824	180.461820	13.306211	0.001779	23.8
969	-1.105972	180.505166	13.303348	0.003093	21.6
970	-1.117625	180.542295	13.300898	0.001858	22.5
971	-1.081576	180.876367	13.278887	0.001776	21.3
972	-1.101590	180.852281	13.280471	0.002188	19.8
973	-1.086697	180.761585	13.286441	0.001794	21.5
974	-1.121498	180.672119	13.292335	0.001785	25.1
975	-1.093321	180.628578	13.295206	0.002770	20.5
976	-1.094199	180.544993	13.300720	0.001740	22.9
977	-1.096328	181.089962	13.264852	0.004218	18.7
978	-1.099713	181.578783	13.232844	0.001786	24.2
979	-1.116017	181.521118	13.236612	0.002109	21.1
980	-1.086379	181.432367	13.242415	0.001672	19.1
981	-1.094792	181.439659	13.241938	0.002395	25.5
982	-1.111660	181.380581	13.245804	0.002523	22.1
983	-1.103705	181.671407	13.226796	0.002511	24.3
984	-1.095403	181.981435	13.206594	0.003907	21.0
985	-1.102728	181.905809	13.211516	0.001917	48.5
986	-1.103327	181.824678	13.216801	0.003192	51.6
987	-1.085334	181.732537	13.222808	0.002221	34.8
988	-1.083104	181.640384	13.228821	0.002738	32.7
989	-1.080098	182.478106	13.174358	0.001598	39.6
990	-1.100092	182.398144	13.179537	0.002306	32.0
991	-1.106226	182.322846	13.184418	0.004033	27.9
992	-1.106342	182.233671	13.190203	0.002651	23.2
993	-1.060543	182.141517	13.196187	0.002758	23.5
994	-1.118917	182.053867	13.201883	0.004928	21.6
995	-1.122149	183.053867	13.137185	0.002315	24.2
996	-1.110855	182.961716	13.143121	0.002399	20.1
997	-1.100893	183.896427	13.083163	0.001552	22.4
998	-1.096988	183.808532	13.088778	0.002423	27.0
999	-1.086143	183.722271	13.094293	0.001607	23.0
1000	-1.090947	183.641936	13.099433	0.002459	53.5
1001	-1.109069	183.550280	13.105303	0.002330	33.9
1002	-1.098719	183.459810	13.111102	0.003073	41.6
1003	-1.088613	183.367733	13.117009	0.001881	32.4
1004	-1.104579	184.127451	13.068428	0.002335	31.5
1005	-1.084734	184.923969	13.017880	0.001935	22.6
1006	-1.081585	185.250015	12.997301	0.002371	20.8
1007	-1.096112	185.159647	13.002998	0.001993	26.9
1008	-1.105873	185.353634	12.990774	0.002394	33.2
1009	-1.102930	185.261645	12.996568	0.002836	21.5
1010	-1.107583	185.170332	13.002324	0.001685	29.1
1011	-1.097324	185.111149	13.006057	0.002124	21.5
1012	-1.104247	185.585422	12.976198	0.002131	23.2
1013	-1.112813	185.862604	12.958811	0.002181	23.5
1014	-1.110925	185.771296	12.964534	0.002354	23.8
1015	-1.100591	185.681319	12.970178	0.001925	25.0
1016	-1.104614	185.592411	12.975759	0.002800	19.1
1017	-1.101815	186.589604	12.913428	0.002721	25.0
1018	-1.096246	186.497483	12.919161	0.001789	22.6
1019	-1.110168	186.565802	12.914909	0.003378	30.7
1020	-1.108509	186.480146	12.920241	0.003068	20.3
1021	-1.099955	186.387992	12.925982	0.002009	21.6
1022	-1.097149	186.323199	12.930022	0.002238	20.0
1023	-1.100716	186.233875	12.935595	0.002506	20.8
1024	-1.105448	186.233391	12.935625	0.002688	33.5
1025	-1.107471	186.184805	12.938658	0.002735	22.7
1026	-1.103992	186.092652	12.944416	0.002147	25.4
1027	-1.108360	186.000543	12.950176	0.002698	20.6
1028	-1.094362	185.908628	12.955929	0.002954	24.1
1029	-1.089784	185.816850	12.961678	0.003318	19.4
1030	-1.105006	185.726180	12.967363	0.001871	20.3
1031	-1.085863	185.634224	12.973134	0.002197	22.6
1032	-1.107097	185.542686	12.978883	0.002203	19.4
1033	-1.091066	185.556961	12.977986	0.004295	21.8
1034	-1.113634	185.464807	12.983779	0.001830	18.5
1035	-1.090655	185.840279	12.960210	0.002374	19.0
1036	-1.082603	185.772431	12.964462	0.002349	20.8
1037	-1.085371	186.658999	12.909113	0.002557	18.6
1038	-1.089320	186.567642	12.914794	0.001928	18.4
1039	-1.121694	186.666039	12.908675	0.002224	19.7
1040	-1.106870	186.579224	12.914074	0.003145	18.6
1041	-1.063147	186.487076	12.919809	0.002435	20.4
1042	-1.100257	186.395331	12.925524	0.002357	26.5
1043	-1.112699	186.303333	12.931261	0.002767	24.8
1044	-1.109202	187.089685	12.882395	0.003139	19.8
1045	-1.098187	186.997532	12.888102	0.002782	24.5
1046	-1.109073	186.905682	12.893796	0.003573	25.1
1047	-1.073299	186.813780	12.899498	0.001976	20.5
1048	-1.126995	187.470089	12.858888	0.002063	24.1
1049	-1.088676	187.440601	12.860707	0.002124	19.2
1050	-1.097984	188.266042	12.809978	0.003632	23.5
1051	-1.092912	188.173903	12.815621	0.002621	22.2
1052	-1.089759	188.081751	12.821269	0.003077	25.2
1053	-1.110208	189.081438	12.760258	0.002860	24.7
1054	-1.123767	188.989309	12.765857	0.002134	28.7
1055	-1.093808	189.859552	12.713170	0.002500	24.2
1056	-1.086277	189.819961	12.715558	0.001939	19.3
1057	-1.096846	189.731934	12.720869	0.002236	22.6
1058	-1.096151	189.643357	12.726219	0.002333	21.5
1059	-1.095835	189.556479	12.731470	0.002066	22.4
1060	-1.100132	189.464378	12.737041	0.002654	20.6
1061	-1.091705	190.414375	12.679807	0.002006	21.8
1062	-1.091884	190.882299	12.651805	0.003781	24.5
1063	-1.103673	191.005559	12.644449	0.003258	19.5
1064	-1.098877	190.913405	12.649947	0.002151	23.1
1065	-1.100217	190.821353	12.655445	0.001920	23.7
1066	-1.094734	190.742069	12.660183	0.002959	19.3
1067	-1.111253	191.085089	12.639707	0.002453	24.3
1068	-1.112770	191.025380	12.643267	0.002379	22.6
1069	-1.103832	191.713059	12.602392	0.002026	35.3
1070	-1.088522	191.627353	12.607472	0.002492	20.7
1071	-1.126695	191.535412	12.612926	0.002232	24.3
1072	-1.102546	191.446596	12.618199	0.002275	24.5
1073	-1.096338	191.493541	12.615411	0.002524	26.6
1074	-1.106615	191.405149	12.620661	0.002184	19.3
1075	-1.107692	192.110267	12.578903	0.002971	29.0
1076	-1.098346	192.018135	12.584344	0.001478	20.0
1077	-1.094948	192.007873	12.584950	0.003049	19.4
1078	-1.106807	191.963533	12.587570	0.002150	25.0
1079	-1.088561	191.871743	12.592998	0.003029	20.0
1080	-1.087361	192.233723	12.571620	0.002442	22.5
1081	-1.085510	192.141578	12.577055	0.002076	19.2
1082	-1.091370	192.095615	12.579768	0.002153	19.1
1083	-1.091123	192.116435	12.578539	0.002579	26.6
1084	-1.117330	192.473573	12.557495	0.002160	21.1
1085	-1.101434	192.384405	12.562743	0.003293	23.7
1086	-1.097284	192.346203	12.564992	0.003171	32.1
1087	-1.112943	192.254057	12.570422	0.002865	23.9
1088	-1.093766	192.161903	12.575856	0.002881	20.2
1089	-1.105247	193.161777	12.517142	0.001879	25.2
1090	-1.110674	193.078236	12.522027	0.001846	24.2
1091	-1.130326	193.009315	12.526060	0.002703	25.4
1092	-1.111073	192.917989	12.531407	0.002391	19.2
1093	-1.098375	192.826999	12.536740	0.002014	22.0
1094	-1.095116	192.757422	12.540820	0.002472	23.9
1095	-1.098887	193.066348	12.522722	0.002244	19.1
1096	-1.093921	193.004477	12.526343	0.002718	23.8
1097	-1.122507	193.996469	12.468546	0.002250	22.9
1098	-1.105478	194.163586	12.458862	0.002886	24.9
1099	-1.111027	195.148299	12.402103	0.002622	21.4
1100	-1.123154	195.091358	12.405371	0.002635	24.9
1101	-1.111213	196.060154	12.350002	0.002555	21.2
1102	-1.104567	195.969377	12.355169	0.001721	21.3
1103	-1.123088	195.910395	12.358529	0.002162	26.1
1104	-1.094781	195.841165	12.362475	0.002172	21.1
1105	-1.078666	195.751485	12.367590	0.001351	25.4
1106	-1.087971	195.688684	12.371174	0.003488	21.9
1107	-1.086967	196.512503	12.324319	0.002825	22.6
1108	-1.098817	196.420349	12.329542	0.002504	18.6
1109	-1.106020	197.386818	12.274978	0.002339	18.8
1110	-1.094066	197.918088	12.245189	0.002805	22.4
1111	-1.095496	198.088323	12.235675	0.003702	18.8
1112	-1.102367	197.996171	12.240823	0.001655	27.7
1113	-1.085704	197.906252	12.245851	0.001440	22.4
1114	-1.112220	197.841947	12.249450	0.001562	18.6
1115	-1.106653	197.756202	12.254251	0.001999	21.8
1116	-1.106664	197.664819	12.259372	0.003232	18.4
1117	-1.111101	197.572667	12.264541	0.003408	21.8
1118	-1.114093	198.572667	12.208685	0.002293	18.6
1119	-1.117661	199.477359	12.158588	0.001597	20.4
1120	-1.108009	199.419958	12.161755	0.002059	22.5
1121	-1.085913	199.538102	12.155239	0.001967	19.8
1122	-1.079779	199.979607	12.130954	0.002135	18.9
1123	-1.108680	200.036907	12.127809	0.002009	21.7
1124	-1.094839	199.972827	12.131326	0.003344	18.9
1125	-1.084723	199.912555	12.134636	0.002901	25.3
1126	-1.101025	200.517112	12.101518	0.001827	18.7
1127	-1.105187	200.478165	12.103647	0.001790	18.5
1128	-1.105856	200.394744	12.108207	0.002225	20.7
1129	-1.098122	200.310836	12.112798	0.002920	19.1
1130	-1.111784	200.218691	12.117843	0.002650	21.8
1131	-1.098068	201.027518	12.073699	0.001511	26.3
1132	-1.093059	201.001722	12.075102	0.002048	28.0
1133	-1.116779	200.942021	12.078350	0.003286	20.7
1134	-1.099018	200.850688	12.083323	0.001956	20.0
1135	-1.089614	200.758745	12.088332	0.003154	22.5
1136	-1.108750	200.667756	12.093294	0.002427	22.4
1137	-1.096374	200.575611	12.098324	0.003417	23.7
1138	-1.088048	200.483462	12.103357	0.002746	19.0
1139	-1.086483	200.391535	12.108383	0.001630	22.3
1140	-1.102749	200.704359	12.091298	0.003469	23.5
1141	-1.089649	200.612406	12.096315	0.002763	19.0
1142	-1.112243	200.520327	12.101343	0.002274	24.2
1143	-1.101454	200.728492	12.089982	0.003639	19.0
1144	-1.118606	200.641733	12.094714	0.002099	24.9
1145	-1.091947	200.777697	12.087299	0.001357	22.0
1146	-1.087189	200.688501	12.092163	0.003158	19.0
1147	-1.119500	200.771370	12.087644	0.001957	25.5
1148	-1.126359	201.674535	12.038617	0.002317	19.0
1149	-1.091775	201.620206	12.041555	0.002235	19.0
1150	-1.105647	201.530815	12.046392	0.002226	24.5
1151	-1.093922	202.171657	12.011801	0.002588	23.2
1152	-1.108256	202.082478	12.016602	0.002640	23.3
1153	-1.108131	201.990557	12.021556	0.002026	20.3
1154	-1.080693	201.902674	12.026296	0.001858	20.4
1155	-1.088710	201.827983	12.030327	0.003444	23.2
1156	-1.097390	201.773366	12.033276	0.001985	23.9
1157	-1.104961	202.681629	11.984415	0.002775	21.4
1158	-1.080575	202.747698	11.980876	0.002238	28.9
1159	-1.099606	202.843734	11.975736	0.002641	27.0
1160	-1.084787	202.916608	11.971838	0.002927	20.9
1161	-1.108247	202.828860	11.976532	0.003122	22.5
1162	-1.095957	203.828359	11.923289	0.001706	19.1
1163	-1.129404	203.828173	11.923299	0.002149	21.9
1164	-1.081911	204.336573	11.896397	0.003569	22.4
1165	-1.099861	204.250066	11.900966	0.002816	19.2
1166	-1.105348	204.165781	11.905421	0.002436	24.2
1167	-1.081228	204.118470	11.907923	0.002068	20.0
1168	-1.098129	204.339184	11.896260	0.002324	19.0
1169	-1.116635	204.504363	11.887546	0.003855	23.4
1170	-1.094993	205.504250	11.835069	0.002992	19.4
1171	-1.117123	206.373488	11.789824	0.003040	22.9
1172	-1.091627	207.373444	11.738201	0.002336	23.2
1173	-1.118255	207.284745	11.742762	0.002973	18.9
1174	-1.082036	207.329485	11.740461	0.003434	23.3
1175	-1.104980	208.329481	11.689267	0.001987	21.9
1176	-1.104464	208.237338	11.693965	0.001415	37.5
1177	-1.066878	208.185753	11.696597	0.002992	22.4
1178	-1.138158	208.093749	11.701295	0.003170	21.2
1179	-1.098909	208.573484	11.676843	0.002355	21.1
1180	-1.077065	208.640138	11.673453	0.001828	21.7
1181	-1.108107	209.206337	11.644742	0.001261	21.7
1182	-1.101248	209.124476	11.648884	0.002288	21.9
1183	-1.097878	209.145883	11.647801	0.003441	22.8
1184	-1.098808	209.094358	11.650409	0.002442	20.1
1185	-1.092266	209.980489	11.605714	0.001742	23.7
1186	-1.108228	209.888448	11.610340	0.002357	19.2
1187	-1.104273	209.830505	11.613255	0.001834	21.7
1188	-1.107543	210.306820	11.589340	0.001995	24.5
1189	-1.123247	210.218102	11.593787	0.002395	18.8
1190	-1.101629	210.127888	11.598312	0.003764	25.5
1191	-1.078963	211.117859	11.548846	0.002364	21.5
1192	-1.091739	211.031727	11.553133	0.001729	19.7
1193	-1.082169	210.946818	11.557362	0.002232	21.9
1194	-1.101445	210.868444	11.561269	0.001688	19.2
1195	-1.105115	210.993636	11.555030	0.002572	24.0
1196	-1.091243	210.907192	11.559337	0.002133	19.1
1197	-1.125865	210.815050	11.563932	0.002826	20.5
1198	-1.095698	210.725988	11.568376	0.002059	23.4
1199	-1.116365	211.721852	11.518873	0.002859	18.8
1200	-1.081428	211.629710	11.523435	0.001672	22.9
1201	-1.088928	211.975902	11.506312	0.003114	20.2
1202	-1.101219	211.919099	11.509118	0.003044	19.1
1203	-1.078111	212.593128	11.475909	0.002942	25.6
1204	-1.119051	212.500974	11.480438	0.003260	23.3
1205	-1.121072	212.409998	11.484913	0.002038	22.5
1206	-1.109751	213.135535	11.449323	0.002267	18.7
1207	-1.099253	213.046696	11.453669	0.001821	21.9
1208	-1.119179	212.957911	11.458016	0.001476	18.5
1209	-1.112647	213.011751	11.455380	0.002952	21.1
1210	-1.095846	212.934767	11.459149	0.001637	22.0
1211	-1.108477	213.650052	11.424218	0.002908	18.4
1212	-1.103127	213.598741	11.426717	0.002542	19.6
1213	-1.103789	213.509117	11.431084	0.001892	22.9
1214	-1.087494	213.447314	11.434097	0.002758	18.4
1215	-1.084983	213.360836	11.438317	0.002099	23.0
1216	-1.080333	213.270794	11.442713	0.002472	18.9
1217	-1.107027	213.889068	11.412593	0.003253	18.6
1218	-1.073368	214.103793	11.402170	0.002418	22.8
1219	-1.133040	215.101699	11.353978	0.002073	21.0
1220	-1.139389	215.042492	11.356826	0.001711	22.8
1221	-1.116283	214.977791	11.359939	0.002432	19.3
1222	-1.099931	215.020668	11.357876	0.002312	34.8
1223	-1.121054	214.929009	11.362288	0.003349	24.2
1224	-1.119107	215.729257	11.323879	0.001843	20.4
1225	-1.086913	215.650214	11.327661	0.002443	22.2
1226	-1.094378	215.578249	11.331107	0.002171	18.8
1227	-1.119629	216.553959	11.284566	0.003107	27.4
1228	-1.117995	217.350286	11.246865	0.002092	19.2
1229	-1.103261	217.424945	11.243343	0.002158	22.8
1230	-1.113280	217.334749	11.247598	0.002877	20.2
1231	-1.107790	217.247764	11.251704	0.002774	19.0
1232	-1.119563	217.155611	11.256058	0.002994	22.5
1233	-1.114139	218.148844	11.209310	0.002957	18.8
1234	-1.116500	218.916724	11.173433	0.002787	20.6
1235	-1.101333	219.916442	11.127067	0.002471	22.5
1236	-1.101785	220.915943	11.081094	0.002578	18.9
1237	-1.091116	220.823795	11.085317	0.002233	22.9
1238	-1.080147	221.777214	11.041783	0.001806	20.8
1239	-1.097232	221.741171	11.043423	0.002898	23.7
1240	-1.088953	221.771694	11.042035	0.003188	18.8
1241	-1.083924	222.767536	10.996925	0.002749	21.0
1242	-1.104498	223.767521	10.951998	0.002203	23.8
1243	-1.100376	223.675379	10.956123	0.002948	18.8
1244	-1.126857	224.289499	10.928692	0.003276	23.5
1245	-1.119592	225.279245	10.884772	0.002999	18.8
1246	-1.095874	226.274783	10.840949	0.002664	19.8
1247	-1.093326	226.185310	10.844874	0.002381	23.1
1248	-1.096111	226.943879	10.811694	0.001357	19.3
1249	-1.121716	226.860438	10.815334	0.002214	28.6
1250	-1.088137	226.778158	10.818925	0.002102	28.2
1251	-1.101049	226.692127	10.822683	0.002076	22.5
1252	-1.114022	226.691432	10.822714	0.003669	19.5
1253	-1.113546	226.601140	10.826660	0.002384	20.5
1254	-1.084594	227.600418	10.783141	0.003085	24.3
1255	-1.117553	227.508303	10.787138	0.002183	19.1
1256	-1.103657	228.499649	10.744277	0.002274	24.3
1257	-1.095038	228.407710	10.748238	0.002664	21.3
1258	-1.115564	228.327660	10.751689	0.002406	19.2
1259	-1.115778	229.308723	10.709549	0.002254	22.5
1260	-1.089872	229.252542	10.711953	0.002655	18.9
1261	-1.097423	230.061426	10.677440	0.002379	19.2
1262	-1.121276	229.990007	10.680479	0.001835	22.2
1263	-1.107407	230.373887	10.664168	0.002506	18.7
1264	-1.097365	230.310888	10.666842	0.002817	26.1
1265	-1.108729	231.295953	10.625194	0.001922	32.7
1266	-1.110666	231.654785	10.610104	0.002118	36.9
1267	-1.104715	231.563740	10.613928	0.001461	28.2
1268	-1.101370	231.481555	10.617383	0.002005	23.0
1269	-1.116140	231.507844	10.616278	0.002024	19.2
1270	-1.119647	231.812599	10.603480	0.002245	24.0
1271	-1.129846	232.692467	10.566705	0.003003	22.2
1272	-1.093804	232.635548	10.569076	0.002436	23.4
1273	-1.118639	232.544360	10.572877	0.002816	20.1
1274	-1.078116	232.993850	10.554167	0.002494	19.3
1275	-1.112058	232.918761	10.557288	0.002078	23.2
1276	-1.105459	232.828208	10.561054	0.002950	19.0
1277	-1.138192	233.168714	10.546906	0.002799	23.5
1278	-1.110056	233.105162	10.549543	0.002143	19.8
1279	-1.088652	233.021962	10.552999	0.002021	20.4
1280	-1.103880	233.294592	10.541685	0.002670	22.8
1281	-1.106324	233.450694	10.535218	0.002377	18.7
1282	-1.095984	234.433084	10.494699	0.001339	21.3
1283	-1.108885	234.349436	10.498137	0.002417	22.0
1284	-1.120844	234.301152	10.500123	0.002438	20.2
1285	-1.089080	235.011406	10.470992	0.001922	21.9
1286	-1.105224	235.348075	10.457240	0.002738	20.5
1287	-1.099732	235.463575	10.452531	0.002783	19.2
1288	-1.117628	236.368073	10.415796	0.001922	23.0
1289	-1.103349	236.275981	10.419525	0.002342	22.2
1290	-1.107437	236.199090	10.422640	0.003802	23.4
1291	-1.087749	236.106965	10.426374	0.002978	18.6
1292	-1.106006	237.106965	10.385979	0.002308	18.8
1293	-1.090322	237.021914	10.389402	0.002154	23.1
1294	-1.090123	236.937671	10.392795	0.003053	30.8
1295	-1.092188	236.845526	10.396509	0.002879	20.9
1296	-1.087548	237.515644	10.369560	0.001493	19.0
1297	-1.090170	237.440182	10.372588	0.002731	21.8
1298	-1.101364	237.353601	10.376064	0.002578	18.6
1299	-1.096443	237.261458	10.379766	0.002096	19.1
1300	-1.106604	238.204860	10.341988	0.002069	20.9
1301	-1.087230	238.511308	10.329775	0.002168	19.6
1302	-1.080898	238.981650	10.311087	0.003434	18.5
1303	-1.114224	238.889558	10.314741	0.003614	21.9
1304	-1.088319	239.771149	10.279870	0.003108	19.0
1305	-1.112323	240.771149	10.240599	0.003317	22.4
1306	-1.099402	240.678995	10.244206	0.003218	18.6
1307	-1.129435	240.586843	10.247814	0.002171	18.5
1308	-1.118413	240.917836	10.234864	0.001813	21.8
1309	-1.109708	240.871628	10.236670	0.002757	18.4
1310	-1.102985	240.780475	10.240234	0.002121	18.6
1311	-1.108022	240.882480	10.236246	0.003074	19.6
1312	-1.096594	241.874455	10.197619	0.002392	18.5
1313	-1.086672	241.785525	10.201070	0.002165	28.9
1314	-1.082163	241.764736	10.201877	0.002957	26.0
1315	-1.110200	242.762349	10.163291	0.002589	19.5
1316	-1.123253	242.678049	10.166540	0.001975	23.2
1317	-1.121473	242.637590	10.168100	0.004077	20.0
1318	-1.107969	243.633467	10.129835	0.001804	23.0
1319	-1.077075	244.497573	10.096866	0.002250	23.0
1320	-1.068696	244.772255	10.086431	0.003350	20.9
1321	-1.053006	245.767393	10.048805	0.002948	21.6
1322	-1.097253	245.680284	10.052087	0.001847	18.8
1323	-1.088945	245.609127	10.054770	0.002728	24.8
1324	-1.121146	245.596211	10.055257	0.002296	21.3
1325	-1.095191	245.788426	10.048012	0.002565	21.0
1326	-1.085287	246.680946	10.014510	0.002516	24.2
1327	-1.125438	247.676697	9.977395	0.001749	21.1
1328	-1.109541	247.586842	9.980733	0.002209	22.8
1329	-1.105729	247.510147	9.983583	0.003006	26.2
1330	-1.104292	247.422899	9.986828	0.001984	32.5
1331	-1.085483	247.330749	9.990258	0.002613	21.5
1332	-1.102291	247.238881	9.993680	0.002481	24.4
1333	-1.125857	247.146751	9.997113	0.003904	20.7
1334	-1.117332	247.054614	10.000549	0.002229	23.7
1335	-1.097988	247.024705	10.001665	0.002743	25.0
1336	-1.127339	247.106369	9.998619	0.002818	23.0
1337	-1.097092	247.633617	9.978995	0.001801	22.5
1338	-1.102706	247.645679	9.978547	0.003594	23.2
1339	-1.111632	247.553550	9.981970	0.002892	37.1
1340	-1.090242	247.461396	9.985396	0.003513	20.1
1341	-1.102750	248.461394	9.948339	0.002796	24.7
1342	-1.134503	248.369240	9.951743	0.002584	21.9
1343	-1.103691	248.277205	9.955144	0.001527	22.2
1344	-1.108469	248.243427	9.956393	0.001866	22.1
1345	-1.099936	248.185324	9.958542	0.001922	24.9
1346	-1.098517	248.128662	9.960639	0.004435	19.1
1347	-1.101287	248.037256	9.964023	0.003329	22.8
1348	-1.101049	249.037256	9.927124	0.002431	23.7
1349	-1.110820	248.945103	9.930513	0.002130	19.5
1350	-1.117240	248.855821	9.933799	0.001944	23.9
1351	-1.086712	248.764799	9.937151	0.002958	19.6
1352	-1.109398	248.672949	9.940535	0.002279	27.8
1353	-1.105622	249.668435	9.903975	0.001940	23.3
1354	-1.096540	249.583346	9.907090	0.001727	20.0
1355	-1.098016	249.529991	9.909043	0.001933	28.1
1356	-1.105382	250.077121	9.889043	0.002649	34.3
1357	-1.111189	250.007204	9.891595	0.003650	25.3
1358	-1.103614	250.049766	9.890041	0.003021	23.5
1359	-1.105555	249.957619	9.893405	0.001868	23.2
1360	-1.117637	250.915005	9.858571	0.002181	21.4
1361	-1.134701	250.874241	9.860049	0.001844	26.7
1362	-1.107753	251.637167	9.832458	0.002193	19.4
1363	-1.096485	251.561400	9.835191	0.003176	24.0
1364	-1.117257	252.558275	9.799351	0.003592	22.9
1365	-1.123831	252.466554	9.802637	0.002311	23.1
1366	-1.092139	252.374560	9.805936	0.002389	20.9
1367	-1.094465	252.363731	9.806324	0.002777	23.6
1368	-1.079772	252.278903	9.809368	0.002492	22.2
1369	-1.103902	252.193686	9.812428	0.002198	21.2
1370	-1.080545	252.316667	9.808013	0.002218	27.0
1371	-1.111748	252.226533	9.811249	0.002448	21.0
1372	-1.107002	252.201537	9.812146	0.001964	22.6
1373	-1.095483	252.110694	9.815410	0.001992	23.0
1374	-1.104016	252.027278	9.818409	0.001834	23.3
1375	-1.113408	251.935975	9.821693	0.002030	21.5
1376	-1.111141	251.999249	9.819417	0.002276	24.2
1377	-1.115174	251.907154	9.822730	0.002372	20.9
1378	-1.090890	252.158165	9.813704	0.002965	24.2
1379	-1.115102	252.071245	9.816828	0.002033	25.6
1380	-1.118769	251.983335	9.819989	0.002253	19.8
1381	-1.136455	252.316375	9.808023	0.003132	32.4
1382	-1.111498	252.648164	9.796132	0.002082	23.5
1383	-1.096746	252.642656	9.796329	0.003083	22.8
1384	-1.112594	252.551563	9.799591	0.002269	19.2
1385	-1.110992	252.459409	9.802893	0.003062	19.7
1386	-1.092729	253.459303	9.767180	0.002513	24.2
1387	-1.125414	253.371860	9.770293	0.002388	22.3
1388	-1.084020	253.532977	9.764559	0.002647	22.4
1389	-1.121669	253.441296	9.767821	0.002022	21.0
1390	-1.077061	254.393393	9.734051	0.002796	22.4
1391	-1.113391	254.384164	9.734378	0.002586	36.1
1392	-1.112689	254.365655	9.735032	0.001820	24.3
1393	-1.094978	254.275006	9.738238	0.001886	21.9
1394	-1.105480	254.245352	9.739287	0.003485	23.6
1395	-1.100075	254.153448	9.742540	0.002511	27.3
1396	-1.094413	254.065829	9.745643	0.002511	19.5
1397	-1.135359	254.882497	9.716794	0.001979	24.6
1398	-1.085179	255.333713	9.700928	0.002240	32.9
1399	-1.101491	255.267902	9.703239	0.001829	22.9
1400	-1.122058	255.175821	9.706474	0.002581	23.1
1401	-1.107322	255.696647	9.688203	0.003142	26.4
1402	-1.108580	255.604493	9.691431	0.002069	19.2
1403	-1.094201	255.512382	9.694660	0.003000	25.4
1404	-1.103064	255.434073	9.697406	0.002280	24.9
1405	-1.083429	256.432755	9.662498	0.002672	22.0
1406	-1.087606	256.340782	9.665702	0.002619	21.1
1407	-1.082812	257.164949	9.637064	0.004454	24.2
1408	-1.102934	257.072812	9.640257	0.002771	22.7
1409	-1.100016	256.980659	9.643453	0.003359	19.7
1410	-1.121852	257.980656	9.608886	0.001922	23.5
1411	-1.115673	257.888651	9.612056	0.001824	22.8
1412	-1.104058	257.973970	9.609117	0.002074	20.8
1413	-1.093303	258.079662	9.605478	0.003277	24.9
1414	-1.101860	258.765939	9.581915	0.001529	21.9
1415	-1.091440	258.698477	9.584226	0.001681	19.5
1416	-1.115691	258.611048	9.587223	0.002835	25.7
1417	-1.089195	258.523181	9.590237	0.002708	22.0
1418	-1.102098	259.501011	9.556805	0.001806	22.5
1419	-1.119097	259.417950	9.559636	0.002286	22.0
1420	-1.078453	259.336362	9.562418	0.002396	22.4
1421	-1.118857	259.246282	9.565491	0.002021	26.3
1422	-1.119242	260.062174	9.537724	0.002401	19.2
1423	-1.091842	259.989733	9.540183	0.002718	33.9
1424	-1.106404	259.909330	9.542913	0.002043	24.7
1425	-1.099986	259.817283	9.546041	0.003716	26.7
1426	-1.111588	259.725474	9.549163	0.002239	19.5
1427	-1.101441	260.725063	9.515282	0.002083	25.5
1428	-1.112336	260.640875	9.518126	0.002399	21.2
1429	-1.124962	260.548816	9.521238	0.001882	23.5
1430	-1.113234	260.985783	9.506484	0.002157	21.9
1431	-1.083813	260.914363	9.508893	0.002694	22.9
1432	-1.101113	260.823687	9.511952	0.001642	24.7
1433	-1.115942	260.986812	9.506450	0.003032	21.3
1434	-1.114260	260.894755	9.509554	0.002902	26.9
1435	-1.106170	261.845257	9.477597	0.003032	30.0
1436	-1.126703	262.838009	9.444448	0.002485	24.6
1437	-1.094910	263.805617	9.412361	0.002180	21.0
1438	-1.102525	263.829804	9.411562	0.002971	21.4
1439	-1.087852	264.774062	9.380464	0.001746	18.4
1440	-1.127711	264.743895	9.381455	0.003319	28.5
1441	-1.113620	264.654710	9.384384	0.003247	21.3
1442	-1.102361	265.537016	9.355487	0.002683	18.9
1443	-1.092824	266.512716	9.323739	0.002266	22.9
1444	-1.115576	266.425003	9.326584	0.002403	19.4
1445	-1.104441	266.357004	9.328791	0.002945	21.3
1446	-1.106484	266.269117	9.331645	0.001459	18.4
1447	-1.097631	266.430804	9.326396	0.002375	20.1
1448	-1.110898	266.418884	9.326783	0.003619	24.2
1449	-1.093563	267.418871	9.294445	0.002186	18.5
1450	-1.136430	267.342538	9.296906	0.002312	18.7
1451	-1.112652	267.250894	9.299862	0.002194	20.0
1452	-1.104569	267.527805	9.290936	0.002144	20.2
1453	-1.106923	267.435840	9.293899	0.002208	21.5
1454	-1.105516	267.385930	9.295507	0.002945	18.5
1455	-1.098742	267.333506	9.297197	0.001986	18.6
1456	-1.105856	268.021887	9.275053	0.004618	20.6
1457	-1.118896	267.929772	9.278010	0.002309	20.6
1458	-1.098600	267.837618	9.280971	0.001862	19.4
1459	-1.102361	267.769415	9.283163	0.002765	18.8
1460	-1.073914	268.450499	9.261319	0.003233	19.0
1461	-1.123680	268.358363	9.264268	0.003090	21.6
1462	-1.112015	268.266240	9.267218	0.002503	18.4
1463	-1.106790	268.183066	9.269884	0.001727	18.5
1464	-1.111200	268.109802	9.272233	0.002184	22.3
1465	-1.088291	268.057154	9.273922	0.002457	18.4
1466	-1.099907	267.995626	9.275896	0.002263	18.5
1467	-1.119797	268.890105	9.247275	0.002062	20.0
1468	-1.093401	268.797979	9.250214	0.002434	18.7
1469	-1.126935	268.710252	9.253015	0.003453	21.6
1470	-1.088728	268.618098	9.255960	0.002611	25.2
1471	-1.102627	268.525949	9.258906	0.002105	20.0
1472	-1.112862	269.425183	9.230238	0.002752	20.5
1473	-1.102185	269.408934	9.230754	0.002160	18.6
1474	-1.093404	270.351595	9.200888	0.002227	22.0
1475	-1.095009	270.644322	9.191653	0.002882	20.4
1476	-1.076182	271.614434	9.161180	0.003096	19.0
1477	-1.114515	272.605651	9.130251	0.003490	21.6
1478	-1.079710	272.839933	9.122972	0.002487	18.5
1479	-1.088029	272.747780	9.125834	0.002992	19.8
1480	-1.100055	272.657582	9.128637	0.003122	19.6
1481	-1.132535	272.565947	9.131486	0.002249	18.8
1482	-1.105843	273.562462	9.100594	0.004628	22.6
1483	-1.093051	273.470917	9.103423	0.001690	20.1
1484	-1.109751	273.434518	9.104549	0.001598	25.1
1485	-1.099610	273.349835	9.107168	0.003474	23.1
1486	-1.121538	273.259119	9.109976	0.002172	18.7
1487	-1.115649	273.168009	9.112797	0.002504	22.5
1488	-1.114977	273.599411	9.099453	0.002432	24.1
1489	-1.105737	273.507287	9.102299	0.003531	24.1
1490	-1.110927	273.415133	9.105148	0.003232	23.4
1491	-1.123685	274.346037	9.076450	0.002558	18.7
1492	-1.100202	274.254263	9.079271	0.002343	25.3
1493	-1.118351	274.162148	9.082104	0.002120	23.7
1494	-1.109406	274.170698	9.081841	0.001603	22.5
1495	-1.121751	274.245239	9.079548	0.002351	21.1
1496	-1.109673	274.225289	9.080162	0.002210	26.4
1497	-1.077806	274.146096	9.082598	0.002922	19.8
1498	-1.103320	274.454592	9.073115	0.001888	19.0
1499	-1.123571	274.731185	9.064629	0.001933	21.7
1500	-1.103218	274.762612	9.063666	0.003484	19.2
1501	-1.105169	275.057643	9.054633	0.001970	21.7
1502	-1.105615	274.967120	9.057403	0.002187	24.0
1503	-1.099759	275.859185	9.030185	0.001563	24.4
1504	-1.119339	275.803391	9.031883	0.001944	21.0
1505	-1.102453	275.751134	9.033473	0.002020	19.0
1506	-1.101514	275.677628	9.035711	0.002279	19.1
1507	-1.101242	275.599143	9.038102	0.002589	19.3
1508	-1.101505	275.507608	9.040893	0.002584	25.3
1509	-1.121280	275.415455	9.043703	0.001442	19.3
1510	-1.125241	275.331418	9.046268	0.001552	22.6
1511	-1.106703	275.262252	9.048380	0.001880	23.7
1512	-1.105914	275.457519	9.042420	0.001389	25.9
1513	-1.124120	275.399646	9.044186	0.003584	19.4
1514	-1.090371	276.060793	9.024057	0.001712	18.9
1515	-1.114766	275.971163	9.026780	0.001629	30.5
1516	-1.104505	276.022033	9.025234	0.001571	25.8
1517	-1.090388	275.945976	9.027546	0.002489	20.1
1518	-1.124673	275.903089	9.028850	0.003150	19.6
1519	-1.111345	275.810938	9.031653	0.003291	23.1
1520	-1.102280	275.718784	9.034458	0.002146	20.1
1521	-1.096405	275.626632	9.037265	0.001696	33.0
1522	-1.103853	275.534986	9.040058	0.001999	19.9
1523	-1.086407	275.457898	9.042409	0.001795	24.5
1524	-1.108161	275.394646	9.044338	0.002472	23.2
1525	-1.101936	275.320048	9.046615	0.003031	21.9
1526	-1.086410	275.253925	9.048634	0.002239	25.2
1527	-1.103946	275.167819	9.051265	0.002063	20.0
1528	-1.107178	275.075909	9.054075	0.003177	20.2
1529	-1.108200	275.079332	9.053970	0.002428	20.9
1530	-1.123562	274.987185	9.056789	0.003558	21.3
1531	-1.111415	274.895031	9.059609	0.002749	23.6
1532	-1.096668	275.894996	9.029096	0.001992	18.8
1533	-1.104909	275.803019	9.031894	0.002126	31.2
1534	-1.113515	275.741639	9.033762	0.001989	27.2
1535	-1.113080	275.658769	9.036286	0.002111	22.3
1536	-1.100880	275.568615	9.039033	0.002822	19.8
1537	-1.128232	275.476473	9.041842	0.002899	22.2
1538	-1.110439	276.475402	9.011479	0.001821	26.4
1539	-1.092177	277.202378	8.989511	0.002766	20.7
1540	-1.112687	277.686902	8.974928	0.002056	23.8
1541	-1.104078	277.608605	8.977281	0.002398	23.6
1542	-1.108041	277.939962	8.967330	0.003889	23.0
1543	-1.121458	277.847809	8.970096	0.001992	20.2
1544	-1.118217	277.755655	8.972863	0.003047	24.4
1545	-1.122012	277.663506	8.975631	0.002823	23.7
1546	-1.126720	277.577764	8.978209	0.002185	20.8
1547	-1.102010	278.525926	8.949788	0.002081	27.3
1548	-1.091671	278.492394	8.950790	0.001782	18.8
1549	-1.115715	278.413695	8.953142	0.002651	27.2
1550	-1.107283	278.512221	8.950197	0.003318	23.9
1551	-1.109430	279.512078	8.920418	0.001944	20.1
1552	-1.091465	279.725782	8.914079	0.002391	23.2
1553	-1.131375	279.780497	8.912458	0.002216	18.6
1554	-1.136786	279.702125	8.914780	0.002140	25.3
1555	-1.099116	279.614080	8.917391	0.001992	20.5
1556	-1.094809	279.530463	8.919873	0.002528	32.2
1557	-1.114237	279.438510	8.922603	0.003009	21.0
1558	-1.109797	279.346461	8.925337	0.001651	31.4
1559	-1.144145	279.660303	8.916020	0.001920	22.7
1560	-1.094435	279.570025	8.918698	0.003189	20.3
1561	-1.102181	280.278289	8.897732	0.002521	21.5
1562	-1.081199	280.186710	8.900437	0.001774	21.7
1563	-1.093661	280.137475	8.901892	0.002085	24.9
1564	-1.071411	280.047175	8.904563	0.001783	21.1
1565	-1.093209	279.972113	8.906783	0.001980	27.8
1566	-1.101609	279.969963	8.906847	0.002087	22.3
1567	-1.116219	279.946727	8.907535	0.002898	19.0
1568	-1.109335	279.860479	8.910088	0.001799	25.8
1569	-1.123551	279.768724	8.912806	0.003025	20.9
1570	-1.115699	279.677798	8.915502	0.002605	23.9
1571	-1.099296	279.585645	8.918235	0.002717	24.5
1572	-1.140414	279.502022	8.920717	0.002807	25.2
1573	-1.113187	280.501932	8.891132	0.002421	18.8
1574	-1.095811	280.409778	8.893850	0.002553	26.7
1575	-1.105851	280.323320	8.896402	0.001878	27.1
1576	-1.123690	280.268425	8.898023	0.001751	26.3
1577	-1.087989	280.196444	8.900150	0.002592	21.3
1578	-1.105999	280.120606	8.902391	0.002093	23.8
1579	-1.135156	280.028459	8.905116	0.002688	27.9
1580	-1.119549	279.936346	8.907842	0.002402	20.1
1581	-1.106793	279.871899	8.909750	0.002503	27.1
1582	-1.110150	279.780389	8.912461	0.001557	22.5
1583	-1.119072	279.788889	8.912209	0.002402	25.4
1584	-1.102855	279.733654	8.913846	0.002849	22.3
1585	-1.103384	279.643616	8.916515	0.003168	26.7
1586	-1.109515	280.641754	8.887010	0.002820	24.6
1587	-1.114000	280.549600	8.889726	0.003356	27.1
1588	-1.116425	280.457497	8.892442	0.003110	26.3
1589	-1.092757	280.596893	8.888332	0.002331	23.1
1590	-1.106565	281.584258	8.859329	0.003045	22.2
1591	-1.089657	281.492737	8.862009	0.002700	23.7
1592	-1.109121	281.400658	8.864708	0.002452	27.6
1593	-1.109342	282.387301	8.835879	0.004406	24.4
1594	-1.103242	282.319503	8.837854	0.003518	25.5
1595	-1.094589	282.237550	8.840242	0.002408	23.0
1596	-1.102296	282.148338	8.842844	0.002385	28.3
1597	-1.104572	282.701363	8.826741	0.002709	21.6
1598	-1.128733	282.609567	8.829410	0.002423	28.1
1599	-1.127697	282.691095	8.827040	0.002392	32.6
1600	-1.132110	283.248940	8.810855	0.001447	31.9
1601	-1.101557	283.168721	8.813179	0.003137	25.4
1602	-1.088622	283.117144	8.814674	0.002466	23.3
1603	-1.116993	283.041083	8.816879	0.002799	23.3
1604	-1.112806	282.948930	8.819552	0.002177	27.5
1605	-1.117221	282.863782	8.822023	0.002061	20.6
1606	-1.116910	282.772971	8.824661	0.002097	27.4
1607	-1.098951	283.192922	8.812478	0.001566	23.9
1608	-1.131452	283.138208	8.814063	0.001991	23.3
1609	-1.103122	283.265777	8.810368	0.002390	23.7
1610	-1.102721	283.198927	8.812304	0.002883	21.9
1611	-1.102926	283.110293	8.814872	0.002346	19.1
1612	-1.112595	283.018150	8.817544	0.002721	22.7
1613	-1.108067	283.034910	8.817058	0.002768	25.2
1614	-1.113452	282.942757	8.819731	0.003822	19.1
1615	-1.106359	282.852040	8.822364	0.001969	28.0
1616	-1.098263	283.851322	8.793445	0.002639	21.4
1617	-1.075191	283.950567	8.790584	0.002328	34.5
1618	-1.100031	283.860364	8.793185	0.003492	22.1
1619	-1.109595	284.860344	8.764436	0.002021	25.0
1620	-1.119771	284.768191	8.767077	0.003615	20.3
1621	-1.101456	284.676045	8.769720	0.002624	49.5
1622	-1.084835	284.583894	8.772365	0.002724	28.2
1623	-1.093471	284.529266	8.773933	0.002796	25.5
1624	-1.097824	284.634634	8.770909	0.002541	21.8
1625	-1.119952	284.576705	8.772571	0.002829	26.9
1626	-1.114450	284.779934	8.766741	0.003011	22.8
1627	-1.104070	285.751878	8.738963	0.002861	27.9
1628	-1.103937	286.741223	8.710869	0.002153	24.1
1629	-1.102802	286.790254	8.709481	0.002613	21.0
1630	-1.102963	287.683243	8.684286	0.005304	20.3
1631	-1.096140	288.682933	8.656252	0.002152	23.9
1632	-1.091964	288.590779	8.658828	0.002870	20.6
1633	-1.086864	288.887048	8.650550	0.002200	22.7
1634	-1.105879	288.794899	8.653123	0.001800	24.6
1635	-1.127520	289.590174	8.630967	0.001941	22.1
1636	-1.105223	289.510365	8.633185	0.002992	22.7
1637	-1.140213	289.420142	8.635694	0.002871	25.8
1638	-1.116403	289.331400	8.638164	0.001503	24.1
1639	-1.119541	289.277534	8.639663	0.002508	33.1
1640	-1.102875	289.244525	8.640583	0.002107	32.4
1641	-1.094899	289.200796	8.641801	0.001768	28.8
1642	-1.101994	289.132993	8.643690	0.001564	24.4
1643	-1.134234	289.217407	8.641338	0.002064	30.0
1644	-1.097742	289.135480	8.643621	0.001892	31.1
1645	-1.106720	289.043449	8.646186	0.002102	27.0
1646	-1.098513	288.955921	8.648628	0.002522	31.1
1647	-1.108017	289.775979	8.625806	0.002517	26.9
1648	-1.082621	289.684054	8.628359	0.001589	30.7
1649	-1.111056	289.596527	8.630790	0.002273	24.5
1650	-1.083490	289.515633	8.633039	0.003059	24.3
1651	-1.105118	289.423481	8.635601	0.001764	22.1
1652	-1.076960	289.331931	8.638149	0.002171	29.9
1653	-1.098530	289.245114	8.640566	0.001965	28.3
1654	-1.099487	289.153299	8.643124	0.002029	25.6
1655	-1.100466	289.097381	8.644683	0.003481	19.0
1656	-1.114260	289.005417	8.647247	0.002117	24.6
1657	-1.108386	288.913337	8.649816	0.003239	24.3
1658	-1.082795	288.821186	8.652389	0.002356	23.4
1659	-1.076952	288.729128	8.654961	0.001652	26.7
1660	-1.102436	288.704330	8.655654	0.002334	22.5
1661	-1.114239	288.620292	8.658003	0.001931	26.3
1662	-1.130190	289.247054	8.640512	0.003227	19.9
1663	-1.113939	289.155066	8.643075	0.001988	25.0
1664	-1.111685	289.062912	8.645644	0.001511	19.5
1665	-1.111029	288.972291	8.648171	0.003050	21.4
1666	-1.111310	289.368364	8.637135	0.001979	28.1
1667	-1.088949	289.518788	8.632951	0.004105	23.5
1668	-1.090041	290.514011	8.605370	0.001847	25.5
1669	-1.099739	290.681444	8.600748	0.002494	19.0
1670	-1.092712	290.624996	8.602306	0.002712	26.6
1671	-1.103541	291.189339	8.586755	0.002835	20.0
1672	-1.107391	291.154564	8.587712	0.003554	20.4
1673	-1.093454	291.062410	8.590248	0.001708	25.0
1674	-1.117980	290.976270	8.592620	0.002835	20.8
1675	-1.097847	291.064783	8.590182	0.002364	23.6
1676	-1.120254	290.972920	8.592712	0.003334	25.7
1677	-1.120752	290.894435	8.594874	0.003482	25.0
1678	-1.099889	290.802282	8.597414	0.001812	26.5
1679	-1.105693	290.710169	8.599955	0.002258	40.8
1680	-1.077430	290.626264	8.602271	0.002306	27.4
1681	-1.116470	290.537629	8.604718	0.003041	23.6
1682	-1.095987	291.525407	8.577522	0.003472	21.5
1683	-1.089468	291.433253	8.580052	0.002116	27.0
1684	-1.101497	291.342205	8.582553	0.003983	20.9
1685	-1.112858	291.259202	8.584834	0.002309	27.2
1686	-1.106443	292.247958	8.557736	0.002222	24.2
1687	-1.124315	292.238815	8.557986	0.001916	26.6
1688	-1.096027	292.243590	8.557856	0.001911	20.6
1689	-1.114079	292.157085	8.560220	0.002313	26.1
1690	-1.099306	292.154286	8.560296	0.002224	20.8
1691	-1.101049	292.062687	8.562801	0.002751	21.0
1692	-1.115510	292.918038	8.539469	0.001936	24.8
1693	-1.082185	293.802346	8.515481	0.002970	20.9
1694	-1.112754	294.008752	8.509901	0.003288	29.6
1695	-1.107973	293.916735	8.512388	0.001972	42.2
1696	-1.111108	294.720849	8.490708	0.002975	23.3
1697	-1.114960	294.631878	8.493101	0.001659	24.5
1698	-1.115146	294.939448	8.484833	0.003323	28.0
1699	-1.135292	294.849312	8.487254	0.003888	21.5
1700	-1.093545	294.757158	8.489731	0.003453	22.4
1701	-1.113923	294.856724	8.487055	0.002356	24.6
1702	-1.100257	294.769698	8.489394	0.002118	29.2
1703	-1.097146	294.806539	8.488404	0.002901	23.1
1704	-1.100768	294.718139	8.490781	0.001645	23.5
1705	-1.118514	294.631590	8.493109	0.001761	24.4
1706	-1.117492	294.552383	8.495241	0.001951	24.6
1707	-1.109979	294.461681	8.497683	0.002128	20.4
1708	-1.102253	294.449619	8.498008	0.002177	21.8
1709	-1.099363	294.389489	8.499628	0.002195	24.2
1710	-1.121536	294.335569	8.501082	0.002128	20.0
1711	-1.119925	294.315322	8.501628	0.003157	22.4
1712	-1.113760	294.223226	8.504111	0.002467	19.8
1713	-1.105348	295.223040	8.477224	0.002644	27.0
1714	-1.109287	295.130903	8.479694	0.002023	24.0
1715	-1.097300	295.339632	8.474099	0.002013	20.4
1716	-1.116549	295.858473	8.460223	0.002227	23.7
1717	-1.092972	296.221974	8.450529	0.002494	22.9
1718	-1.092143	296.131927	8.452928	0.003246	25.7
1719	-1.094168	297.131326	8.426374	0.002218	30.4
1720	-1.105106	297.042447	8.428728	0.001519	25.2
1721	-1.119718	296.974261	8.430536	0.002513	20.3
1722	-1.129803	297.062948	8.428185	0.002054	24.6
1723	-1.121532	296.971080	8.430620	0.002286	22.1
1724	-1.109729	296.879027	8.433062	0.001916	26.6
1725	-1.109917	296.786968	8.435505	0.001926	29.2
1726	-1.133986	296.898311	8.432550	0.002888	30.5
1727	-1.098500	296.807172	8.434968	0.002440	25.0
1728	-1.095592	296.962657	8.430844	0.001877	26.0
1729	-1.119285	296.952130	8.431123	0.002189	23.7
1730	-1.120317	297.209405	8.424306	0.002835	24.4
1731	-1.075359	298.203735	8.398064	0.003250	24.0
1732	-1.110997	298.773807	8.383093	0.001668	25.4
1733	-1.131484	298.725295	8.384365	0.002137	23.3
1734	-1.093616	298.636627	8.386690	0.002881	32.0
1735	-1.111747	298.556469	8.388794	0.002537	23.5
1736	-1.097072	298.533124	8.389407	0.002640	25.9
1737	-1.076500	298.458809	8.391359	0.001848	25.5
1738	-1.097900	298.701812	8.384980	0.001721	23.5
1739	-1.074087	298.767133	8.383268	0.002868	22.5
1740	-1.121380	298.678361	8.385595	0.001818	27.7
1741	-1.102850	298.586960	8.387994	0.002603	22.4
1742	-1.113318	298.496375	8.390372	0.001628	24.7
1743	-1.115463	298.407207	8.392714	0.003875	22.9
1744	-1.089020	298.515622	8.389867	0.003156	24.2
1745	-1.108181	299.510671	8.363820	0.002557	25.6
1746	-1.114878	299.418517	8.366225	0.003008	21.4
1747	-1.101189	299.326578	8.368626	0.002031	27.0
1748	-1.089628	299.237670	8.370950	0.003141	22.8
1749	-1.104972	299.145533	8.373359	0.002270	23.1
1750	-1.086577	300.144210	8.347320	0.002858	22.6
1751	-1.100357	301.135820	8.321625	0.002249	26.2
1752	-1.100513	302.123055	8.296200	0.002181	21.4
1753	-1.116072	302.031411	8.298553	0.004187	21.4
1754	-1.111668	302.961597	8.274726	0.002459	26.0
1755	-1.114639	302.869582	8.277077	0.003214	22.8
1756	-1.106399	303.219395	8.268146	0.002205	24.3
1757	-1.096018	303.127286	8.270496	0.002173	22.6
1758	-1.115651	303.816718	8.252942	0.002101	27.0
1759	-1.131746	303.731354	8.255111	0.002962	54.4
1760	-1.130493	304.714701	8.230189	0.003501	21.1
1761	-1.076699	304.735600	8.229661	0.002199	20.6
1762	-1.120947	304.744187	8.229444	0.002365	19.8
1763	-1.108097	304.739930	8.229551	0.002678	18.6
1764	-1.084551	304.653258	8.231741	0.001723	23.5
1765	-1.101857	304.591904	8.233293	0.001675	18.6
1766	-1.124397	304.505644	8.235474	0.002492	20.4
1767	-1.079210	305.071594	8.221180	0.002260	23.1
1768	-1.120134	305.282836	8.215858	0.001718	18.7
1769	-1.110850	305.743649	8.204271	0.002327	22.1
1770	-1.109195	305.992170	8.198036	0.002255	18.6
1771	-1.086298	305.900077	8.200345	0.002013	21.9
1772	-1.090282	306.718776	8.179859	0.001956	22.1
1773	-1.093885	306.642806	8.181756	0.001354	18.8
1774	-1.101709	306.621076	8.182298	0.001985	21.1
1775	-1.114838	306.536400	8.184414	0.002291	19.2
1776	-1.112189	306.515447	8.184937	0.003055	18.5
1777	-1.103438	306.424029	8.187223	0.002587	22.7
1778	-1.122215	306.362883	8.188752	0.002601	21.1
1779	-1.118530	307.308341	8.165170	0.002524	25.9
1780	-1.121331	307.961994	8.148946	0.003778	19.7
1781	-1.086370	307.955884	8.149097	0.001990	18.8
1782	-1.091360	308.025700	8.147368	0.003485	23.5
1783	-1.118476	307.933555	8.149650	0.002173	20.1
1784	-1.080577	307.845394	8.151835	0.002628	23.2
1785	-1.101094	308.689251	8.130970	0.002795	19.4
1786	-1.099934	308.744487	8.129608	0.002492	20.0
1787	-1.098936	309.739397	8.105153	0.002670	29.3
1788	-1.118263	309.649775	8.107350	0.002042	26.6
1789	-1.108819	310.414324	8.088647	0.001326	24.7
1790	-1.109150	310.327505	8.090766	0.002187	22.7
1791	-1.095058	310.403823	8.088903	0.001971	22.9
1792	-1.087146	311.190886	8.069738	0.002450	26.0
1793	-1.110160	311.099131	8.071968	0.001431	30.0
1794	-1.112450	311.275645	8.067680	0.002015	20.1
1795	-1.111108	311.185975	8.069857	0.001669	24.7
1796	-1.109757	311.096243	8.072038	0.003434	20.5
1797	-1.108088	311.004150	8.074277	0.003523	20.6
1798	-1.116847	312.004110	8.050031	0.001479	20.0
1799	-1.118079	311.912974	8.052235	0.002809	19.7
1800	-1.109143	311.820929	8.054462	0.002106	24.8
1801	-1.107511	312.802014	8.030789	0.002057	19.0
1802	-1.125315	312.803061	8.030763	0.003244	28.6
1803	-1.106857	312.819786	8.030361	0.001785	19.9
1804	-1.090284	312.727749	8.032576	0.002059	36.9
1805	-1.093752	312.639752	8.034694	0.002865	21.0
1806	-1.100760	312.572056	8.036325	0.002436	19.2
1807	-1.109068	312.479906	8.038546	0.003605	20.9
1808	-1.110540	312.952578	8.027168	0.002508	19.1
1809	-1.113504	312.860424	8.029384	0.003045	23.9
1810	-1.108195	313.711402	8.008970	0.001738	20.2
1811	-1.101394	313.619256	8.011175	0.002387	19.2
1812	-1.110320	313.609376	8.011412	0.002228	21.3
1813	-1.112570	314.486679	7.990462	0.002260	34.9
1814	-1.090151	314.810030	7.982768	0.002149	26.9
1815	-1.121267	314.742398	7.984376	0.002142	20.5
1816	-1.120798	314.654859	7.986458	0.001898	19.7
1817	-1.090422	314.564315	7.988613	0.002686	19.4
1818	-1.108853	314.472188	7.990807	0.002626	23.0
1819	-1.091074	314.380035	7.993002	0.001747	36.3
1820	-1.126349	314.340498	7.993945	0.001990	23.9
1821	-1.110370	314.249139	7.996123	0.002491	19.3
1822	-1.100531	314.198533	7.997330	0.002110	20.6
1823	-1.098356	314.159355	7.998265	0.002917	20.6
1824	-1.099283	315.154751	7.974581	0.002688	22.5
1825	-1.102668	315.216589	7.973115	0.002413	22.1
1826	-1.114785	316.200640	7.949847	0.002383	21.0
1827	-1.104160	316.109109	7.952005	0.001761	24.0
1828	-1.100048	316.097793	7.952272	0.003211	25.1
1829	-1.102838	316.008760	7.954373	0.002878	31.3
1830	-1.106477	315.916748	7.956545	0.002481	24.3
1831	-1.111987	316.874630	7.933988	0.001888	19.4
1832	-1.085468	316.814894	7.935391	0.002503	23.0
1833	-1.128337	316.807020	7.935576	0.002840	19.2
1834	-1.115725	316.723600	7.937537	0.002957	19.7
1835	-1.119846	317.711784	7.914379	0.001886	22.7
1836	-1.124273	318.228789	7.902317	0.002092	22.9
1837	-1.123858	318.464453	7.896831	0.001745	28.2
1838	-1.118010	318.431501	7.897598	0.002013	22.2
1839	-1.084823	318.355791	7.899360	0.002655	32.8
1840	-1.087422	318.263751	7.901503	0.001803	23.8
1841	-1.109604	318.177881	7.903503	0.001758	22.4
1842	-1.115541	318.087902	7.905600	0.003129	18.7
1843	-1.113854	318.627290	7.893045	0.002506	19.6
1844	-1.125698	318.535165	7.895186	0.002486	20.8
1845	-1.079935	319.159663	7.880692	0.002339	19.4
1846	-1.121891	319.069332	7.882785	0.002616	19.0
1847	-1.106110	318.988019	7.884670	0.001804	20.2
1848	-1.113217	318.932175	7.885966	0.002740	26.0
1849	-1.104269	318.901032	7.886688	0.003180	28.1
1850	-1.108986	319.899255	7.863594	0.003098	20.9
1851	-1.117688	319.807101	7.865721	0.001769	23.4
1852	-1.110300	320.093624	7.859113	0.002496	30.8
1853	-1.094002	320.914289	7.840250	0.001763	26.8
1854	-1.097162	320.822683	7.842351	0.001909	30.9
1855	-1.108104	320.785834	7.843196	0.001867	26.3
1856	-1.107083	320.696947	7.845237	0.003276	19.3
1857	-1.090363	320.604879	7.847351	0.002194	21.9
1858	-1.116680	320.512790	7.849467	0.003025	19.3
1859	-1.127705	320.427292	7.851433	0.002327	18.7
1860	-1.083871	321.426963	7.828512	0.002504	19.7
1861	-1.085298	321.396076	7.829218	0.002445	21.4
1862	-1.086864	321.322684	7.830896	0.001272	26.9
1863	-1.107049	321.232448	7.832961	0.002280	34.4
1864	-1.112147	321.160152	7.834616	0.002983	24.6
1865	-1.083373	322.150599	7.812003	0.002521	21.6
1866	-1.091322	322.093706	7.813298	0.003827	33.3
1867	-1.109694	322.002292	7.815380	0.001957	24.6
1868	-1.103160	321.910161	7.817480	0.003267	25.0
1869	-1.111414	321.818024	7.819581	0.002994	20.9
1870	-1.128420	322.818022	7.796838	0.002398	23.3
1871	-1.097641	322.728897	7.798860	0.002312	31.7
1872	-1.111634	323.098623	7.790480	0.003256	30.9
1873	-1.114978	323.022782	7.792197	0.001785	22.5
1874	-1.123586	324.013796	7.769815	0.002534	20.6
1875	-1.090219	323.927597	7.771757	0.004197	19.0
1876	-1.112831	323.836055	7.773820	0.001680	24.3
1877	-1.111808	324.183598	7.765993	0.002595	20.7
1878	-1.130111	324.157771	7.766574	0.002142	38.3
1879	-1.102662	324.069218	7.768567	0.002611	31.6
1880	-1.114634	324.815020	7.751813	0.001814	30.1
1881	-1.091100	325.310290	7.740727	0.002299	22.7
1882	-1.108890	325.229009	7.742544	0.003446	24.2
1883	-1.123300	326.228564	7.720256	0.004063	19.3
1884	-1.081879	327.228564	7.698086	0.002414	22.2
1885	-1.130557	327.141148	7.700019	0.002849	19.6
1886	-1.118219	327.162121	7.699555	0.003358	36.5
1887	-1.098057	328.103491	7.678793	0.002762	33.6
1888	-1.077878	328.011342	7.680820	0.003317	28.3
1889	-1.112085	329.011329	7.658876	0.002520	21.1
1890	-1.123871	328.919176	7.660893	0.003679	22.3
1891	-1.101693	328.827022	7.662911	0.002095	21.1
1892	-1.119124	328.734882	7.664930	0.002439	20.2
1893	-1.126378	328.642740	7.666950	0.001694	22.6
1894	-1.131014	329.352674	7.651414	0.002741	36.8
1895	-1.096956	329.824097	7.641133	0.003151	36.3
1896	-1.125191	329.731957	7.643140	0.002192	27.7
1897	-1.123638	330.728723	7.621480	0.002702	21.7
1898	-1.121398	330.636636	7.623476	0.002240	20.7
1899	-1.105915	330.545443	7.625453	0.002872	19.7
1900	-1.097370	331.544007	7.603855	0.003058	21.5
1901	-1.124493	332.543629	7.582355	0.002192	27.5
1902	-1.112868	332.451510	7.584332	0.002036	32.3
1903	-1.103357	332.360428	7.586286	0.001986	23.1
1904	-1.114184	332.309392	7.587382	0.003947	22.3
1905	-1.102831	332.217244	7.589362	0.001903	23.2
1906	-1.097775	332.855261	7.575678	0.002166	19.8
1907	-1.125566	332.783029	7.577224	0.001835	21.7
1908	-1.085851	332.695803	7.579093	0.002506	19.0
1909	-1.096558	332.603730	7.581067	0.002011	20.6
1910	-1.083002	332.616498	7.580793	0.002995	24.0
1911	-1.099603	332.527957	7.582691	0.001555	19.9
1912	-1.129586	332.436073	7.584663	0.002083	19.4
1913	-1.107879	332.353391	7.586438	0.002928	21.5
1914	-1.098221	332.261245	7.588416	0.002212	20.6
1915	-1.079847	332.286173	7.587881	0.002849	22.9
1916	-1.102914	333.274830	7.566706	0.002679	20.8
1917	-1.108542	334.163894	7.547764	0.003488	19.9
1918	-1.108990	334.071842	7.549721	0.002122	22.3
1919	-1.117520	333.981973	7.551633	0.002892	20.6
1920	-1.116887	334.852055	7.533168	0.002473	22.0
1921	-1.097623	335.851361	7.512073	0.002094	19.1
1922	-1.100637	335.995086	7.509049	0.002743	23.6
1923	-1.107156	335.902990	7.510986	0.002097	19.4
1924	-1.118794	336.830016	7.491528	0.002670	20.8
1925	-1.103949	337.653976	7.474317	0.002569	21.3
1926	-1.108380	338.642873	7.453765	0.002224	18.6
1927	-1.081653	339.391007	7.438292	0.002618	18.5
1928	-1.135209	339.412143	7.437855	0.002376	21.5
1929	-1.104315	339.326686	7.439619	0.003821	25.4
1930	-1.121770	339.234538	7.441523	0.002274	25.0
1931	-1.129654	339.142385	7.443427	0.003050	18.6
1932	-1.117991	339.856386	7.428699	0.003379	19.8
1933	-1.121714	339.764232	7.430596	0.002645	21.0
1934	-1.129492	339.674338	7.432448	0.002858	18.5
1935	-1.101289	339.582908	7.434333	0.002967	19.6
1936	-1.128718	339.527820	7.435469	0.001759	26.2
1937	-1.116153	339.449325	7.437088	0.002178	18.9
1938	-1.103694	339.467751	7.436708	0.001554	20.7
1939	-1.112828	339.447608	7.437124	0.002393	19.0
1940	-1.103725	339.524792	7.435531	0.002418	18.5
1941	-1.123234	339.546415	7.435086	0.002068	19.1
1942	-1.119438	339.483174	7.436390	0.002538	20.6
1943	-1.109589	340.371753	7.418104	0.002766	18.6
1944	-1.113078	340.280309	7.419982	0.002238	22.1
1945	-1.104184	340.188429	7.421870	0.003383	18.6
1946	-1.100549	341.186850	7.401410	0.002514	18.5
1947	-1.107828	342.186771	7.381033	0.003856	23.6
1948	-1.096408	343.186500	7.360771	0.003128	18.7
1949	-1.101320	344.186500	7.340615	0.002242	33.7
1950	-1.120527	344.096616	7.342422	0.002325	18.8
1951	-1.122612	344.006702	7.344231	0.002310	18.7
1952	-1.096525	343.954265	7.345286	0.002871	22.3
1953	-1.127335	344.704532	7.330217	0.002872	18.6
1954	-1.097934	345.703086	7.310256	0.003457	18.5
1955	-1.131045	346.703079	7.290375	0.002006	20.6
1956	-1.118124	346.752586	7.289394	0.002184	27.4
1957	-1.122433	346.669865	7.291034	0.002294	24.6
1958	-1.111641	346.578784	7.292840	0.002282	19.4
1959	-1.135808	346.835199	7.287757	0.002256	22.7
1960	-1.126847	346.743972	7.289565	0.002523	20.6
1961	-1.128760	346.652203	7.291384	0.002743	18.4
1962	-1.108988	346.689749	7.290640	0.001897	22.5
1963	-1.119622	346.613573	7.292150	0.001651	18.7
1964	-1.099196	346.527531	7.293857	0.002775	23.0
1965	-1.122372	346.438296	7.295629	0.003213	18.4
1966	-1.107323	347.103417	7.282446	0.003701	18.4
1967	-1.116670	347.092806	7.282656	0.001947	20.7
1968	-1.085049	347.012683	7.284242	0.002141	18.5
1969	-1.113026	346.921754	7.286042	0.001814	18.5
1970	-1.127809	346.830967	7.287841	0.001850	21.8
1971	-1.089493	346.800114	7.288452	0.003231	19.0
1972	-1.100385	346.707967	7.290278	0.003063	21.4
1973	-1.098295	346.615813	7.292106	0.002790	18.6
1974	-1.104728	347.563438	7.273357	0.002053	18.4
1975	-1.118242	347.471353	7.275175	0.001876	22.2
1976	-1.127365	347.622710	7.272187	0.001640	18.6
1977	-1.103902	347.573915	7.273150	0.002966	18.8
1978	-1.079659	347.485102	7.274903	0.003719	30.2
1979	-1.118887	347.393055	7.276721	0.001882	20.9
1980	-1.071222	347.397159	7.276640	0.002256	22.3
1981	-1.103569	347.487189	7.274862	0.002168	21.7
1982	-1.126928	348.305049	7.258751	0.001910	25.1
1983	-1.103088	348.234315	7.260142	0.002918	20.8
1984	-1.109630	348.142248	7.261952	0.002414	25.8
1985	-1.115080	349.102661	7.243108	0.003193	26.6
1986	-1.114378	349.050262	7.244133	0.002279	46.7
1987	-1.093673	350.011848	7.225358	0.002320	36.0
1988	-1.098664	350.180525	7.222075	0.003093	31.9
1989	-1.084344	351.140856	7.203438	0.003081	32.6
1990	-1.105314	351.048811	7.205220	0.002325	37.8
1991	-1.125363	352.047890	7.185923	0.003175	39.7
1992	-1.124214	351.960159	7.187613	0.001717	32.6
1993	-1.114851	352.857553	7.170360	0.002549	25.5
1994	-1.111578	352.766021	7.172116	0.003024	20.7
1995	-1.104084	353.762031	7.153055	0.002462	21.7
1996	-1.110971	354.744400	7.134354	0.004027	26.0
1997	-1.085811	355.744013	7.115424	0.002122	20.7
1998	-1.103966	355.654482	7.117115	0.002211	26.8
1999	-1.130304	355.562355	7.118857	0.002182	37.6
