1:ItNr	2:Metric	3a:Time	3b:StepSize	4:||Gradient||	Time[ms]
0	-1.117895	0.000000	1998.875432	0.005023	5211.6
1	-1.127871	0.000000	1998.875432	0.005671	19.8
2	-1.112210	1.000000	1908.017458	0.005633	24.4
3	-1.110765	2.000000	1825.060177	0.005615	19.9
4	-1.106529	3.000000	1749.016003	0.005486	24.2
5	-1.110869	4.000000	1679.055363	0.005898	21.3
6	-1.093308	5.000000	1614.476311	0.004956	21.1
7	-1.124183	6.000000	1554.680892	0.005328	23.4
8	-1.094015	7.000000	1499.156574	0.005113	23.1
9	-1.113933	6.127495	1547.374152	0.005906	24.3
10	-1.111787	5.254989	1598.796462	0.005552	20.2
11	-1.112671	6.254989	1540.135773	0.006410	25.1
12	-1.109180	5.382484	1591.070182	0.005755	20.3
13	-1.136292	6.381814	1533.002285	0.005925	24.5
14	-1.103372	7.381814	1478.988745	0.005946	20.4
15	-1.107532	8.378392	1428.818285	0.005236	22.0
16	-1.114769	9.378392	1381.784253	0.004820	22.7
17	-1.111795	8.527214	1421.616802	0.004356	20.8
18	-1.117346	9.525262	1375.135894	0.005316	20.1
19	-1.097143	8.652757	1415.598013	0.005778	21.0
20	-1.124161	9.652757	1369.416262	0.005347	23.3
21	-1.099963	10.652757	1326.152534	0.004996	22.4
22	-1.120293	11.652757	1285.538735	0.005290	26.0
23	-1.122347	10.780252	1320.832332	0.005048	36.0
24	-1.140919	10.401226	1336.775321	0.005561	21.9
25	-1.099586	11.401226	1295.518384	0.005356	23.4
26	-1.128927	12.401220	1256.732055	0.005385	21.5
27	-1.122746	13.401220	1220.200442	0.005593	25.5
28	-1.117420	14.401220	1185.732695	0.005042	21.6
29	-1.119755	15.394263	1153.379137	0.004962	23.0
30	-1.107663	16.394263	1122.535392	0.004963	20.9
31	-1.094234	17.394263	1093.298331	0.005650	23.6
32	-1.144118	16.529965	1118.476516	0.004903	23.2
33	-1.110684	17.529965	1089.447771	0.005623	22.6
34	-1.144688	18.529965	1061.887722	0.005104	25.9
35	-1.116871	19.529965	1035.687657	0.004987	20.4
36	-1.120198	18.657459	1058.473862	0.004799	24.7
37	-1.135750	19.657459	1032.439922	0.005191	20.5
38	-1.132922	20.657459	1007.655887	0.005666	21.7
39	-1.117851	21.657459	984.033855	0.005619	25.2
40	-1.122047	20.784954	1004.581317	0.005086	22.8
41	-1.125741	21.784954	981.101537	0.005678	26.5
42	-1.137386	22.784954	958.694261	0.004847	20.4
43	-1.137480	23.784954	937.287646	0.005573	23.6
44	-1.112907	24.784954	916.816125	0.005457	22.1
45	-1.125049	25.784953	897.219752	0.004371	23.1
46	-1.118212	26.784953	878.443554	0.005017	22.9
47	-1.122186	27.784953	860.437109	0.005549	22.0
48	-1.150634	27.607008	863.587082	0.005324	31.9
49	-1.134849	26.734503	879.371981	0.005108	33.1
50	-1.148758	27.734501	861.327875	0.006728	21.7
51	-1.140133	28.734501	844.009357	0.005232	21.7
52	-1.127033	29.724565	827.535608	0.005730	24.0
53	-1.115449	30.724565	811.536719	0.005568	19.8
54	-1.144802	31.724565	796.144715	0.006479	24.5
55	-1.128179	30.852441	809.535347	0.005985	24.3
56	-1.143112	31.852441	794.218451	0.004450	25.8
57	-1.148979	32.852441	779.470402	0.006081	22.2
58	-1.161449	33.852441	765.260088	0.006055	21.1
59	-1.116490	34.852441	751.558626	0.006446	24.4
60	-1.129472	35.852441	738.339165	0.004931	20.0
61	-1.124031	36.852441	725.576711	0.005040	23.5
62	-1.125494	37.852441	713.247966	0.005960	22.3
63	-1.124697	38.852441	701.331193	0.006484	23.8
64	-1.154147	39.852441	689.806081	0.005675	19.9
65	-1.146522	40.852441	678.653634	0.005034	22.5
66	-1.136939	41.851892	667.861904	0.005388	24.1
67	-1.155224	42.851892	657.402357	0.005522	22.5
68	-1.127111	43.851892	647.265376	0.006355	25.1
69	-1.138035	44.851892	637.436268	0.005841	20.2
70	-1.137765	45.851892	627.901216	0.006094	26.6
71	-1.135640	46.851892	618.647219	0.005482	19.3
72	-1.148882	47.851892	609.662030	0.005979	21.7
73	-1.165501	46.983562	617.449029	0.006470	23.0
74	-1.134112	47.983562	608.498360	0.005810	25.4
75	-1.121309	48.983562	599.803485	0.005456	33.3
76	-1.135074	49.983562	591.353592	0.005762	27.0
77	-1.138682	50.983561	583.138476	0.005737	21.0
78	-1.138566	51.983561	575.148478	0.005080	20.1
79	-1.153611	52.983561	567.374474	0.005702	24.6
80	-1.137243	53.983561	559.807823	0.005427	22.6
81	-1.142083	53.111056	566.398409	0.006081	24.2
82	-1.146497	54.111056	558.857597	0.005766	23.1
83	-1.161525	55.111056	551.514937	0.005968	26.6
84	-1.137880	56.111056	544.362720	0.006214	20.6
85	-1.133773	57.111056	537.393634	0.006006	20.0
86	-1.107199	58.110249	530.606141	0.004467	24.7
87	-1.143481	57.245389	536.471024	0.005535	22.0
88	-1.134313	58.245389	529.701279	0.005030	23.6
89	-1.142323	59.245389	523.100261	0.005054	21.4
90	-1.134422	60.184901	517.046687	0.005275	23.6
91	-1.148381	59.312396	522.663827	0.005866	23.3
92	-1.150485	60.312394	516.235990	0.005792	20.6
93	-1.142335	59.439889	521.835433	0.006146	22.7
94	-1.136778	60.439889	515.427818	0.005805	21.1
95	-1.125460	61.439889	509.175653	0.005404	23.2
96	-1.155639	62.439889	503.073348	0.005284	19.4
97	-1.157645	63.439869	497.115693	0.005323	24.7
98	-1.144157	64.439869	491.297382	0.006188	22.1
99	-1.136067	65.439869	485.613693	0.005997	21.1
100	-1.129069	66.439869	480.060006	0.005298	25.8
101	-1.139529	67.346197	475.135157	0.004986	41.9
102	-1.147673	68.346197	469.817246	0.005475	22.4
103	-1.158651	67.473692	474.450464	0.005649	23.3
104	-1.139246	68.473692	469.147783	0.005955	20.3
105	-1.132235	69.473692	463.962322	0.004579	23.9
106	-1.158101	68.601562	468.478263	0.006143	22.6
107	-1.148412	67.729077	473.084871	0.006106	20.6
108	-1.127704	68.729077	467.812501	0.005515	21.2
109	-1.136006	69.729077	462.656354	0.005322	21.4
110	-1.165447	70.729077	457.612628	0.005902	20.6
111	-1.142999	71.363034	454.471688	0.005323	21.4
112	-1.149944	72.363034	449.603897	0.005542	20.3
113	-1.142313	73.363034	444.839278	0.006096	23.5
114	-1.150985	74.363034	440.174585	0.005622	19.5
115	-1.143084	75.362717	435.608141	0.006689	21.1
116	-1.140682	76.362717	431.134066	0.004256	21.4
117	-1.147180	77.362717	426.750961	0.006477	20.8
118	-1.148464	78.182723	423.222744	0.005459	19.5
119	-1.155479	79.182723	418.998236	0.006585	21.6
120	-1.157824	80.182722	414.857234	0.006693	20.6
121	-1.159549	79.310216	418.465691	0.006576	20.4
122	-1.146128	80.310216	414.335154	0.006290	20.9
123	-1.140376	81.310216	410.285361	0.006061	20.3
124	-1.152034	82.310216	406.313969	0.006306	23.5
125	-1.145020	83.310216	402.418723	0.006091	21.6
126	-1.164813	84.310216	398.597453	0.006441	20.1
127	-1.163617	83.437714	401.927451	0.005967	26.0
128	-1.145439	84.437714	398.115461	0.005852	40.1
129	-1.143985	83.566365	401.432949	0.004925	23.5
130	-1.139567	82.693859	404.810703	0.005621	22.8
131	-1.165327	81.821355	408.245779	0.006007	23.2
132	-1.139479	80.948850	411.739655	0.006209	20.0
133	-1.142018	81.948850	407.740196	0.006119	24.3
134	-1.135314	82.948850	403.817688	0.005526	23.2
135	-1.154693	83.948850	399.969931	0.006017	24.4
136	-1.157633	84.948850	396.194808	0.005798	19.8
137	-1.178286	85.948631	392.491083	0.005841	23.5
138	-1.144317	86.948631	388.855177	0.005487	21.9
139	-1.148170	86.076145	392.023678	0.006581	20.2
140	-1.147122	87.076145	388.396387	0.005430	25.0
141	-1.160220	88.076145	384.835605	0.005383	19.9
142	-1.159221	89.076145	381.339519	0.004921	27.5
143	-1.134438	90.076145	377.906383	0.005094	20.0
144	-1.157670	91.076145	374.534512	0.006394	23.9
145	-1.156812	92.076145	371.222279	0.005860	21.9
146	-1.143830	93.076143	367.968121	0.005423	20.6
147	-1.152731	94.076143	364.770515	0.006021	23.0
148	-1.162396	95.076143	361.628005	0.006607	21.5
149	-1.141672	94.203638	364.366828	0.005733	24.7
150	-1.145084	95.203638	361.231239	0.006494	21.1
151	-1.140271	96.203638	358.149157	0.005849	23.0
152	-1.169473	97.203638	355.119223	0.006333	21.1
153	-1.152525	98.203638	352.140126	0.006319	23.8
154	-1.161916	99.203638	349.210596	0.006004	38.1
155	-1.171888	100.203638	346.329407	0.007011	26.3
156	-1.149324	99.331133	348.840597	0.004930	21.6
157	-1.167452	100.331133	345.965485	0.006011	22.3
158	-1.155880	101.324166	343.156921	0.005759	49.6
159	-1.152311	102.324166	340.374361	0.006728	47.2
160	-1.141703	103.324166	337.636563	0.006113	47.1
161	-1.159071	104.324166	334.942458	0.005210	49.7
162	-1.146943	105.324166	332.291006	0.005977	48.2
163	-1.169676	106.324166	329.681203	0.005758	45.3
164	-1.163928	107.324166	327.112075	0.006432	46.9
165	-1.146652	106.451660	329.351410	0.005868	33.6
166	-1.161290	107.451660	326.787400	0.005992	32.1
167	-1.111275	108.451660	324.263002	0.005569	42.3
168	-1.158633	109.451641	321.777355	0.005864	30.1
169	-1.151128	110.451641	319.329479	0.006684	26.1
170	-1.160870	111.451591	316.918686	0.005962	47.6
171	-1.118875	110.579086	319.020184	0.005758	35.3
172	-1.159797	111.579086	316.613921	0.005557	33.5
173	-1.144710	112.579085	314.243686	0.005723	25.4
174	-1.138546	113.579085	311.908674	0.005635	20.4
175	-1.143361	114.579085	309.608108	0.006470	22.0
176	-1.146698	115.579085	307.341230	0.006083	24.7
177	-1.135995	116.579085	305.107306	0.005741	20.5
178	-1.154349	117.579085	302.905623	0.006194	25.2
179	-1.159314	118.579085	300.735486	0.006166	19.9
180	-1.157010	119.579085	298.596224	0.005305	22.6
181	-1.171426	120.579085	296.487183	0.004770	20.6
182	-1.169482	121.579085	294.407725	0.006386	22.5
183	-1.140629	121.862540	293.823589	0.007415	21.5
184	-1.150933	122.862540	291.781197	0.005811	20.9
185	-1.156873	123.862540	289.767004	0.006200	24.8
186	-1.142188	124.862540	287.780428	0.005938	20.6
187	-1.148605	125.862540	285.820906	0.005834	20.3
188	-1.158396	126.862540	283.887888	0.005656	25.2
189	-1.149021	127.862540	281.980841	0.007284	22.3
190	-1.135686	128.862540	280.099244	0.004432	22.2
191	-1.151794	129.862540	278.242592	0.006328	21.3
192	-1.155530	130.862540	276.410392	0.005261	22.2
193	-1.157284	131.862540	274.602163	0.005547	21.7
194	-1.135381	132.862540	272.817439	0.006246	20.3
195	-1.155397	133.862540	271.055764	0.005935	25.5
196	-1.155790	134.862538	269.316699	0.006175	58.5
197	-1.140854	135.862538	267.599802	0.005617	55.4
198	-1.152813	136.862538	265.904658	0.005413	46.5
199	-1.128605	136.089089	267.213874	0.005665	35.4
200	-1.159882	137.089089	265.523600	0.006010	38.7
201	-1.152986	138.089089	263.854575	0.004537	64.8
202	-1.142838	139.089089	262.206402	0.005185	50.6
203	-1.163043	138.216584	263.643290	0.006291	65.0
204	-1.155197	139.216584	261.997747	0.006456	50.2
205	-1.182182	140.216584	260.372618	0.005541	58.9
206	-1.119119	141.216584	258.767525	0.005704	31.8
207	-1.172684	140.344079	260.166870	0.005200	31.2
208	-1.143108	141.344079	258.564306	0.005361	40.7
209	-1.160056	140.471574	259.961448	0.005623	49.6
210	-1.148775	141.471525	258.361483	0.003748	38.1
211	-1.139445	142.471520	256.781022	0.005893	38.6
212	-1.163879	141.599016	258.158907	0.006137	35.9
213	-1.158298	142.599016	256.580909	0.006264	49.5
214	-1.151696	143.599016	255.022085	0.005241	27.1
215	-1.156445	143.072626	255.840265	0.005601	29.6
216	-1.187290	144.071516	254.292110	0.006083	31.5
217	-1.158532	143.203335	255.636611	0.005224	39.6
218	-1.158206	144.203335	254.089205	0.005539	38.7
219	-1.140907	145.203335	252.560420	0.005174	30.9
220	-1.161381	146.203335	251.049921	0.004872	22.9
221	-1.174992	146.795276	250.164278	0.007489	29.1
222	-1.161663	147.795276	248.682221	0.005743	24.7
223	-1.140493	148.795275	247.217621	0.006084	21.1
224	-1.150680	149.795275	245.770171	0.005177	23.3
225	-1.152691	148.922770	247.032131	0.006139	24.6
226	-1.166840	149.922770	245.586846	0.004435	23.2
227	-1.170158	150.922770	244.158374	0.006752	21.6
228	-1.178030	151.922770	242.746424	0.006127	25.4
229	-1.152955	152.922770	241.350710	0.004748	22.7
230	-1.161228	152.050265	242.567581	0.006074	23.6
231	-1.144290	153.050265	241.173917	0.005503	28.1
232	-1.164244	152.177760	242.389001	0.006041	43.7
233	-1.170985	153.177760	240.997382	0.005207	26.9
234	-1.157784	152.305254	242.210683	0.006677	22.6
235	-1.140564	153.305254	240.821106	0.005094	25.2
236	-1.133171	154.305254	239.447381	0.006001	23.3
237	-1.157486	153.432749	240.645087	0.005683	23.5
238	-1.145979	154.432749	239.273364	0.005339	27.1
239	-1.181146	155.432749	237.917191	0.005718	22.6
240	-1.162844	155.730035	237.516979	0.005475	24.0
241	-1.144039	156.726402	236.185415	0.005434	20.6
242	-1.158312	157.726402	234.863924	0.006501	28.7
243	-1.136601	158.726402	233.557139	0.005896	20.0
244	-1.141840	159.726402	232.264814	0.005128	23.5
245	-1.129521	160.726402	230.986713	0.005751	26.1
246	-1.168210	159.853897	232.101076	0.005225	22.7
247	-1.177000	160.853897	230.824771	0.006374	25.5
248	-1.167383	161.853897	229.562426	0.005760	21.1
249	-1.141046	162.853897	228.313812	0.006077	28.6
250	-1.163261	163.853842	227.078775	0.005609	20.5
251	-1.148245	162.981337	228.155664	0.005940	28.1
252	-1.144445	163.981337	226.922266	0.005368	21.5
253	-1.149918	164.981337	225.702131	0.005826	23.8
254	-1.150949	165.981337	224.495047	0.005529	23.9
255	-1.167748	165.108832	225.547512	0.005569	22.5
256	-1.162373	164.243517	226.601097	0.006069	24.3
257	-1.142990	163.371011	227.673449	0.005753	20.1
258	-1.155502	164.354462	226.465464	0.005329	25.4
259	-1.172290	165.354462	225.250223	0.006174	23.0
260	-1.164485	164.481956	226.309798	0.005356	34.5
261	-1.157670	165.481956	225.096224	0.005559	31.3
262	-1.172520	166.481956	223.895595	0.005181	27.8
263	-1.161686	166.778376	223.542162	0.005138	20.0
264	-1.161665	167.778376	222.358011	0.005490	23.6
265	-1.161625	168.778376	221.186339	0.005778	22.5
266	-1.153145	168.647455	221.339032	0.005941	23.8
267	-1.138010	169.647455	220.178046	0.005670	19.8
268	-1.172572	170.647455	219.029175	0.005624	25.4
269	-1.147619	169.774950	220.030901	0.005653	22.2
270	-1.151910	168.902444	221.041831	0.005308	21.6
271	-1.145924	169.902444	219.883953	0.004799	26.4
272	-1.115888	170.902444	218.738142	0.007092	20.9
273	-1.161470	171.902444	217.604210	0.005178	23.2
274	-1.153301	172.902444	216.481975	0.006384	19.6
275	-1.163680	173.902444	215.371255	0.005947	21.8
276	-1.160687	174.902444	214.271875	0.005002	23.3
277	-1.182905	175.902444	213.183662	0.006051	19.8
278	-1.161001	175.030299	214.132123	0.005860	21.0
279	-1.153615	174.157794	215.089458	0.005629	21.2
280	-1.177084	175.157794	213.992946	0.006426	23.8
281	-1.170159	176.157794	212.907556	0.005874	23.1
282	-1.170780	177.157794	211.833122	0.005847	38.5
283	-1.177975	178.157794	210.769477	0.006965	24.2
284	-1.171913	179.157794	209.716461	0.006077	25.0
285	-1.160671	178.285288	210.634635	0.006684	21.9
286	-1.161270	179.282076	209.586324	0.006114	20.3
287	-1.140395	178.410054	210.502847	0.004244	25.3
288	-1.152058	179.410048	209.452493	0.005584	20.7
289	-1.157913	180.410048	208.412562	0.005618	23.4
290	-1.147546	181.312248	207.483158	0.005656	22.4
291	-1.170940	180.472211	208.348257	0.005542	24.4
292	-1.153021	181.472211	207.319235	0.005213	20.8
293	-1.140605	182.472211	206.300329	0.005580	22.2
294	-1.174053	183.472211	205.291388	0.006626	21.8
295	-1.160684	184.472211	204.292268	0.004926	21.8
296	-1.164033	185.472211	203.302826	0.005812	27.8
297	-1.173196	185.330489	203.442469	0.005789	22.9
298	-1.151803	186.330489	202.461222	0.006084	22.6
299	-1.173760	187.330489	201.489395	0.005389	19.6
300	-1.138014	188.330489	200.526853	0.006346	24.5
301	-1.150351	187.520522	201.305769	0.005732	22.2
302	-1.172321	188.520522	200.344977	0.006349	20.5
303	-1.167635	189.520522	199.393312	0.006101	23.8
304	-1.176863	188.648016	200.223140	0.006099	21.8
305	-1.146744	189.648016	199.272629	0.005770	25.9
306	-1.141582	190.648016	198.331101	0.006158	21.0
307	-1.168989	191.648016	197.398428	0.006301	22.6
308	-1.175065	192.648016	196.474485	0.006103	20.4
309	-1.137927	193.648016	195.559152	0.005600	21.8
310	-1.149323	194.648012	194.652312	0.005609	21.8
311	-1.151992	195.648012	193.753839	0.005348	20.6
312	-1.149636	194.775506	194.537298	0.005155	28.9
313	-1.149257	193.903001	195.327119	0.005522	34.9
314	-1.153116	194.903001	194.422421	0.006645	27.7
315	-1.166464	195.903001	193.526064	0.005737	26.6
316	-1.160661	196.903001	192.637935	0.005784	23.5
317	-1.162240	197.903001	191.757920	0.006013	22.2
318	-1.172093	198.903001	190.885908	0.005864	24.4
319	-1.151696	199.903001	190.021792	0.005695	20.4
320	-1.163357	200.903001	189.165464	0.005523	20.0
321	-1.161290	201.903001	188.316819	0.005998	24.3
322	-1.165544	202.903001	187.475755	0.005637	22.5
323	-1.175462	203.901054	186.643785	0.005443	22.6
324	-1.141813	204.901054	185.817566	0.005065	23.9
325	-1.149165	205.901054	184.998630	0.005649	24.0
326	-1.166902	205.028549	185.712753	0.005472	23.4
327	-1.183417	204.156043	186.432411	0.005690	20.5
328	-1.137011	205.156014	185.608082	0.005306	22.5
329	-1.160375	206.156014	184.790987	0.006206	20.3
330	-1.162951	207.156014	183.981054	0.005967	24.2
331	-1.137331	206.283509	184.687328	0.005464	19.9
332	-1.166919	207.283509	183.878302	0.006196	23.6
333	-1.143835	208.283509	183.076333	0.006555	45.9
334	-1.164034	209.283509	182.281329	0.006191	37.4
335	-1.150810	210.089221	181.645790	0.006280	32.6
336	-1.157769	211.089221	180.863135	0.005953	51.0
337	-1.187712	210.678713	181.183603	0.005990	44.1
338	-1.172716	211.678713	180.404918	0.005197	35.6
339	-1.150455	210.806208	181.083951	0.005688	33.3
340	-1.162793	211.806208	180.306120	0.005871	23.9
341	-1.171112	212.806208	179.534942	0.006382	24.1
342	-1.158719	213.806208	178.770333	0.006516	25.6
343	-1.170605	214.806208	178.012209	0.005941	22.6
344	-1.165847	215.806208	177.260488	0.006185	26.4
345	-1.148235	214.933872	177.915887	0.006874	21.1
346	-1.120847	215.933872	177.164978	0.005843	24.8
347	-1.167071	216.933872	176.420380	0.006016	20.0
348	-1.168939	217.933872	175.682015	0.006003	25.4
349	-1.169843	217.061366	176.325897	0.005930	22.9
350	-1.150052	218.061366	175.588322	0.005970	21.9
351	-1.176760	219.061366	174.856891	0.006321	20.1
352	-1.169073	220.061366	174.131528	0.005443	29.4
353	-1.136342	221.061366	173.412159	0.005369	28.5
354	-1.162152	220.193228	174.036329	0.005626	23.0
355	-1.147390	221.193228	173.317745	0.005452	28.4
356	-1.160801	220.320723	173.944382	0.006177	24.2
357	-1.161249	221.320723	173.226555	0.005677	46.3
358	-1.159577	222.320723	172.514628	0.005816	31.5
359	-1.165589	223.320723	171.808529	0.005522	24.9
360	-1.146011	224.320706	171.108198	0.005480	27.3
361	-1.195929	225.303106	170.425719	0.006877	24.8
362	-1.147065	226.303106	169.736582	0.005389	23.7
363	-1.163111	227.303106	169.052996	0.004772	20.9
364	-1.175177	228.303106	168.374894	0.006735	24.0
365	-1.156523	229.303106	167.702210	0.004986	22.2
366	-1.155370	230.295127	167.040183	0.006254	25.1
367	-1.163005	231.069589	166.526967	0.004881	21.9
368	-1.171934	232.069589	165.868938	0.005629	20.4
369	-1.164613	231.197084	166.442781	0.006727	26.3
370	-1.163935	230.324584	167.020605	0.005192	20.7
371	-1.155405	231.324584	166.358677	0.005499	26.2
372	-1.146945	230.452079	166.935920	0.005851	24.4
373	-1.177883	229.678051	167.451374	0.006084	25.3
374	-1.154097	230.678051	166.786034	0.005697	25.6
375	-1.161731	231.678051	166.125961	0.005202	26.7
376	-1.155861	232.678051	165.471092	0.006238	22.7
377	-1.162200	233.678051	164.821365	0.005082	27.2
378	-1.175299	234.678051	164.176721	0.006172	22.4
379	-1.147555	235.678051	163.537100	0.004345	31.3
380	-1.151537	234.872721	164.051814	0.005247	23.4
381	-1.175539	235.843042	163.432047	0.006613	28.5
382	-1.161874	234.970777	163.988970	0.006717	26.4
383	-1.189961	235.970777	163.350808	0.006132	23.2
384	-1.158065	235.197121	163.844090	0.005710	23.3
385	-1.148412	236.192357	163.210076	0.005932	24.4
386	-1.170827	237.192357	162.577950	0.007377	29.8
387	-1.145697	238.192357	161.950702	0.005851	43.3
388	-1.163722	237.319851	162.497709	0.005993	39.8
389	-1.177909	238.319851	161.871079	0.005805	30.0
390	-1.152925	237.478889	162.397727	0.006138	29.6
391	-1.168216	238.478889	161.771866	0.005620	24.3
392	-1.134323	237.606384	162.317664	0.005305	29.3
393	-1.172771	236.733879	162.867157	0.005855	25.1
394	-1.143014	237.733879	162.237679	0.006390	29.6
395	-1.169166	236.861373	162.786630	0.005284	27.7
396	-1.185835	237.861373	162.157774	0.005819	30.5
397	-1.150633	238.861373	161.533757	0.004643	25.4
398	-1.178578	237.989408	162.077609	0.006030	28.0
399	-1.189317	238.959620	161.472709	0.006627	27.5
400	-1.141472	239.197129	161.325316	0.004794	24.7
401	-1.157985	240.197129	160.707678	0.004575	27.8
402	-1.166549	241.197112	160.094762	0.004833	24.8
403	-1.156730	242.197110	159.486493	0.006417	27.0
404	-1.167642	243.197110	158.882828	0.006159	24.4
405	-1.151139	244.197110	158.283716	0.006687	36.5
406	-1.168228	244.847542	157.896454	0.005258	40.0
407	-1.175988	243.975036	158.416373	0.006709	25.8
408	-1.169499	244.975036	157.820766	0.006306	22.9
409	-1.154889	245.975036	157.229622	0.005376	26.1
410	-1.143646	246.975036	156.642890	0.004860	22.6
411	-1.163806	246.102547	157.154563	0.006197	25.9
412	-1.174623	245.246615	157.659785	0.005806	23.2
413	-1.156339	246.246615	157.069844	0.005497	27.8
414	-1.160938	245.374124	157.584316	0.006306	23.8
415	-1.154393	246.374124	156.994938	0.005990	25.9
416	-1.164517	247.374124	156.409953	0.005533	32.1
417	-1.148453	246.501620	156.920112	0.005936	33.9
418	-1.180490	247.501620	156.335683	0.005401	30.3
419	-1.172986	248.501620	155.755591	0.005733	30.7
420	-1.135855	247.629115	156.261484	0.005012	36.1
421	-1.175497	248.629115	155.681942	0.005498	30.9
422	-1.144415	249.629115	155.106682	0.005556	33.0
423	-1.159807	248.756609	155.608362	0.005916	31.5
424	-1.136768	248.616896	155.688997	0.004861	112.9
425	-1.156868	249.616896	155.113685	0.005790	38.2
426	-1.169783	250.616896	154.542610	0.006365	37.9
427	-1.160397	249.744543	155.040554	0.005087	59.6
428	-1.191489	250.744543	154.470017	0.005624	46.6
429	-1.157265	251.744543	153.903662	0.007492	22.5
430	-1.186856	250.976580	154.338231	0.005603	25.6
431	-1.128444	251.976580	153.772841	0.006079	20.6
432	-1.129397	252.976580	153.211578	0.005219	36.7
433	-1.174397	253.932841	152.678683	0.005699	32.9
434	-1.174206	254.923173	152.130695	0.005162	46.2
435	-1.151802	255.923173	151.581334	0.005643	28.2
436	-1.163559	256.923173	151.035927	0.005955	22.4
437	-1.150106	257.923173	150.494431	0.006144	28.1
438	-1.160668	258.923173	149.956803	0.005931	23.0
439	-1.153137	259.923173	149.423003	0.005825	29.1
440	-1.164625	260.922526	148.893332	0.005177	25.7
441	-1.161170	261.922514	148.367069	0.005505	24.9
442	-1.163791	261.051971	148.824998	0.005249	26.3
443	-1.179516	260.298429	149.223670	0.006379	25.5
444	-1.164157	261.298429	148.695068	0.005508	25.0
445	-1.164458	262.298429	148.170197	0.004962	26.7
446	-1.185642	263.298429	147.649019	0.005311	27.4
447	-1.171054	262.438652	148.096894	0.005728	23.8
448	-1.168593	263.438652	147.576230	0.005491	30.7
449	-1.154062	262.566147	148.030308	0.005965	38.5
450	-1.154321	263.566147	147.510112	0.006255	24.3
451	-1.162196	264.566147	146.993558	0.005068	25.1
452	-1.157120	263.693642	147.444052	0.004737	25.8
453	-1.162505	264.693642	146.927960	0.005569	23.5
454	-1.144441	265.693642	146.415469	0.005889	25.5
455	-1.145921	266.692963	145.906885	0.006250	22.2
456	-1.167069	267.692963	145.401480	0.005357	23.6
457	-1.155080	268.692675	144.899708	0.005138	23.9
458	-1.145573	267.820173	145.337439	0.006081	26.0
459	-1.142109	267.021246	145.740582	0.006060	23.8
460	-1.187234	266.148741	146.183417	0.006019	22.8
461	-1.164417	267.148741	145.676098	0.005672	25.6
462	-1.144166	268.148741	145.172287	0.005024	24.1
463	-1.162253	269.144503	144.674063	0.006480	27.2
464	-1.170446	268.271997	145.110431	0.005756	24.7
465	-1.158419	267.399585	145.549391	0.005902	23.8
466	-1.155312	268.399585	145.046456	0.005521	26.8
467	-1.177352	269.399585	144.546984	0.005239	23.4
468	-1.158113	268.527080	144.982584	0.006331	24.2
469	-1.175800	269.527080	144.483551	0.005474	33.4
470	-1.169484	270.527080	143.987941	0.006448	31.2
471	-1.178438	271.527080	143.495720	0.005053	23.8
472	-1.152463	270.661210	143.921724	0.005582	24.6
473	-1.189132	269.788704	144.353558	0.006126	22.4
474	-1.165820	270.788704	143.858838	0.006196	21.9
475	-1.174268	271.788704	143.367498	0.005641	26.0
476	-1.169976	272.788704	142.879503	0.005844	21.1
477	-1.166650	273.788704	142.394819	0.005834	23.5
478	-1.185117	272.916199	142.817525	0.005816	21.8
479	-1.150701	272.051155	143.239101	0.005233	21.6
480	-1.162100	271.195546	143.658535	0.005285	25.5
481	-1.167459	272.195546	143.168560	0.005137	22.8
482	-1.152948	271.323041	143.595879	0.005178	23.1
483	-1.183443	270.450536	144.025757	0.005148	20.9
484	-1.170312	271.450536	143.533278	0.005962	21.0
485	-1.155894	272.450536	143.044156	0.005572	20.7
486	-1.170079	273.450536	142.558355	0.005561	23.2
487	-1.181694	272.599731	142.971466	0.006415	24.2
488	-1.166091	271.727226	143.397608	0.005051	20.8
489	-1.168786	272.727226	142.909408	0.005717	22.1
490	-1.150633	273.727226	142.424521	0.006670	24.1
491	-1.149021	274.727226	141.942914	0.005191	22.4
492	-1.161358	275.727226	141.464552	0.005477	25.7
493	-1.173260	274.870228	141.874309	0.005624	21.7
494	-1.174167	273.997723	142.293926	0.004920	23.6
495	-1.178458	274.997723	141.813199	0.005365	21.0
496	-1.175234	275.997723	141.335710	0.005175	24.6
497	-1.169628	276.997723	140.861426	0.005394	23.9
498	-1.194440	277.997722	140.390314	0.006219	28.2
499	-1.150820	277.125217	140.801186	0.004787	36.7
500	-1.166081	278.125217	140.330476	0.006148	27.4
501	-1.166674	279.125217	139.862903	0.005906	20.6
502	-1.191512	280.125217	139.398435	0.006513	22.1
503	-1.172020	280.904656	139.038545	0.005938	23.2
504	-1.162277	280.032151	139.441531	0.005405	21.7
505	-1.190269	279.160129	139.846635	0.006045	24.7
506	-1.160167	278.868496	139.982641	0.006265	22.0
507	-1.174955	279.868496	139.517379	0.005699	25.4
508	-1.156346	280.784966	139.093689	0.005963	21.2
509	-1.145639	281.784966	138.634307	0.004749	24.5
510	-1.171317	280.913904	139.034286	0.005270	20.7
511	-1.177422	280.041398	139.437248	0.006238	23.2
512	-1.177348	279.168893	139.842552	0.005707	20.9
513	-1.167296	278.296388	140.250219	0.005377	21.5
514	-1.193760	279.296388	139.783180	0.006858	25.9
515	-1.175181	278.423882	140.190501	0.005529	21.1
516	-1.171980	279.423882	139.723859	0.005793	25.2
517	-1.157482	280.403131	139.269901	0.005617	21.2
518	-1.170013	281.403131	138.809357	0.005965	25.1
519	-1.155460	282.402951	138.351931	0.004082	20.0
520	-1.185724	283.358647	137.917501	0.006584	20.6
521	-1.163122	283.777713	137.727866	0.005855	21.5
522	-1.154103	284.777549	137.277522	0.005959	22.8
523	-1.177525	285.777549	136.830039	0.005380	20.2
524	-1.178712	286.777549	136.385465	0.006103	21.9
525	-1.155857	287.777549	135.943770	0.006194	20.9
526	-1.152790	286.905044	136.328991	0.005902	24.3
527	-1.162421	287.905044	135.887662	0.005445	20.7
528	-1.159404	287.040351	136.269109	0.005349	27.8
529	-1.156368	287.018715	136.278681	0.005566	22.8
530	-1.149327	288.018715	135.837676	0.005127	22.6
531	-1.169940	287.146832	136.222020	0.005116	25.1
532	-1.188185	287.932289	135.875678	0.005692	22.0
533	-1.158507	288.932289	135.437273	0.005972	23.9
534	-1.178305	288.128279	135.789531	0.005946	20.2
535	-1.168257	289.128279	135.351682	0.005603	27.3
536	-1.191746	290.128279	134.916647	0.005734	22.5
537	-1.160535	291.128279	134.484399	0.005407	29.2
538	-1.140623	292.127363	134.055305	0.006110	35.3
539	-1.157283	291.254857	134.429883	0.005542	26.2
540	-1.165847	292.254857	134.000744	0.006692	21.0
541	-1.187583	291.382352	134.375018	0.005402	24.7
542	-1.179121	292.382352	133.946228	0.006499	22.4
543	-1.176353	293.382350	133.520168	0.005587	25.6
544	-1.172888	294.382321	133.096820	0.005691	31.8
545	-1.170114	295.382321	132.676137	0.005354	38.5
546	-1.181478	294.509815	133.043037	0.005997	36.8
547	-1.183386	295.509815	132.622693	0.006160	22.0
548	-1.164773	296.509273	132.205223	0.005507	27.2
549	-1.161030	297.509273	131.790148	0.005831	20.8
550	-1.160475	296.636767	132.152157	0.005023	21.4
551	-1.158899	297.636767	131.737415	0.005888	25.2
552	-1.165611	296.803019	132.083025	0.006167	20.8
553	-1.162091	295.930514	132.446648	0.006699	23.6
554	-1.175030	296.930514	132.030058	0.006366	22.0
555	-1.157045	297.718226	131.703745	0.005495	27.1
556	-1.137702	296.845720	132.065280	0.006315	20.1
557	-1.172664	295.973244	132.428793	0.006671	24.8
558	-1.184157	295.707012	132.540116	0.006343	22.4
559	-1.185063	296.707012	132.122939	0.007125	20.9
560	-1.159543	297.707012	131.708380	0.004882	23.0
561	-1.188970	298.707012	131.296414	0.006464	23.1
562	-1.192108	299.707007	130.887019	0.005628	24.8
563	-1.168630	300.707007	130.480167	0.006098	20.6
564	-1.166863	301.707007	130.075837	0.005473	24.9
565	-1.167902	302.707007	129.674005	0.005321	20.4
566	-1.174505	303.698402	129.278074	0.005237	22.7
567	-1.154989	302.825896	129.626397	0.005561	23.2
568	-1.165985	301.953391	129.976601	0.006139	23.6
569	-1.164192	301.421273	130.191112	0.004784	28.5
570	-1.165880	302.421273	129.788569	0.006776	21.6
571	-1.168778	301.549463	130.139370	0.004924	24.3
572	-1.185247	300.676958	130.492356	0.005807	21.1
573	-1.176074	301.676958	130.087950	0.007222	24.4
574	-1.197464	302.676958	129.686044	0.006461	20.2
575	-1.160121	302.204843	129.875480	0.005753	22.8
576	-1.161347	303.204843	129.474883	0.005418	27.9
577	-1.173519	304.204843	129.076749	0.004784	35.9
578	-1.161267	305.204843	128.681057	0.005095	27.1
579	-1.171978	306.204843	128.287783	0.004809	23.9
580	-1.165242	307.204843	127.896906	0.007242	21.3
581	-1.151393	306.332338	128.237816	0.004860	20.8
582	-1.170321	307.332338	127.847243	0.006210	21.8
583	-1.192504	306.459838	128.187885	0.005972	21.7
584	-1.150177	307.399157	127.821230	0.005322	21.1
585	-1.145986	306.526652	128.161735	0.005441	21.3
586	-1.154408	305.654147	128.504060	0.005745	21.6
587	-1.158588	306.654147	128.111866	0.005050	21.3
588	-1.177905	307.654144	127.722059	0.005797	25.3
589	-1.173963	308.654144	127.334617	0.006156	23.0
590	-1.200713	307.782006	127.672389	0.005864	28.2
591	-1.171264	308.781893	127.285291	0.006403	22.9
592	-1.162061	309.035725	127.187395	0.005379	27.5
593	-1.184975	310.035725	126.803184	0.005521	21.0
594	-1.162281	309.163221	127.138280	0.005625	27.7
595	-1.149676	310.116085	126.772410	0.005286	20.3
596	-1.166138	309.243581	127.107343	0.006417	25.2
597	-1.156741	308.371075	127.444051	0.004766	23.3
598	-1.183351	309.339851	127.070300	0.005566	21.0
599	-1.163040	310.339851	126.686796	0.004779	26.0
600	-1.161322	311.339851	126.305599	0.005711	20.2
601	-1.146475	310.467348	126.638067	0.005420	24.0
602	-1.178185	309.594842	126.972290	0.006696	20.1
603	-1.161611	308.722337	127.308281	0.005939	24.1
604	-1.190795	309.722337	126.923341	0.006092	22.5
605	-1.165339	310.722337	126.540722	0.005358	20.5
606	-1.177547	311.722337	126.160403	0.005414	23.2
607	-1.148404	312.722337	125.782363	0.006122	23.0
608	-1.158124	311.866888	126.105616	0.005727	25.6
609	-1.155544	312.866888	125.727904	0.004879	21.2
610	-1.158422	313.866888	125.352448	0.005805	24.3
611	-1.164719	314.866888	124.979227	0.006469	21.5
612	-1.165759	315.866877	124.608226	0.005613	27.6
613	-1.154068	316.866877	124.239418	0.005687	20.2
614	-1.164838	317.864534	123.873642	0.006095	23.5
615	-1.183426	318.864534	123.509163	0.005745	25.6
616	-1.149420	317.998498	123.824690	0.005071	26.9
617	-1.150889	317.125993	124.144209	0.005399	48.8
618	-1.162789	318.125993	123.778138	0.005250	26.0
619	-1.199983	319.125993	123.414220	0.006110	26.2
620	-1.169366	320.125993	123.052435	0.005439	21.6
621	-1.173948	319.253488	123.367976	0.005728	23.5
622	-1.191236	320.250509	123.007535	0.005205	20.3
623	-1.155658	319.378004	123.322846	0.005405	20.1
624	-1.170392	320.378004	122.961596	0.005983	22.2
625	-1.162496	321.378004	122.602456	0.006665	21.1
626	-1.162415	320.505499	122.915690	0.005846	20.8
627	-1.186638	319.634357	123.230036	0.006983	20.9
628	-1.172622	320.231729	123.014305	0.005115	20.7
629	-1.148616	321.231729	122.654858	0.005539	22.4
630	-1.137266	320.359224	122.968361	0.005514	21.3
631	-1.168356	319.486718	123.283470	0.005808	21.2
632	-1.146447	320.486718	122.922450	0.005230	22.7
633	-1.170755	319.645933	123.225848	0.006347	21.1
634	-1.189469	318.827968	123.522453	0.005605	20.5
635	-1.183863	319.827968	123.160034	0.005422	22.2
636	-1.166080	318.955462	123.476128	0.006021	23.5
637	-1.153428	319.955462	123.113980	0.005500	23.0
638	-1.175427	320.952426	122.755041	0.006547	22.3
639	-1.155313	321.941683	122.400939	0.005076	24.5
640	-1.165171	322.933157	122.048088	0.006301	24.7
641	-1.143958	322.060651	122.358492	0.004868	21.1
642	-1.165880	323.060651	122.002862	0.005660	23.4
643	-1.155802	322.188173	122.313026	0.006603	22.2
644	-1.161919	322.728552	122.120737	0.005214	23.4
645	-1.158699	323.728552	121.766485	0.005872	20.4
646	-1.175528	322.856047	122.075457	0.005716	25.3
647	-1.167437	321.983542	122.386001	0.005457	21.5
648	-1.173721	322.983542	122.030211	0.006235	21.9
649	-1.170314	323.983542	121.676483	0.005768	22.3
650	-1.173348	323.111037	121.984998	0.006480	20.5
651	-1.172317	322.271780	122.283236	0.005976	24.5
652	-1.159111	323.271771	121.928045	0.006391	20.3
653	-1.159459	324.271771	121.574909	0.005159	26.1
654	-1.171489	325.263431	121.226732	0.006271	23.4
655	-1.154402	326.263430	120.877641	0.004937	22.7
656	-1.184745	325.390975	121.182095	0.005020	21.2
657	-1.186039	326.390228	120.833520	0.005293	24.2
658	-1.164777	325.517833	121.137731	0.004795	24.3
659	-1.175844	325.992972	120.971857	0.005475	21.5
660	-1.178558	326.990434	120.625109	0.005788	25.6
661	-1.160674	327.990434	120.279469	0.004993	24.6
662	-1.178644	328.990434	119.935804	0.006150	42.2
663	-1.173220	329.989782	119.594319	0.005752	26.8
664	-1.163547	330.841524	119.304804	0.005323	21.4
665	-1.177160	331.841522	118.966679	0.005106	20.4
666	-1.175393	332.841501	118.630471	0.005031	24.4
667	-1.166614	331.968996	118.923714	0.005177	19.9
668	-1.159733	332.968996	118.587742	0.005839	25.6
669	-1.163748	332.096697	118.880704	0.006171	21.5
670	-1.177843	333.089848	118.547268	0.006338	21.9
671	-1.169147	334.081362	118.216242	0.005328	22.3
672	-1.171407	335.081362	117.884249	0.005896	20.5
673	-1.163251	336.081362	117.554117	0.005510	21.6
674	-1.166022	335.208856	117.842056	0.006081	23.7
675	-1.167181	334.336351	118.131410	0.005848	23.4
676	-1.162886	333.463847	118.422187	0.005914	19.9
677	-1.180605	332.591485	118.714352	0.005117	20.6
678	-1.171781	333.591485	118.379560	0.005561	24.0
679	-1.171542	334.591436	118.046668	0.005562	21.2
680	-1.172136	333.718965	118.337017	0.005661	23.7
681	-1.151006	334.718965	118.004347	0.006129	21.6
682	-1.161588	335.718957	117.673544	0.006091	20.1
683	-1.197468	336.718957	117.344589	0.005955	25.6
684	-1.186411	337.718957	117.017468	0.005615	19.7
685	-1.178648	336.846452	117.302781	0.005355	22.5
686	-1.181272	335.973947	117.589489	0.006033	21.1
687	-1.182266	336.972621	117.261438	0.005819	22.3
688	-1.160083	337.972620	116.934779	0.004870	19.4
689	-1.149189	338.972620	116.609936	0.004706	20.3
690	-1.160883	339.972620	116.286892	0.005136	23.3
691	-1.147580	340.972620	115.965633	0.005519	20.4
692	-1.177609	341.972620	115.646144	0.005504	20.7
693	-1.169824	341.100115	115.924802	0.006253	22.3
694	-1.161374	340.227610	116.204805	0.005904	21.7
695	-1.174548	341.227610	115.883999	0.006025	22.0
696	-1.157739	340.355104	116.163806	0.005736	19.6
697	-1.167312	339.482602	116.444965	0.004949	28.2
698	-1.180816	338.610704	116.727293	0.005027	21.1
699	-1.168812	339.610704	116.403600	0.005518	34.3
700	-1.160528	338.738199	116.685924	0.005014	28.5
701	-1.163427	339.738199	116.362460	0.005696	25.7
702	-1.182732	340.738009	116.040845	0.005409	19.7
703	-1.179465	339.865503	116.321410	0.005817	22.6
704	-1.182331	340.865503	115.999961	0.006631	20.6
705	-1.152544	341.865503	115.680283	0.005948	21.7
706	-1.171617	342.865503	115.362362	0.006521	22.1
707	-1.167457	343.865230	115.046271	0.005902	21.1
708	-1.160455	344.865230	114.731821	0.005971	23.8
709	-1.158435	343.992724	115.006084	0.005845	19.7
710	-1.170118	343.120219	115.281662	0.005204	19.8
711	-1.164892	344.103101	114.971316	0.005732	23.4
712	-1.169576	343.230595	115.246727	0.006154	21.8
713	-1.175261	344.227846	114.932047	0.006240	21.7
714	-1.181207	345.227836	114.618224	0.005762	19.8
715	-1.182377	344.355330	114.891944	0.006027	21.4
716	-1.167820	345.355330	114.578336	0.005813	23.7
717	-1.137486	344.482825	114.851865	0.005807	19.6
718	-1.174409	345.482825	114.538476	0.006532	22.8
719	-1.189505	346.306829	114.281524	0.006124	20.1
720	-1.165142	347.306829	113.971235	0.005111	21.2
721	-1.139251	348.306829	113.662626	0.005924	23.0
722	-1.142301	349.306829	113.355684	0.005898	21.6
723	-1.174319	350.306829	113.050396	0.004801	23.0
724	-1.160153	351.306829	112.746748	0.005948	23.8
725	-1.173252	352.306829	112.444726	0.005161	20.7
726	-1.166751	351.434324	112.708151	0.005634	21.4
727	-1.187273	351.794177	112.599356	0.005485	22.6
728	-1.150745	352.794177	112.298122	0.005714	24.7
729	-1.170182	351.929525	112.558490	0.005540	20.3
730	-1.165788	351.057020	112.822449	0.006512	25.7
731	-1.174434	350.295478	113.053852	0.006245	21.3
732	-1.178243	351.295478	112.750185	0.005553	21.3
733	-1.173984	350.422972	113.015045	0.006197	25.1
734	-1.172170	351.422972	112.711587	0.005919	20.2
735	-1.176122	350.602320	112.960500	0.005348	25.4
736	-1.161455	351.602320	112.657334	0.006773	20.6
737	-1.170701	352.602320	112.355791	0.004807	26.8
738	-1.173519	351.729852	112.618788	0.005729	22.3
739	-1.174124	352.729302	112.317616	0.005012	21.6
740	-1.180446	353.729302	112.017886	0.005627	24.1
741	-1.160767	354.729302	111.719751	0.005954	22.5
742	-1.158138	353.856797	111.979787	0.005720	31.7
743	-1.159742	354.856797	111.681855	0.005598	32.5
744	-1.167280	353.984291	111.941713	0.005779	20.9
745	-1.179801	354.984291	111.643984	0.005869	26.1
746	-1.161132	355.984291	111.347834	0.005455	20.3
747	-1.196489	356.984291	111.053250	0.005390	20.9
748	-1.160332	357.098599	111.019676	0.004829	24.3
749	-1.186445	356.226093	111.276459	0.005893	21.0
750	-1.165678	357.226093	110.982253	0.005355	24.2
751	-1.176788	358.226093	110.689599	0.005412	22.2
752	-1.185701	359.226093	110.398483	0.005868	23.3
753	-1.156753	360.226093	110.108895	0.005815	24.3
754	-1.179416	361.226088	109.820824	0.006286	22.1
755	-1.177258	362.226088	109.534255	0.004617	21.9
756	-1.171335	361.356554	109.783352	0.005186	22.3
757	-1.169521	360.484049	110.034441	0.004920	21.1
758	-1.181312	359.611544	110.286681	0.006424	21.1
759	-1.161240	358.739038	110.540081	0.005234	22.7
760	-1.170757	359.739038	110.249751	0.005757	24.1
761	-1.149485	360.739038	109.960942	0.005151	23.8
762	-1.168375	361.739017	109.673648	0.005546	24.6
763	-1.174129	360.866881	109.924129	0.006577	21.3
764	-1.197694	361.866881	109.637021	0.006583	23.5
765	-1.159377	362.866390	109.351548	0.005419	22.3
766	-1.166565	363.866390	109.067420	0.006090	20.3
767	-1.190348	364.866390	108.784764	0.006267	26.0
768	-1.162780	365.866390	108.503569	0.004849	20.3
769	-1.169003	366.866390	108.223824	0.005413	23.7
770	-1.182712	365.993891	108.467821	0.007017	22.7
771	-1.159561	366.993891	108.188260	0.006034	23.1
772	-1.168125	366.121386	108.432098	0.005468	22.3
773	-1.144801	367.121386	108.152721	0.004988	21.1
774	-1.152690	368.121386	107.874780	0.005503	23.5
775	-1.142360	367.248880	108.117206	0.006013	24.4
776	-1.177022	368.248880	107.839447	0.005844	24.7
777	-1.188168	369.248880	107.563112	0.005702	21.8
778	-1.150350	370.196926	107.302438	0.005917	23.0
779	-1.157229	371.196926	107.028845	0.005042	20.5
780	-1.177094	370.324421	107.267479	0.006221	23.0
781	-1.171277	371.324420	106.994064	0.004965	32.8
782	-1.160261	372.324420	106.722039	0.005364	34.6
783	-1.179299	373.324420	106.451394	0.006784	22.0
784	-1.182250	372.451914	106.687457	0.005102	22.6
785	-1.171051	373.451880	106.416996	0.005387	24.0
786	-1.160664	372.579374	106.652906	0.005503	22.7
787	-1.175005	373.579374	106.382611	0.005386	26.1
788	-1.145663	372.706869	106.618369	0.005602	20.7
789	-1.180880	373.706869	106.348248	0.005995	21.6
790	-1.178808	374.706869	106.079493	0.006106	22.9
791	-1.162482	373.836245	106.313401	0.006000	23.7
792	-1.173736	372.983639	106.543470	0.006532	20.5
793	-1.168913	372.111134	106.779942	0.005727	22.4
794	-1.175596	373.111134	106.509003	0.006175	24.7
795	-1.180780	372.249449	106.742385	0.007125	23.5
796	-1.167461	373.249449	106.471637	0.005903	23.4
797	-1.173527	374.249449	106.202258	0.006706	21.0
798	-1.161457	375.249449	105.934240	0.005352	23.8
799	-1.164773	376.249449	105.667570	0.005885	20.5
800	-1.162136	375.376943	105.900166	0.005432	20.2
801	-1.191814	374.504438	106.133788	0.005960	23.9
802	-1.162113	375.504438	105.866114	0.004966	22.5
803	-1.171976	376.504338	105.599814	0.005790	22.7
804	-1.171900	377.504338	105.334823	0.005607	20.5
805	-1.161442	378.504338	105.071160	0.004799	22.0
806	-1.167083	377.631833	105.301134	0.005998	23.3
807	-1.174859	378.631826	105.037640	0.006580	22.1
808	-1.163787	379.631826	104.775460	0.005495	24.3
809	-1.174489	378.759321	105.004141	0.005519	20.9
810	-1.146027	379.759321	104.742128	0.005178	22.9
811	-1.162128	380.759321	104.481419	0.004854	22.1
812	-1.165096	381.660515	104.247579	0.004933	21.2
813	-1.144597	380.797432	104.471509	0.004685	26.0
814	-1.177029	379.924926	104.698863	0.006515	20.2
815	-1.164601	380.924926	104.438370	0.005295	24.4
816	-1.174477	380.052421	104.665580	0.005136	20.1
817	-1.171565	381.052421	104.405251	0.005571	20.3
818	-1.172892	382.052421	104.146215	0.005863	24.9
819	-1.186749	383.052421	103.888461	0.006646	22.5
820	-1.165845	382.180477	104.113137	0.005463	23.1
821	-1.173899	383.180477	103.855546	0.005914	24.0
822	-1.164567	384.180477	103.599227	0.004814	23.7
823	-1.178728	385.180477	103.344170	0.005101	23.2
824	-1.155217	386.180477	103.090365	0.005439	23.8
825	-1.177124	387.180477	102.837805	0.005230	20.3
826	-1.170502	386.735021	102.950156	0.005212	21.0
827	-1.175930	387.735020	102.698281	0.005907	27.2
828	-1.159983	388.735020	102.447636	0.005682	25.2
829	-1.165722	389.735020	102.198211	0.005543	23.3
830	-1.180525	390.735020	101.949997	0.005443	28.5
831	-1.181632	391.734954	101.703003	0.005880	38.3
832	-1.163408	392.734954	101.457186	0.006228	26.7
833	-1.174618	393.512869	101.266781	0.006128	22.5
834	-1.161795	394.512869	101.023066	0.005554	24.7
835	-1.155537	395.512869	100.780521	0.004422	21.9
836	-1.183547	394.640363	100.992078	0.006564	23.0
837	-1.159935	395.638690	100.750087	0.005637	30.3
838	-1.179812	396.638687	100.508850	0.006161	21.9
839	-1.164626	395.769084	100.718565	0.004362	25.3
840	-1.173007	394.900720	100.928856	0.005443	20.5
841	-1.148915	395.900720	100.686763	0.005724	26.1
842	-1.188493	396.493469	100.543810	0.005505	19.5
843	-1.181737	397.493469	100.303558	0.005992	21.5
844	-1.164845	397.492914	100.303691	0.005329	26.2
845	-1.196988	398.492913	100.064585	0.005742	21.3
846	-1.161581	398.441104	100.076944	0.005612	21.5
847	-1.156150	399.441104	99.838916	0.005218	22.2
848	-1.166744	400.441104	99.602017	0.005817	24.7
849	-1.137866	399.568599	99.808650	0.006038	21.0
850	-1.186867	400.568599	99.571895	0.006315	21.5
851	-1.159394	400.543659	99.577785	0.005878	21.9
852	-1.149164	401.543659	99.342123	0.005877	23.2
853	-1.178342	402.543659	99.107573	0.006259	22.2
854	-1.183081	401.671154	99.312157	0.005929	22.4
855	-1.177119	402.671154	99.077749	0.005747	27.5
856	-1.172626	403.671154	98.844444	0.005208	22.0
857	-1.176600	402.804554	99.046562	0.005955	24.4
858	-1.170652	403.804554	98.813404	0.006264	22.4
859	-1.175237	404.804554	98.581341	0.006753	23.3
860	-1.168888	405.804554	98.350366	0.005773	25.4
861	-1.147761	406.804554	98.120470	0.004927	22.6
862	-1.179687	407.594169	97.939699	0.005178	29.1
863	-1.172410	408.594169	97.711717	0.005333	32.7
864	-1.149555	407.721664	97.910574	0.005765	65.8
865	-1.149179	406.849209	98.110229	0.004987	38.5
866	-1.176753	407.849209	97.881454	0.006385	29.7
867	-1.177616	408.849209	97.653743	0.005900	26.6
868	-1.158446	409.849209	97.427089	0.005891	22.7
869	-1.183865	409.724465	97.455305	0.005530	22.0
870	-1.171982	408.851960	97.653118	0.005276	26.4
871	-1.164829	407.979455	97.851735	0.005444	23.4
872	-1.159259	408.979455	97.624162	0.005734	25.1
873	-1.205189	409.979455	97.397645	0.005842	22.7
874	-1.150685	409.106949	97.595224	0.005330	26.8
875	-1.154119	408.234444	97.793606	0.005511	21.7
876	-1.179838	407.375922	97.989597	0.005295	27.5
877	-1.162034	406.503418	98.189587	0.005319	21.5
878	-1.177478	405.630913	98.390395	0.005620	28.8
879	-1.173069	404.776651	98.587802	0.006198	22.0
880	-1.174153	405.776651	98.356796	0.005512	27.5
881	-1.165802	406.776651	98.126871	0.005313	22.3
882	-1.179298	407.776651	97.898017	0.005431	22.9
883	-1.165259	408.776651	97.670229	0.006357	26.1
884	-1.171885	409.749908	97.449548	0.006084	22.4
885	-1.164749	410.749908	97.223840	0.004978	24.5
886	-1.160222	411.749908	96.999175	0.005068	20.2
887	-1.192998	412.749904	96.775547	0.005388	22.2
888	-1.178572	411.877696	96.970540	0.005862	26.8
889	-1.174226	412.877696	96.747043	0.006085	20.7
890	-1.171009	413.877696	96.524573	0.005983	22.0
891	-1.163369	413.005256	96.718608	0.005791	22.6
892	-1.192672	413.780527	96.546146	0.005609	24.9
893	-1.159360	412.908022	96.740281	0.005459	21.8
894	-1.170565	413.908018	96.517844	0.004617	22.5
895	-1.163667	414.908018	96.296426	0.004911	26.1
896	-1.152183	415.908018	96.076021	0.004666	20.8
897	-1.190237	416.908018	95.856624	0.004929	22.1
898	-1.152142	417.908018	95.638226	0.005174	22.1
899	-1.149996	418.908018	95.420821	0.005151	25.7
900	-1.162710	419.908017	95.204402	0.005399	21.5
901	-1.190721	420.908017	94.988962	0.005581	24.3
902	-1.157574	421.908017	94.774496	0.005094	22.6
903	-1.168801	421.035545	94.961558	0.005452	22.6
904	-1.179100	420.163542	95.149259	0.006085	38.6
905	-1.175712	421.115251	94.944438	0.005071	30.6
906	-1.164481	422.115249	94.730173	0.006776	23.7
907	-1.164048	423.115249	94.516872	0.004959	24.6
908	-1.172745	424.115249	94.304529	0.005898	22.5
909	-1.183269	423.266384	94.484718	0.004925	30.3
910	-1.183907	424.266384	94.272520	0.006536	20.5
911	-1.169820	423.393878	94.457611	0.005480	23.8
912	-1.173162	424.393878	94.245534	0.005696	22.8
913	-1.165503	423.521373	94.430519	0.005237	21.3
914	-1.180593	424.521373	94.218564	0.005965	24.4
915	-1.162520	425.521373	94.007558	0.006002	20.5
916	-1.157854	424.648868	94.191609	0.006516	29.0
917	-1.178741	425.648868	93.980724	0.005566	20.0
918	-1.167010	426.648868	93.770781	0.005385	26.4
919	-1.160022	425.776362	93.953905	0.006102	22.3
920	-1.163143	426.776362	93.744082	0.005160	21.7
921	-1.171883	425.903857	93.927102	0.005200	27.5
922	-1.167189	426.903075	93.717562	0.004333	21.5
923	-1.184032	427.795793	93.531144	0.005165	26.9
924	-1.192166	426.923522	93.713284	0.006327	21.1
925	-1.174018	426.051215	93.896141	0.004645	26.4
926	-1.168806	425.178711	94.079756	0.006070	23.2
927	-1.179980	424.306206	94.264090	0.005506	26.6
928	-1.162591	423.433704	94.449147	0.005662	23.5
929	-1.185074	424.433704	94.237108	0.005100	28.9
930	-1.153075	425.432245	94.026327	0.005944	22.1
931	-1.172171	426.432245	93.816180	0.006222	24.9
932	-1.183520	425.559740	93.999482	0.005582	22.1
933	-1.167351	426.559740	93.789455	0.005612	25.8
934	-1.168650	425.687234	93.972652	0.006082	20.7
935	-1.171314	426.687234	93.762745	0.005723	22.4
936	-1.192763	427.686887	93.553846	0.005471	25.6
937	-1.164641	428.686887	93.345804	0.005459	20.6
938	-1.176440	428.638940	93.355758	0.006195	23.8
939	-1.171544	429.638940	93.148595	0.005924	20.1
940	-1.189984	430.627417	92.944721	0.007017	21.6
941	-1.136959	431.627417	92.739376	0.005778	22.4
942	-1.164573	432.626346	92.535155	0.005981	35.3
943	-1.163535	433.626346	92.331614	0.005851	28.8
944	-1.186007	434.626346	92.128966	0.005551	22.0
945	-1.188133	435.626346	91.927206	0.006501	22.2
946	-1.174889	434.753841	92.103193	0.005317	20.4
947	-1.169446	433.881689	92.279784	0.005112	25.9
948	-1.194118	434.881689	92.077364	0.005959	19.5
949	-1.179813	435.881689	91.875829	0.005316	27.6
950	-1.183237	436.881689	91.675175	0.006016	22.0
951	-1.159139	437.881689	91.475396	0.006568	20.3
952	-1.161022	438.881680	91.276487	0.005280	32.3
953	-1.175843	438.056784	91.440505	0.005979	21.1
954	-1.149399	439.056784	91.241746	0.005569	23.8
955	-1.188906	440.056784	91.043849	0.005461	19.7
956	-1.171924	441.056784	90.846808	0.005698	26.6
957	-1.187672	440.184311	91.018673	0.005794	21.7
958	-1.172860	439.311806	91.191196	0.005234	23.4
959	-1.153819	440.311806	90.993518	0.005718	21.6
960	-1.156539	441.311806	90.796695	0.006225	24.3
961	-1.185127	440.439300	90.968377	0.005333	21.6
962	-1.174865	439.566795	91.140709	0.005007	19.6
963	-1.186639	440.566795	90.943249	0.006172	21.8
964	-1.170964	441.566795	90.746644	0.005717	19.9
965	-1.159165	442.566795	90.550886	0.004829	23.9
966	-1.179087	443.566795	90.355971	0.005139	19.8
967	-1.183887	444.566794	90.161894	0.006647	20.9
968	-1.188108	443.694291	90.331181	0.005582	22.8
969	-1.170063	444.694291	90.137210	0.005635	21.6
970	-1.184888	443.821785	90.306404	0.005122	21.8
971	-1.167552	444.821785	90.112540	0.006160	23.4
972	-1.152959	443.949280	90.281641	0.005929	23.8
973	-1.179006	443.076775	90.451379	0.006513	20.1
974	-1.177837	444.076775	90.256892	0.005298	20.5
975	-1.177711	443.206564	90.426089	0.005528	23.5
976	-1.177702	442.422512	90.579078	0.006546	20.7
977	-1.182377	441.577543	90.744535	0.006169	20.7
978	-1.166162	440.705051	90.916016	0.006870	20.9
979	-1.172716	441.705051	90.719528	0.006165	20.1
980	-1.179136	442.705051	90.523888	0.005872	21.3
981	-1.177607	443.705044	90.329091	0.006589	20.5
982	-1.163857	444.627805	90.150080	0.006666	19.9
983	-1.185925	445.627805	89.956886	0.005034	26.6
984	-1.178063	446.627804	89.764517	0.005646	31.2
985	-1.182843	447.627804	89.572970	0.005775	25.1
986	-1.147803	446.755299	89.740050	0.005648	22.1
987	-1.171545	445.882794	89.907756	0.006505	24.8
988	-1.167489	446.882353	89.715681	0.005734	19.7
989	-1.180395	447.882353	89.524342	0.005459	21.8
990	-1.171487	447.108609	89.672318	0.005445	23.5
991	-1.189650	448.108609	89.481163	0.006682	23.3
992	-1.168321	449.108609	89.290822	0.005018	22.1
993	-1.163905	450.011825	89.119597	0.006832	24.1
994	-1.191737	451.011825	88.930789	0.005687	25.8
995	-1.192354	452.011825	88.742779	0.005793	20.0
996	-1.170532	451.139995	88.906647	0.005806	21.3
997	-1.192112	450.267490	89.071249	0.006504	22.5
998	-1.157469	449.643743	89.189296	0.006012	21.0
999	-1.180116	450.643743	89.000193	0.005528	23.1
1000	-1.166412	449.771238	89.165142	0.005653	21.6
1001	-1.190341	450.771238	88.976141	0.005476	23.3
1002	-1.170286	449.898733	89.141000	0.006779	21.1
1003	-1.156694	449.026227	89.306472	0.005284	20.1
1004	-1.166606	450.026227	89.116872	0.005464	23.3
1005	-1.179115	451.026227	88.928076	0.006429	22.6
1006	-1.147066	450.153722	89.092757	0.005865	22.4
1007	-1.177330	449.281217	89.258049	0.005355	21.7
1008	-1.170874	450.279892	89.068905	0.005694	25.3
1009	-1.188153	449.413437	89.232961	0.006289	21.8
1010	-1.158502	448.540931	89.398775	0.004445	20.7
1011	-1.178840	449.540931	89.208784	0.005123	25.3
1012	-1.158908	450.463108	89.034292	0.004978	20.0
1013	-1.160425	451.463108	88.845845	0.005095	26.1
1014	-1.140170	450.590603	89.010222	0.006174	21.0
1015	-1.172815	451.590603	88.821876	0.006089	30.2
1016	-1.172263	452.590600	88.634327	0.005832	31.6
1017	-1.177433	451.718095	88.797921	0.005648	33.0
1018	-1.187987	452.706470	88.612647	0.006016	35.9
1019	-1.151976	451.833965	88.776161	0.005511	20.4
1020	-1.167775	452.833965	88.588804	0.005644	19.6
1021	-1.172132	451.961499	88.752222	0.006373	25.3
1022	-1.187027	452.961499	88.564966	0.005830	22.2
1023	-1.178595	453.961499	88.378498	0.004828	22.6
1024	-1.171825	454.961468	88.192820	0.006846	21.1
1025	-1.160462	455.960973	88.008006	0.005995	31.9
1026	-1.169680	456.960973	87.823874	0.005534	37.8
1027	-1.168868	457.960973	87.640510	0.005858	28.3
1028	-1.178497	457.088468	87.800453	0.005939	19.8
1029	-1.171120	456.215962	87.960981	0.005733	20.6
1030	-1.150045	457.214094	87.777388	0.004810	25.8
1031	-1.165988	458.214094	87.594218	0.005907	21.5
1032	-1.167016	457.469463	87.730539	0.005861	22.1
1033	-1.179720	456.596957	87.890811	0.006422	23.6
1034	-1.144318	457.596957	87.707169	0.004900	23.9
1035	-1.166228	458.596353	87.524402	0.005227	21.2
1036	-1.177536	457.723848	87.683921	0.007234	21.5
1037	-1.182031	458.723848	87.501141	0.004862	21.9
1038	-1.186533	457.951601	87.642225	0.006817	23.2
1039	-1.181050	458.298349	87.578820	0.005475	21.5
1040	-1.171306	457.427376	87.738257	0.006216	21.3
1041	-1.179727	458.427376	87.555251	0.004998	23.3
1042	-1.173246	459.427376	87.373006	0.005009	20.2
1043	-1.177212	460.427352	87.191523	0.005622	19.9
1044	-1.173114	461.427352	87.010788	0.005689	22.6
1045	-1.171925	460.554847	87.168438	0.006092	22.2
1046	-1.195732	459.682342	87.326661	0.005316	22.1
1047	-1.159196	460.682342	87.145366	0.006657	19.6
1048	-1.160743	461.682342	86.964822	0.005182	23.4
1049	-1.190255	460.809837	87.122306	0.005208	24.5
1050	-1.169985	459.981468	87.272352	0.006179	20.7
1051	-1.177003	459.108963	87.430953	0.005537	24.1
1052	-1.163473	460.108963	87.249225	0.005304	19.9
1053	-1.196467	459.236476	87.407738	0.006038	23.7
1054	-1.163478	460.236476	87.226107	0.005766	19.7
1055	-1.181556	459.363970	87.384539	0.006318	22.6
1056	-1.173844	458.491465	87.543548	0.006732	22.9
1057	-1.190405	459.491465	87.361352	0.005580	20.5
1058	-1.181073	460.491465	87.179913	0.006131	20.8
1059	-1.172019	459.618960	87.338178	0.006216	27.5
1060	-1.177217	458.746454	87.497018	0.005721	36.0
1061	-1.190293	459.746454	87.315015	0.005146	20.6
1062	-1.164728	458.873951	87.473771	0.005091	21.5
1063	-1.173951	459.760525	87.312460	0.006626	25.9
1064	-1.167829	460.760525	87.131224	0.005189	19.7
1065	-1.167587	461.755266	86.951686	0.005316	22.2
1066	-1.162804	462.755266	86.771942	0.005126	21.6
1067	-1.168585	461.882761	86.928728	0.006103	26.4
1068	-1.164718	462.882761	86.749079	0.005260	21.1
1069	-1.146488	463.882761	86.570172	0.005098	23.6
1070	-1.176848	463.010256	86.726229	0.005773	24.9
1071	-1.194428	464.010252	86.547416	0.006177	21.7
1072	-1.162050	465.009595	86.369455	0.005532	22.2
1073	-1.191779	466.009593	86.192109	0.006412	23.4
1074	-1.181991	465.137088	86.346805	0.006000	25.2
1075	-1.183069	464.264582	86.502056	0.005761	22.5
1076	-1.193453	463.392077	86.657867	0.006307	25.6
1077	-1.179832	462.519807	86.814198	0.006518	22.0
1078	-1.184136	461.647301	86.971136	0.006719	25.2
1079	-1.184314	462.647301	86.791313	0.005421	19.9
1080	-1.194414	463.647301	86.612231	0.006101	22.4
1081	-1.168851	462.831141	86.758335	0.006027	24.0
1082	-1.171481	461.958912	86.915021	0.005392	20.4
1083	-1.165843	462.958912	86.735429	0.005322	22.8
1084	-1.191474	462.086529	86.892061	0.006009	21.1
1085	-1.174652	463.086529	86.712564	0.005153	26.3
1086	-1.184824	464.086529	86.533807	0.005172	20.9
1087	-1.175052	463.214024	86.689732	0.006067	23.3
1088	-1.175932	464.214024	86.511069	0.006082	22.2
1089	-1.166829	463.341518	86.666913	0.005600	22.4
1090	-1.155355	462.469314	86.823264	0.005450	23.0
1091	-1.186169	461.596809	86.980235	0.004423	23.0
1092	-1.173369	460.724303	87.137775	0.006351	25.7
1093	-1.187008	461.724303	86.957263	0.006604	21.0
1094	-1.164654	462.724303	86.777497	0.005180	23.8
1095	-1.181704	463.724303	86.598472	0.006247	22.3
1096	-1.175168	462.851798	86.754631	0.005585	25.4
1097	-1.180827	461.979293	86.911354	0.006314	20.4
1098	-1.170688	462.045234	86.899489	0.005603	22.3
1099	-1.180653	462.979891	86.731670	0.006054	25.6
1100	-1.172596	463.979891	86.552834	0.006060	20.8
1101	-1.173677	464.979891	86.374735	0.005440	24.3
1102	-1.160566	465.979891	86.197366	0.005708	20.5
1103	-1.168225	466.979891	86.020725	0.005058	37.9
1104	-1.154143	466.107399	86.174803	0.006212	23.4
1105	-1.191772	467.107391	85.998255	0.005073	23.0
1106	-1.170337	468.107391	85.822428	0.006678	21.5
1107	-1.183605	467.234886	85.975798	0.005448	23.2
1108	-1.180640	467.472537	85.933969	0.004156	25.6
1109	-1.200936	468.472537	85.758405	0.005648	20.9
1110	-1.180966	469.472537	85.583557	0.005824	23.3
1111	-1.173021	468.600031	85.736073	0.006511	19.8
1112	-1.171010	467.727526	85.889134	0.004912	23.7
1113	-1.157000	468.727526	85.713753	0.005693	22.0
1114	-1.143001	469.727526	85.539086	0.005432	20.8
1115	-1.194730	470.727526	85.365130	0.005696	23.6
1116	-1.193167	469.855022	85.516868	0.005621	21.3
1117	-1.192418	470.855021	85.343002	0.006655	26.1
1118	-1.168442	471.855021	85.169842	0.006174	21.7
1119	-1.165912	472.855021	84.997382	0.005974	25.4
1120	-1.165304	471.982738	85.147777	0.005727	22.6
1121	-1.165159	472.982695	84.975414	0.005591	21.6
1122	-1.172155	472.110245	85.125759	0.005779	20.3
1123	-1.165066	473.110245	84.953478	0.004676	21.9
1124	-1.155318	474.110245	84.781893	0.005729	24.7
1125	-1.177853	473.755782	84.842635	0.005712	20.3
1126	-1.183926	474.755782	84.671497	0.005535	24.6
1127	-1.179874	475.755782	84.501048	0.005328	20.8
1128	-1.181461	476.755707	84.331296	0.004926	22.2
1129	-1.180863	477.755707	84.162213	0.005633	22.9
1130	-1.159965	478.755621	83.993821	0.005276	22.3
1131	-1.148293	479.755621	83.826087	0.005170	22.7
1132	-1.161999	478.883115	83.972398	0.006405	23.6
1133	-1.166926	479.883115	83.804750	0.005225	23.4
1134	-1.171057	480.883115	83.637769	0.005631	22.8
1135	-1.165570	481.883115	83.471453	0.004341	23.3
1136	-1.180221	482.883114	83.305796	0.006260	20.7
1137	-1.204257	482.377931	83.389401	0.005612	20.8
1138	-1.171560	483.377931	83.224070	0.006729	22.3
1139	-1.170433	482.505429	83.368285	0.006323	19.8
1140	-1.164248	483.505429	83.203037	0.004962	20.4
1141	-1.182025	482.749053	83.327966	0.005219	24.1
1142	-1.176434	481.876548	83.472543	0.006701	20.6
1143	-1.167304	482.876548	83.306882	0.005376	23.1
1144	-1.177279	482.004043	83.451385	0.005495	20.9
1145	-1.170328	481.135253	83.595772	0.004513	24.0
1146	-1.199812	482.133817	83.429860	0.006178	20.4
1147	-1.177052	481.337391	83.562133	0.005926	28.6
1148	-1.171414	482.337391	83.396117	0.005389	33.2
1149	-1.174875	483.337391	83.230759	0.006467	28.0
1150	-1.175840	482.464886	83.374998	0.005719	20.7
1151	-1.154248	483.464886	83.209724	0.004845	20.0
1152	-1.172470	484.464886	83.045104	0.006301	25.3
1153	-1.179265	483.592380	83.188700	0.005585	23.0
1154	-1.167058	484.592380	83.024163	0.005891	24.4
1155	-1.170650	485.592380	82.860275	0.005938	22.7
1156	-1.162824	486.592380	82.697033	0.005122	23.4
1157	-1.152332	487.592380	82.534434	0.005866	22.6
1158	-1.174908	486.719875	82.676267	0.005644	22.1
1159	-1.170789	487.719875	82.513749	0.005598	21.1
1160	-1.165807	488.719875	82.351868	0.004784	23.4
1161	-1.180493	487.847370	82.493075	0.005219	24.3
1162	-1.163909	486.974864	82.634766	0.005997	20.4
1163	-1.163875	486.903730	82.646339	0.004571	25.5
1164	-1.170328	486.042229	82.786762	0.005206	21.6
1165	-1.178746	485.171592	82.929158	0.006060	25.4
1166	-1.168702	486.171592	82.765645	0.005802	22.5
1167	-1.159632	485.299087	82.908275	0.005911	26.6
1168	-1.167954	486.299087	82.744845	0.005955	20.6
1169	-1.160682	487.299087	82.582057	0.005476	20.2
1170	-1.171063	488.299087	82.419908	0.005499	26.1
1171	-1.175165	487.426582	82.561348	0.005556	23.1
1172	-1.192178	488.426073	82.399363	0.005150	25.4
1173	-1.145609	487.692872	82.518129	0.005596	22.5
1174	-1.172948	486.820367	82.659907	0.005531	22.6
1175	-1.162678	486.130550	82.772343	0.005300	21.5
1176	-1.173890	487.130550	82.609448	0.004753	23.1
1177	-1.167946	488.130536	82.447194	0.005420	22.7
1178	-1.188925	487.258030	82.588728	0.006251	22.3
1179	-1.187874	486.385525	82.730748	0.005286	22.5
1180	-1.172198	485.513029	82.873256	0.005370	20.8
1181	-1.187564	484.640523	83.016258	0.005803	23.6
1182	-1.173487	485.640523	82.852402	0.005529	21.0
1183	-1.177130	486.640391	82.689212	0.006256	23.3
1184	-1.174633	487.447794	82.557904	0.005739	22.8
1185	-1.167193	486.575288	82.699818	0.005219	20.6
1186	-1.170851	487.575288	82.537207	0.005420	25.2
1187	-1.188798	488.559480	82.377790	0.005596	19.8
1188	-1.184989	489.559480	82.216442	0.005442	21.7
1189	-1.162886	488.686975	82.357184	0.005843	22.7
1190	-1.161959	487.814469	82.498409	0.005484	20.7
1191	-1.199703	488.814469	82.336588	0.006145	28.6
1192	-1.177041	489.814469	82.175401	0.005853	37.9
1193	-1.182466	490.814469	82.014844	0.006469	20.8
1194	-1.178311	489.941964	82.154896	0.005522	20.1
1195	-1.176654	489.069477	82.295424	0.005885	25.7
1196	-1.182074	490.069477	82.134399	0.005369	21.8
1197	-1.167277	491.069477	81.974002	0.005822	24.0
1198	-1.149822	492.069477	81.814230	0.005780	22.0
1199	-1.174450	491.197369	81.953533	0.006494	23.9
1200	-1.173441	490.324864	82.093376	0.005955	21.2
1201	-1.185297	491.324863	81.933139	0.005556	20.4
1202	-1.181497	492.324863	81.773526	0.005622	33.5
1203	-1.184097	491.452358	81.912754	0.006546	23.3
1204	-1.189709	492.452358	81.753221	0.005129	22.5
1205	-1.182031	493.452357	81.594308	0.005153	23.6
1206	-1.183838	494.452357	81.436012	0.005505	27.2
1207	-1.177005	495.451841	81.278409	0.005918	22.0
1208	-1.169724	496.451841	81.121335	0.005113	24.2
1209	-1.161841	497.451841	80.964866	0.005584	20.4
1210	-1.186249	498.451841	80.809000	0.006398	25.9
1211	-1.176640	499.451841	80.653733	0.006144	20.3
1212	-1.187731	500.229341	80.533425	0.005010	22.4
1213	-1.181293	501.229341	80.379214	0.006658	22.6
1214	-1.155190	502.229341	80.225593	0.005160	27.1
1215	-1.159345	503.229341	80.072558	0.005781	23.1
1216	-1.164135	503.501810	80.030961	0.004797	21.8
1217	-1.162936	502.629305	80.164314	0.005464	24.7
1218	-1.182054	501.756800	80.298112	0.005572	21.3
1219	-1.156053	502.756800	80.144800	0.005630	24.6
1220	-1.197632	503.756800	79.992073	0.005629	20.1
1221	-1.176276	504.756800	79.839926	0.005607	24.7
1222	-1.167825	505.756798	79.688358	0.005754	20.4
1223	-1.182268	506.756798	79.537363	0.006028	21.9
1224	-1.172031	507.756798	79.386940	0.005257	28.4
1225	-1.168209	506.884293	79.518153	0.005612	23.2
1226	-1.165379	507.884293	79.367802	0.005793	39.2
1227	-1.166506	507.011787	79.498953	0.005269	23.8
1228	-1.166047	506.139282	79.630537	0.005815	24.5
1229	-1.198123	505.266777	79.762558	0.005838	22.6
1230	-1.187274	506.266777	79.611282	0.004985	24.2
1231	-1.173292	507.266776	79.460579	0.006061	21.1
1232	-1.169222	508.266776	79.310446	0.005551	22.7
1233	-1.161388	509.266775	79.160879	0.005618	24.3
1234	-1.159614	510.266775	79.011875	0.005826	26.2
1235	-1.187933	509.394270	79.141851	0.005795	24.4
1236	-1.165255	510.394270	78.992918	0.005829	28.7
1237	-1.167941	509.521774	79.122830	0.004757	23.9
1238	-1.166540	510.521774	78.973969	0.005624	23.4
1239	-1.198351	511.521558	78.825699	0.005843	22.5
1240	-1.189193	510.649052	78.955062	0.005479	21.5
1241	-1.170438	511.649052	78.806831	0.005395	25.5
1242	-1.179457	512.649052	78.659156	0.005807	20.6
1243	-1.161016	513.649052	78.512033	0.004619	26.6
1244	-1.203575	512.776547	78.640368	0.006221	21.4
1245	-1.171133	513.776547	78.493315	0.006148	24.7
1246	-1.181510	514.776547	78.346811	0.005840	20.0
1247	-1.179025	515.776547	78.200853	0.006069	25.9
1248	-1.179779	514.904043	78.328172	0.005387	21.5
1249	-1.165638	515.904043	78.182283	0.005926	22.2
1250	-1.163266	516.904010	78.036942	0.005919	26.9
1251	-1.161614	516.031505	78.163727	0.005182	22.6
1252	-1.159986	515.158999	78.290925	0.005088	23.5
1253	-1.164362	516.158999	78.145175	0.005401	21.2
1254	-1.161396	515.345889	78.263645	0.004657	29.5
1255	-1.179610	516.345889	78.117996	0.005655	35.9
1256	-1.184480	515.473384	78.245045	0.005606	38.6
1257	-1.186124	516.473384	78.099466	0.004966	34.6
1258	-1.175122	516.320032	78.121755	0.005952	23.0
1259	-1.181544	517.320032	77.976634	0.005339	45.5
1260	-1.177127	516.449427	78.102947	0.006398	25.7
1261	-1.161392	515.578018	78.229787	0.005088	23.3
1262	-1.158789	516.578018	78.084264	0.006122	25.7
1263	-1.177090	515.705513	78.211204	0.005598	24.1
1264	-1.196616	516.705513	78.065750	0.005061	21.2
1265	-1.166584	515.833008	78.192629	0.005581	24.6
1266	-1.192500	516.833008	78.047244	0.005836	24.0
1267	-1.186560	516.053508	78.160525	0.005314	26.7
1268	-1.169842	516.968367	78.027607	0.005550	23.2
1269	-1.178269	516.095899	78.154356	0.005564	25.3
1270	-1.199221	517.095899	78.009113	0.005878	22.0
1271	-1.175868	518.095899	77.864410	0.004685	23.2
1272	-1.175713	517.223394	77.990635	0.005697	25.9
1273	-1.183570	518.223394	77.846000	0.005341	37.0
1274	-1.174267	519.223394	77.701900	0.005874	37.8
1275	-1.190334	518.350889	77.827598	0.005740	24.5
1276	-1.189822	517.478383	77.953703	0.005618	25.2
1277	-1.181494	518.392025	77.821662	0.006205	22.3
1278	-1.190386	519.392025	77.677653	0.006448	21.2
1279	-1.187691	520.392025	77.534175	0.005578	23.4
1280	-1.162643	521.391863	77.391250	0.005748	20.5
1281	-1.173062	522.391863	77.248827	0.005090	24.7
1282	-1.171736	521.541218	77.369945	0.006252	21.4
1283	-1.188954	522.541218	77.227601	0.005724	26.2
1284	-1.153681	523.541218	77.085779	0.005227	20.2
1285	-1.169834	524.541218	76.944478	0.005948	28.8
1286	-1.181727	524.236196	76.987523	0.006162	21.3
1287	-1.161959	525.236013	76.846607	0.004867	23.8
1288	-1.163250	524.363508	76.969551	0.005816	22.4
1289	-1.173538	525.363508	76.828674	0.005027	20.5
1290	-1.160125	526.363508	76.688313	0.005722	25.9
1291	-1.175604	527.363508	76.548464	0.005816	19.8
1292	-1.165228	526.491002	76.670455	0.006376	25.3
1293	-1.180380	527.491002	76.530670	0.005492	19.9
1294	-1.176454	528.491002	76.391395	0.005097	21.9
1295	-1.163539	529.374774	76.268728	0.005643	20.3
1296	-1.169765	530.374772	76.130404	0.005829	23.7
1297	-1.167675	529.502267	76.251065	0.005673	24.6
1298	-1.155463	530.502267	76.112804	0.004915	21.2
1299	-1.172274	531.403822	75.988584	0.006125	27.8
1300	-1.183721	530.531316	76.108795	0.006145	28.2
1301	-1.154341	531.531316	75.971050	0.005836	36.9
1302	-1.183930	532.531316	75.833802	0.004969	37.1
1303	-1.160894	533.531316	75.697049	0.005488	27.6
1304	-1.201343	534.531316	75.560788	0.006143	20.6
1305	-1.187244	535.531316	75.425017	0.006991	27.9
1306	-1.162292	534.658811	75.543451	0.005613	21.6
1307	-1.176317	535.658811	75.407742	0.005602	24.5
1308	-1.175075	536.658811	75.272520	0.004861	22.6
1309	-1.179595	535.786359	75.390468	0.005317	21.8
1310	-1.162817	534.913854	75.508793	0.005196	23.6
1311	-1.168551	534.041349	75.627490	0.006047	19.9
1312	-1.166176	535.041349	75.491479	0.005726	24.5
1313	-1.155423	534.168843	75.610122	0.006591	22.7
1314	-1.170591	535.168843	75.474174	0.005787	23.9
1315	-1.185903	536.167790	75.338856	0.005748	20.9
1316	-1.186711	537.167790	75.203881	0.006010	20.6
1317	-1.165628	536.295284	75.321621	0.005964	24.0
1318	-1.157280	535.422779	75.439730	0.005868	21.1
1319	-1.171177	536.422779	75.304393	0.005769	24.2
1320	-1.154057	535.550274	75.422448	0.005573	21.0
1321	-1.171351	534.677784	75.540872	0.005472	25.1
1322	-1.193019	533.805278	75.659670	0.006187	19.7
1323	-1.186665	534.805278	75.523543	0.005114	21.3
1324	-1.174113	533.932773	75.642287	0.006356	24.9
1325	-1.181109	534.932773	75.506223	0.005948	21.5
1326	-1.165752	535.916833	75.372805	0.005737	20.2
1327	-1.190480	535.645692	75.409519	0.004695	23.5
1328	-1.158323	534.773186	75.527904	0.006014	20.3
1329	-1.183832	533.900681	75.646662	0.005707	23.9
1330	-1.181207	534.900681	75.510582	0.005736	19.9
1331	-1.178374	535.618648	75.413183	0.005783	23.6
1332	-1.177888	534.746143	75.531580	0.005923	22.3
1333	-1.172715	533.873638	75.650349	0.005358	22.1
1334	-1.173676	534.873638	75.514256	0.006110	23.9
1335	-1.177245	535.873638	75.378652	0.005923	23.5
1336	-1.185696	536.873638	75.243534	0.005639	23.9
1337	-1.179804	537.571981	75.149462	0.006318	20.0
1338	-1.187836	538.571981	75.015164	0.005216	25.6
1339	-1.172322	539.571981	74.881345	0.005984	22.0
1340	-1.182153	539.177488	74.934079	0.005577	22.9
1341	-1.178914	538.304982	75.050975	0.005285	23.0
1342	-1.162547	537.432477	75.168236	0.005687	37.8
1343	-1.193413	538.432477	75.033871	0.006145	23.1
1344	-1.183884	537.560065	75.151066	0.006079	24.1
1345	-1.177805	538.560063	75.016762	0.006817	20.4
1346	-1.187776	537.687558	75.133916	0.006523	23.4
1347	-1.159476	536.815053	75.251437	0.006004	24.1
1348	-1.177264	535.942547	75.369325	0.006209	23.1
1349	-1.156590	536.942547	75.234241	0.005305	26.5
1350	-1.178147	537.942306	75.099672	0.005643	23.3
1351	-1.179240	537.069800	75.217086	0.005474	26.2
1352	-1.193223	538.069800	75.082546	0.005670	20.6
1353	-1.178313	539.069800	74.948487	0.005447	24.9
1354	-1.178185	538.197295	75.065428	0.005748	20.3
1355	-1.176566	539.123253	74.941334	0.005229	23.9
1356	-1.149518	540.123200	74.807786	0.006384	23.8
1357	-1.186013	541.123200	74.674705	0.005830	20.6
1358	-1.163703	540.251076	74.790741	0.005418	24.9
1359	-1.144075	539.378571	74.907190	0.005612	20.8
1360	-1.180417	538.506067	75.024002	0.006391	25.9
1361	-1.181657	539.506067	74.890151	0.005148	20.7
1362	-1.171327	540.506067	74.756777	0.005428	23.7
1363	-1.165935	539.633562	74.873120	0.005523	22.2
1364	-1.195851	539.241410	74.925529	0.005556	20.6
1365	-1.170048	540.241410	74.792029	0.005949	23.4
1366	-1.193669	539.368951	74.908476	0.005905	23.2
1367	-1.181439	538.496446	75.025292	0.005789	25.4
1368	-1.171774	537.623941	75.142472	0.004988	24.0
1369	-1.161727	538.623941	75.008199	0.004849	24.1
1370	-1.175816	539.623093	74.874518	0.005352	22.0
1371	-1.163141	538.750587	74.991228	0.005255	21.9
1372	-1.178644	539.750587	74.857495	0.005647	23.3
1373	-1.165631	538.878082	74.974151	0.005349	22.8
1374	-1.173448	539.878082	74.840479	0.005682	25.2
1375	-1.191893	539.005578	74.957082	0.006305	20.3
1376	-1.165400	538.133072	75.074050	0.006208	24.5
1377	-1.170199	537.260567	75.191383	0.005747	20.7
1378	-1.157072	536.388062	75.309084	0.006254	21.5
1379	-1.177561	537.388062	75.174215	0.005463	23.6
1380	-1.170154	536.515556	75.291862	0.005577	22.2
1381	-1.173606	537.405241	75.171902	0.005971	25.0
1382	-1.170104	536.532735	75.289542	0.005157	20.3
1383	-1.149015	537.532735	75.154743	0.005124	23.6
1384	-1.196917	538.532735	75.020426	0.006038	24.0
1385	-1.172874	539.532735	74.886588	0.005305	32.1
1386	-1.198100	540.532735	74.753227	0.006056	33.2
1387	-1.182152	541.532735	74.620340	0.006037	23.9
1388	-1.191242	541.820010	74.582253	0.005994	23.3
1389	-1.167944	542.820010	74.449972	0.006584	20.7
1390	-1.172179	541.947504	74.565361	0.005147	20.4
1391	-1.181258	542.947504	74.433141	0.005703	20.5
1392	-1.182071	543.947504	74.301389	0.004974	21.6
1393	-1.166435	543.075292	74.416279	0.005925	20.2
1394	-1.158562	544.075292	74.284586	0.005589	19.3
1395	-1.157680	545.075256	74.153363	0.004698	21.3
1396	-1.193942	546.075256	74.022599	0.005648	20.9
1397	-1.189981	545.202894	74.136647	0.005715	19.7
1398	-1.168850	546.183806	74.008432	0.005432	20.8
1399	-1.168473	547.183806	73.878178	0.005250	21.0
1400	-1.153909	546.311301	73.991800	0.005048	19.2
1401	-1.157859	545.438795	74.105772	0.005317	20.8
1402	-1.149712	544.566290	74.220096	0.005833	22.8
1403	-1.180070	545.566290	74.089096	0.005144	20.0
1404	-1.172321	546.566290	73.958557	0.006049	24.1
1405	-1.160594	547.566290	73.828478	0.005509	20.1
1406	-1.156411	546.693793	73.941947	0.005466	23.3
1407	-1.174281	547.682189	73.813432	0.005195	21.6
1408	-1.165653	548.675191	73.684768	0.005687	20.2
1409	-1.173253	547.933011	73.780890	0.006080	22.4
1410	-1.177148	548.757774	73.674088	0.005396	22.5
1411	-1.171723	547.885268	73.787082	0.004514	24.4
1412	-1.187719	548.884796	73.657666	0.006017	21.0
1413	-1.170169	548.012305	73.770609	0.005912	24.4
1414	-1.199581	549.012235	73.641198	0.005743	20.9
1415	-1.153157	549.842911	73.534038	0.006060	20.9
1416	-1.170486	550.842911	73.405446	0.004862	24.9
1417	-1.187603	549.970405	73.517618	0.006530	22.4
1418	-1.186782	550.970405	73.389084	0.006252	40.4
1419	-1.157745	551.970405	73.260999	0.005925	23.0
1420	-1.184888	552.970405	73.133360	0.005337	21.9
1421	-1.143932	552.097900	73.244701	0.005142	22.8
1422	-1.178143	553.097900	73.117118	0.006097	25.0
1423	-1.181174	554.097900	72.989980	0.006290	19.5
1424	-1.155218	553.225395	73.100884	0.004886	24.5
1425	-1.182293	552.352889	73.212126	0.006347	22.0
1426	-1.150302	553.290877	73.092549	0.004689	20.0
1427	-1.194664	554.290877	72.965496	0.005307	26.1
1428	-1.144813	553.540691	73.060768	0.005510	19.9
1429	-1.159139	554.540691	72.933825	0.005852	24.0
1430	-1.172352	555.540691	72.807323	0.005424	21.7
1431	-1.195971	554.671373	72.917268	0.005443	24.0
1432	-1.183793	555.671373	72.790823	0.005866	22.0
1433	-1.176870	554.828658	72.897352	0.004774	19.9
1434	-1.180030	555.828658	72.770975	0.005994	20.7
1435	-1.163626	556.640248	72.668731	0.005404	19.9
1436	-1.179434	557.638746	72.543334	0.005921	21.8
1437	-1.165099	556.766241	72.652885	0.005710	21.4
1438	-1.182466	557.766014	72.527383	0.006126	20.8
1439	-1.186893	558.766014	72.402285	0.005524	21.9
1440	-1.162832	559.766014	72.277618	0.004707	20.7
1441	-1.175637	560.766014	72.153380	0.005507	21.0
1442	-1.181441	559.894588	72.261620	0.006108	21.3
1443	-1.181150	559.022660	72.370249	0.005664	25.6
1444	-1.157591	558.164865	72.477435	0.005256	21.9
1445	-1.191419	559.164865	72.352510	0.005511	23.5
1446	-1.177274	558.295824	72.461051	0.005455	24.3
1447	-1.189000	559.295824	72.336182	0.005807	29.7
1448	-1.179102	559.276851	72.338547	0.005754	23.2
1449	-1.178530	558.404346	72.447479	0.005584	28.8
1450	-1.156371	557.531841	72.556739	0.005323	21.9
1451	-1.156072	558.531841	72.431541	0.004905	26.9
1452	-1.164531	558.143664	72.480089	0.005086	29.5
1453	-1.168326	559.143195	72.355212	0.005595	37.3
1454	-1.169829	560.143195	72.230707	0.006066	35.2
1455	-1.190019	561.143195	72.106630	0.005895	27.4
1456	-1.166686	562.114301	71.986545	0.006227	25.8
1457	-1.184312	563.114301	71.863305	0.006136	21.2
1458	-1.195694	564.114290	71.740487	0.006711	23.5
1459	-1.182315	565.114290	71.618087	0.006012	20.5
1460	-1.167693	564.241785	71.724858	0.004725	24.1
1461	-1.171739	565.241784	71.602511	0.005262	22.8
1462	-1.174725	564.369280	71.709236	0.005547	21.4
1463	-1.165118	565.369280	71.586943	0.005191	25.0
1464	-1.166027	566.369206	71.465074	0.005725	35.8
1465	-1.179403	567.369206	71.343612	0.005701	27.8
1466	-1.187474	566.496701	71.449566	0.004934	22.7
1467	-1.186769	565.624196	71.555835	0.005004	24.2
1468	-1.169573	566.624196	71.434063	0.005119	23.5
1469	-1.179507	567.624195	71.312706	0.005637	21.0
1470	-1.198007	566.751691	71.418568	0.006298	23.8
1471	-1.156097	567.751691	71.297263	0.006107	20.3
1472	-1.176712	566.879186	71.403079	0.004825	23.1
1473	-1.189241	567.879186	71.281827	0.006259	22.3
1474	-1.164039	568.879186	71.160985	0.004732	23.7
1475	-1.199683	569.879186	71.040553	0.006240	20.8
1476	-1.169446	570.879186	70.920528	0.005932	24.6
1477	-1.173165	570.006680	71.025228	0.005307	22.9
1478	-1.183600	569.134175	71.130238	0.005347	21.4
1479	-1.175080	568.261670	71.235558	0.005614	25.8
1480	-1.179701	567.389176	71.341190	0.005938	19.9
1481	-1.191249	566.516670	71.447137	0.005114	21.7
1482	-1.180606	567.516670	71.325735	0.005202	21.1
1483	-1.170122	566.644165	71.431636	0.004821	21.3
1484	-1.201557	567.614420	71.313890	0.006185	21.2
1485	-1.193079	568.614420	71.192940	0.005499	21.9
1486	-1.173550	567.741914	71.298447	0.005635	19.8
1487	-1.179207	568.741914	71.177549	0.005253	22.4
1488	-1.184388	569.741908	71.057062	0.005875	23.3
1489	-1.157023	568.869402	71.162166	0.006023	23.8
1490	-1.162795	567.996897	71.267581	0.006014	22.6
1491	-1.194945	567.124392	71.373309	0.005725	27.7
1492	-1.172018	566.251886	71.479352	0.006009	26.7
1493	-1.186024	567.230909	71.360385	0.005249	28.9
1494	-1.169305	566.358442	71.466384	0.004979	24.6
1495	-1.157159	565.485937	71.572703	0.004903	28.8
1496	-1.150232	564.613432	71.679340	0.005350	22.1
1497	-1.171786	563.740929	71.786294	0.005110	28.1
1498	-1.177354	562.868428	71.893567	0.005149	44.0
1499	-1.206083	561.995925	72.001162	0.006515	24.3
1500	-1.148049	562.995925	71.877872	0.005700	21.6
1501	-1.181997	563.995918	71.755003	0.005986	25.6
1502	-1.197229	564.995918	71.632554	0.005327	21.3
1503	-1.183941	565.995918	71.510521	0.006193	25.5
1504	-1.189574	565.172773	71.610941	0.005169	24.8
1505	-1.191669	566.172773	71.488982	0.006356	25.4
1506	-1.180626	567.172773	71.367438	0.005711	22.6
1507	-1.186775	566.300268	71.473463	0.004849	24.3
1508	-1.183743	565.427762	71.579804	0.006112	21.2
1509	-1.183093	566.427762	71.457951	0.005868	23.8
1510	-1.175611	567.427762	71.336512	0.005049	24.0
1511	-1.169784	566.555290	71.442441	0.005181	23.8
1512	-1.192813	565.682785	71.548689	0.006139	21.7
1513	-1.172344	566.682785	71.426942	0.005824	22.0
1514	-1.200480	565.810280	71.533144	0.006145	24.2
1515	-1.162941	566.810280	71.411449	0.004290	24.2
1516	-1.182709	566.023581	71.507151	0.006275	24.2
1517	-1.189217	567.023581	71.385545	0.005754	23.4
1518	-1.163273	568.023581	71.264352	0.005593	24.1
1519	-1.183739	568.364788	71.223095	0.005584	20.8
1520	-1.177675	569.364786	71.102452	0.005698	24.4
1521	-1.163393	568.494353	71.207440	0.005568	21.2
1522	-1.182762	569.494353	71.086851	0.006488	21.4
1523	-1.178443	570.494353	70.966669	0.005353	23.2
1524	-1.192903	569.621848	71.071506	0.006288	23.8
1525	-1.165957	570.621848	70.951376	0.005958	25.3
1526	-1.167820	569.749342	71.056167	0.005108	20.7
1527	-1.176470	570.749342	70.936089	0.006295	20.6
1528	-1.141923	571.749342	70.816416	0.005727	24.5
1529	-1.175576	570.876837	70.920809	0.006251	22.4
1530	-1.186030	571.876837	70.801187	0.006036	29.1
1531	-1.183373	572.876837	70.681969	0.006074	24.2
1532	-1.196701	572.004332	70.785965	0.006334	28.5
1533	-1.162135	573.004332	70.666798	0.005465	21.1
1534	-1.166274	572.131826	70.770750	0.006588	26.5
1535	-1.182202	571.330369	70.866507	0.005535	20.7
1536	-1.189417	572.330369	70.747068	0.006350	26.9
1537	-1.169318	573.330369	70.628032	0.005640	20.7
1538	-1.186205	574.285681	70.514688	0.006229	28.8
1539	-1.166227	575.278721	70.397253	0.005971	23.2
1540	-1.147057	576.278721	70.279390	0.005169	40.1
1541	-1.185022	577.278721	70.161921	0.005693	28.1
1542	-1.165922	578.272276	70.045597	0.005700	22.8
1543	-1.156561	579.272276	69.928907	0.004174	20.5
1544	-1.203915	580.272276	69.812605	0.006095	20.9
1545	-1.176851	581.272276	69.696690	0.005971	21.5
1546	-1.158624	582.272276	69.581159	0.005990	22.0
1547	-1.171264	581.399770	69.681939	0.006658	22.0
1548	-1.172434	582.399770	69.566457	0.004930	30.1
1549	-1.154173	581.527265	69.667194	0.006064	48.8
1550	-1.170721	580.654760	69.768224	0.005953	38.7
1551	-1.185354	581.654760	69.652456	0.005675	34.1
1552	-1.176241	582.654760	69.537071	0.006232	30.5
1553	-1.168395	581.782254	69.637724	0.005081	31.8
1554	-1.192093	582.781801	69.522440	0.006089	32.6
1555	-1.194990	581.909296	69.623050	0.005581	29.6
1556	-1.181902	582.908662	69.507836	0.004953	24.7
1557	-1.181331	583.908662	69.392929	0.005097	26.1
1558	-1.185958	584.908610	69.278408	0.006458	30.8
1559	-1.188027	584.036104	69.378313	0.005339	35.0
1560	-1.202384	583.163599	69.478506	0.005181	23.2
1561	-1.165162	584.163599	69.363696	0.005368	41.7
1562	-1.176316	585.160961	69.249567	0.006155	21.7
1563	-1.187034	584.288456	69.349388	0.005068	20.7
1564	-1.169832	583.415950	69.449498	0.005843	24.7
1565	-1.180329	582.543445	69.549896	0.004675	22.6
1566	-1.161461	583.543445	69.434851	0.005461	23.4
1567	-1.174688	582.670940	69.535208	0.005866	22.1
1568	-1.197075	583.670940	69.420211	0.005684	22.2
1569	-1.187983	582.798434	69.520525	0.006455	24.3
1570	-1.173514	581.925929	69.621129	0.006195	22.0
1571	-1.196873	582.925929	69.505848	0.006903	21.7
1572	-1.173649	582.053424	69.606410	0.006376	22.8
1573	-1.183988	583.053424	69.491178	0.005655	23.9
1574	-1.182233	584.053424	69.376327	0.005841	20.4
1575	-1.159707	584.940248	69.274791	0.005096	27.1
1576	-1.165278	585.940248	69.160653	0.005568	21.8
1577	-1.176995	585.067787	69.260213	0.005044	23.3
1578	-1.192806	586.067782	69.146124	0.005785	38.6
1579	-1.183674	587.067782	69.032409	0.005983	27.6
1580	-1.177247	586.240121	69.126500	0.004992	20.5
1581	-1.169550	587.240121	69.012850	0.006168	25.4
1582	-1.177681	586.367616	69.111989	0.004916	24.4
1583	-1.173323	587.367615	68.998387	0.004836	37.0
1584	-1.177456	588.360058	68.886012	0.005495	22.5
1585	-1.192349	587.487686	68.984772	0.005882	27.7
1586	-1.169603	586.615181	69.083830	0.005180	24.2
1587	-1.178642	587.610537	68.970847	0.006021	24.6
1588	-1.175875	586.738435	69.069820	0.005903	21.8
1589	-1.173754	585.865930	69.169123	0.004875	25.4
1590	-1.194038	586.865930	69.055333	0.004545	22.5
1591	-1.210038	585.993425	69.154594	0.005919	23.4
1592	-1.158391	586.993425	69.040852	0.005418	21.7
1593	-1.173499	587.993425	68.927483	0.005466	21.4
1594	-1.181789	587.120919	69.026377	0.005075	25.1
1595	-1.192768	586.248414	69.125556	0.005385	23.8
1596	-1.185025	585.376764	69.224922	0.004862	27.2
1597	-1.159463	586.376764	69.110948	0.005349	23.2
1598	-1.195347	587.376764	68.997349	0.005637	23.9
1599	-1.182122	588.376764	68.884123	0.005098	21.9
1600	-1.198522	587.504259	68.982893	0.006857	26.0
1601	-1.172788	588.504259	68.869714	0.004970	22.4
1602	-1.167480	589.494381	68.758019	0.006251	25.3
1603	-1.192444	590.494381	68.645576	0.006341	20.9
1604	-1.190561	589.621876	68.743662	0.005481	21.6
1605	-1.178547	590.621876	68.631267	0.004981	22.4
1606	-1.187355	589.749371	68.729312	0.005521	22.8
1607	-1.172630	588.876865	68.827638	0.004835	23.2
1608	-1.189187	589.876863	68.714968	0.005460	22.0
1609	-1.197710	590.876863	68.602666	0.006374	22.8
1610	-1.185513	590.008039	68.700216	0.005219	21.9
1611	-1.170095	590.996460	68.589260	0.005903	37.1
1612	-1.190346	590.123955	68.687185	0.006173	29.0
1613	-1.186395	591.123955	68.574974	0.005324	26.9
1614	-1.167272	592.123955	68.463128	0.005752	23.2
1615	-1.179243	593.123954	68.351648	0.005866	24.7
1616	-1.187179	594.123954	68.240529	0.005853	21.8
1617	-1.176702	595.123954	68.129771	0.005274	25.7
1618	-1.176241	596.123954	68.019372	0.005574	21.7
1619	-1.180856	595.861519	68.048310	0.004814	22.3
1620	-1.189102	596.861519	67.938175	0.005704	25.1
1621	-1.180413	597.861519	67.828396	0.005430	23.0
1622	-1.169169	598.861519	67.718971	0.006022	25.5
1623	-1.187435	599.861519	67.609898	0.005136	24.1
1624	-1.167221	600.861519	67.501176	0.005653	27.2
1625	-1.135587	601.861446	67.392812	0.005326	22.2
1626	-1.186719	602.821494	67.289095	0.005587	25.4
1627	-1.191417	603.821494	67.181402	0.005710	20.8
1628	-1.190573	602.948989	67.275346	0.005512	28.1
1629	-1.173865	603.948983	67.167697	0.006758	20.5
1630	-1.161543	604.948983	67.060392	0.005454	29.4
1631	-1.180477	605.948983	66.953429	0.005883	21.3
1632	-1.173031	605.105622	67.043615	0.005786	23.7
1633	-1.180115	604.236929	67.136764	0.005136	22.7
1634	-1.181598	603.364434	67.230582	0.005676	20.9
1635	-1.189860	602.533710	67.320152	0.005570	24.8
1636	-1.193495	603.533710	67.212359	0.007039	21.3
1637	-1.164995	604.533710	67.104911	0.006025	25.3
1638	-1.192244	603.661675	67.198590	0.005671	23.6
1639	-1.178032	602.789169	67.292582	0.005845	25.5
1640	-1.169902	601.916688	67.386835	0.006019	25.7
1641	-1.151695	602.916688	67.278829	0.005577	25.2
1642	-1.187552	602.044182	67.373046	0.005573	21.3
1643	-1.187641	603.044182	67.265084	0.006263	20.8
1644	-1.173728	604.044182	67.157467	0.005898	25.8
1645	-1.168980	603.171677	67.251344	0.005585	23.1
1646	-1.165561	604.171677	67.143771	0.005749	23.8
1647	-1.164780	603.300179	67.237501	0.005891	23.9
1648	-1.187829	604.300179	67.129973	0.005314	23.4
1649	-1.169963	603.427674	67.223773	0.006724	21.5
1650	-1.176020	604.427674	67.116288	0.006336	23.9
1651	-1.156489	605.427674	67.009147	0.005808	23.7
1652	-1.179083	606.427674	66.902347	0.005553	23.4
1653	-1.178339	605.555168	66.995512	0.006165	35.7
1654	-1.182105	606.555168	66.888755	0.005163	31.6
1655	-1.170947	605.682663	66.981882	0.006477	32.1
1656	-1.176412	604.810158	67.075268	0.006043	35.9
1657	-1.176644	605.810158	66.968258	0.006151	37.0
1658	-1.172515	606.806603	66.861967	0.004849	22.2
1659	-1.164570	607.806603	66.755635	0.006417	23.1
1660	-1.186153	608.806603	66.649641	0.005261	22.3
1661	-1.167140	609.802245	66.544443	0.005987	20.8
1662	-1.154556	610.802245	66.439118	0.004628	22.6
1663	-1.165295	611.802245	66.334126	0.005504	23.3
1664	-1.188776	610.964088	66.422104	0.005812	25.2
1665	-1.194018	610.091583	66.513934	0.005449	20.4
1666	-1.176885	611.091583	66.408706	0.005895	22.5
1667	-1.158357	612.091583	66.303810	0.005106	21.7
1668	-1.162188	613.091516	66.199252	0.005753	21.3
1669	-1.173599	614.091516	66.095016	0.006385	24.0
1670	-1.155621	615.091516	65.991108	0.006417	22.5
1671	-1.175285	616.091516	65.887526	0.005211	26.2
1672	-1.161819	617.091516	65.784269	0.005016	20.5
1673	-1.191604	617.572900	65.734678	0.005701	19.8
1674	-1.178398	618.572900	65.631899	0.005668	24.1
1675	-1.167273	617.700395	65.721556	0.005311	22.5
1676	-1.187950	618.700395	65.618818	0.007040	23.5
1677	-1.145231	619.700395	65.516401	0.005563	20.8
1678	-1.188213	618.827889	65.605743	0.004897	24.6
1679	-1.175421	617.955384	65.695329	0.005926	21.7
1680	-1.156533	618.955384	65.592673	0.005069	21.9
1681	-1.185169	618.082879	65.682223	0.005576	23.2
1682	-1.190021	617.210373	65.772018	0.005436	20.8
1683	-1.184837	618.181595	65.672079	0.006827	25.4
1684	-1.193122	619.181595	65.569495	0.006422	19.8
1685	-1.187704	620.181595	65.467232	0.006489	27.1
1686	-1.180599	621.181594	65.365287	0.004552	22.8
1687	-1.193351	622.181594	65.263659	0.005671	24.9
1688	-1.169131	623.072129	65.173421	0.005514	23.2
1689	-1.171652	624.072129	65.072388	0.005195	24.3
1690	-1.203594	625.071955	64.971686	0.005687	23.8
1691	-1.171690	626.071955	64.871277	0.005824	21.8
1692	-1.180890	625.199450	64.958867	0.005441	27.7
1693	-1.180578	626.199450	64.858498	0.005663	22.8
1694	-1.174469	627.199450	64.758438	0.005379	25.7
1695	-1.191655	628.199450	64.658687	0.005952	42.8
1696	-1.195545	627.326944	64.745703	0.005583	26.5
1697	-1.196718	626.454439	64.832954	0.006487	23.2
1698	-1.171198	625.581934	64.920441	0.005806	22.9
1699	-1.167453	626.581134	64.820270	0.005776	22.8
1700	-1.160963	625.726418	64.905937	0.005490	23.9
1701	-1.186124	624.853914	64.993620	0.004883	23.2
1702	-1.172755	623.981409	65.081541	0.005763	26.0
1703	-1.165911	624.981409	64.980793	0.005500	20.5
1704	-1.186299	625.981409	64.880356	0.006092	23.9
1705	-1.171683	625.108904	64.967970	0.005648	23.5
1706	-1.185279	626.105835	64.867881	0.005552	25.7
1707	-1.171013	625.233330	64.955461	0.005448	21.3
1708	-1.202632	624.360825	65.043279	0.005108	23.1
1709	-1.165248	623.488319	65.131334	0.006426	20.1
1710	-1.163808	624.488319	65.030432	0.006552	22.7
1711	-1.181792	623.615814	65.118452	0.005405	21.8
1712	-1.167793	624.615814	65.017590	0.005061	21.6
1713	-1.176787	625.325839	64.946164	0.005784	23.9
1714	-1.193195	626.114864	64.866976	0.005687	20.0
1715	-1.180108	627.114864	64.766890	0.005504	19.9
1716	-1.188583	628.114864	64.667113	0.005632	25.7
1717	-1.159764	629.114864	64.567642	0.004999	21.9
1718	-1.160764	630.114651	64.468499	0.005883	23.3
1719	-1.194300	631.114651	64.369638	0.005094	20.1
1720	-1.163772	632.114651	64.271080	0.005275	21.7
1721	-1.191292	633.114584	64.172830	0.006119	22.8
1722	-1.166418	633.693126	64.116122	0.005705	20.7
1723	-1.187344	634.693126	64.018338	0.005617	25.5
1724	-1.180907	635.693126	63.920852	0.005687	20.1
1725	-1.180745	636.693126	63.823662	0.006340	26.8
1726	-1.175117	635.901341	63.900591	0.005986	32.4
1727	-1.175167	636.901341	63.803463	0.006057	27.2
1728	-1.183071	637.901341	63.706630	0.004904	21.9
1729	-1.178902	637.032927	63.790705	0.005079	20.4
1730	-1.201310	638.032927	63.693910	0.005099	22.0
1731	-1.173997	637.160422	63.778347	0.006451	21.5
1732	-1.198791	638.160422	63.681591	0.005814	22.8
1733	-1.187106	639.159518	63.585214	0.005189	21.6
1734	-1.185262	638.287091	63.669355	0.005301	22.5
1735	-1.168785	639.287089	63.572929	0.005834	25.5
1736	-1.174486	640.287089	63.476794	0.005285	23.1
1737	-1.151194	641.287089	63.380949	0.004797	28.6
1738	-1.169494	642.287050	63.285397	0.005991	26.4
1739	-1.167979	641.416361	63.368580	0.004735	25.7
1740	-1.179907	640.543856	63.452156	0.005843	23.3
1741	-1.176472	641.543856	63.356386	0.005235	25.5
1742	-1.183965	642.543563	63.260932	0.005702	21.9
1743	-1.200993	641.671312	63.344200	0.005705	24.1
1744	-1.186796	642.671312	63.248755	0.004509	24.6
1745	-1.195350	641.798807	63.332015	0.004988	24.9
1746	-1.174709	642.790082	63.237438	0.006429	22.2
1747	-1.186268	641.917576	63.320668	0.005606	29.4
1748	-1.185818	641.045071	63.404118	0.006167	26.7
1749	-1.170189	642.045070	63.308493	0.005296	24.2
1750	-1.158533	641.172565	63.391911	0.005762	23.5
1751	-1.158029	642.172565	63.296322	0.005474	27.8
1752	-1.189216	642.489352	63.266101	0.005886	23.3
1753	-1.175639	643.489352	63.170890	0.005934	28.0
1754	-1.171563	642.622377	63.253419	0.004571	23.1
1755	-1.159999	643.622377	63.158247	0.006119	25.1
1756	-1.172524	644.622377	63.063361	0.005771	24.4
1757	-1.187648	645.622377	62.968759	0.005484	28.0
1758	-1.175422	646.622377	62.874442	0.004957	52.8
1759	-1.167102	647.622375	62.780406	0.004973	39.7
1760	-1.167446	646.749870	62.862437	0.005898	36.8
1761	-1.183484	647.749870	62.768437	0.006108	55.3
1762	-1.193282	648.749870	62.674718	0.006143	24.1
1763	-1.168772	649.749870	62.581278	0.006650	23.6
1764	-1.181720	648.877365	62.662789	0.004812	20.8
1765	-1.196130	649.877365	62.569385	0.006620	25.4
1766	-1.170738	650.877365	62.476259	0.004823	19.9
1767	-1.144994	650.004860	62.557496	0.006073	21.7
1768	-1.185247	649.132355	62.638946	0.006816	25.1
1769	-1.192425	650.132354	62.545612	0.005409	20.1
1770	-1.194241	651.132354	62.452557	0.006512	22.9
1771	-1.185442	650.809848	62.482538	0.005517	24.2
1772	-1.183690	651.809848	62.389670	0.005568	23.2
1773	-1.165658	652.809848	62.297077	0.006307	21.0
1774	-1.173055	651.938916	62.377703	0.006471	21.1
1775	-1.188322	652.221553	62.351516	0.005604	25.1
1776	-1.181794	653.221553	62.259036	0.006371	25.4
1777	-1.194251	652.352139	62.339423	0.006791	23.2
1778	-1.195488	653.349602	62.247214	0.005554	21.9
1779	-1.200574	652.477096	62.327857	0.006445	24.1
1780	-1.179508	653.477096	62.235448	0.005897	20.2
1781	-1.178802	654.477091	62.143313	0.005058	20.2
1782	-1.161344	653.604586	62.223686	0.005140	26.1
1783	-1.177007	654.604586	62.131585	0.005015	21.2
1784	-1.173958	653.994463	62.187746	0.005044	23.9
1785	-1.179828	654.994463	62.095751	0.006081	22.8
1786	-1.187828	655.678568	62.032974	0.005334	23.7
1787	-1.180412	654.806062	62.113062	0.005554	21.9
1788	-1.166654	655.806062	62.021289	0.005925	20.5
1789	-1.191140	654.933557	62.101347	0.006590	24.6
1790	-1.175333	655.933557	62.009607	0.005255	22.3
1791	-1.159861	655.061441	62.089599	0.004816	23.1
1792	-1.183165	656.061440	61.997895	0.005783	20.8
1793	-1.188322	657.061438	61.906461	0.004948	26.1
1794	-1.132476	656.188932	61.986223	0.005014	21.6
1795	-1.197424	657.187669	61.894938	0.005777	22.3
1796	-1.167876	658.187669	61.803808	0.005730	22.1
1797	-1.175787	659.187669	61.712945	0.004738	21.0
1798	-1.185375	660.187669	61.622349	0.006416	25.7
1799	-1.193873	659.315164	61.701379	0.005111	20.2
1800	-1.172280	660.314864	61.610844	0.004939	26.5
1801	-1.162573	661.314864	61.520548	0.006032	24.1
1802	-1.180503	662.314863	61.430515	0.004634	27.8
1803	-1.183328	661.443019	61.508995	0.005863	40.4
1804	-1.180180	662.443019	61.418996	0.005767	33.9
1805	-1.180687	662.437267	61.419513	0.004660	38.6
1806	-1.144091	661.564761	61.498024	0.005829	26.5
1807	-1.193995	660.692266	61.576735	0.004755	26.8
1808	-1.193802	659.819765	61.655648	0.005553	22.0
1809	-1.176358	660.819765	61.565220	0.005474	27.4
1810	-1.171532	659.947260	61.644105	0.006404	20.3
1811	-1.163429	660.946473	61.553781	0.005610	20.8
1812	-1.193788	661.922553	61.465804	0.006259	25.0
1813	-1.167463	662.915011	61.376609	0.005510	22.2
1814	-1.166308	662.152690	61.445098	0.005094	24.2
1815	-1.170712	663.152690	61.355286	0.006623	23.3
1816	-1.148500	664.152690	61.265736	0.005071	24.2
1817	-1.176454	663.280449	61.343831	0.005952	22.7
1818	-1.183155	662.407944	61.422148	0.005347	23.7
1819	-1.163554	661.535440	61.500666	0.005467	23.5
1820	-1.172245	662.355385	61.426872	0.005401	23.2
1821	-1.169395	663.355385	61.337114	0.005721	20.9
1822	-1.170589	664.355385	61.247617	0.005098	21.9
1823	-1.176482	663.482880	61.325689	0.005546	23.3
1824	-1.179372	662.613352	61.403693	0.005192	23.5
1825	-1.175384	663.613351	61.314002	0.005504	23.4
1826	-1.176913	663.349938	61.337602	0.005328	21.5
1827	-1.169330	664.336738	61.249283	0.006177	25.5
1828	-1.173041	663.464232	61.327360	0.005996	21.0
1829	-1.173925	664.464232	61.237891	0.004507	19.9
1830	-1.164979	665.464232	61.148684	0.005716	26.1
1831	-1.196554	664.593030	61.226387	0.006620	22.2
1832	-1.191275	665.593030	61.137213	0.006606	24.3
1833	-1.171138	666.593030	61.048298	0.005633	22.7
1834	-1.155082	665.720525	61.125862	0.005755	22.2
1835	-1.189184	666.720525	61.036980	0.005535	22.0
1836	-1.143841	667.720525	60.948356	0.004850	21.8
1837	-1.177530	666.848020	61.025667	0.006348	21.0
1838	-1.151306	667.848020	60.937076	0.004553	23.3
1839	-1.195608	666.975514	61.014358	0.005787	23.8
1840	-1.173113	666.103009	61.091836	0.005781	20.3
1841	-1.157388	667.103009	61.003053	0.005554	25.0
1842	-1.180779	666.230505	61.080502	0.005466	23.4
1843	-1.194732	665.358022	61.158146	0.005828	25.1
1844	-1.155271	664.521694	61.232758	0.005075	28.3
1845	-1.211162	663.649188	61.310792	0.005914	39.7
1846	-1.172973	662.842645	61.383104	0.004979	22.0
1847	-1.179334	663.842645	61.293473	0.005524	26.9
1848	-1.178997	664.842645	61.204103	0.005517	23.9
1849	-1.157939	665.842645	61.114994	0.005841	25.6
1850	-1.203001	666.842645	61.026144	0.005085	23.4
1851	-1.172910	667.842629	60.937553	0.005176	29.5
1852	-1.172223	666.970123	61.014836	0.005037	19.9
1853	-1.188094	667.970123	60.926276	0.005531	23.6
1854	-1.197171	667.097628	61.003530	0.006603	20.7
1855	-1.174501	668.097628	60.915003	0.004965	21.6
1856	-1.172144	669.097628	60.826733	0.005221	23.7
1857	-1.162541	668.229326	60.903363	0.005128	22.6
1858	-1.173648	669.229326	60.815127	0.005131	24.3
1859	-1.191325	670.229326	60.727146	0.006116	23.3
1860	-1.171747	671.229326	60.639419	0.005360	23.4
1861	-1.182689	672.229325	60.551945	0.005810	25.0
1862	-1.179184	673.229325	60.464723	0.005854	24.6
1863	-1.181669	674.217199	60.378806	0.006399	25.0
1864	-1.209348	675.217199	60.292081	0.007284	51.6
1865	-1.195824	676.211332	60.206113	0.005572	44.4
1866	-1.144074	675.338837	60.281549	0.004823	42.4
1867	-1.186635	676.338837	60.195104	0.005446	28.3
1868	-1.188446	676.366775	60.192693	0.005056	31.2
1869	-1.186212	675.494270	60.268097	0.006164	26.0
1870	-1.176948	676.494270	60.181690	0.004612	28.8
1871	-1.197444	675.621765	60.257067	0.005654	30.7
1872	-1.161701	676.621765	60.170692	0.004498	28.0
1873	-1.162150	677.621757	60.084565	0.005533	25.9
1874	-1.171938	678.617328	59.999063	0.005600	38.4
1875	-1.187835	677.745062	60.073962	0.006611	31.8
1876	-1.187888	676.872557	60.149068	0.005395	30.6
1877	-1.184691	677.872557	60.063002	0.005018	26.7
1878	-1.179143	678.872557	59.977183	0.004771	26.9
1879	-1.170600	679.872557	59.891607	0.005369	24.3
1880	-1.184769	680.872557	59.806276	0.005795	27.5
1881	-1.177421	680.000051	59.880715	0.005868	23.3
1882	-1.164705	681.000051	59.795415	0.005897	25.7
1883	-1.170552	682.000051	59.710357	0.005445	24.5
1884	-1.182240	683.000051	59.625541	0.005781	27.9
1885	-1.160107	682.127546	59.699530	0.005380	23.2
1886	-1.185363	682.801040	59.642401	0.005557	26.6
1887	-1.170101	681.929816	59.716323	0.004847	23.8
1888	-1.175401	681.057311	59.790538	0.006216	25.3
1889	-1.166893	682.052583	59.705896	0.006414	24.1
1890	-1.161927	681.180077	59.780084	0.005201	26.1
1891	-1.174395	682.180077	59.695070	0.005517	26.6
1892	-1.182879	683.180077	59.610298	0.004638	26.3
1893	-1.183763	684.180077	59.525766	0.006119	28.4
1894	-1.199528	685.180077	59.441473	0.005733	23.6
1895	-1.181955	684.307572	59.515006	0.005648	26.5
1896	-1.183280	685.307572	59.430743	0.005510	21.6
1897	-1.193703	684.435067	59.504249	0.006129	28.5
1898	-1.166649	683.562562	59.577937	0.004951	21.9
1899	-1.169834	684.562562	59.493497	0.005482	30.3
1900	-1.165166	685.562562	59.409296	0.005759	28.7
1901	-1.164480	686.562562	59.325332	0.005923	23.4
1902	-1.173374	687.279083	59.265317	0.004336	32.9
1903	-1.170382	688.278127	59.181839	0.004926	29.8
1904	-1.182176	689.278127	59.098517	0.006114	30.9
1905	-1.192882	688.405621	59.171203	0.005011	24.3
1906	-1.183392	689.405621	59.087911	0.005631	29.0
1907	-1.189928	688.537020	59.160245	0.006117	23.6
1908	-1.183619	689.537020	59.076984	0.005334	26.8
1909	-1.171392	688.664514	59.149617	0.005510	27.5
1910	-1.202458	689.664514	59.066385	0.006041	24.3
1911	-1.180710	690.664514	58.983388	0.004997	29.7
1912	-1.176612	689.792009	59.055791	0.005401	35.7
1913	-1.161228	688.954962	59.125418	0.005731	26.3
1914	-1.178831	689.954283	59.042311	0.005802	24.0
1915	-1.190978	690.954283	58.959381	0.005866	28.9
1916	-1.184156	690.081778	59.031725	0.005771	26.3
1917	-1.185467	689.274802	59.098794	0.005134	24.6
1918	-1.182015	690.274510	59.015730	0.005983	29.9
1919	-1.201032	691.274510	58.932874	0.004973	24.0
1920	-1.185026	690.416301	59.003967	0.006336	25.9
1921	-1.184531	689.543796	59.076420	0.006150	30.6
1922	-1.188320	690.543796	58.993395	0.004939	22.2
1923	-1.155751	689.671291	59.065822	0.004446	28.2
1924	-1.184985	688.798785	59.138428	0.004740	26.8
1925	-1.177263	689.798785	59.055228	0.005226	24.8
1926	-1.170354	690.798778	58.972262	0.004906	27.4
1927	-1.173838	691.798777	58.889529	0.006262	26.8
1928	-1.161322	690.926309	58.961698	0.006147	27.1
1929	-1.174399	690.053804	59.034048	0.005466	27.9
1930	-1.180461	689.181298	59.106575	0.005793	22.9
1931	-1.168679	688.308793	59.179281	0.005594	23.2
1932	-1.171530	689.297203	59.096930	0.005759	23.9
1933	-1.192486	690.297203	59.013847	0.005682	20.9
1934	-1.161487	689.424698	59.086324	0.006196	20.9
1935	-1.205443	688.552192	59.158980	0.005728	21.3
1936	-1.177889	689.552192	59.075722	0.005228	19.3
1937	-1.171360	688.695436	59.147040	0.005922	22.4
1938	-1.171547	689.695436	59.063815	0.004874	20.1
1939	-1.180076	688.822930	59.136416	0.005234	21.9
1940	-1.185152	687.955549	59.208767	0.006822	22.5
1941	-1.172414	687.083049	59.281724	0.005543	23.1
1942	-1.171896	688.083049	59.198121	0.006111	24.1
1943	-1.177969	688.647753	59.151014	0.005843	19.6
1944	-1.168912	689.647753	59.067778	0.005856	25.6
1945	-1.185437	690.647753	58.984777	0.005822	21.6
1946	-1.193895	691.647753	58.902009	0.006410	20.9
1947	-1.172362	692.647753	58.819472	0.005210	25.9
1948	-1.193947	693.647753	58.737166	0.005999	21.0
1949	-1.166827	692.775248	58.808966	0.004939	25.1
1950	-1.185211	691.909120	58.880414	0.005378	19.9
1951	-1.182152	692.909120	58.797938	0.005374	25.1
1952	-1.197323	692.036614	58.869886	0.006145	22.7
1953	-1.186885	691.164109	58.942010	0.006450	37.3
1954	-1.175275	692.164107	58.859362	0.005950	24.8
1955	-1.181059	691.291709	58.931451	0.005513	25.9
1956	-1.173133	692.291709	58.848832	0.005068	22.4
1957	-1.169602	691.419204	58.920905	0.006034	24.7
1958	-1.187199	692.419204	58.838315	0.005016	20.6
1959	-1.168612	693.419204	58.755957	0.005429	28.3
1960	-1.167580	693.406311	58.757017	0.006284	20.4
1961	-1.191647	692.533806	58.828865	0.006588	24.4
1962	-1.192561	693.533806	58.746533	0.006279	23.1
1963	-1.171760	694.521692	58.665425	0.005439	21.2
1964	-1.179345	693.649187	58.737049	0.005879	24.8
1965	-1.170946	694.082800	58.701432	0.004955	22.8
1966	-1.182333	693.210350	58.773139	0.006271	29.9
1967	-1.188502	692.337845	58.845026	0.006021	21.8
1968	-1.191182	693.337725	58.762659	0.005531	29.9
1969	-1.190272	694.337725	58.680512	0.006374	25.0
1970	-1.176114	695.337473	58.598615	0.005356	25.1
1971	-1.191185	696.337473	58.516926	0.005727	25.8
1972	-1.189677	695.464967	58.588188	0.005088	27.2
1973	-1.183698	694.592462	58.659623	0.005642	24.7
1974	-1.163352	695.591924	58.577808	0.005417	24.1
1975	-1.179271	694.719419	58.649218	0.004797	26.5
1976	-1.183540	695.719419	58.567388	0.006023	22.9
1977	-1.169575	694.846914	58.638772	0.005248	25.5
1978	-1.175112	695.846914	58.556971	0.005966	22.0
1979	-1.175724	696.382781	58.513231	0.005503	27.2
1980	-1.180144	695.510275	58.584483	0.005920	20.9
1981	-1.160333	696.510275	58.502833	0.004702	25.9
1982	-1.175068	697.510275	58.421411	0.005696	24.2
1983	-1.198315	696.679334	58.489052	0.005831	25.6
1984	-1.157480	695.806829	58.560246	0.005498	28.3
1985	-1.168859	696.806829	58.478664	0.005128	28.2
1986	-1.185481	697.806829	58.397308	0.005711	22.3
1987	-1.172387	698.806829	58.316179	0.006025	25.9
1988	-1.177756	699.806819	58.235276	0.005786	21.5
1989	-1.182743	698.934337	58.305851	0.005811	28.2
1990	-1.144608	699.934337	58.224975	0.004717	20.1
1991	-1.174278	700.934337	58.144324	0.005728	42.5
1992	-1.171186	700.061831	58.214680	0.006134	24.2
1993	-1.176727	701.061831	58.134058	0.004789	25.1
1994	-1.158783	702.061831	58.053658	0.004418	23.4
1995	-1.186303	701.189326	58.123795	0.005647	26.7
1996	-1.166827	702.189326	58.043423	0.005622	20.4
1997	-1.173107	701.317030	58.113518	0.005398	21.7
1998	-1.173004	702.317030	58.033175	0.005222	23.4
1999	-1.186552	703.317030	57.953054	0.005047	21.5
