1:ItNr	2:Metric	3a:Time	3b:StepSize	4:||Gradient||	Time[ms]
0	61444.032127	0.000000	0.000003	8254.373333	1928.4
1	63362.229178	0.000000	0.000003	12086.314541	2.4
2	51562.237234	0.000000	0.000003	8309.951644	2.4
3	55817.651569	0.468804	0.000003	9314.904636	2.3
4	57167.062117	0.400075	0.000003	16161.864590	2.4
5	59471.213320	0.424247	0.000003	14500.925768	2.3
6	57172.192745	0.219113	0.000003	9232.056293	2.3
7	58748.321406	0.742164	0.000003	7963.727428	2.4
8	53446.213671	0.880505	0.000003	8653.539660	2.8
9	53563.469592	0.731813	0.000003	9069.389720	2.4
10	63775.829215	0.926479	0.000003	11964.915642	2.3
11	55571.439642	0.734589	0.000003	12543.809069	2.3
12	55133.214613	1.101502	0.000003	8833.333214	2.3
13	54585.958249	1.330699	0.000003	9864.612120	2.9
14	51193.723281	1.544409	0.000003	11252.474279	4.0
15	55712.730736	2.129259	0.000003	10160.657198	3.9
16	52989.134412	2.727716	0.000003	18307.064617	3.4
17	52942.273053	2.988569	0.000003	11532.412309	5.8
18	58896.688933	3.872217	0.000003	4363.629621	5.9
19	59057.910578	3.777167	0.000003	12796.063713	2.4
20	56125.076405	3.851171	0.000003	7328.707599	3.5
21	55316.876530	4.520337	0.000003	3390.485203	2.5
22	58149.859412	4.477643	0.000003	5100.842096	2.4
23	59016.473934	4.420024	0.000003	7358.889025	2.5
24	58257.965960	4.377067	0.000003	7654.867293	2.4
25	58177.134203	4.326275	0.000003	12494.511167	2.4
26	55469.781347	4.557557	0.000003	4144.904469	2.5
27	49928.635914	4.713910	0.000003	6231.634629	2.4
28	53774.948544	4.677269	0.000003	6042.600767	2.4
29	56484.548264	4.720671	0.000003	3986.840784	2.4
30	53083.631123	4.684853	0.000003	9557.053222	2.3
31	53986.414475	4.685712	0.000003	7066.870133	2.4
32	59011.878526	4.994673	0.000003	10456.096375	4.2
33	56285.292944	4.988779	0.000003	6762.554460	2.5
34	55778.687017	5.151531	0.000003	6361.886325	3.2
35	50017.225213	5.181187	0.000003	7941.291892	3.9
36	51183.601375	5.231623	0.000003	7657.414056	2.5
37	55873.172392	5.253503	0.000003	8811.093788	2.8
38	59920.136114	5.304438	0.000003	6407.812583	3.4
39	59035.650181	5.528666	0.000003	7319.090629	3.0
40	60007.855637	5.504690	0.000003	9524.481934	2.7
41	55552.950580	5.733217	0.000003	7076.927799	2.7
42	55446.268409	6.183962	0.000003	7772.334596	7.3
43	54880.402709	6.260066	0.000003	14361.891542	3.8
44	58620.938368	6.654660	0.000003	8238.427654	5.6
45	58377.912940	6.950014	0.000003	4588.177005	7.4
46	53158.623143	7.163512	0.000003	7333.808067	2.5
47	48961.716552	7.310131	0.000003	5158.184832	2.4
48	52773.553175	7.212845	0.000003	4248.963661	2.3
49	58918.057201	7.219719	0.000003	8434.986206	2.4
50	55977.731222	7.257407	0.000003	3721.793411	4.0
51	56220.145633	7.192387	0.000003	7225.518797	2.5
52	57007.404158	7.306611	0.000003	8907.144533	2.3
53	60553.304077	7.227832	0.000003	8138.123565	2.3
54	58855.620614	7.712183	0.000003	3249.971436	2.3
55	53931.536662	7.757285	0.000002	5759.356411	2.4
56	55985.357211	7.755514	0.000002	7020.698571	2.6
57	49060.604486	7.904458	0.000002	5851.421591	2.5
58	51027.618157	8.155225	0.000002	5350.970883	2.3
59	53096.256782	8.116547	0.000002	5765.949602	2.4
60	56166.924836	8.173476	0.000002	8926.056489	2.9
61	56642.748910	8.246323	0.000002	7985.448179	2.5
62	62770.755704	8.720887	0.000002	6470.983481	3.9
63	53540.109317	8.832294	0.000002	5141.330573	3.1
64	52283.363561	8.884844	0.000002	5040.296082	2.5
65	57815.710075	8.855481	0.000002	6181.385659	2.6
66	55484.303258	8.904543	0.000002	5850.821962	3.3
67	51708.135307	8.888104	0.000002	5060.368667	3.6
68	51518.547766	8.825842	0.000002	8559.143696	4.0
69	56551.854969	9.067821	0.000002	2363.188563	5.0
70	55092.374256	9.049614	0.000002	9166.406077	2.5
71	52755.885558	9.134498	0.000002	4056.581128	2.8
72	59351.261340	9.206663	0.000002	8003.955888	4.2
73	60604.262156	9.120048	0.000002	3747.559265	2.4
74	58610.652219	9.221041	0.000002	3594.585283	2.4
75	56397.082004	9.222333	0.000002	3995.021786	2.4
76	60973.483778	9.284565	0.000002	5463.484872	2.4
77	58784.647104	9.268316	0.000002	5067.069974	2.5
78	51222.151292	9.355674	0.000002	5568.792425	4.1
79	58165.714187	9.391291	0.000002	7031.181066	2.5
80	59508.059427	9.529943	0.000002	5545.050058	2.4
81	64504.056194	9.672057	0.000002	4886.105552	2.3
82	52485.382114	9.738402	0.000002	6088.567310	2.4
83	56744.224429	9.688431	0.000002	3840.184659	2.5
84	51591.163514	9.640533	0.000002	9160.167497	2.5
85	60751.452650	9.708254	0.000002	9202.991467	2.4
86	62748.354477	10.068355	0.000002	13247.380300	2.3
87	51279.630699	10.076632	0.000002	4957.880312	2.7
88	55419.472860	10.234619	0.000002	11828.539034	2.4
89	56013.167845	10.129755	0.000002	5666.090013	2.4
90	53752.128084	10.085059	0.000002	3704.145120	2.4
91	56732.190160	10.171245	0.000002	3871.427388	2.5
92	61994.217683	10.114788	0.000002	4455.102186	2.3
93	50387.706735	10.185550	0.000002	6430.069837	2.4
94	51179.793698	10.208791	0.000002	6933.041505	2.8
95	49006.476177	10.425235	0.000002	4040.286903	2.4
96	58937.573737	10.336785	0.000002	8936.204631	2.3
97	54459.766319	10.554481	0.000002	3167.709395	3.8
98	59874.022338	10.603099	0.000002	4925.255712	2.6
99	51022.060169	10.588631	0.000002	4635.620544	2.4
100	59618.479475	10.589194	0.000002	2901.609582	2.4
101	54995.151593	10.649514	0.000002	7545.389174	2.4
102	62450.274800	10.660267	0.000002	10114.922835	2.3
103	56002.888732	11.146389	0.000002	5588.777680	2.4
104	57235.194381	10.983220	0.000002	7150.642323	2.3
105	57288.646141	11.181936	0.000002	5345.903025	2.4
106	57316.723163	11.371036	0.000002	5925.178153	2.3
107	47747.274831	11.234808	0.000002	6274.358858	2.4
108	61486.380101	11.266991	0.000002	5357.921045	2.4
109	61993.401236	11.247768	0.000002	7939.537762	2.3
110	57896.701688	11.345859	0.000002	6096.963027	2.4
111	51600.688779	11.351652	0.000002	7843.590123	2.4
112	48731.083026	11.291917	0.000002	5730.478438	2.4
113	57780.072084	11.329202	0.000002	6641.341678	2.4
114	55837.538045	11.340079	0.000002	4599.327645	2.4
115	50445.019748	11.419710	0.000002	5170.979298	3.0
116	52863.479369	11.435856	0.000002	12668.489409	4.8
117	52906.542034	11.603054	0.000002	3919.656334	3.2
118	54042.750096	11.881572	0.000002	2594.087423	2.4
119	55598.587842	11.874360	0.000002	2988.351375	2.4
120	50452.705278	11.899624	0.000002	6092.418939	2.4
121	56598.710257	11.916910	0.000002	6762.755497	3.9
122	59162.087117	12.009410	0.000002	3956.092971	5.5
123	62198.023214	12.062006	0.000002	3367.384061	2.4
124	49510.839040	12.025218	0.000002	7123.822387	2.3
125	54905.904225	12.023973	0.000002	8517.653624	2.5
126	68060.131547	12.315021	0.000002	6824.954886	3.6
127	56451.631620	12.485924	0.000002	6726.461471	2.5
128	62657.047305	12.305727	0.000002	6149.082385	2.4
129	58360.405815	12.373176	0.000002	6613.875010	2.4
130	56172.668310	12.543266	0.000002	15116.401342	2.3
131	58381.072362	12.420431	0.000002	8894.429906	2.4
132	60577.039693	13.185814	0.000002	7929.760756	3.2
133	51905.637174	12.988491	0.000002	8337.313844	4.0
134	54526.516305	12.887482	0.000002	5761.639609	2.8
135	63227.782408	13.103616	0.000002	5515.114238	2.4
136	55948.537898	13.110516	0.000002	3508.864912	2.3
137	58376.341706	13.092590	0.000002	6349.267704	2.4
138	60426.635159	13.062665	0.000002	5021.378243	2.4
139	53993.062581	13.164586	0.000002	4937.338667	3.4
140	56592.573760	13.262817	0.000002	5790.193338	3.5
141	60200.382908	13.340069	0.000002	5877.537001	2.6
142	55322.897708	13.354948	0.000002	8387.287106	2.4
143	56195.816185	13.416347	0.000002	9018.492329	3.0
144	57686.075009	13.762971	0.000002	4201.328284	6.1
145	59897.590327	13.866009	0.000002	4712.362624	2.5
146	53136.862646	13.793076	0.000002	4970.317629	2.4
147	58739.607781	13.829615	0.000002	8013.259453	2.4
148	58312.915804	13.966304	0.000002	11136.221377	3.7
149	58648.589972	14.131021	0.000002	9616.301736	2.6
150	52169.756345	14.022890	0.000002	3772.387751	4.2
151	59938.381144	13.951657	0.000002	4770.678303	2.5
152	57598.159894	13.896905	0.000002	9790.363267	2.4
153	56345.886553	14.065782	0.000002	11295.031605	2.5
154	63858.714693	14.018165	0.000002	4968.955813	2.5
155	55247.702809	13.985956	0.000002	5194.157954	2.4
156	51783.301078	14.097217	0.000002	6542.416394	2.5
157	57320.295715	13.989408	0.000002	6466.509794	2.4
158	51104.126620	14.028383	0.000002	9528.546657	2.4
159	58210.226206	14.067852	0.000002	12838.342549	2.4
160	60082.701654	14.491901	0.000002	11438.493883	2.3
161	55392.126667	14.728641	0.000002	5571.371076	2.4
162	53106.121133	14.785031	0.000002	10479.824816	2.5
163	53950.571671	14.625598	0.000002	5306.572545	2.4
164	56843.944167	14.633594	0.000002	2222.300828	2.5
165	52829.750547	14.573630	0.000002	8099.279126	2.4
166	58006.170541	14.555797	0.000002	6958.801409	2.4
167	59438.608408	15.020460	0.000002	5260.612425	2.3
168	62276.400088	14.931325	0.000002	8169.929030	2.4
169	54444.880087	14.968288	0.000002	6726.305949	5.8
170	64960.799046	15.241460	0.000002	6448.606612	3.3
171	54240.254300	15.162387	0.000002	4765.789187	2.5
172	55045.600963	15.208849	0.000002	7459.202436	2.4
173	55223.043990	15.128814	0.000002	6735.601840	2.4
174	67923.851118	15.010819	0.000002	10895.688536	2.4
175	60960.333801	15.228898	0.000002	10671.248475	2.3
176	49552.076232	15.745496	0.000002	5288.422250	2.4
177	53945.758906	16.152887	0.000002	13255.515047	2.4
178	58337.965434	16.043119	0.000002	3141.131852	2.3
179	53440.021108	16.025403	0.000002	7856.896735	2.4
180	60888.131548	16.147109	0.000002	8454.397455	2.3
181	61479.171338	16.415893	0.000002	4885.810278	2.4
182	55408.469735	16.514978	0.000002	4840.866833	2.3
183	46704.164500	16.574697	0.000002	5014.014686	2.4
184	57567.954818	16.641306	0.000002	7533.116377	2.4
185	58004.222908	16.581598	0.000002	2976.040045	2.4
186	56931.328304	16.657989	0.000002	4363.284362	2.7
187	60327.761390	16.649106	0.000002	19564.419085	2.4
188	63538.520907	16.583868	0.000002	11439.416640	3.3
189	62002.008332	17.568049	0.000002	5044.597927	2.8
190	62851.674781	17.534549	0.000002	6383.538959	2.4
191	55971.056639	17.566253	0.000002	8303.149886	2.4
192	56486.824499	17.533650	0.000002	7634.721978	2.5
193	53012.920698	17.897809	0.000002	9984.428889	2.4
194	55469.166490	17.818080	0.000002	7738.007892	2.3
195	60312.637347	18.347847	0.000002	5154.612389	2.4
196	60743.451404	18.371518	0.000002	5916.943038	2.3
197	56444.545483	18.492316	0.000002	9205.028274	2.4
198	65923.048460	18.729387	0.000002	6731.250751	2.4
199	56306.800810	18.693060	0.000002	8969.693698	2.7
200	49372.620367	18.671303	0.000002	4202.446797	2.3
201	52687.464635	18.847965	0.000002	5659.185759	2.3
202	62154.123635	18.773657	0.000002	6938.535698	2.9
203	55514.002047	18.822300	0.000002	3749.970379	2.4
204	55783.324763	18.869383	0.000002	7290.617151	2.4
205	60769.226722	18.768103	0.000002	4627.403128	2.3
206	51547.735177	18.829622	0.000002	4678.601728	2.4
207	56719.866823	18.766882	0.000002	5354.871420	2.3
208	62028.553616	18.717369	0.000002	5023.602804	3.5
209	58967.305808	18.659971	0.000002	5639.130098	2.7
210	59910.364730	18.690869	0.000002	7321.910806	2.4
211	57111.777185	18.592458	0.000002	10795.636940	2.4
212	53067.058191	18.532801	0.000002	3274.573947	2.3
213	50196.026714	18.728561	0.000002	4800.758309	2.3
214	56829.537307	18.656173	0.000002	6879.624237	2.6
215	58620.995717	18.725522	0.000002	10450.382721	2.4
216	53629.897320	19.121348	0.000002	7085.369025	2.3
217	59485.732257	19.567148	0.000002	5649.064572	2.5
218	53101.184662	19.723209	0.000002	7184.615510	2.4
219	59916.885887	19.634655	0.000002	9914.774027	2.3
220	61695.368843	20.121112	0.000002	15172.276562	2.4
221	53558.248005	20.612122	0.000002	5145.080877	2.4
222	61300.842275	21.087517	0.000002	18973.692010	2.8
223	57305.385018	21.623293	0.000002	13277.784925	2.4
224	55672.305683	22.601194	0.000002	5569.206498	2.4
225	59098.081768	22.799510	0.000002	5354.646909	2.4
226	49996.010910	22.874619	0.000002	7666.316716	2.3
227	55811.743807	22.943243	0.000002	3440.422694	2.3
228	52217.422379	23.038700	0.000002	4945.192268	3.5
229	55235.556787	23.023380	0.000002	5257.005186	2.7
230	56119.780823	22.974919	0.000002	6179.854610	2.4
231	53453.612915	23.104677	0.000002	4368.017660	2.4
232	61651.242119	23.240663	0.000002	3712.304267	2.4
233	58716.018649	23.253428	0.000002	6202.306898	2.3
234	59538.699564	23.285618	0.000002	8332.596226	2.3
235	58508.128574	23.588102	0.000002	4338.120142	2.4
236	64162.763515	23.509147	0.000002	7380.312727	2.3
237	56051.859957	23.469213	0.000002	3179.662641	2.4
238	49602.098589	23.457629	0.000002	11220.495426	2.4
239	59511.724158	23.360237	0.000002	9644.997818	2.3
240	54028.141692	24.117755	0.000002	4280.534884	2.3
241	54000.490395	24.094443	0.000002	6246.716864	2.4
242	49164.186970	24.049156	0.000002	7115.897443	2.3
243	60322.804537	24.011282	0.000002	7765.596071	2.3
244	61590.260277	23.881754	0.000002	7771.054102	2.4
245	60499.202583	24.181564	0.000002	3951.999002	2.3
246	53656.278197	24.102592	0.000002	7147.853229	2.4
247	55879.176702	24.117109	0.000002	6555.003199	2.4
248	60059.017795	24.179585	0.000002	5165.593506	3.2
249	60499.114472	24.213732	0.000002	7456.717915	4.5
250	62588.913081	24.481905	0.000002	3029.818420	2.4
251	56284.489230	24.478015	0.000002	3980.698713	2.4
252	59288.010816	24.466561	0.000002	5039.396817	2.5
253	46991.924559	24.481932	0.000002	7114.185989	2.4
254	52593.083888	24.643412	0.000002	6888.995062	2.3
255	59456.040494	24.609049	0.000002	3603.303589	2.4
256	53079.886258	24.587132	0.000002	4289.379128	2.4
257	60278.172475	24.557577	0.000002	3978.453598	2.4
258	54890.891424	24.582462	0.000002	7716.864934	2.3
259	63404.933828	24.545242	0.000002	5967.194775	2.3
260	62868.355569	24.648067	0.000002	6762.555323	2.4
261	57116.832468	24.563811	0.000002	4508.936365	2.3
262	63563.801287	24.561255	0.000002	6774.255011	2.4
263	63042.955594	24.567923	0.000002	4693.895902	2.3
264	58775.272530	24.460822	0.000002	5080.811452	2.4
265	58547.033738	24.392486	0.000002	7469.225167	2.4
266	60445.591411	24.463638	0.000002	10939.622718	3.7
267	56282.527737	24.449077	0.000002	6034.192117	2.9
268	49243.006315	24.638765	0.000002	6997.463486	3.4
269	60426.469397	24.718841	0.000002	4623.144688	2.5
270	54400.601666	24.818489	0.000002	10163.604470	2.4
271	64307.830104	24.903167	0.000002	10008.870670	2.4
272	59081.557963	24.981469	0.000002	8745.097042	2.5
273	55031.038403	25.207034	0.000002	5920.043896	2.4
274	57580.527854	25.404557	0.000002	7686.589553	2.4
275	56978.032727	25.364653	0.000002	5462.437004	2.3
276	60699.941242	25.395872	0.000002	7833.605278	2.3
277	56397.311840	25.497884	0.000002	6651.789011	2.3
278	58796.614162	25.719665	0.000002	3424.332587	2.7
279	53776.113855	25.685825	0.000002	4877.336253	2.7
280	70880.562152	25.637316	0.000002	8098.551800	2.3
281	49645.976321	25.650776	0.000002	13151.571118	2.4
282	52390.651478	25.878569	0.000002	5426.167960	2.4
283	60038.267867	26.008249	0.000002	8551.857084	2.4
284	57144.496296	25.927975	0.000002	5214.747359	2.6
285	64822.442945	25.998082	0.000002	6630.164229	2.5
286	65563.989092	26.154315	0.000002	7391.266188	2.5
287	54939.539719	26.320059	0.000002	8801.508923	3.8
288	57392.005691	26.316914	0.000002	5327.003748	2.6
289	51747.808638	26.251159	0.000002	6546.813166	2.4
290	56929.708181	26.248322	0.000002	8360.975355	2.4
291	56717.935809	26.369017	0.000002	6340.570760	2.4
292	62280.672032	26.352715	0.000002	5296.320586	2.4
293	59058.450297	26.220878	0.000002	3573.417335	3.1
294	52211.232076	26.223935	0.000002	4402.536428	2.5
295	58438.793822	26.153999	0.000002	5841.738278	2.5
296	57960.807697	26.179944	0.000002	4459.368809	2.3
297	56340.838283	26.222311	0.000002	4409.034482	2.4
298	64033.146601	26.263657	0.000002	8469.521263	2.4
299	57633.170441	26.331138	0.000002	6797.331531	2.5
300	61141.993743	26.384426	0.000002	14164.595234	2.6
301	51210.204196	26.304349	0.000002	7305.458481	2.5
302	57538.601383	26.940116	0.000001	8220.413548	2.4
303	55620.947924	27.272176	0.000001	10483.367795	2.4
304	59616.030261	27.575185	0.000001	9121.480706	2.4
305	61942.604442	27.607713	0.000001	5461.591904	2.4
306	58451.333814	27.556001	0.000001	4958.294939	4.4
307	52005.777367	27.542989	0.000001	6257.996102	3.2
308	58332.604344	27.432223	0.000001	5051.031209	2.4
309	52063.663944	27.388548	0.000001	7160.061220	2.4
310	54202.705928	27.495870	0.000001	6164.104468	2.4
311	57284.323821	27.490728	0.000001	6482.153067	3.0
312	48963.586568	27.459443	0.000001	5992.947725	2.5
313	58462.673050	27.342807	0.000001	4218.687777	2.4
314	56878.389764	27.383683	0.000001	7153.348562	2.4
315	53428.000344	27.500235	0.000001	7619.048569	2.3
316	54003.574177	27.335573	0.000001	8542.615074	2.4
317	54283.307958	27.597585	0.000001	13287.281169	2.4
318	50483.440721	27.584050	0.000001	4037.924191	2.4
319	62883.868873	27.681319	0.000001	5237.243291	2.5
320	57913.658298	27.743834	0.000001	11536.940480	2.4
321	55361.782775	27.836868	0.000001	4808.929701	2.4
322	54190.615110	28.069253	0.000001	6853.034951	2.4
323	61826.818943	28.121129	0.000001	4866.048613	2.3
324	60245.908337	28.249483	0.000001	4276.003214	2.3
325	60393.302752	28.304903	0.000001	8340.318941	2.5
326	56179.092365	28.214279	0.000001	7063.394240	3.9
327	52348.322831	28.126159	0.000001	9110.391455	2.4
328	55015.097834	27.967081	0.000001	10419.617397	2.4
329	54169.242233	28.227997	0.000001	4706.553947	2.4
330	58573.539251	28.234078	0.000001	5445.531027	2.3
331	53726.695012	28.214338	0.000001	5376.433653	2.4
332	59880.034847	28.218129	0.000001	6021.447547	2.4
333	56443.787415	28.203420	0.000001	4820.418864	2.4
334	54665.826830	28.228131	0.000001	7219.778825	2.3
335	62997.377373	28.144269	0.000001	9284.352812	2.4
336	59827.400936	28.460350	0.000001	13332.019254	2.4
337	50889.859472	28.839097	0.000001	6034.759006	2.3
338	56164.790164	29.112233	0.000001	3565.213989	2.3
339	52404.034059	29.143004	0.000001	3340.636077	2.4
340	55862.682077	29.123541	0.000001	6001.990343	2.3
341	60166.405921	29.156661	0.000001	5751.346939	2.3
342	57519.563016	29.231521	0.000001	5461.215349	2.3
343	55321.757280	29.283436	0.000001	7549.024514	2.4
344	57659.628704	29.353015	0.000001	7132.494243	2.3
345	63101.778982	29.349494	0.000001	6008.788686	5.2
346	55262.672024	29.510433	0.000001	8058.269611	3.5
347	57951.384360	29.651105	0.000001	4531.354689	2.4
348	52063.872795	29.670821	0.000001	6755.460525	2.4
349	52963.495679	29.591223	0.000001	3426.825414	4.0
350	58747.065255	29.678268	0.000001	7721.321962	5.0
351	56646.210094	29.695213	0.000001	8049.598820	2.4
352	52763.863631	30.022147	0.000001	4055.031816	2.3
353	48361.272192	30.026797	0.000001	6815.190152	2.3
354	60643.898909	30.106676	0.000001	3886.760065	3.8
355	62336.229898	30.110780	0.000001	6872.601996	2.4
356	58970.040056	30.105799	0.000001	3311.687702	2.4
357	58591.455328	30.139663	0.000001	4905.632786	2.4
358	58353.526018	30.055103	0.000001	9085.935439	2.3
359	51080.369090	30.051261	0.000001	9312.171105	2.3
360	60033.065283	29.826037	0.000001	4432.244559	2.6
361	57422.314453	29.892922	0.000001	7926.547135	2.5
362	64853.002319	29.864937	0.000001	6551.558162	2.6
363	59370.838418	29.922488	0.000001	7902.363294	4.1
364	55049.265804	29.835887	0.000001	2654.915824	2.4
365	55528.197332	29.835920	0.000001	5339.096586	2.5
366	57919.644229	29.874355	0.000001	9394.681409	2.4
367	54065.983156	29.752806	0.000001	6193.642869	2.4
368	61192.145369	29.674844	0.000001	7131.714423	2.4
369	58765.844064	29.840011	0.000001	19717.284339	2.3
370	61208.282438	30.049080	0.000001	5076.615270	2.4
371	54238.744997	30.725984	0.000001	8957.725011	2.3
372	53117.089434	30.583386	0.000001	6840.245834	4.2
373	58176.941681	30.911306	0.000001	11116.860347	2.8
374	57831.040360	30.725055	0.000001	8735.338220	2.6
375	53253.527698	30.538935	0.000001	10240.331007	2.5
376	56072.544934	30.875661	0.000001	8732.477002	2.3
377	58099.294242	31.010250	0.000001	4344.605049	2.5
378	62898.158402	30.926931	0.000001	4311.670539	2.7
379	51609.687820	30.891383	0.000001	9339.760341	5.5
380	57085.179301	30.971054	0.000001	6310.231305	3.6
381	49380.631794	30.779273	0.000001	4344.376549	2.5
382	58392.293615	30.849253	0.000001	6169.441359	3.3
383	58882.737778	30.736212	0.000001	6245.547352	3.2
384	56013.049039	30.794119	0.000001	4599.490551	2.6
385	61577.194237	30.781643	0.000001	8238.170677	2.4
386	55219.559922	30.905308	0.000001	4736.775568	2.4
387	54762.512882	30.930358	0.000001	5360.093757	2.8
388	54571.014870	30.899047	0.000001	4232.556211	2.8
389	59606.393246	30.840897	0.000001	6664.151150	2.4
390	58512.584072	30.911153	0.000001	8533.408439	2.5
391	52624.128887	30.756366	0.000001	4580.145545	2.4
392	56790.460210	30.868183	0.000001	9650.442156	2.6
393	50663.476754	31.049613	0.000001	3713.482951	2.5
394	55619.644352	31.278793	0.000001	9532.056118	2.3
395	53295.462904	31.368656	0.000001	4573.295179	2.4
396	61769.750012	31.439618	0.000001	3579.177588	2.6
397	55072.810276	31.402871	0.000001	5042.866078	2.5
398	54458.949390	31.450375	0.000001	7430.639691	3.7
399	52642.190670	31.587469	0.000001	4648.370844	2.6
400	56584.075577	31.626323	0.000001	4275.158661	2.4
401	61574.560469	31.597804	0.000001	5268.482133	2.4
402	58883.653343	31.703015	0.000001	7759.416851	2.5
403	63620.014581	31.546275	0.000001	3547.127308	2.4
404	57122.866842	31.450236	0.000001	3645.764927	2.4
405	58656.968446	31.450596	0.000001	6235.495532	2.3
406	54936.672822	31.444783	0.000001	11570.386227	2.3
407	55411.338011	31.608015	0.000001	6174.950707	2.3
408	64315.799775	31.869201	0.000001	7353.355109	2.3
409	54993.361516	31.928001	0.000001	11940.948216	2.4
410	56856.984837	32.123251	0.000001	7210.099336	2.4
411	54232.041298	32.614434	0.000001	3435.306410	2.4
412	64391.568359	32.556719	0.000001	7585.618240	2.3
413	53900.559485	32.540179	0.000001	4887.410725	2.3
414	57187.702640	32.490703	0.000001	7217.373661	2.4
415	58800.058536	32.357350	0.000001	6331.968353	2.3
416	60486.020801	32.445162	0.000001	6315.350433	2.4
417	60254.729027	32.415043	0.000001	4653.936535	2.4
418	49608.883145	32.556789	0.000001	6884.557296	3.4
419	59608.910861	32.483039	0.000001	6029.051733	2.7
420	59690.193596	32.630213	0.000001	8710.180859	2.5
421	60128.738996	32.506301	0.000001	4169.433509	2.4
422	61414.635314	32.501121	0.000001	7409.511515	2.3
423	53472.057996	32.427758	0.000001	6372.178848	2.3
424	59691.374060	32.335865	0.000001	9900.727192	3.0
425	55170.990946	32.497707	0.000001	13305.261513	3.9
426	59950.367832	32.693711	0.000001	9378.833412	4.6
427	53338.635750	33.412972	0.000001	3628.219904	4.5
428	56016.396853	33.463853	0.000001	5285.784298	2.4
429	49865.524235	33.497697	0.000001	8622.749932	2.5
430	54232.507605	33.504275	0.000001	9061.272778	3.3
431	51790.100895	33.548148	0.000001	7211.905099	3.3
432	58811.230556	33.653015	0.000001	10103.834531	2.4
433	53075.785255	33.802368	0.000001	4527.600278	2.4
434	60433.722514	33.902747	0.000001	6309.579115	3.1
435	61166.529055	33.937744	0.000001	5339.831721	3.0
436	56598.696270	34.087403	0.000001	5690.292919	2.4
437	55770.877082	34.079003	0.000001	4549.331407	2.4
438	57236.699089	34.081045	0.000001	5856.172330	2.4
439	48959.652910	34.075274	0.000001	5584.697561	2.4
440	61546.927301	33.979058	0.000001	5744.996039	2.3
441	55710.695844	33.969945	0.000001	18138.184474	2.3
442	58552.249056	33.746993	0.000001	6181.894373	2.3
443	53513.914400	34.513415	0.000001	7537.467100	2.4
444	56411.561644	34.511041	0.000001	4823.884436	2.4
445	56138.176290	34.631724	0.000001	5158.352942	2.5
446	62806.047480	34.615530	0.000001	6526.772173	2.3
447	54942.092712	34.544329	0.000001	7827.375002	2.3
448	53628.506601	34.672384	0.000001	3244.889579	2.3
449	50752.545466	34.664458	0.000001	7006.407160	2.5
450	60984.108042	34.751917	0.000001	5521.695189	3.1
451	55919.078575	34.904118	0.000001	4840.870250	3.7
452	51816.826532	34.909600	0.000001	5416.725494	2.5
453	58729.008146	34.940701	0.000001	9610.989939	2.5
454	50832.867374	34.988800	0.000001	6110.707731	4.5
455	53437.280216	34.999296	0.000001	7667.772789	5.0
456	59555.264114	35.169285	0.000001	9687.478071	3.2
457	55904.185545	35.185166	0.000001	7184.012314	2.8
458	66871.185402	35.102419	0.000001	6121.238013	2.4
459	58881.644338	35.026310	0.000001	3655.919651	3.8
460	61532.724973	35.127852	0.000001	5963.457487	2.5
461	57620.395125	35.084694	0.000001	6083.575040	2.5
462	57855.823631	35.154255	0.000001	4180.211480	2.4
463	53903.667384	35.188551	0.000001	3589.251767	2.3
464	57428.766866	35.154743	0.000001	8454.878467	2.4
465	57601.004925	35.187110	0.000001	5733.240005	2.5
466	55913.315202	35.246382	0.000001	3993.638804	2.4
467	54151.274698	35.177764	0.000001	9754.612246	2.5
468	55879.712937	35.349192	0.000001	7135.951281	2.4
469	51632.670443	35.526533	0.000001	4667.447143	2.7
470	54204.220020	35.680732	0.000001	2208.187430	3.1
471	55761.130937	35.692595	0.000001	7201.830713	3.1
472	52985.907457	35.674685	0.000001	5424.899100	2.5
473	53854.672040	35.701497	0.000001	5774.104100	2.4
474	60057.564235	35.691719	0.000001	10388.509445	2.4
475	60764.897478	35.872251	0.000001	4212.744778	2.4
476	53448.164390	35.836783	0.000001	5957.608803	2.4
477	57534.938024	35.836345	0.000001	6234.141693	2.4
478	60754.686149	35.720893	0.000001	6070.279556	2.5
479	55902.485254	35.863391	0.000001	5560.246690	2.4
480	59953.919887	35.886746	0.000001	8286.562034	2.4
481	61630.731362	35.972756	0.000001	9804.504711	2.4
482	56970.391431	36.297721	0.000001	8133.446139	2.3
483	52866.049272	36.485854	0.000001	10543.360976	2.3
484	55585.991691	36.253710	0.000001	5844.841559	2.3
485	56320.200871	36.290810	0.000001	11311.518702	2.3
486	58644.284674	36.143840	0.000001	11837.928688	2.4
487	62929.768936	36.192746	0.000001	6178.397124	2.4
488	57961.326474	36.265693	0.000001	5358.604963	2.4
489	58992.014051	36.304863	0.000001	5167.940852	2.3
490	55905.963634	36.238754	0.000001	5896.823653	2.4
491	55055.627986	36.288886	0.000001	6931.218596	3.8
492	49289.079072	36.436479	0.000001	7135.936329	2.5
493	63101.639416	36.466953	0.000001	6182.467918	2.4
494	54002.444117	36.433459	0.000001	8330.016182	2.3
495	53612.932445	36.755682	0.000001	6421.589312	2.4
496	62850.739240	36.820595	0.000001	5149.099431	2.4
497	55529.765335	36.872895	0.000001	4168.202489	2.4
498	55593.998606	36.810460	0.000001	9628.251278	2.4
499	52550.756575	36.635123	0.000001	6999.447393	2.4
500	59345.159916	36.489104	0.000001	4679.863712	2.3
501	59474.326927	36.357836	0.000001	5956.008309	2.4
502	53760.193063	36.422827	0.000001	4633.011954	2.6
503	53861.024629	36.407105	0.000001	5700.613296	2.5
504	55603.010266	36.373054	0.000001	5218.372609	2.5
505	54834.973407	36.360907	0.000001	5963.761201	2.4
506	59721.574973	36.300381	0.000001	3960.850074	2.4
507	58130.970808	36.319532	0.000001	4878.469922	2.3
508	58122.595433	36.312574	0.000001	9193.461184	2.4
509	52592.472583	36.224781	0.000001	13243.685504	2.4
510	55177.794605	36.902210	0.000001	6732.756186	3.1
511	59384.562760	37.394868	0.000001	5243.468976	3.4
512	57227.466399	37.376735	0.000001	5678.332905	2.5
513	57682.676367	37.324513	0.000001	7110.183740	2.4
514	53467.982615	37.299199	0.000001	7301.017038	2.4
515	60738.380091	37.269605	0.000001	7756.168334	2.4
516	53533.230253	37.183903	0.000001	3689.284022	2.4
517	56936.109675	37.369018	0.000001	7524.683746	2.4
518	50067.528954	37.344810	0.000001	8694.868247	3.0
519	64330.283984	37.360536	0.000001	4228.904101	3.8
520	62100.623680	37.453773	0.000001	5515.743738	2.5
521	68491.478836	37.459293	0.000001	5811.109861	2.3
522	61080.017651	37.522720	0.000001	3722.386175	2.5
523	61785.447633	37.599283	0.000001	6938.392811	6.1
524	55504.513448	37.624388	0.000001	6723.271015	2.6
525	54206.726000	37.743775	0.000001	8407.577689	2.3
526	51322.528158	37.635303	0.000001	7311.962952	2.4
527	48607.056634	37.828993	0.000001	5437.419551	3.9
528	52275.883819	37.854285	0.000001	4789.473553	4.6
529	61540.366384	37.934989	0.000001	4432.778993	2.5
530	54861.575473	37.941374	0.000001	8578.857827	2.3
531	51588.472798	37.891462	0.000001	4182.468707	2.3
532	56863.354251	37.898747	0.000001	5456.526646	2.4
533	57448.688731	37.907387	0.000001	3881.093994	2.5
534	58122.238810	37.887779	0.000001	5339.335738	2.5
535	61716.109856	37.813916	0.000001	9078.762060	2.5
536	61498.006367	37.810801	0.000001	5229.861647	2.3
537	54739.163050	37.945338	0.000001	5718.333025	2.8
538	55847.454994	37.911220	0.000001	4484.322498	2.3
539	59307.179326	37.910329	0.000001	8402.311874	2.3
540	62286.782675	37.936801	0.000001	4225.774541	2.4
541	64715.798434	38.106289	0.000001	6335.783918	2.4
542	57808.858494	38.037153	0.000001	5397.477789	2.4
543	58018.699402	38.167880	0.000001	4307.071967	3.1
544	65506.372327	38.219546	0.000001	4627.896040	3.3
545	60771.354476	38.286624	0.000001	5301.515754	4.7
546	60733.258472	38.205100	0.000001	4201.321139	6.1
547	57147.181352	38.248609	0.000001	4083.172634	2.5
548	53416.057359	38.309290	0.000001	6979.427202	2.4
549	54058.230689	38.318322	0.000001	6004.075768	3.4
550	63292.345745	38.518644	0.000001	7731.278378	2.6
551	56840.167718	38.443660	0.000001	3843.027750	2.6
552	67118.511452	38.493773	0.000001	3036.342413	2.4
553	60080.660593	38.500460	0.000001	5846.342659	2.9
554	51779.074254	38.478461	0.000001	9595.319118	2.5
555	52899.406150	38.424835	0.000001	5257.936931	2.8
556	61987.054011	38.277873	0.000001	4455.548075	2.4
557	57961.122521	38.340934	0.000001	8399.878020	2.4
558	59607.937226	38.351134	0.000001	3725.981213	2.4
559	54791.162644	38.313744	0.000001	4121.616689	2.4
560	55229.961765	38.294321	0.000001	6297.859544	2.3
561	49854.391616	38.325580	0.000001	4979.369378	2.4
562	56068.414028	38.466831	0.000001	4165.019182	2.3
563	57916.023709	38.565204	0.000001	3490.456916	2.4
564	49342.137050	38.571002	0.000001	9749.914605	3.2
565	54895.297941	38.685618	0.000001	8006.719987	3.1
566	55785.783524	38.849703	0.000001	5683.309563	2.5
567	49893.009867	38.900063	0.000001	4751.525090	2.3
568	49470.797055	38.939723	0.000001	4651.359066	2.3
569	51462.525493	39.015333	0.000001	5727.760835	2.4
570	52909.877006	39.091031	0.000001	3558.539790	2.4
571	53524.570179	39.007742	0.000001	5418.188932	2.3
572	62529.543636	39.008858	0.000001	7509.569726	2.3
573	54063.471242	39.028891	0.000001	4490.441130	2.4
574	61800.361607	39.095255	0.000001	5462.269140	2.3
575	59151.165544	39.118385	0.000001	11214.998942	2.4
576	53354.167058	39.238407	0.000001	6576.330291	2.5
577	54508.097714	39.302319	0.000001	5333.913409	2.4
578	55792.034856	39.168240	0.000001	7398.918687	2.4
579	53722.251302	39.144062	0.000001	3756.819896	2.3
580	58793.633736	39.096920	0.000001	5663.180416	2.3
581	63484.432022	39.160357	0.000001	5683.619915	2.4
582	58818.756298	39.130373	0.000001	2933.410465	2.4
583	54067.147759	39.080939	0.000001	6266.193017	2.3
584	56155.383920	39.011594	0.000001	4032.558231	2.4
585	55417.734827	39.030088	0.000001	7055.110131	4.0
586	55222.626868	39.081398	0.000001	4876.720206	2.4
587	56332.579602	39.038260	0.000001	4780.417989	2.3
588	60529.553952	39.042798	0.000001	4804.684224	2.3
589	62096.063644	39.104411	0.000001	5970.120831	2.3
590	57472.046316	39.103393	0.000001	4071.002853	2.3
591	53855.572173	39.248038	0.000001	7091.947843	2.3
592	58286.604586	39.213622	0.000001	6629.216611	2.4
593	55486.283789	39.051719	0.000001	4195.203993	2.3
594	62164.874622	39.026270	0.000001	5169.187114	2.3
595	56014.991309	39.029349	0.000001	8963.122505	2.4
596	57483.453232	39.257500	0.000001	12199.656072	2.4
597	63421.479706	39.882931	0.000001	7031.663604	2.4
598	64192.834272	40.009002	0.000001	6504.637444	2.3
599	56017.331352	40.243836	0.000001	9992.790176	2.4
600	56156.594787	40.544511	0.000001	8629.735767	2.4
601	58620.915764	41.107079	0.000001	6985.621512	2.3
602	50887.660894	41.353059	0.000001	5093.944692	2.4
603	49339.297359	41.406568	0.000001	5608.604027	2.3
604	56213.199904	41.288681	0.000001	4144.901333	2.4
605	52909.837289	41.338645	0.000001	8752.087358	4.0
606	53319.110728	41.209899	0.000001	6977.639705	2.4
607	60061.999317	41.212246	0.000001	5743.531156	2.3
608	55256.233438	41.170525	0.000001	3731.614197	2.3
609	54648.595200	41.111069	0.000001	7873.623025	2.3
610	59414.309245	41.155497	0.000001	3779.762342	2.4
611	64654.395619	41.118291	0.000001	5975.615278	2.5
612	56454.085964	41.159043	0.000001	5682.467209	3.0
613	57406.693975	41.220157	0.000001	8812.492217	2.5
614	56734.628921	41.281260	0.000001	4401.336620	2.4
615	60087.093392	41.170786	0.000001	9165.442913	2.3
616	52208.573322	41.375082	0.000001	5772.412350	2.3
617	52019.505786	41.494479	0.000001	3849.473862	2.3
618	57074.281399	41.588170	0.000001	7525.559271	2.2
619	51789.896695	41.535136	0.000001	5906.931087	2.3
620	59064.096773	41.513081	0.000001	6727.581159	2.2
621	54357.096207	41.672816	0.000001	9822.743664	2.3
622	59589.753553	41.570492	0.000001	4649.292782	2.3
623	60764.881137	41.693468	0.000001	4363.204868	2.3
624	55768.645413	41.741719	0.000001	4176.965597	2.3
625	60382.366525	41.766982	0.000001	4724.111831	2.5
626	54125.327315	41.800249	0.000001	3301.910452	3.4
627	61691.050599	41.787628	0.000001	8927.338252	2.4
628	63167.543142	41.810839	0.000001	10287.055575	2.3
629	53603.802367	41.871609	0.000001	7790.646810	2.2
630	61154.664353	42.345916	0.000001	6755.682367	2.4
631	54622.266719	42.212898	0.000001	5783.639226	2.7
632	59874.142392	42.139548	0.000001	7430.109214	2.8
633	62952.062880	42.092708	0.000001	6058.758425	2.4
634	55526.545418	41.992527	0.000001	3774.175183	2.3
635	53302.009165	42.022232	0.000001	5279.776404	2.3
636	53591.076474	41.996590	0.000001	6012.735001	2.3
637	49878.921184	41.883509	0.000001	6725.658507	2.7
638	48582.785695	41.897030	0.000001	7644.121154	2.9
639	57464.307332	41.820727	0.000001	6557.002499	2.9
640	57891.982123	41.698637	0.000001	6224.297031	2.7
641	59651.869523	41.623105	0.000001	7812.471890	2.8
642	53610.368043	41.739911	0.000001	6994.329578	2.6
643	50929.780187	41.929065	0.000001	6150.206073	2.6
644	50992.388247	41.854748	0.000001	3771.766728	4.8
645	57021.513417	41.930923	0.000001	6081.235860	2.7
646	54465.238608	41.864908	0.000001	9745.030913	2.7
647	51815.790331	41.855165	0.000001	3895.098568	3.0
648	62912.400407	41.886153	0.000001	5894.286537	2.7
649	54448.824192	41.804217	0.000001	5354.237335	3.7
650	56988.558734	41.701348	0.000001	6531.924566	2.4
651	59645.027130	41.811937	0.000001	4081.789342	2.5
652	54861.926900	41.793595	0.000001	6530.344636	2.7
653	61201.974491	41.860508	0.000001	6404.677323	2.4
654	58566.924721	41.946634	0.000001	4946.110065	2.3
655	59400.843329	42.005639	0.000001	5061.654749	2.3
656	51141.954682	42.089014	0.000001	3345.188136	2.3
657	51775.406030	42.023687	0.000001	4600.362061	2.2
658	50914.156716	41.986504	0.000001	4962.524400	2.3
659	54244.594689	41.964315	0.000001	4332.409078	2.3
660	58937.621849	41.939354	0.000001	4714.970322	2.3
661	54503.793074	41.960335	0.000001	5143.896212	2.3
662	51698.569778	41.856833	0.000001	4695.576981	3.0
663	58592.972248	41.841178	0.000001	3254.439856	3.2
664	59995.134646	41.866953	0.000001	5423.871802	2.4
665	50648.248506	41.810116	0.000001	6626.742287	2.4
666	57881.373030	41.674398	0.000001	6787.741820	2.3
667	58286.551934	41.786373	0.000001	4104.648781	2.3
668	61500.220958	41.851710	0.000001	7197.820948	2.3
669	55596.518887	41.887696	0.000001	4359.261894	2.3
670	58541.281014	42.014032	0.000001	3150.587393	2.3
671	56435.983317	42.026661	0.000001	6241.191517	2.3
672	57640.565069	42.047517	0.000001	7943.756714	2.3
673	50493.472807	41.984849	0.000001	4850.953133	2.3
674	60231.322051	41.859236	0.000001	7803.067947	2.3
675	54676.821099	41.772440	0.000001	4082.341190	2.3
676	59747.974861	41.735156	0.000001	5282.947404	2.2
677	58205.376229	41.786074	0.000001	10032.660746	2.3
678	48788.167654	41.637774	0.000001	6640.217922	2.2
679	56026.315609	41.503138	0.000001	5858.280283	2.2
680	56990.401898	41.449710	0.000001	4710.370749	2.3
681	49649.902888	41.507622	0.000001	3605.705539	2.3
682	60296.655851	41.495096	0.000001	10131.679652	2.3
683	58586.065166	41.416299	0.000001	5449.455270	2.4
684	59275.651871	41.272191	0.000001	5665.225313	3.4
685	62045.219632	41.214474	0.000001	5039.359074	2.5
686	66275.900309	41.084638	0.000001	6684.172287	2.4
687	58726.996986	41.100803	0.000001	6096.499513	2.3
688	55190.882219	41.204636	0.000001	4360.285142	2.2
689	53930.442254	41.103867	0.000001	5603.042952	2.3
690	58452.603942	41.242828	0.000001	6226.654879	2.3
691	50191.690767	41.444334	0.000001	7860.120123	2.3
692	55954.314334	41.379209	0.000001	7151.352868	2.3
693	57707.383010	41.496448	0.000001	6925.292636	2.3
694	63404.894146	41.562564	0.000001	6793.671203	2.2
695	53228.125783	41.522585	0.000001	4103.738310	2.2
696	53571.166646	41.570067	0.000001	7457.665331	2.3
697	48926.250779	41.593427	0.000001	2660.457989	2.3
698	57002.597393	41.534517	0.000001	4998.628647	2.8
699	56308.431395	41.568709	0.000001	4715.974704	2.2
700	54430.981225	41.504527	0.000001	7763.710259	2.2
701	67423.864590	41.574733	0.000001	5352.737469	2.3
702	57665.587111	41.558750	0.000001	6694.017475	2.4
703	58464.407550	41.417514	0.000001	8090.611081	2.4
704	53543.157314	41.656838	0.000001	5506.659321	2.4
705	58169.933514	41.657722	0.000001	9761.611470	3.8
706	55025.817213	41.905796	0.000001	3503.699036	2.4
707	55126.237403	41.878367	0.000001	4513.389137	2.4
708	56397.632030	41.929328	0.000001	6039.048041	2.8
709	52241.003380	41.939275	0.000001	6423.547299	2.3
710	54772.164634	42.039118	0.000001	5209.845956	2.7
711	55875.323729	42.024386	0.000001	5430.733215	2.5
712	61880.869672	42.093354	0.000001	3010.619236	2.4
713	54307.287646	42.147454	0.000001	4399.276914	2.4
714	64000.358759	42.142670	0.000001	7532.947233	2.3
715	57764.378255	42.288614	0.000001	3194.007173	2.4
716	59783.531086	42.268815	0.000001	7165.323349	3.4
717	54254.817519	42.295267	0.000001	5186.489558	2.5
718	65125.229792	42.426523	0.000001	5017.738536	2.4
719	56124.197040	42.444193	0.000001	4799.052752	2.4
720	56882.631176	42.437408	0.000001	5234.438506	2.3
721	55746.073701	42.619723	0.000001	7759.005922	2.3
722	62680.737828	42.633713	0.000001	4982.741153	2.5
723	59631.091782	42.640743	0.000001	15911.384151	2.5
724	56128.261819	42.910353	0.000001	6256.384232	3.0
725	50460.988165	43.551237	0.000001	6589.221689	3.8
726	55024.695774	43.605776	0.000001	7910.237664	2.4
727	53750.938763	43.564784	0.000001	3546.917207	2.4
728	53825.810633	43.600027	0.000001	6013.611629	2.3
729	50760.962249	43.671263	0.000001	3754.715370	2.3
730	61755.702357	43.620374	0.000001	9769.038410	2.3
731	55871.193138	43.596520	0.000001	6636.757235	2.4
732	56808.329381	43.514782	0.000001	5469.546405	2.4
733	59352.076060	43.392037	0.000001	5089.654171	2.4
734	56348.827084	43.309316	0.000001	4136.754906	2.5
735	53326.357222	43.351778	0.000001	3800.414300	2.6
736	46323.422783	43.292128	0.000001	6909.398796	3.1
737	62067.393219	43.283128	0.000001	6739.955646	2.4
738	53020.814682	43.154843	0.000001	4178.677366	2.3
739	58122.401913	43.185592	0.000001	6203.185222	2.3
740	65948.487620	43.138908	0.000001	5453.614452	2.3
741	61132.219444	43.230985	0.000001	3523.669820	2.3
742	56787.144778	43.170475	0.000001	4852.742451	2.4
743	54586.313770	43.135263	0.000001	4373.639811	3.3
744	57315.511138	43.155039	0.000001	3706.008526	3.8
745	55121.219135	43.215999	0.000001	6630.354219	3.3
746	48742.498304	43.216429	0.000001	4366.049389	3.8
747	54051.435684	43.264664	0.000001	4004.915130	4.6
748	53736.306932	43.319882	0.000001	5509.511895	2.6
749	54418.890368	43.350999	0.000001	4054.360676	2.4
750	55009.212838	43.310272	0.000001	7207.143620	2.4
751	59676.367993	43.219530	0.000001	9846.979822	2.4
752	58129.837734	43.131331	0.000001	5120.435612	4.4
753	60836.487731	43.318678	0.000001	5754.314039	5.1
754	58173.074412	43.368211	0.000001	3947.297490	2.3
755	56392.672553	43.335472	0.000001	3977.522712	2.2
756	60593.078937	43.315388	0.000001	5394.468946	2.4
757	58761.836844	43.271188	0.000001	6065.209203	2.4
758	56665.055417	43.367943	0.000001	5075.120895	4.2
759	63132.956030	43.254224	0.000001	9083.930673	4.0
760	58010.520130	43.387338	0.000001	8942.637303	2.4
761	55309.948373	43.603606	0.000001	4345.911910	2.4
762	53046.557908	43.469178	0.000001	5563.007660	2.4
763	57964.043117	43.452268	0.000001	6334.831836	2.4
764	61302.959322	43.442013	0.000001	5519.979025	2.5
765	51306.266348	43.574680	0.000001	3775.110390	2.3
766	56268.930629	43.565431	0.000001	4379.912955	2.3
767	55088.906211	43.527533	0.000001	6450.416075	2.3
768	52205.174713	43.489706	0.000001	10598.171474	2.4
769	59859.702328	43.324560	0.000001	6296.859597	2.3
770	57274.034204	43.492767	0.000001	5354.127741	2.9
771	58932.462500	43.518246	0.000001	5674.240159	2.6
772	57998.793811	43.687590	0.000001	6276.020010	3.3
773	53925.643281	43.896654	0.000001	7790.146458	2.9
774	65242.289016	44.115126	0.000001	5692.223182	2.5
775	54638.129007	44.146025	0.000001	7499.319674	3.1
776	55564.132560	44.000754	0.000001	9792.422723	3.2
777	60307.150185	43.996716	0.000001	7185.608620	4.6
778	56121.232915	44.191238	0.000001	6656.863745	3.3
779	59919.645508	44.185690	0.000001	5276.802311	2.5
780	54499.794995	44.258777	0.000001	3138.503774	3.3
781	49160.502560	44.245015	0.000001	6625.479933	3.2
782	61026.055970	44.297299	0.000001	7134.593665	2.5
783	58772.337706	44.437107	0.000001	9624.820187	2.4
784	52432.983850	44.366495	0.000001	7476.109934	2.3
785	59567.220681	44.640659	0.000001	5643.867942	2.3
786	55506.481938	44.636194	0.000001	6201.381454	2.5
787	55502.011882	44.723120	0.000001	5778.665713	2.4
788	49748.064897	44.744664	0.000001	9536.243516	2.4
789	49995.316500	44.684997	0.000001	4667.241609	2.9
790	62684.622315	44.883761	0.000001	4952.133993	2.3
791	60286.563699	44.980778	0.000001	7087.453939	3.0
792	57268.894346	44.996962	0.000001	9109.330252	2.4
793	55435.066670	45.358888	0.000001	4998.412589	2.4
794	57404.147974	45.327058	0.000001	5940.407190	2.4
795	58187.836184	45.282299	0.000001	4631.068878	2.5
796	71792.444971	45.251322	0.000001	17218.168133	2.9
797	55742.438426	45.344208	0.000001	4410.133895	3.1
798	51491.198332	45.548138	0.000001	5773.516436	2.4
799	53348.855598	45.546392	0.000001	6459.188426	2.3
800	55528.319441	45.645094	0.000001	6476.095306	2.3
801	60966.625691	45.605657	0.000001	7853.587797	2.3
802	60812.092173	45.571656	0.000001	10506.827551	2.3
803	60641.770662	45.577772	0.000001	17025.897595	2.3
804	49359.551082	46.181267	0.000001	7293.018943	2.3
805	49934.428577	45.940664	0.000001	6100.875590	2.3
806	62153.280549	45.849458	0.000001	4170.276728	2.3
807	53920.817589	45.840432	0.000001	3542.652408	2.4
808	57568.489899	45.845487	0.000001	4640.481437	2.4
809	57101.071887	45.880750	0.000001	5719.753126	2.4
810	54685.391766	45.775381	0.000001	3228.326855	2.3
811	55106.272300	45.859054	0.000001	8371.866338	2.3
812	52992.295755	45.921515	0.000001	5028.389590	2.3
813	60096.132794	45.964153	0.000001	4569.391282	2.8
814	51639.249167	45.995130	0.000001	7593.148113	2.3
815	50605.221758	45.881451	0.000001	3573.896919	2.3
816	56695.009692	45.846372	0.000001	5785.885327	3.2
817	54508.119295	45.832819	0.000001	8327.990411	2.9
818	58105.364430	45.710125	0.000001	11068.360445	2.3
819	51055.018258	45.659978	0.000001	5305.388855	2.3
820	52111.638934	46.078159	0.000001	10720.840182	2.8
821	59288.213372	45.852518	0.000001	7199.758537	2.3
822	50883.715818	46.196764	0.000001	3535.560878	2.3
823	62899.243392	46.183488	0.000001	9407.272031	2.2
824	58387.911516	46.242488	0.000001	4182.375328	2.3
825	55982.805047	46.178504	0.000001	7219.782243	2.4
826	59560.139184	46.181068	0.000001	5113.996325	2.6
827	59959.887571	46.081922	0.000001	4772.611523	2.3
828	62999.270850	46.098010	0.000001	6128.536105	2.3
829	61826.622917	46.152663	0.000001	4880.329920	2.2
830	58571.733910	46.192103	0.000001	5213.927081	2.4
831	58968.974851	46.268590	0.000001	6627.676716	2.3
832	57351.021428	46.359952	0.000001	6649.899781	2.2
833	54816.028932	46.616768	0.000001	4986.808108	2.3
834	53770.373649	46.610493	0.000001	4454.089140	2.3
835	55073.075840	46.698674	0.000001	7910.130890	2.3
836	60767.831414	46.699481	0.000001	5719.316074	2.3
837	58139.046812	46.666546	0.000001	4740.179917	2.7
838	61090.084141	46.703656	0.000001	4547.154166	3.1
839	56170.654202	46.638056	0.000001	10884.710113	2.4
840	61364.219981	46.481528	0.000001	5281.076864	2.3
841	52199.777759	46.623280	0.000001	10044.253877	2.3
842	52197.193712	46.633934	0.000001	4023.876052	2.3
843	58687.074960	46.604391	0.000001	5336.992766	2.3
844	58232.561762	46.504570	0.000001	2398.263017	2.3
845	52566.493501	46.489257	0.000001	5593.643322	2.2
846	49353.013573	46.498351	0.000001	7881.374359	2.3
847	57095.062392	46.415929	0.000001	7130.463867	2.2
848	59559.218297	46.676307	0.000001	5555.848042	2.3
849	53232.451215	46.760146	0.000001	4014.190760	2.3
850	60018.062990	46.723047	0.000001	7369.297599	2.2
851	59422.988508	46.753969	0.000001	5669.093324	2.3
852	51167.943089	46.710565	0.000001	2938.559570	2.2
853	55308.009618	46.769321	0.000001	6061.515574	2.3
854	56127.249183	46.819038	0.000001	5911.572000	2.3
855	54041.555344	46.955509	0.000001	4083.276006	2.3
856	56730.262230	46.997292	0.000001	6308.148540	2.3
857	60918.481096	47.135585	0.000001	8220.479121	2.4
858	54512.367977	47.089393	0.000001	6944.185275	3.3
859	53438.733760	47.256192	0.000001	7360.256034	2.7
860	57002.663395	47.495518	0.000001	6261.585315	2.3
861	56537.249222	47.468097	0.000001	7094.341413	2.3
862	55067.963694	47.637734	0.000001	3022.349513	2.3
863	58911.736873	47.714842	0.000001	9786.659315	2.3
864	50642.431873	47.789013	0.000001	7196.827272	2.2
865	60708.378405	47.748616	0.000001	3986.381314	2.3
866	56976.496653	47.741725	0.000001	4283.514740	2.3
867	53279.988228	47.778092	0.000001	8342.570666	2.3
868	51489.733317	47.946970	0.000001	3656.327959	2.3
869	60245.080456	47.850829	0.000001	6113.807506	2.4
870	55459.309876	47.744086	0.000001	3456.339262	2.3
871	56799.330410	47.763688	0.000001	3774.279865	2.3
872	56936.197134	47.776563	0.000001	6677.622437	2.3
873	57954.767425	47.864012	0.000001	4729.922998	2.3
874	49966.289780	47.905792	0.000001	8121.584918	2.4
875	52183.496212	47.868583	0.000001	4290.780852	2.3
876	53116.382927	47.919007	0.000001	4557.925687	2.3
877	47295.606231	47.898154	0.000001	5321.908538	2.3
878	54624.588931	47.828729	0.000001	7522.634277	2.4
879	59678.905253	47.899060	0.000001	4345.404631	2.8
880	54803.195924	47.779392	0.000001	4161.860590	3.1
881	60989.424932	47.747392	0.000001	8443.669010	2.4
882	59909.130304	47.901531	0.000001	6157.114933	2.3
883	58740.621285	48.141267	0.000001	4928.383746	2.3
884	56295.489314	48.065483	0.000001	5287.382436	2.4
885	56683.138185	47.997588	0.000001	3835.369823	2.3
886	53633.876056	48.025675	0.000001	3988.781721	2.3
887	56865.120359	47.991150	0.000001	9471.119754	2.2
888	59332.568446	48.075982	0.000001	6364.044215	2.3
889	60531.037144	47.943182	0.000001	4232.751741	2.3
890	52237.252341	47.870606	0.000001	4282.216121	2.3
891	59891.616004	47.885466	0.000001	7002.348426	2.2
892	48820.674659	47.876221	0.000001	12109.588741	2.2
893	59140.031395	48.271312	0.000001	5659.928042	2.3
894	57347.622726	48.252233	0.000001	7691.416618	2.4
895	62054.150821	48.407267	0.000001	5642.982594	2.3
896	57869.987983	48.220585	0.000001	7274.624170	2.3
897	60965.260862	48.160473	0.000001	6273.086754	2.3
898	62576.505327	48.315610	0.000001	8995.448836	3.2
899	59848.396547	48.534956	0.000001	5119.686553	3.8
900	56942.958475	48.636630	0.000001	5492.358884	3.3
901	61233.916057	48.569636	0.000001	6704.842839	2.4
902	51967.835879	48.540363	0.000001	3842.599546	2.4
903	58712.391619	48.487761	0.000001	4855.923629	2.4
904	51601.990215	48.601857	0.000001	9667.925611	3.6
905	57419.102155	48.445362	0.000001	14459.679752	3.3
906	63905.244227	48.224653	0.000001	4657.716113	2.5
907	55902.457038	48.579607	0.000001	7499.443125	2.4
908	58467.780029	48.627256	0.000001	5601.178803	2.3
909	52504.298409	48.547384	0.000001	4953.749123	2.8
910	51088.862137	48.489746	0.000001	6176.100366	2.4
911	56501.499270	48.459395	0.000001	4053.326771	3.4
912	57555.355566	48.490913	0.000001	5155.504538	2.4
913	52790.179498	48.473581	0.000001	8436.003310	2.4
914	59784.581868	48.302217	0.000001	5403.454932	2.3
915	62450.263606	48.319223	0.000001	7229.338278	2.3
916	60231.291606	48.171549	0.000001	11570.733210	2.4
917	57066.535608	48.145096	0.000001	5321.579391	2.3
918	56203.925713	48.403034	0.000001	6258.901962	2.8
919	51478.272567	48.320670	0.000001	8902.586315	3.6
920	57608.366488	48.650776	0.000001	8556.620984	2.5
921	57602.106852	48.932678	0.000001	8283.108791	2.3
922	56437.585053	48.924276	0.000001	6827.933440	2.3
923	57113.121827	49.235388	0.000001	4849.271501	2.3
924	63573.321716	49.118144	0.000001	3617.494361	2.8
925	56183.055097	49.171059	0.000001	7880.470350	2.9
926	54300.631182	49.233280	0.000001	6570.986580	2.5
927	57482.588488	49.126255	0.000001	4228.173358	2.9
928	61191.177023	49.249952	0.000001	4114.794213	4.0
929	55225.128330	49.293616	0.000001	5579.842226	2.5
930	55167.798637	49.271357	0.000001	9991.009164	2.5
931	60161.255255	49.356391	0.000001	8647.605841	2.4
932	53869.787192	49.311334	0.000001	3488.225685	2.4
933	56587.492891	49.399880	0.000001	8262.363984	2.4
934	59725.207278	49.294813	0.000001	6945.995499	2.4
935	54205.493420	49.326532	0.000001	6781.777085	3.2
936	57215.791166	49.143791	0.000001	3361.568215	2.6
937	61673.069223	49.151799	0.000001	7520.699242	4.0
938	63971.514612	49.201436	0.000001	3694.528481	2.5
939	50350.391343	49.230412	0.000001	5413.457311	2.4
940	50606.380018	49.239936	0.000001	4907.493556	2.7
941	53535.482921	49.175798	0.000001	7772.792122	2.4
942	54473.267340	49.332966	0.000001	6615.291376	2.4
943	49999.305041	49.138760	0.000001	9114.133703	2.3
944	61675.425819	49.017644	0.000001	4351.595824	2.3
945	58429.679520	49.114706	0.000001	8356.867373	2.3
946	55285.440017	49.107322	0.000001	4696.834829	2.3
947	57913.985772	49.000934	0.000001	7464.595199	2.3
948	58973.346746	48.925200	0.000001	2111.130983	2.3
949	68139.605030	48.887418	0.000001	7097.059237	2.4
950	54410.378850	48.926922	0.000001	3712.715474	2.4
951	54294.791452	48.919377	0.000001	8886.991991	2.7
952	58628.274991	48.949935	0.000001	4731.181673	2.4
953	55322.320306	49.062451	0.000001	5558.930048	2.3
954	57245.029123	49.114614	0.000001	8531.966947	2.3
955	54052.319598	49.008746	0.000001	6705.831634	2.3
956	50364.308381	49.263449	0.000001	9967.554577	2.4
957	54287.862001	49.512452	0.000001	8385.069491	3.5
958	51295.954176	49.702634	0.000001	6042.367114	2.5
959	56515.361156	49.581644	0.000001	16107.813072	2.3
960	50863.737286	50.267860	0.000001	8275.955588	2.3
961	49742.843201	50.910244	0.000001	6486.522654	2.4
962	49908.812137	51.294517	0.000001	5125.996645	2.3
963	57180.438198	51.340559	0.000001	5121.770608	2.3
964	54995.665309	51.390137	0.000001	8143.453165	2.2
965	51724.555112	51.368476	0.000001	4505.719506	2.3
966	55707.071895	51.275524	0.000001	7463.681628	2.2
967	55733.480928	51.407812	0.000001	5520.518553	2.3
968	60152.493734	51.622113	0.000001	7052.125478	3.7
969	52152.793765	51.562314	0.000001	3528.022875	2.7
970	58380.987394	51.629279	0.000001	7171.747766	2.3
971	59899.065809	51.694601	0.000001	8706.877881	2.4
972	54672.626738	51.937172	0.000001	5296.128279	4.5
973	52455.331018	51.867764	0.000001	4906.022380	2.5
974	55439.205485	51.863114	0.000001	7412.755078	2.4
975	55340.361919	51.939045	0.000001	4633.472384	2.4
976	54646.015378	52.000742	0.000001	7264.171162	3.7
977	55239.535072	52.013568	0.000001	6870.506690	2.5
978	58987.192567	51.944622	0.000001	5402.859849	3.7
979	56847.121566	52.095961	0.000001	3679.295480	2.5
980	56381.106390	52.103596	0.000001	6547.841658	2.6
981	60080.462754	52.126876	0.000001	5671.166433	2.3
982	51774.888990	52.256443	0.000001	11841.369439	2.4
983	57431.168758	52.283513	0.000001	6795.983353	2.6
984	59628.396154	52.667834	0.000001	2973.715773	2.4
985	51389.799917	52.609377	0.000001	4611.378459	2.5
986	56623.687863	52.642127	0.000001	4488.894876	2.4
987	54352.654386	52.570146	0.000001	6878.120364	2.4
988	58833.706756	52.595141	0.000001	3279.991752	2.4
989	54089.356494	52.547088	0.000001	14645.525347	2.5
990	55120.967832	52.539310	0.000001	2111.557631	2.4
991	52283.513623	52.521093	0.000001	5281.533824	2.4
992	51712.355274	52.542157	0.000001	3051.038462	2.5
993	52977.246957	52.503840	0.000001	4691.714023	2.4
994	53249.093033	52.560678	0.000001	4919.826152	2.4
995	56644.469713	52.499651	0.000001	6683.758364	3.8
996	55438.253287	52.678945	0.000001	4239.942081	2.5
997	54830.451946	52.723779	0.000001	8195.528831	2.3
998	52504.222929	52.594791	0.000001	6635.633604	2.4
999	62128.319062	52.570601	0.000001	4360.536627	3.8
