1:ItNr	2:Metric	3a:Time	3b:StepSize	4:||Gradient||	Time[ms]
0	12141.516613	0.000000	0.020681	217.920194	898.6
1	12840.352995	0.000000	0.020681	332.718068	4.3
2	12982.593270	0.995265	0.019745	244.223723	4.1
3	13139.868585	1.995265	0.018886	243.429149	4.7
4	11225.421598	2.953432	0.018131	336.187656	5.9
5	12634.129452	3.953432	0.017404	409.722510	4.3
6	12370.402510	4.953432	0.016734	401.649060	4.2
7	11125.508451	5.953432	0.016113	237.617358	5.4
8	10623.709648	6.953432	0.015536	239.987272	4.5
9	11136.706360	7.953432	0.015000	283.838895	4.2
10	12323.393370	7.463341	0.015258	335.054956	4.2
11	11042.509499	6.973250	0.015525	274.472978	4.5
12	9777.634407	7.973250	0.014989	245.346276	4.3
13	10087.053111	8.972485	0.014490	239.371788	4.2
14	10227.974730	9.745183	0.014126	366.868960	4.5
15	11543.117462	10.717019	0.013693	280.880453	6.0
16	10225.221157	11.717019	0.013274	275.248258	4.4
17	11717.156555	11.226927	0.013476	242.660751	4.3
18	10372.609393	12.226927	0.013071	252.464147	4.2
19	10542.645773	13.226927	0.012689	224.082803	5.9
20	11305.755821	14.226858	0.012329	224.355823	6.4
21	10355.095569	15.226858	0.011988	263.869833	6.1
22	10947.236380	16.222452	0.011668	223.333717	4.3
23	12001.815699	17.222452	0.011362	245.179770	5.2
24	10955.011615	18.222452	0.011073	180.343720	4.6
25	10781.237716	19.222451	0.010797	206.742243	5.8
26	10579.829734	18.732360	0.010930	197.409375	4.7
27	9386.197688	18.242269	0.011067	194.757773	4.1
28	10440.246095	17.754931	0.011206	217.584491	4.6
29	11327.551920	17.265658	0.011349	213.140048	4.1
30	11165.165423	18.248673	0.011065	215.978896	4.1
31	10351.189489	19.248672	0.010790	210.256682	4.4
32	10433.764068	20.248539	0.010529	231.237220	5.7
33	10258.448018	21.248539	0.010280	216.783276	5.4
34	10618.795741	22.248539	0.010042	236.421527	5.3
35	9738.774092	23.234796	0.009818	204.078435	5.2
36	9326.226940	22.744704	0.009928	232.690271	5.4
37	9586.889485	23.744704	0.009706	154.121071	4.2
38	9734.825133	24.744676	0.009494	194.439017	4.6
39	9530.254959	25.616396	0.009316	181.660614	4.2
40	9094.193544	26.616396	0.009121	267.321908	4.6
41	8012.359206	27.597405	0.008937	229.596925	4.6
42	9134.535305	28.597405	0.008756	195.730920	4.2
43	8745.017716	29.597405	0.008583	148.819805	4.8
44	9519.868979	29.112384	0.008666	222.898564	4.2
45	10801.536963	30.112221	0.008497	156.096643	4.6
46	8678.554218	29.622431	0.008579	166.081565	4.4
47	9346.135755	30.384822	0.008452	187.315299	4.3
48	9573.713974	29.906905	0.008531	225.887931	4.7
49	8913.621324	29.416843	0.008614	224.551128	5.0
50	9622.578400	28.926755	0.008699	192.189286	4.5
51	8699.961133	29.926755	0.008528	141.574426	5.3
52	8755.183257	29.565190	0.008589	230.200453	4.5
53	7889.903899	29.108437	0.008667	176.139261	4.9
54	11596.965906	28.618346	0.008753	337.233185	4.6
55	9570.923191	28.833755	0.008715	166.130465	5.3
56	8976.299160	29.833755	0.008543	192.181669	5.4
57	10592.422608	29.356096	0.008624	194.730240	5.2
58	9600.081862	30.347154	0.008458	208.964528	5.6
59	8958.568281	29.981337	0.008519	216.053617	5.9
60	10111.795723	30.981201	0.008355	193.589846	5.5
61	9764.498739	31.981201	0.008197	160.259563	4.7
62	9803.572738	32.978270	0.008046	176.222635	5.1
63	8089.205173	32.488209	0.008119	164.608448	5.3
64	9575.414653	33.463447	0.007974	184.270841	4.4
65	9803.786109	32.976106	0.008046	218.150391	5.0
66	9417.936076	33.975932	0.007900	221.838689	5.0
67	10283.607044	34.975932	0.007759	232.438989	7.1
68	10201.204785	34.485841	0.007827	294.212026	4.3
69	11003.063647	35.485841	0.007689	189.633827	4.7
70	8578.322677	36.485841	0.007555	184.408070	4.3
71	9870.253948	37.298708	0.007449	239.003622	4.7
72	8999.323273	38.298708	0.007324	214.603910	4.5
73	8737.139727	39.298708	0.007202	183.596367	4.2
74	10750.089130	40.298708	0.007085	187.500979	4.6
75	9072.781285	39.811695	0.007142	188.925863	4.2
76	9531.519514	40.811690	0.007026	204.735382	4.2
77	9282.540979	41.681107	0.006929	182.302783	4.2
78	9347.261901	42.673954	0.006821	197.902716	6.8
79	10513.492411	43.673954	0.006715	190.823736	4.5
80	9250.817573	44.673945	0.006613	222.081216	4.3
81	8097.296291	44.452777	0.006635	158.601701	4.2
82	8800.983118	44.360093	0.006645	223.727729	4.2
83	9578.610274	43.870001	0.006695	208.152305	4.2
84	10877.523832	44.218376	0.006659	198.768820	4.1
85	9508.601756	43.728285	0.006710	171.924298	4.1
86	9760.503396	43.238194	0.006761	175.298622	5.1
87	8615.776607	44.237150	0.006657	207.780235	4.1
88	9763.722792	45.237150	0.006557	240.327970	4.2
89	9149.399455	46.237073	0.006459	212.576532	6.7
90	8934.987374	47.237073	0.006364	237.190249	4.2
91	8126.731282	48.237073	0.006273	201.600132	4.2
92	8797.600580	47.762636	0.006316	176.765366	4.7
93	8319.110254	48.502492	0.006249	163.327815	4.6
94	9173.110985	49.499630	0.006160	191.085964	4.8
95	9245.192832	49.009541	0.006203	213.686075	4.2
96	7962.267500	48.586387	0.006241	262.809708	4.9
97	8958.896560	48.096295	0.006285	285.293737	4.5
98	8240.411797	47.607488	0.006330	189.447822	4.3
99	9527.820682	47.117396	0.006376	191.782363	5.5
100	8755.132929	46.719036	0.006413	192.258050	5.0
101	9441.903361	46.228945	0.006460	172.375772	4.7
102	8196.349641	47.228944	0.006365	174.780323	4.7
103	9335.750650	48.228944	0.006273	171.423993	4.2
104	8907.904407	47.738873	0.006318	183.613034	4.6
105	8855.027314	48.735373	0.006228	139.495799	4.2
106	7421.851202	48.293746	0.006267	155.377369	7.3
107	9499.087204	47.807497	0.006312	194.722055	6.8
108	9086.734721	48.642716	0.006236	215.456012	5.7
109	8623.459825	49.642707	0.006148	213.177870	7.4
110	10106.370195	50.642707	0.006062	147.778205	4.2
111	8773.476320	50.153842	0.006104	168.353515	4.5
112	9219.123933	49.671632	0.006145	207.541907	4.3
113	8397.599511	49.942984	0.006122	167.897873	4.6
114	8229.963190	49.466941	0.006163	155.277555	4.6
115	10445.579811	48.976854	0.006206	226.898839	4.3
116	8445.049906	48.486768	0.006250	191.016005	5.6
117	9146.315603	47.996677	0.006294	231.976579	5.5
118	7665.490598	47.506588	0.006339	157.789026	8.2
119	9249.855770	47.098640	0.006377	203.210365	6.9
120	9727.555239	46.608724	0.006424	199.688107	8.2
121	9337.246499	47.608724	0.006330	213.038842	7.9
122	8677.635305	47.118651	0.006376	166.795979	5.5
123	9034.737596	48.118639	0.006283	175.950231	4.6
124	7701.323574	49.118618	0.006194	226.032944	8.9
125	10272.749730	50.101649	0.006108	178.516672	5.4
126	8587.597790	51.101649	0.006023	198.943190	9.7
127	8928.243245	50.875028	0.006042	188.537386	4.9
128	8766.691503	50.384936	0.006084	158.911563	4.1
129	9606.619176	49.894876	0.006126	173.918397	8.6
130	9284.157867	49.404894	0.006169	146.747746	5.4
131	8426.577437	50.196938	0.006100	250.218896	7.4
132	9100.832477	51.165640	0.006018	146.673966	7.8
133	8576.616418	52.165631	0.005936	176.050252	11.2
134	8861.817708	51.686418	0.005975	180.345042	4.4
135	8888.617167	51.196335	0.006015	171.728738	4.8
136	9992.778131	50.708388	0.006056	181.267904	9.5
137	9661.472394	50.218415	0.006098	181.212923	4.6
138	8096.447453	50.092932	0.006109	184.754442	8.5
139	9084.385453	49.735276	0.006140	187.442556	4.4
140	8332.664398	50.735275	0.006054	135.176500	9.6
141	8863.485651	50.245224	0.006096	180.435662	6.1
142	7852.570696	49.829882	0.006132	168.156634	5.0
143	9363.435356	50.804983	0.006048	142.726279	9.0
144	9940.790066	51.804741	0.005965	173.458645	4.7
145	8385.964283	51.314794	0.006006	180.141630	6.2
146	8984.420513	50.824750	0.006047	175.252527	6.0
147	8141.709640	51.824750	0.005964	189.970543	4.8
148	8230.660961	52.527086	0.005907	180.398993	11.3
149	9028.576248	53.527081	0.005827	199.920396	5.3
150	8579.828502	54.458248	0.005755	160.930358	8.6
151	8685.206765	53.970712	0.005793	198.766626	4.9
152	8167.308585	54.419379	0.005758	180.541162	4.1
153	10340.932152	55.419130	0.005683	193.438350	8.6
154	8337.582194	54.929087	0.005720	162.938249	4.9
155	7724.201793	55.748628	0.005659	202.505158	12.1
156	9316.899047	55.276787	0.005694	167.190356	5.9
157	7760.777631	56.276787	0.005620	152.605943	8.6
158	8498.111360	57.233377	0.005551	161.565160	5.0
159	9269.424013	56.749995	0.005586	181.182172	5.9
160	7439.245664	56.416267	0.005610	142.082937	5.6
161	8899.688595	56.610038	0.005596	156.386399	4.2
162	9011.548687	56.163065	0.005628	179.472279	9.0
163	8255.671732	55.673032	0.005664	188.762475	5.9
164	9111.675026	56.673005	0.005591	151.876961	5.5
165	8528.970913	56.182978	0.005627	239.065096	6.6
166	8787.998198	56.499718	0.005604	134.200813	5.6
167	9246.059183	57.499421	0.005532	170.209907	7.8
168	8954.194484	57.010689	0.005567	185.369246	5.1
169	7917.160993	58.010687	0.005497	161.543205	4.6
170	8512.179651	58.964303	0.005431	169.957988	7.5
171	9216.079847	58.551331	0.005459	158.502512	6.9
172	8397.986908	58.113017	0.005490	182.183613	8.2
173	8452.326073	57.623555	0.005524	189.115715	4.7
174	8560.396178	58.623551	0.005454	202.143864	5.0
175	7994.641034	59.580629	0.005390	167.022115	9.0
176	7542.494369	60.579544	0.005324	156.043382	4.2
177	8594.537643	60.098029	0.005355	200.520548	5.7
178	7772.197907	59.636155	0.005386	215.489326	7.1
179	7914.871753	59.146125	0.005419	165.242249	7.2
180	7662.069495	60.146121	0.005352	164.067363	6.0
181	7919.516371	60.494941	0.005329	172.865177	4.9
182	7626.229475	61.493960	0.005265	155.123156	4.4
183	7867.803256	62.472349	0.005203	193.380301	7.5
184	8812.958055	63.326907	0.005150	192.221777	5.2
185	8623.762460	64.326907	0.005090	155.611520	4.2
186	7732.534427	63.866785	0.005117	148.170811	4.5
187	8073.761246	63.762307	0.005124	144.139445	4.2
188	7551.477577	64.618697	0.005072	262.511142	7.0
189	8490.195696	65.618697	0.005014	156.171913	4.6
190	9119.552364	66.352749	0.004972	137.853356	4.1
191	8567.397001	65.892666	0.004998	212.353802	4.2
192	8698.286784	65.403328	0.005026	157.168216	4.1
193	8421.161178	66.038328	0.004990	151.979663	4.2
194	8349.358999	65.607111	0.005015	206.193743	4.1
195	8660.368562	66.594841	0.004958	160.939788	4.9
196	8766.528357	66.685000	0.004953	186.094449	4.2
197	7622.747608	67.671549	0.004898	140.267097	4.2
198	8616.632494	67.181704	0.004925	124.526387	4.2
199	9379.716601	66.691799	0.004953	222.236398	6.2
200	7516.861016	67.677108	0.004897	158.025917	4.3
201	7668.760460	68.650011	0.004844	186.237347	7.3
202	8692.570752	68.160627	0.004871	206.023524	4.1
203	7689.218396	69.160627	0.004817	173.113726	6.3
204	8309.952709	68.670694	0.004843	180.900117	4.2
205	7966.790409	69.668341	0.004790	172.424237	4.2
206	8099.774540	70.666802	0.004738	188.143341	4.2
207	8214.331541	71.666802	0.004687	152.246939	4.3
208	8157.561563	72.637131	0.004638	156.675939	4.2
209	8539.973026	73.371745	0.004602	150.454483	4.9
210	7527.008903	74.312198	0.004557	154.453462	5.2
211	7543.770725	75.032746	0.004522	129.912102	4.3
212	8449.507139	75.824046	0.004485	196.932922	4.2
213	8767.393391	75.333988	0.004508	129.214660	4.2
214	8098.450265	76.321490	0.004462	180.226277	5.0
215	6816.527480	75.832498	0.004485	165.588684	4.2
216	9600.883422	75.392333	0.004505	215.108935	4.2
217	8270.247269	76.392109	0.004459	185.618124	4.2
218	8599.011720	75.944079	0.004480	125.756740	4.1
219	9038.788483	75.536136	0.004499	182.074776	4.2
220	7586.678249	75.046066	0.004522	229.341836	4.2
221	8489.799729	75.932536	0.004480	188.209849	6.9
222	9859.069027	76.932536	0.004435	233.804586	4.2
223	8174.791110	76.442444	0.004457	207.391089	4.2
224	8543.205487	77.442444	0.004412	144.601867	4.2
225	7823.151213	77.094521	0.004427	164.383929	4.2
226	8976.750909	76.604747	0.004450	159.433293	4.2
227	8064.110589	76.294021	0.004464	147.315877	4.1
228	7377.420930	75.957060	0.004479	135.840531	4.1
229	7398.130731	75.578073	0.004497	179.322260	4.1
230	8262.113789	76.282154	0.004464	179.659901	4.1
231	8718.495109	77.282154	0.004419	165.050102	4.2
232	7565.092702	76.792153	0.004441	182.024946	5.8
233	8681.742337	76.310257	0.004463	129.346128	4.3
234	8171.337185	75.820290	0.004486	156.844870	4.2
235	7777.104919	75.330218	0.004508	127.396808	4.1
236	8742.192677	74.876652	0.004530	226.202213	4.2
237	7203.334613	75.876609	0.004483	138.985247	4.1
238	7312.910287	76.876591	0.004437	193.732819	4.1
239	8814.409837	76.447725	0.004457	177.195760	4.1
240	7929.592426	77.447667	0.004411	193.434331	4.1
241	7268.239638	78.446584	0.004367	153.919094	4.2
242	7951.892600	79.444597	0.004324	170.461706	4.1
243	8602.664170	79.610483	0.004317	144.909581	5.0
244	8219.054295	79.525796	0.004320	160.800467	6.7
245	7173.348154	80.303897	0.004287	157.161017	4.2
246	8512.942768	80.010743	0.004299	204.706914	4.2
247	8174.241094	79.559432	0.004319	166.505313	4.2
248	8371.289482	80.397968	0.004283	180.633993	4.2
249	8253.815541	79.908553	0.004304	168.553956	4.5
250	8709.620730	79.418461	0.004325	213.961039	5.0
251	8597.815133	79.832757	0.004307	130.646062	4.2
252	6911.716714	79.347498	0.004328	149.318395	4.2
253	7951.611664	79.968230	0.004301	144.836747	4.1
254	7468.815442	80.966617	0.004259	123.425208	4.2
255	8634.707066	81.961504	0.004218	199.787271	6.6
256	7031.359963	82.907820	0.004180	145.879583	4.3
257	7821.115138	82.417729	0.004199	210.151466	4.3
258	6893.423785	81.927673	0.004219	204.699888	4.2
259	7768.256205	82.927673	0.004179	168.249186	4.2
260	7808.085643	83.061629	0.004173	181.403625	4.2
261	7840.595613	84.061629	0.004134	143.812992	4.2
262	8408.197263	85.061550	0.004095	174.026548	4.9
263	7722.874499	85.780401	0.004067	167.394305	4.2
264	8075.725791	86.780395	0.004029	172.423597	5.1
265	7794.456111	87.502845	0.004003	157.495234	6.4
266	7375.900172	87.739652	0.003994	127.490648	4.6
267	8463.957935	87.269426	0.004011	205.259444	4.9
268	7333.005559	86.782802	0.004029	185.877732	4.8
269	8184.249905	86.292763	0.004048	155.672361	4.2
270	7182.431907	85.802672	0.004066	140.238218	5.0
271	8008.839238	86.787105	0.004029	166.774065	4.1
272	8512.386729	86.299257	0.004048	187.923981	4.8
273	7019.454151	87.299221	0.004010	131.879905	4.3
274	7462.938984	88.299195	0.003973	152.756987	4.3
275	9363.270152	87.825672	0.003991	190.632674	5.2
276	7150.577907	87.343884	0.004008	144.270926	4.3
277	8331.167302	87.115518	0.004017	139.731371	5.7
278	8212.334491	86.626216	0.004035	210.740768	5.0
279	7719.157658	86.136125	0.004054	178.560726	4.2
280	8203.470045	87.136125	0.004016	213.913010	5.4
281	7686.923845	87.399241	0.004006	158.894972	4.2
282	7562.091912	86.909150	0.004025	146.047885	5.5
283	7615.571833	86.507246	0.004040	161.615696	4.7
284	8035.909621	87.503056	0.004003	128.230479	4.1
285	7894.148197	88.119963	0.003980	158.157893	5.1
286	8941.131702	87.629895	0.003998	155.130255	4.3
287	9054.392320	88.099823	0.003981	170.156119	4.5
288	7666.149422	88.791837	0.003956	146.598932	5.7
289	7091.284274	89.783977	0.003920	172.478067	5.5
290	7074.256744	89.293997	0.003938	160.576126	4.2
291	7589.623473	88.803910	0.003955	155.257121	4.2
292	7842.409673	88.375492	0.003971	168.238066	5.0
293	7072.157417	89.375448	0.003935	178.541255	4.6
294	7738.603497	89.350355	0.003936	155.539306	4.2
295	7628.886958	88.974415	0.003949	178.043093	4.6
296	7543.655957	88.488130	0.003967	144.545839	4.2
297	7830.867931	89.485740	0.003931	156.114239	4.6
298	7400.649439	90.462767	0.003896	186.847394	4.2
299	8462.358266	89.990870	0.003913	140.079253	5.2
300	8515.297172	89.520184	0.003930	175.275159	5.9
301	7440.682466	90.520166	0.003894	207.010055	4.7
302	6532.041207	91.520166	0.003860	159.306364	4.1
303	7062.544868	92.520115	0.003826	148.575246	4.1
304	8601.763605	93.442322	0.003795	133.410631	5.0
305	6328.242393	94.379629	0.003764	166.780258	4.4
306	7770.011518	94.314535	0.003766	135.120018	4.1
307	7763.880245	94.770287	0.003751	127.410608	4.8
308	7365.505556	94.313819	0.003766	143.321469	4.2
309	7760.405679	94.427781	0.003762	174.790726	4.6
310	7865.087464	94.333687	0.003766	128.541754	6.6
311	6780.865207	95.333685	0.003733	127.710534	4.4
312	7988.155284	94.929384	0.003746	176.129899	4.1
313	8210.999758	95.885788	0.003716	204.140615	4.5
314	8474.690174	95.397455	0.003731	223.741214	4.1
315	7866.084687	96.397455	0.003699	172.520071	4.5
316	6846.632321	97.332822	0.003670	138.181608	4.1
317	7964.675153	98.332362	0.003639	132.617319	4.1
318	8789.355066	97.964322	0.003651	199.453713	4.8
319	7332.888571	97.510110	0.003665	195.812561	4.3
320	7122.763878	97.142092	0.003676	174.018433	4.5
321	7162.924309	97.221119	0.003674	154.563809	5.8
322	8487.674240	97.387525	0.003668	128.994511	4.5
323	7210.694658	96.897481	0.003684	150.609933	4.1
324	7953.370885	96.430834	0.003698	164.557796	4.5
325	7524.644468	97.430834	0.003667	146.824855	4.4
326	7718.252128	97.604835	0.003662	221.755486	4.1
327	7624.835869	98.604784	0.003631	179.426931	4.7
328	7651.632046	99.603431	0.003601	146.796796	4.1
329	7439.910630	99.117125	0.003616	221.096641	4.2
330	7166.722494	98.644901	0.003630	165.829410	4.5
331	7836.023426	99.644901	0.003600	123.171689	4.7
332	7650.861480	99.165988	0.003614	177.255022	5.7
333	7907.124133	98.677471	0.003629	211.429680	4.3
334	7665.236145	99.668560	0.003599	234.126220	4.2
335	8467.812632	100.667194	0.003570	157.980135	4.5
336	8381.441003	101.667193	0.003540	229.607048	5.0
337	7143.685619	102.413353	0.003519	137.342557	4.3
338	7239.502638	101.961788	0.003532	144.042753	4.2
339	7665.623683	101.632155	0.003541	237.480341	4.5
340	7326.222581	101.142064	0.003556	133.766024	4.1
341	6749.928675	102.102908	0.003528	199.471306	4.2
342	8037.147568	103.102671	0.003499	188.771045	4.8
343	7548.337889	103.835341	0.003479	148.354706	5.8
344	7694.946324	104.821039	0.003452	149.482788	4.5
345	8272.959856	104.332712	0.003465	161.603420	4.1
346	9054.303770	104.965392	0.003448	191.734437	4.5
347	7456.084595	104.481898	0.003461	127.289479	4.1
348	7928.210454	105.285617	0.003439	164.395314	4.6
349	7877.786283	105.249290	0.003440	165.266950	4.2
350	7959.212626	106.219500	0.003414	171.556047	4.5
351	7851.030377	107.219481	0.003387	141.239717	4.3
352	7585.377054	108.219478	0.003361	182.018168	4.2
353	7436.318466	109.219446	0.003335	155.105975	5.0
354	7269.081672	108.729372	0.003348	138.887598	6.2
355	8402.503787	109.726801	0.003322	169.711593	4.9
356	7409.607588	110.716627	0.003297	157.162207	4.6
357	6596.388488	111.593242	0.003275	166.409580	5.2
358	6952.557021	111.561754	0.003276	139.158877	4.4
359	7270.615906	111.071707	0.003288	153.581382	4.2
360	7486.217229	112.070968	0.003264	189.408220	4.5
361	7740.227481	112.364102	0.003256	172.152311	4.5
362	7441.881568	113.176787	0.003237	147.931628	4.2
363	7760.137558	113.743368	0.003223	138.274873	4.5
364	7560.461097	113.253355	0.003235	155.010627	6.0
365	6693.472803	112.765965	0.003247	137.117275	4.2
366	8683.165905	113.765421	0.003223	150.882177	4.2
367	8701.380488	113.275357	0.003234	170.790884	4.6
368	6655.734692	114.275192	0.003210	176.343076	4.6
369	8191.637629	114.673341	0.003201	127.129373	4.2
370	8791.398944	114.802259	0.003198	172.020190	4.5
371	6836.225214	114.325300	0.003209	136.964475	4.2
372	8432.535679	113.862906	0.003220	174.218237	4.6
373	8085.704042	114.294547	0.003210	149.225343	4.5
374	8095.535551	115.294198	0.003186	171.602940	4.2
375	7842.744001	114.804250	0.003198	167.469217	5.4
376	7560.606684	114.314161	0.003210	169.815309	4.6
377	8471.966322	115.302976	0.003186	222.224650	4.6
378	8566.379511	114.856621	0.003197	173.927261	4.4
379	6866.821602	114.625350	0.003202	144.990548	4.2
380	7963.420576	114.172488	0.003213	158.541370	4.6
381	7991.038129	113.710215	0.003224	167.733303	4.2
382	7501.266836	114.705745	0.003200	126.424234	4.6
383	6937.543465	114.215789	0.003212	143.119838	4.2
384	7682.343457	113.936895	0.003219	186.482232	4.2
385	8134.183402	114.622819	0.003202	182.663519	4.2
386	6913.740480	114.134716	0.003214	115.041085	4.4
387	7595.958554	113.751074	0.003223	167.060676	6.6
388	7620.621255	113.447448	0.003230	163.651092	4.3
389	7151.458584	113.596692	0.003227	142.763013	4.3
390	7624.543483	114.275479	0.003210	158.258507	4.3
391	6113.381445	114.573915	0.003203	147.048143	4.2
392	7619.598383	114.324047	0.003209	158.395210	4.4
393	7610.508743	115.307598	0.003186	144.752687	4.2
394	9497.593394	114.818118	0.003198	182.383325	4.2
395	7522.872551	114.840484	0.003197	168.898378	4.5
396	7645.068244	114.355889	0.003209	153.011155	4.5
397	7746.701716	115.355410	0.003185	134.432266	4.2
398	7377.732351	114.994789	0.003193	151.181345	6.9
399	8306.274850	114.504715	0.003205	143.516837	4.5
400	6708.136407	114.515502	0.003205	157.996262	4.1
401	7318.264898	114.025839	0.003216	122.554751	4.5
402	7096.975012	114.831245	0.003197	177.206502	4.2
403	8495.628237	114.358283	0.003208	162.714597	4.5
404	7684.069695	113.912232	0.003219	178.782876	4.6
405	7818.363117	114.910699	0.003195	164.220369	4.2
406	8493.502658	114.420608	0.003207	144.767418	4.5
407	6965.960106	114.016904	0.003217	163.462980	4.2
408	7109.139637	114.916860	0.003195	147.519242	4.7
409	7107.346759	114.431451	0.003207	151.884011	6.5
410	7788.507723	115.431450	0.003183	181.350020	4.8
411	7749.478247	114.941359	0.003195	182.929190	4.6
412	7539.679744	114.605442	0.003203	169.953342	4.4
413	8494.520324	114.301975	0.003210	216.017094	4.4
414	6893.954309	114.034248	0.003216	177.623291	4.2
415	7342.306765	115.034236	0.003193	152.988841	4.6
416	7473.240158	116.012583	0.003170	159.651329	5.9
417	8069.364296	115.760444	0.003176	159.936583	4.2
418	7791.148799	115.863283	0.003173	144.938436	4.5
419	6961.773941	115.373394	0.003185	151.945291	9.2
420	7894.043625	114.955125	0.003194	133.981697	6.2
421	7320.809036	114.465035	0.003206	132.705737	4.8
422	8141.241213	114.079491	0.003215	177.532103	8.7
423	8489.892855	113.589400	0.003227	150.619274	5.1
424	7422.528898	113.099315	0.003239	208.804560	9.7
425	7097.800859	114.099036	0.003215	180.569209	4.4
426	7517.725741	113.614537	0.003226	131.972500	12.3
427	7610.447299	114.298825	0.003210	189.470807	4.4
428	7336.198981	115.275879	0.003187	229.155940	5.2
429	7257.407152	116.275879	0.003164	149.228490	8.0
430	7186.300634	115.969810	0.003171	201.382311	4.8
431	7173.185668	116.521559	0.003158	163.746757	10.5
432	7540.496548	117.520163	0.003135	164.073515	4.9
433	7479.126239	117.030096	0.003146	133.167417	12.9
434	7262.731834	118.029121	0.003124	209.806145	5.1
435	7037.918081	118.665490	0.003110	173.068431	9.8
436	7733.152809	119.665445	0.003087	161.409610	5.0
437	7602.973617	119.254527	0.003096	136.472957	8.2
438	7064.417828	120.250721	0.003075	118.203987	6.1
439	8057.069813	119.820870	0.003084	157.475608	4.3
440	7658.915529	119.663028	0.003087	143.791766	15.7
441	7118.360366	119.340360	0.003095	126.378762	12.4
442	6341.914791	119.027558	0.003101	174.015646	12.8
443	7751.085138	118.889079	0.003105	158.233387	7.4
444	7866.723291	118.399313	0.003115	149.788330	14.0
445	7168.890129	117.910336	0.003126	151.009244	7.6
446	6789.624241	118.796570	0.003107	182.079788	6.1
447	7462.422319	118.335656	0.003117	215.612947	4.6
448	6890.382905	119.335565	0.003095	132.968416	9.5
449	7599.332944	118.895983	0.003104	180.557992	4.3
450	7980.455881	119.895972	0.003082	143.999914	9.1
451	7469.103416	120.895968	0.003061	120.215395	5.6
452	7016.251970	120.410836	0.003071	156.214000	6.9
453	7508.274641	120.262437	0.003074	168.372839	6.8
454	6539.830246	119.948062	0.003081	145.291250	4.5
455	7034.517571	120.947738	0.003060	199.890033	8.0
456	7240.129850	120.460863	0.003070	153.806511	4.7
457	7998.890704	121.460863	0.003049	137.030675	4.6
458	7812.142983	121.984311	0.003037	189.197443	4.8
459	6974.463228	122.949311	0.003017	142.141708	4.2
460	6451.205202	123.879777	0.002998	155.289891	5.7
461	6664.819509	123.392569	0.003008	151.926638	5.4
462	7692.277927	124.322823	0.002988	204.223550	4.4
463	6752.616543	123.872580	0.002998	184.984304	4.2
464	7805.170086	124.872580	0.002977	183.113593	5.8
465	6660.161815	125.840720	0.002958	158.591558	4.4
466	6761.369329	125.488356	0.002965	168.827624	4.7
467	7842.039852	125.421848	0.002966	128.888213	4.2
468	6831.880545	125.066302	0.002973	203.063798	7.8
469	6453.244402	124.592677	0.002983	174.590109	4.8
470	7388.679099	125.528114	0.002964	130.581905	6.5
471	8400.048492	125.040155	0.002974	192.937583	4.3
472	8450.601866	124.550070	0.002984	157.762354	4.2
473	8070.631718	125.550069	0.002963	187.472820	4.1
474	6274.211762	126.539451	0.002944	118.635398	4.4
475	7345.058224	126.704050	0.002940	170.548092	4.2
476	9226.992460	126.214723	0.002950	202.219759	4.2
477	7923.373140	127.214722	0.002930	159.765430	4.1
478	7230.643132	128.187503	0.002911	234.570133	4.2
479	6851.955338	129.186593	0.002892	199.795700	4.2
480	8024.963147	130.182938	0.002873	169.754295	4.2
481	8290.863792	130.778227	0.002861	176.708340	4.4
482	8103.870961	130.288136	0.002871	172.158598	6.2
483	7227.565322	129.798138	0.002880	173.653421	4.2
484	8052.101393	130.798138	0.002861	167.007696	4.2
485	7739.859509	131.534791	0.002847	154.096225	4.4
486	8230.743936	132.042438	0.002838	181.190287	4.2
487	6767.485432	132.280271	0.002833	178.915691	4.1
488	6771.337107	131.791205	0.002842	120.529718	4.2
489	6465.675451	131.321821	0.002851	183.826096	4.3
490	6983.614437	132.314785	0.002833	153.280911	4.2
491	7129.355599	131.851058	0.002841	157.486715	4.4
492	7458.241823	132.824313	0.002823	141.346564	4.3
493	7654.148897	133.807948	0.002805	148.079491	6.7
494	6305.278766	133.827077	0.002805	159.977258	4.2
495	7303.249735	134.766829	0.002788	167.956161	4.1
496	7518.579674	135.764104	0.002770	161.119483	4.2
497	6722.735338	136.759748	0.002753	144.586244	4.2
498	8982.545935	136.269912	0.002761	145.001267	4.1
499	8657.258296	137.269476	0.002744	149.982082	5.0
500	7260.771077	138.269427	0.002727	154.397629	4.1
501	6552.704476	138.138437	0.002729	130.845055	4.2
502	6808.807888	139.127776	0.002712	197.353751	4.2
503	7125.221802	140.127711	0.002695	181.637374	4.1
504	7202.129021	140.979216	0.002681	159.709397	6.8
505	7642.854122	141.967001	0.002665	151.677373	4.2
506	8114.777787	141.507819	0.002672	172.338838	4.1
507	7564.785316	141.563556	0.002672	162.490130	4.2
508	7578.442205	142.561863	0.002655	137.239302	4.1
509	7197.908601	142.071772	0.002663	195.387418	4.2
510	6827.664726	142.046535	0.002664	136.564448	4.1
511	6780.576593	141.906186	0.002666	133.117015	4.2
512	8112.865260	141.431836	0.002674	169.269941	4.2
513	7377.070323	142.428095	0.002657	175.648720	4.3
514	8413.508513	143.377721	0.002642	209.006926	4.7
515	7542.032515	144.267616	0.002628	201.324101	6.5
516	7572.387284	145.267603	0.002612	157.653389	4.2
517	6655.720560	144.777511	0.002620	200.207354	4.2
518	6876.920960	144.301666	0.002627	167.042624	4.5
519	7519.099452	145.301663	0.002611	156.393136	4.2
520	6657.341475	144.811708	0.002619	126.199627	4.2
521	8544.728897	145.579195	0.002607	143.573454	4.3
522	6757.616606	145.089134	0.002615	135.355527	4.2
523	7461.110733	146.089108	0.002599	134.870641	4.2
524	7903.988279	145.704263	0.002605	129.314774	4.2
525	8278.331049	145.757015	0.002604	193.941957	4.2
526	8170.423800	145.266951	0.002612	150.800619	5.1
527	6875.322512	146.266937	0.002596	150.430840	4.9
528	7378.668260	146.022125	0.002600	150.441038	4.2
529	6555.757751	145.539256	0.002608	120.569815	4.2
530	7805.625322	146.464171	0.002593	150.068590	4.2
531	7242.674842	145.976557	0.002601	179.122312	4.2
532	7022.542476	145.508139	0.002608	118.374282	4.2
533	7269.760485	146.417894	0.002594	155.011344	4.2
534	7332.594054	147.267843	0.002581	158.626658	4.2
535	7346.313958	148.267827	0.002566	180.290964	4.2
536	6464.509524	149.267826	0.002551	108.088232	4.1
537	7094.831907	149.996045	0.002540	230.371427	4.1
538	7101.067592	149.507644	0.002547	170.316305	6.0
539	7305.290582	150.507626	0.002532	125.343306	4.2
540	6950.111491	150.071884	0.002539	174.961118	4.2
541	7327.864777	149.581794	0.002546	188.469601	4.2
542	7002.140563	149.093679	0.002553	150.540883	4.1
543	8859.455330	148.603874	0.002561	196.252360	4.1
544	7202.127888	148.116532	0.002568	186.764603	4.1
545	7556.404408	149.027684	0.002554	168.008777	5.0
546	7507.027391	148.537726	0.002562	185.182154	4.7
547	8175.391013	149.409014	0.002549	195.536407	4.2
548	7462.503136	148.918946	0.002556	170.338775	4.9
549	7781.844472	148.429893	0.002563	147.347797	5.1
550	7610.497556	149.400259	0.002549	124.412748	5.4
551	6666.612865	150.377802	0.002534	160.122855	4.6
552	6890.519360	149.986030	0.002540	158.905169	4.2
553	6952.618973	150.985675	0.002525	131.645399	4.7
554	6819.971344	150.519105	0.002532	149.498826	4.2
555	7110.194115	150.153284	0.002537	142.878211	4.6
556	7326.721716	149.663479	0.002545	180.635462	4.2
557	7548.382050	150.663275	0.002530	154.685331	4.8
558	7688.411570	151.633453	0.002516	173.794079	4.6
559	7319.152768	152.633404	0.002501	119.845296	4.2
560	7983.565613	152.152718	0.002508	151.558683	5.5
561	7306.204275	152.619136	0.002501	135.863441	4.7
562	6896.912034	153.513214	0.002489	138.901502	4.6
563	6654.765104	153.171018	0.002493	164.778650	4.8
564	7060.194454	154.170925	0.002479	179.347467	4.2
565	7418.831326	153.680834	0.002486	166.152194	4.1
566	7883.693097	154.680234	0.002472	171.544002	5.2
567	7389.414591	154.208800	0.002479	149.628130	4.9
568	6247.466005	155.092832	0.002466	109.559231	4.7
569	7660.735166	154.603766	0.002473	134.864976	4.2
570	6837.400851	155.405362	0.002462	143.897578	4.7
571	7814.829342	155.204610	0.002465	155.916204	4.2
572	5560.365604	155.414089	0.002462	133.878984	5.3
573	7626.633224	156.323940	0.002449	119.456936	5.1
574	7301.578865	157.112570	0.002438	177.343224	4.3
575	5937.415123	156.647198	0.002445	127.025581	4.2
576	6229.502041	157.636481	0.002431	183.444173	4.8
577	7154.417762	157.148020	0.002438	105.686744	5.0
578	7323.042610	158.141506	0.002424	134.130503	5.4
579	7433.053489	157.657659	0.002431	135.855664	4.1
580	7445.478777	158.657610	0.002417	148.055733	4.6
581	6851.077065	158.175459	0.002424	149.416700	4.1
582	8822.363857	158.092049	0.002425	188.386225	4.3
583	6883.070168	157.601957	0.002432	156.182313	6.2
584	7390.395809	158.326908	0.002422	179.567162	4.2
585	7138.038332	157.837230	0.002428	177.672384	4.8
586	7093.411674	157.348656	0.002435	154.261877	4.2
587	6589.034888	156.890996	0.002441	158.904797	4.5
588	7085.271071	156.400986	0.002448	215.470695	4.1
589	7621.515487	157.400966	0.002434	146.053158	4.6
590	7174.487012	158.400966	0.002421	140.042172	4.1
591	6925.812725	158.765233	0.002416	160.810605	4.5
592	6805.023478	159.748035	0.002403	160.435376	4.5
593	7485.489688	159.738723	0.002403	180.770419	4.2
594	7478.161424	160.736006	0.002390	133.217214	5.2
595	7313.075953	161.701606	0.002377	189.628524	5.0
596	7422.870480	161.250178	0.002383	134.890041	4.2
597	8061.260873	162.250173	0.002370	163.520066	4.3
598	7474.378413	161.905821	0.002374	124.058400	5.1
599	7109.287493	162.646485	0.002365	167.093297	4.5
600	7206.687124	163.646485	0.002352	163.405886	4.1
601	8052.405826	164.645767	0.002339	165.687931	4.2
602	6291.869629	165.640820	0.002327	162.872351	4.1
603	6507.865151	165.150733	0.002333	157.044160	4.5
604	6981.589380	166.150717	0.002321	164.493578	4.9
605	7856.550272	167.150684	0.002308	135.279792	4.4
606	7035.881179	168.150283	0.002296	181.923821	5.9
607	7487.982378	167.660191	0.002302	171.345373	4.2
608	7569.344161	167.758153	0.002301	149.003601	4.4
609	7639.646056	167.297217	0.002306	178.694391	4.4
610	7001.221774	168.296917	0.002294	126.084152	4.2
611	6563.334426	167.810939	0.002300	159.284200	4.5
612	6603.700752	167.320850	0.002306	143.626035	4.1
613	7491.475264	166.889076	0.002311	156.583319	4.2
614	7430.171942	166.974114	0.002310	133.865173	5.2
615	6982.840621	167.971393	0.002298	132.225407	4.2
616	7661.207836	168.896731	0.002287	185.165064	4.9
617	7841.440885	169.757647	0.002277	154.927024	4.9
618	6665.284122	169.267556	0.002283	198.026009	4.6
619	6383.714185	170.251095	0.002271	175.454090	4.2
620	6932.788466	171.251094	0.002259	133.951153	4.6
621	8249.454859	172.251093	0.002247	141.124201	4.5
622	8235.986922	171.761786	0.002253	116.912170	4.2
623	7604.527805	172.275959	0.002247	153.975146	4.5
624	6673.578581	171.786158	0.002253	167.308770	4.2
625	8574.856151	171.296067	0.002258	177.986192	4.1
626	7293.376322	170.819743	0.002264	157.411851	4.4
627	7501.378710	170.329738	0.002270	142.595031	4.7
628	7771.162946	170.310184	0.002270	139.458302	5.5
629	6291.822720	171.309837	0.002258	185.368352	4.3
630	7467.814207	170.828712	0.002264	139.860190	4.2
631	7108.561413	171.828694	0.002252	137.912665	4.6
632	6264.442068	171.338603	0.002258	141.071808	5.0
633	7424.652772	170.852829	0.002264	143.456535	4.3
634	7184.806442	170.371663	0.002269	177.077115	4.2
635	7626.846311	170.953256	0.002263	152.539069	4.2
636	7583.729911	171.951431	0.002251	182.062314	4.5
637	8370.583344	172.537533	0.002244	159.510321	4.5
638	6847.634996	172.047465	0.002250	128.436269	4.2
639	7268.082946	172.471156	0.002245	162.818512	4.9
640	7485.352532	172.344120	0.002246	184.766795	5.1
641	7102.464525	173.343264	0.002235	160.155207	4.5
642	7275.405073	174.283062	0.002224	150.286736	4.8
643	6675.206820	173.827474	0.002229	132.926461	4.1
644	8011.470690	174.784087	0.002218	161.512983	4.5
645	7805.219893	174.327352	0.002223	182.321689	4.6
646	7491.213788	173.837261	0.002229	120.863557	4.2
647	6608.275912	174.725413	0.002219	135.721032	4.1
648	6922.580344	174.543141	0.002221	134.331138	4.4
649	6975.113706	175.506923	0.002210	138.904855	4.5
650	7771.276973	175.327292	0.002212	154.982742	6.0
651	7467.055065	174.903652	0.002217	141.814847	4.3
652	7347.668358	175.902777	0.002206	170.260562	4.2
653	7452.163674	176.419364	0.002200	178.906738	4.7
654	7219.852891	175.979834	0.002205	189.940432	5.5
655	7612.470249	176.979833	0.002194	211.090978	4.1
656	7594.442609	176.489742	0.002199	165.690449	4.4
657	6237.008128	176.654215	0.002197	129.605134	4.2
658	8070.526698	176.178812	0.002203	197.111733	4.2
659	6957.825320	175.689799	0.002208	180.241378	4.2
660	6986.452746	176.689678	0.002197	145.416548	4.8
661	7402.514157	177.689587	0.002186	160.749449	5.7
662	7022.226525	177.295835	0.002190	128.388245	4.2
663	6876.576857	178.203105	0.002180	150.909097	4.2
664	7167.065246	178.683349	0.002175	163.520633	4.3
665	7309.218086	178.199703	0.002180	142.510983	4.1
666	6557.627836	177.709709	0.002186	119.596078	4.1
667	7103.791775	177.226012	0.002191	203.511549	4.5
668	7478.949117	176.736028	0.002196	143.780152	4.5
669	6898.590477	176.245938	0.002202	237.128564	4.1
670	6940.334562	177.229693	0.002191	132.947044	4.6
671	7208.063841	177.829187	0.002184	154.290542	4.1
672	8178.611812	178.580983	0.002176	152.486585	4.9
673	6664.355727	178.480293	0.002177	136.765868	5.0
674	6179.907665	177.998152	0.002182	120.439141	4.1
675	6749.134996	178.500512	0.002177	167.365690	4.5
676	7309.971158	178.023704	0.002182	137.305734	4.1
677	7607.338393	177.535161	0.002187	227.713323	4.2
678	6654.831225	177.493010	0.002188	143.005332	4.2
679	6882.357979	177.238537	0.002191	151.222558	4.7
680	6872.352370	178.238188	0.002180	167.340450	4.3
681	7514.805305	179.233056	0.002169	152.139844	4.2
682	6763.446906	178.742982	0.002174	149.025346	4.5
683	6977.611608	178.253026	0.002180	216.958009	4.3
684	6926.302425	177.769040	0.002185	148.620368	6.1
685	7169.250787	178.761265	0.002174	155.413772	4.2
686	6351.513057	178.519410	0.002177	200.732096	4.6
687	7048.836023	178.029318	0.002182	151.815473	4.5
688	6971.674343	177.539227	0.002187	173.881329	4.3
689	7371.809251	178.416011	0.002178	175.627622	4.6
690	6886.515494	178.458546	0.002177	158.129504	4.1
691	7507.784838	178.000204	0.002182	105.402732	4.5
692	7024.320616	178.112013	0.002181	121.489806	4.2
693	7382.900997	177.631518	0.002186	161.181087	4.3
694	6329.975481	178.604264	0.002176	118.085954	4.2
695	7371.156495	178.122105	0.002181	167.957322	5.0
696	7609.641820	177.771030	0.002185	155.782314	5.0
697	6938.957326	177.280970	0.002190	135.321524	4.2
698	6563.455941	178.034613	0.002182	111.606887	4.4
699	7271.883334	178.717913	0.002175	163.352102	4.2
700	8522.289297	178.232637	0.002180	195.276887	5.3
701	6667.978116	179.232637	0.002169	121.649245	4.5
702	6537.787263	180.085516	0.002160	192.044993	4.2
703	5895.128543	181.041190	0.002150	142.252491	5.1
704	7016.497493	180.749321	0.002153	167.539444	4.1
705	7313.263772	180.909342	0.002151	139.168816	4.5
706	7704.994315	181.672612	0.002143	154.404206	6.2
707	7707.098071	181.182526	0.002148	134.933735	5.1
708	7449.488521	180.695991	0.002153	130.977468	4.3
709	6629.741586	180.374093	0.002157	189.280059	4.3
710	6600.256989	180.410995	0.002156	134.541682	4.1
711	7666.978412	181.410947	0.002146	141.853707	4.4
712	6046.982178	182.409628	0.002135	124.899575	4.2
713	6767.460897	181.922203	0.002140	151.302400	4.4
714	7617.533039	182.921690	0.002130	152.237187	4.2
715	7185.729470	182.546121	0.002134	168.496209	4.5
716	7330.112207	182.089909	0.002138	169.159054	4.2
717	7823.692046	183.089908	0.002128	171.724931	4.9
718	7855.059268	184.087537	0.002118	205.572166	5.1
719	6385.330301	183.599492	0.002123	124.208680	4.1
720	7224.241139	183.109473	0.002128	155.027855	4.5
721	6838.946424	184.108599	0.002117	155.691143	5.1
722	6125.077496	183.626528	0.002122	191.842217	4.6
723	6337.718264	184.337449	0.002115	197.350404	4.4
724	6904.262821	185.335810	0.002105	111.203616	4.2
725	7713.851616	186.120121	0.002097	155.893554	4.4
726	7089.238515	187.031940	0.002088	133.568258	4.2
727	6272.730997	188.023970	0.002078	141.273802	4.2
728	7373.270943	187.668668	0.002081	199.915429	4.9
729	6737.514392	187.178577	0.002086	145.192207	5.0
730	6783.902002	186.688504	0.002091	161.459442	4.6
731	6951.122530	187.688504	0.002081	117.877937	4.2
732	7714.350709	188.645485	0.002072	150.930305	4.5
733	5988.293869	188.155827	0.002076	143.585809	4.1
734	7088.809457	187.674532	0.002081	145.191353	4.5
735	7547.414352	187.186018	0.002086	196.400234	4.1
736	6401.331119	187.532417	0.002083	156.791511	4.5
737	5964.791587	187.795328	0.002080	160.340396	4.1
738	7237.586163	187.305534	0.002085	182.556270	4.5
739	6328.367066	188.305082	0.002075	184.128249	4.9
740	7176.440989	189.300594	0.002065	151.501211	5.0
741	6949.428735	188.817229	0.002070	207.156351	4.6
742	7962.737312	189.815030	0.002060	206.236254	4.2
743	7398.746985	189.324939	0.002065	138.337069	4.2
744	7108.441825	190.322661	0.002055	136.439097	4.2
745	7215.274708	189.957342	0.002059	133.125233	4.5
746	6358.309613	190.135191	0.002057	144.244562	4.7
747	7665.811952	189.647868	0.002062	146.247951	4.2
748	6176.401647	190.533525	0.002053	120.916866	4.5
749	7369.566382	191.062966	0.002048	156.964331	4.2
750	7050.896838	190.573542	0.002053	161.186634	4.4
751	7657.616490	191.572278	0.002043	187.342130	7.0
752	6291.119096	191.082274	0.002048	155.754285	4.2
753	6296.028164	192.082274	0.002038	127.437523	4.6
754	7260.310858	193.057874	0.002029	135.155576	4.2
755	6368.084539	194.024929	0.002020	148.607865	4.1
756	7150.894507	193.732018	0.002022	186.411700	4.1
757	6522.107537	194.730011	0.002013	139.113440	4.4
758	6756.027699	195.369012	0.002007	146.599336	4.6
759	8341.395663	195.697290	0.002004	139.286548	4.2
760	7592.413413	196.395090	0.001998	149.636472	5.6
761	7789.956386	197.040474	0.001992	119.764873	5.4
762	7878.622726	198.033450	0.001983	137.887626	4.5
763	7163.696530	197.545062	0.001987	194.561085	4.6
764	7239.321645	198.520861	0.001978	164.859959	4.2
765	6424.255803	199.520440	0.001969	183.988744	4.3
766	6348.985790	200.412300	0.001961	161.083881	4.2
767	7401.830342	199.933097	0.001966	136.854197	4.3
768	7548.057890	200.932906	0.001957	122.976742	4.3
769	7228.170812	200.442940	0.001961	97.006927	4.2
770	7778.225132	200.030691	0.001965	210.526829	4.2
771	7598.507231	199.543125	0.001969	165.299001	4.5
772	6736.372609	200.542348	0.001960	142.807887	4.6
773	7432.292243	201.542168	0.001952	200.834244	6.7
774	6830.075289	201.890013	0.001948	143.806597	4.2
775	6606.549821	202.887036	0.001940	159.185820	4.2
776	7501.607352	203.465675	0.001935	137.654257	4.5
777	7497.427805	202.980740	0.001939	125.008595	4.5
778	5909.575264	202.590953	0.001942	122.826545	4.1
779	7691.618957	202.330342	0.001945	140.897430	4.5
780	7287.286787	203.113392	0.001938	144.573576	4.4
781	7140.102899	202.629782	0.001942	138.260087	4.2
782	7128.479924	202.438487	0.001944	165.249011	4.1
783	7181.239626	202.395172	0.001944	172.617831	4.6
784	6500.062951	203.261010	0.001937	151.395040	6.6
785	6913.249908	204.260943	0.001928	172.726914	4.5
786	7377.040749	203.770851	0.001932	154.050712	4.2
787	7268.222896	203.877184	0.001931	173.028126	4.1
788	8135.886988	204.755716	0.001924	141.917793	4.5
789	6332.729183	204.265667	0.001928	155.604332	4.5
790	7129.218085	203.793924	0.001932	151.185378	4.2
791	6678.082306	203.304085	0.001936	174.014878	4.6
792	7057.644715	202.877596	0.001940	154.725474	4.3
793	7331.510050	203.867818	0.001931	187.252224	4.2
794	7431.344774	203.933769	0.001931	158.736301	4.7
795	6121.823583	204.871071	0.001923	197.519831	6.9
796	6710.695280	204.458450	0.001926	130.758049	4.2
797	7863.403584	205.458299	0.001918	194.972808	4.6
798	7036.397287	204.974002	0.001922	128.689216	4.2
799	6664.987714	205.184399	0.001920	163.784716	4.2
800	6908.684027	204.868437	0.001923	134.144721	4.5
801	7634.065912	205.868224	0.001914	133.810468	4.6
802	8006.048464	205.384124	0.001918	154.637649	4.2
803	6497.667259	204.896842	0.001923	158.322990	4.4
804	6982.057975	204.416602	0.001927	183.350381	4.7
805	6435.948908	204.095388	0.001929	122.502763	5.4
806	7928.213043	204.559667	0.001925	153.304981	5.6
807	7154.044956	205.488624	0.001918	135.191122	4.2
808	5891.190811	205.217154	0.001920	126.346298	5.7
809	7595.924187	204.890836	0.001923	146.235281	6.8
810	6378.838613	204.416033	0.001927	119.245094	4.4
811	7616.691199	205.049089	0.001921	135.457863	4.2
812	7687.387360	204.559136	0.001925	167.374942	4.2
813	7525.100581	204.081902	0.001929	144.393665	4.5
814	6649.526079	203.591815	0.001934	145.924269	4.4
815	6462.429494	203.605551	0.001934	126.795283	4.5
816	6829.609080	204.476318	0.001926	201.991478	6.7
817	6757.689978	203.998399	0.001930	142.393454	5.5
818	6066.451243	203.554847	0.001934	166.604665	5.5
819	5984.559593	204.513399	0.001926	125.422907	5.2
820	6769.077052	205.498426	0.001917	156.536749	4.2
821	6792.393781	205.008468	0.001922	143.912932	4.5
822	7700.039236	206.008232	0.001913	193.367071	4.2
823	6368.924700	206.997590	0.001905	166.277941	4.5
824	6087.840458	206.508292	0.001909	144.262808	5.2
825	7422.063196	207.456210	0.001901	148.827212	4.6
826	6950.322727	206.967539	0.001905	152.809447	6.7
827	5991.919832	206.477457	0.001909	113.674867	4.2
828	7157.415018	205.988790	0.001913	156.557066	4.4
829	6471.789716	206.985645	0.001905	120.464947	4.2
830	7042.678950	206.503135	0.001909	155.977644	4.2
831	6312.258573	207.489173	0.001901	129.469865	4.6
832	6450.959463	208.267557	0.001894	154.931859	4.1
833	7237.333031	209.257556	0.001886	141.185947	4.1
834	7927.438530	208.864034	0.001889	176.089928	4.6
835	6138.397992	209.335015	0.001885	109.500438	7.5
836	6163.154150	210.317587	0.001877	129.974157	9.5
837	6906.616187	210.087595	0.001879	166.282354	6.9
838	6145.920677	211.065273	0.001871	113.702772	7.1
839	6030.943676	211.149203	0.001871	138.567322	7.5
840	7674.027525	210.660040	0.001875	187.356290	6.6
841	7283.460363	210.169949	0.001879	169.409479	6.8
842	7002.885121	210.022622	0.001880	128.065599	5.8
843	6907.687827	209.583922	0.001883	118.855714	7.5
844	7155.431149	209.172746	0.001887	184.219987	6.6
845	6669.530185	210.128303	0.001879	140.557090	6.3
846	6022.786926	210.216146	0.001878	144.847632	6.4
847	7042.967711	211.216146	0.001870	171.208365	6.3
848	6615.026669	212.201754	0.001862	131.136011	6.3
849	7478.566719	211.914404	0.001865	169.121826	6.3
850	6807.663690	212.880781	0.001857	149.878002	6.8
851	7218.608835	212.407243	0.001861	113.848488	6.6
852	7719.493046	211.986015	0.001864	148.664266	5.8
853	5948.421230	211.514468	0.001868	254.120489	6.4
854	7813.179428	212.514451	0.001860	176.454953	6.7
855	6281.127071	213.370285	0.001853	113.539201	6.2
856	6185.488000	213.964994	0.001848	158.900575	6.5
857	6163.484827	213.592504	0.001851	123.809559	8.7
858	6741.787058	214.584862	0.001843	152.531290	7.6
859	7694.211647	215.544730	0.001836	132.622899	4.3
860	6770.118408	215.109976	0.001839	116.038584	4.3
861	6985.358283	214.723300	0.001842	151.160990	4.6
862	6925.479055	215.723180	0.001835	169.552188	4.6
863	7409.644324	215.241282	0.001838	143.295756	4.2
864	7167.515766	214.924060	0.001841	162.910918	4.1
865	7463.819898	214.434230	0.001845	172.932835	4.5
866	6308.544425	215.221847	0.001839	145.400989	4.5
867	5936.470156	214.731778	0.001842	146.621196	4.2
868	6453.305171	215.731719	0.001835	128.638210	4.6
869	8349.241653	215.243794	0.001838	163.786656	6.1
870	6730.747504	214.765432	0.001842	135.533775	4.2
871	7062.624805	214.275958	0.001846	141.601108	4.2
872	6273.132770	215.271570	0.001838	171.262243	4.3
873	6707.193114	214.781497	0.001842	163.444820	4.6
874	6965.391257	214.384923	0.001845	153.661167	4.4
875	6998.444924	215.384734	0.001837	134.074524	4.6
876	7264.518852	214.894643	0.001841	148.546608	4.4
877	6723.785470	215.640557	0.001835	152.117547	4.2
878	7047.987665	215.172301	0.001839	198.533931	4.2
879	6877.547299	216.172301	0.001831	108.175279	4.6
880	6492.595059	215.702025	0.001835	146.684605	7.3
881	7400.575745	216.197551	0.001831	161.293779	4.6
882	6744.795585	215.737320	0.001834	125.317726	4.2
883	7371.557888	215.253380	0.001838	194.475120	4.4
884	7873.514289	215.539123	0.001836	202.392054	4.2
885	7409.778886	216.184971	0.001831	145.294814	4.5
886	6861.645231	217.177167	0.001823	139.543852	4.5
887	7465.756506	217.804058	0.001819	137.467886	4.2
888	6818.303117	217.462638	0.001821	160.296006	4.5
889	7206.190811	216.972555	0.001825	151.559774	4.2
890	7103.743600	216.899710	0.001826	165.121382	5.4
891	6625.856832	217.806650	0.001819	164.906980	7.9
892	7313.972802	218.789104	0.001811	140.604236	8.1
893	6471.436340	219.788420	0.001804	122.877347	8.4
894	7111.966314	220.787499	0.001796	145.657345	6.7
895	6781.707058	221.302200	0.001792	142.287691	8.0
896	7120.341456	220.812155	0.001796	176.848106	4.3
897	7267.983114	220.947207	0.001795	136.361870	4.2
898	6600.679799	221.903989	0.001788	135.133360	6.9
899	6641.566578	222.790736	0.001781	140.889130	5.2
900	6743.710537	223.733214	0.001775	165.536171	4.2
901	6214.819412	223.336325	0.001777	123.089887	4.5
902	5926.203266	223.145588	0.001779	120.351598	4.2
903	6567.508872	223.098962	0.001779	158.874400	4.2
904	7412.094679	222.647785	0.001782	130.184967	4.4
905	7028.238380	223.624048	0.001775	184.159143	4.5
906	6666.469522	223.681751	0.001775	144.909893	4.2
907	6895.959983	223.191686	0.001778	109.156158	4.6
908	7861.645310	222.715492	0.001782	152.416868	4.8
909	6587.295920	223.054757	0.001779	151.995372	6.0
910	6508.156861	222.673784	0.001782	125.072617	4.6
911	7620.996554	222.205767	0.001786	136.574949	4.5
912	5644.584753	222.666072	0.001782	134.242033	4.2
913	7306.950494	223.348856	0.001777	197.362856	4.6
914	6795.603765	222.860033	0.001781	177.105218	4.1
915	6458.692340	223.859829	0.001774	124.042981	4.1
916	7141.182371	224.859776	0.001766	126.007538	4.5
917	6917.275317	224.385586	0.001770	159.004375	4.7
918	7665.561754	225.385586	0.001763	186.505347	4.3
919	7243.638471	224.998514	0.001765	154.269109	5.0
920	7200.669351	225.264318	0.001764	169.279026	5.5
921	7749.349555	226.264004	0.001756	174.735246	4.3
922	6326.492556	227.259963	0.001749	146.744778	4.5
923	6827.872605	227.861430	0.001745	177.088627	4.5
924	5776.618425	227.371339	0.001749	127.863115	4.3
925	6443.605193	227.368573	0.001749	154.426615	4.7
926	8481.421068	228.255944	0.001742	189.119431	4.4
927	6714.964400	227.765855	0.001746	168.194673	4.4
928	6403.133975	227.297467	0.001749	148.972412	4.5
929	6789.006080	226.808551	0.001753	171.838720	4.3
930	7641.711640	226.368493	0.001756	130.369607	6.2
931	6827.048876	225.878511	0.001759	192.184029	5.4
932	7654.608482	226.736700	0.001753	160.582579	5.0
933	6795.782724	226.462554	0.001755	121.186138	4.7
934	6359.490899	227.434402	0.001748	141.900894	4.2
935	6471.955884	228.223732	0.001743	154.732508	4.4
936	6856.735690	227.735326	0.001746	156.852742	4.2
937	6123.149073	228.709339	0.001739	111.065005	4.2
938	6912.019377	229.412383	0.001734	194.315256	4.4
939	6599.859257	228.970589	0.001737	183.002106	4.1
940	6341.636564	229.965685	0.001730	132.284877	4.2
941	7443.388267	229.613325	0.001733	173.487630	5.8
942	7379.816962	230.608650	0.001726	140.459814	4.6
943	6308.722971	230.121543	0.001729	110.341419	4.3
944	7364.420391	229.631518	0.001733	178.577359	4.2
945	5830.033751	229.694850	0.001732	182.108098	4.2
946	6923.265197	230.685091	0.001726	166.613935	4.5
947	6778.633487	231.685087	0.001719	134.662944	4.5
948	5997.688025	232.684994	0.001712	109.249588	4.1
949	6611.943047	232.212421	0.001715	142.838308	4.5
950	6533.559708	232.412355	0.001714	135.970680	4.2
951	7803.133471	231.922504	0.001717	145.483049	4.5
952	7267.265243	231.491832	0.001720	189.681141	5.4
953	7728.873257	231.123936	0.001723	140.915087	5.7
954	4777.196587	232.123821	0.001716	135.308428	4.5
955	7462.162918	233.102819	0.001709	161.573519	4.8
956	7327.198433	234.102812	0.001702	144.579699	4.5
957	7019.358870	235.097040	0.001696	149.870425	4.5
958	6849.130972	235.836006	0.001691	184.362879	4.2
959	6022.113848	236.777417	0.001685	126.854407	4.5
960	6383.697356	237.656047	0.001679	124.071323	4.2
961	7679.021826	237.223698	0.001682	139.191696	4.3
962	7365.149231	236.945407	0.001684	143.834667	4.2
963	7093.161273	236.455385	0.001687	143.383192	5.1
964	6278.364432	236.037287	0.001690	146.815624	5.3
965	7732.438358	237.035138	0.001683	192.099634	4.2
966	6863.181265	236.545046	0.001686	150.204475	4.8
967	6558.622050	237.027610	0.001683	190.763353	4.2
968	6081.901444	237.942976	0.001677	124.397288	4.2
969	6775.103694	238.913731	0.001671	146.292720	4.2
970	6349.079528	238.427772	0.001674	164.473242	4.5
971	7052.049290	237.937681	0.001677	191.149504	4.5
972	7173.845803	238.875640	0.001671	138.233430	4.2
973	6770.301916	239.875586	0.001665	140.659670	4.6
974	6673.045882	240.693125	0.001660	173.310044	4.2
975	6738.583922	240.216365	0.001663	134.194482	6.8
976	6408.577304	239.732003	0.001666	115.329195	4.5
977	7729.203280	239.781735	0.001665	170.294130	4.2
978	6596.552526	240.392032	0.001661	138.443354	4.5
979	7557.331264	240.982115	0.001658	157.409123	4.2
980	7023.926155	241.385911	0.001655	160.074058	4.5
981	6839.123487	240.895820	0.001658	184.692468	4.5
982	6675.382504	240.530756	0.001661	112.197851	4.2
983	6630.479174	240.390447	0.001661	127.339989	4.6
984	6368.947925	240.017244	0.001664	140.163714	4.3
985	7691.275723	240.469589	0.001661	146.878370	4.7
986	6615.788717	239.997569	0.001664	143.194469	6.3
987	7257.189708	239.507561	0.001667	148.997721	4.3
988	7675.358410	240.505185	0.001661	158.308938	4.3
989	6212.940829	240.029552	0.001664	143.505276	4.3
990	7693.857813	240.745867	0.001659	194.205083	4.5
991	6510.292320	240.255789	0.001662	121.779507	4.2
992	6826.477815	239.765768	0.001665	144.780636	4.2
993	6993.108071	240.688022	0.001660	116.514504	5.4
994	5956.705604	241.622628	0.001654	141.200393	4.2
995	7691.138869	241.520803	0.001654	168.448552	4.2
996	6644.546753	242.519570	0.001648	138.662704	5.4
997	5924.782628	243.483683	0.001642	127.022847	4.7
998	6565.524239	244.479591	0.001636	132.366670	4.7
999	6709.834899	243.989501	0.001639	144.350613	4.2
