(Transform "BSplineTransform")
(NumberOfParameters 375)
(TransformParameters -1.065979 -0.990465 1.375663 3.657715 2.645246 -2.538454 -2.762048 3.965537 9.028968 6.128458 -2.396050 -3.692020 4.327431 9.195392 5.614404 -1.958214 -2.942933 1.497097 5.949225 4.561409 -0.584835 -0.854487 0.426458 1.710801 1.414527 -2.248558 -3.016133 1.147762 6.126414 4.952995 -4.952758 -7.204588 -21.690201 -1.147795 10.159059 -5.330031 2.950048 5.320277 -14.478668 7.799809 -3.369101 -7.371681 7.213225 0.238399 5.047616 -0.569965 -2.426440 -1.566919 -0.090335 0.976685 -1.761132 -3.271193 -0.334798 4.344362 3.577297 -2.903547 -11.802369 -37.364990 34.957646 9.539013 -1.303191 22.206332 -2.850857 16.026172 6.942177 -0.163429 -8.803636 -24.489302 -33.560843 -1.745400 0.368463 -3.328972 -5.378806 -4.010738 -1.224813 -1.125095 -2.793821 -0.633017 1.631900 1.839532 -0.924214 -4.153997 13.338523 29.150220 2.828504 3.154472 18.771401 2.222280 -2.069870 -2.728119 3.025310 -0.826651 -33.134158 -36.548216 -7.056794 1.301124 -1.903874 -5.205887 -6.634923 -3.249704 -0.168147 -0.917758 -0.733614 -0.454734 0.109804 0.279217 -1.816921 -2.644559 -3.521957 -1.259013 1.071210 -0.409874 -3.522311 -6.887978 -2.803655 1.635154 -0.709657 -4.549969 -7.927525 -3.930915 0.907045 -0.183063 -1.997187 -3.597189 -1.994002 -0.975827 -1.322325 -0.247556 0.859204 0.738518 -0.604563 1.572094 5.433351 7.961175 4.005829 1.441587 7.390007 15.813476 16.088077 6.297275 3.374515 12.193517 17.304860 18.968823 8.014295 2.231294 7.087415 8.584625 9.308951 3.961550 -3.957427 -7.841290 -6.270786 -3.588332 -0.654158 -5.802903 -7.747727 2.363914 16.569759 3.139611 -0.944520 -1.428624 11.858645 44.657779 8.463295 2.498255 6.546273 -8.602618 16.334863 10.838177 2.921469 10.467775 12.673923 14.114392 6.094507 -5.197312 -11.551997 -11.726638 -9.051283 -2.839176 -8.183959 4.169334 -17.080221 -9.169432 -4.004219 -2.443888 20.975263 -27.903290 16.003550 -0.594333 -1.442095 1.834119 -14.984196 15.532058 2.805179 0.791989 5.800899 9.474748 8.844111 2.884389 -5.977928 -14.152805 -14.468315 -12.868169 -4.725593 -12.791986 -23.045726 -43.443062 -44.234278 -11.138057 -10.250085 -17.004859 -7.470203 -15.359209 -9.951543 -7.562834 -14.072673 31.908793 27.046252 -4.844558 -1.504199 -1.870798 1.208332 0.913224 -0.591945 -2.617729 -6.505700 -6.726785 -6.351191 -2.534022 -6.295229 -15.526841 -16.260958 -15.470261 -6.167748 -5.818569 -14.320187 -13.041850 -12.790090 -5.784330 -4.785784 -11.613758 -10.014992 -9.882104 -4.846277 -1.368232 -3.270565 -3.378743 -3.291710 -1.485394 -1.514529 -3.185596 -2.676416 -1.929677 -0.490367 -3.506448 -5.532518 -1.042436 -1.932732 -0.655885 -3.146447 -0.751457 12.221155 4.045875 -0.046469 -2.590758 -3.485144 0.960838 0.720015 0.446772 -0.784046 -1.205410 -0.507658 0.239609 0.389066 -4.416290 -9.207510 -7.919437 -5.775812 -1.439044 -10.345935 -9.685271 -7.372401 -17.854063 -2.738733 -8.843774 10.476714 31.053534 -1.310449 -1.644233 -8.025143 -13.324453 -9.677932 -1.772498 0.294915 -2.691266 -4.627672 -2.959587 -0.586889 0.664525 -4.985146 -9.986426 -8.718108 -6.765325 -1.634097 -10.941137 -1.545737 -26.961554 -31.498368 -2.916115 -5.490619 25.719381 -37.545109 18.689064 1.992151 -7.395623 -2.874093 -26.022784 11.661082 1.445757 -3.304445 -5.635024 -4.246129 -1.634804 0.418450 -5.108296 -10.434668 -8.735860 -6.502985 -1.664219 -11.920353 -12.889945 -1.157710 -1.927988 -2.365125 -9.056969 5.424104 33.467530 58.186590 2.139455 -9.429529 -9.849214 -4.534511 13.558293 0.567249 -3.644343 -6.599578 -4.767221 -2.165368 0.137277 -2.070224 -4.310407 -3.610798 -2.592898 -0.672406 -5.159464 -10.476542 -8.369397 -5.571968 -1.325783 -5.048067 -10.283009 -8.055501 -4.091316 -0.916268 -4.506178 -8.934897 -7.071656 -3.725517 -0.523715 -1.556167 -2.936328 -2.106053 -1.070326 -0.040047)
(InitialTransformParametersFileName "../registration-results/Par0011-pyr6-ss5000-it2000-grid20-mask/copd4/TransformParameters.0.txt")
(HowToCombineTransforms "Compose")

// Image specific
(FixedImageDimension 3)
(MovingImageDimension 3)
(FixedInternalImagePixelType "float")
(MovingInternalImagePixelType "float")
(Size 512 512 126)
(Index 0 0 0)
(Spacing 0.5899999738 0.5899999738 2.5000000000)
(Origin 0.0000000000 0.0000000000 0.0000000000)
(Direction 1.0000000000 0.0000000000 0.0000000000 0.0000000000 1.0000000000 0.0000000000 0.0000000000 0.0000000000 -1.0000000000)
(UseDirectionCosines "true")

// BSplineTransform specific
(GridSize 5 5 5)
(GridIndex 0 0 0)
(GridSpacing 167.8479114731 146.3940521615 141.9758656834)
(GridOrigin -187.5781416195 -122.3211465537 150.3648153514)
(GridDirection 1.0000000000 0.0000000000 0.0000000000 0.0000000000 1.0000000000 0.0000000000 0.0000000000 0.0000000000 -1.0000000000)
(BSplineTransformSplineOrder 3)
(UseCyclicTransform "false")

// ResampleInterpolator specific
(ResampleInterpolator "FinalBSplineInterpolator")
(FinalBSplineInterpolationOrder 3)

// Resampler specific
(Resampler "DefaultResampler")
(DefaultPixelValue 0.000000)
(ResultImageFormat "nii.gz")
(ResultImagePixelType "short")
(CompressResultImage "false")
